Node	Time	EnergyCarrier	ReferenceDemand
3	1	Electricity	32.708731313946295
3	2	Electricity	31.935808085434537
3	3	Electricity	31.323343493775262
3	4	Electricity	31.368336739996792
3	5	Electricity	32.70583450009712
3	6	Electricity	36.83935491578691
3	7	Electricity	46.60167429141211
3	8	Electricity	57.32805314882079
3	9	Electricity	71.2523442320255
3	10	Electricity	81.42363749052821
3	11	Electricity	86.97126467686519
3	12	Electricity	87.03837434128003
3	13	Electricity	78.87577620104365
3	14	Electricity	80.23064400006307
3	15	Electricity	87.02905149171309
3	16	Electricity	87.21303383196009
3	17	Electricity	85.31877324884881
3	18	Electricity	79.6291871844811
3	19	Electricity	73.07750423095631
3	20	Electricity	58.985157177491885
3	21	Electricity	43.71056267987839
3	22	Electricity	37.10670717957387
3	23	Electricity	35.398856613263604
3	24	Electricity	33.77291383099071
3	1	LT	2.0144353012312752
3	2	LT	2.0144353012312752
3	3	LT	2.0144353012312752
3	4	LT	2.0144353012312752
3	5	LT	2.0144353012312752
3	6	LT	2.0144353012312752
3	7	LT	2.0144353012312752
3	8	LT	5.549769254892163
3	9	LT	6.19237411598494
3	10	LT	6.834978977077716
3	11	LT	6.834978977077716
3	12	LT	8.178607322998975
3	13	LT	8.178607322998975
3	14	LT	5.432932007420748
3	15	LT	8.178607322998975
3	16	LT	8.178607322998975
3	17	LT	6.833971759427102
3	18	LT	5.433939225071365
3	19	LT	2.0144353012312752
3	20	LT	2.0144353012312752
3	21	LT	2.0144353012312752
3	22	LT	2.0144353012312752
3	23	LT	2.0144353012312752
3	24	LT	2.0144353012312752
3	1	MT	37.87366408713155
3	2	MT	37.87366408713155
3	3	MT	37.87366408713155
3	4	MT	37.87366408713155
3	5	MT	37.87366408713155
3	6	MT	37.87366408713155
3	7	MT	37.87366408713155
3	8	MT	151.91420011825252
3	9	MT	169.5042653951028
3	10	MT	187.09433067195312
3	11	MT	187.09433067195312
3	12	MT	223.8735580690037
3	13	MT	223.8735580690037
3	14	MT	148.71600643155247
3	15	MT	223.8735580690037
3	16	MT	223.8735580690037
3	17	MT	134.1077944860444
3	18	MT	59.96458442937934
3	19	MT	37.87366408713155
3	20	MT	37.87366408713155
3	21	MT	37.87366408713155
3	22	MT	37.87366408713155
3	23	MT	37.87366408713155
3	24	MT	37.87366408713155
3	1	H2	0.0
3	2	H2	0.0
3	3	H2	0.0
3	4	H2	0.0
3	5	H2	0.0
3	6	H2	0.0
3	7	H2	0.0
3	8	H2	0.0
3	9	H2	0.0
3	10	H2	0.0
3	11	H2	0.0
3	12	H2	0.0
3	13	H2	0.0
3	14	H2	0.0
3	15	H2	0.0
3	16	H2	0.0
3	17	H2	0.0
3	18	H2	0.0
3	19	H2	0.0
3	20	H2	0.0
3	21	H2	0.0
3	22	H2	0.0
3	23	H2	0.0
3	24	H2	0.0
3	1	CH4	0.0
3	2	CH4	0.0
3	3	CH4	0.0
3	4	CH4	0.0
3	5	CH4	0.0
3	6	CH4	0.0
3	7	CH4	0.0
3	8	CH4	0.0
3	9	CH4	0.0
3	10	CH4	0.0
3	11	CH4	0.0
3	12	CH4	0.0
3	13	CH4	0.0
3	14	CH4	0.0
3	15	CH4	0.0
3	16	CH4	0.0
3	17	CH4	0.0
3	18	CH4	0.0
3	19	CH4	0.0
3	20	CH4	0.0
3	21	CH4	0.0
3	22	CH4	0.0
3	23	CH4	0.0
3	24	CH4	0.0
3	1	Biogas	0.0
3	2	Biogas	0.0
3	3	Biogas	0.0
3	4	Biogas	0.0
3	5	Biogas	0.0
3	6	Biogas	0.0
3	7	Biogas	0.0
3	8	Biogas	0.0
3	9	Biogas	0.0
3	10	Biogas	0.0
3	11	Biogas	0.0
3	12	Biogas	0.0
3	13	Biogas	0.0
3	14	Biogas	0.0
3	15	Biogas	0.0
3	16	Biogas	0.0
3	17	Biogas	0.0
3	18	Biogas	0.0
3	19	Biogas	0.0
3	20	Biogas	0.0
3	21	Biogas	0.0
3	22	Biogas	0.0
3	23	Biogas	0.0
3	24	Biogas	0.0
3	1	CH4_H2_Mix	0.0
3	2	CH4_H2_Mix	0.0
3	3	CH4_H2_Mix	0.0
3	4	CH4_H2_Mix	0.0
3	5	CH4_H2_Mix	0.0
3	6	CH4_H2_Mix	0.0
3	7	CH4_H2_Mix	0.0
3	8	CH4_H2_Mix	0.0
3	9	CH4_H2_Mix	0.0
3	10	CH4_H2_Mix	0.0
3	11	CH4_H2_Mix	0.0
3	12	CH4_H2_Mix	0.0
3	13	CH4_H2_Mix	0.0
3	14	CH4_H2_Mix	0.0
3	15	CH4_H2_Mix	0.0
3	16	CH4_H2_Mix	0.0
3	17	CH4_H2_Mix	0.0
3	18	CH4_H2_Mix	0.0
3	19	CH4_H2_Mix	0.0
3	20	CH4_H2_Mix	0.0
3	21	CH4_H2_Mix	0.0
3	22	CH4_H2_Mix	0.0
3	23	CH4_H2_Mix	0.0
3	24	CH4_H2_Mix	0.0
3	1	DummyFuel	0.0
3	2	DummyFuel	0.0
3	3	DummyFuel	0.0
3	4	DummyFuel	0.0
3	5	DummyFuel	0.0
3	6	DummyFuel	0.0
3	7	DummyFuel	0.0
3	8	DummyFuel	0.0
3	9	DummyFuel	0.0
3	10	DummyFuel	0.0
3	11	DummyFuel	0.0
3	12	DummyFuel	0.0
3	13	DummyFuel	0.0
3	14	DummyFuel	0.0
3	15	DummyFuel	0.0
3	16	DummyFuel	0.0
3	17	DummyFuel	0.0
3	18	DummyFuel	0.0
3	19	DummyFuel	0.0
3	20	DummyFuel	0.0
3	21	DummyFuel	0.0
3	22	DummyFuel	0.0
3	23	DummyFuel	0.0
3	24	DummyFuel	0.0
4	1	Electricity	45.69609435955901
4	2	Electricity	46.89775125714235
4	3	Electricity	47.409751956766435
4	4	Electricity	47.90336648271107
4	5	Electricity	49.49362804949027
4	6	Electricity	54.709924791469625
4	7	Electricity	66.01117089968827
4	8	Electricity	79.27982784150342
4	9	Electricity	93.01610295638858
4	10	Electricity	103.19338863559129
4	11	Electricity	107.46913105260035
4	12	Electricity	106.20715041107584
4	13	Electricity	95.35243511429275
4	14	Electricity	93.36292569965218
4	15	Electricity	99.64302695806533
4	16	Electricity	98.51388734553687
4	17	Electricity	96.24508432909762
4	18	Electricity	90.62653757474489
4	19	Electricity	85.16223825276069
4	20	Electricity	71.45920732751395
4	21	Electricity	56.01450343384213
4	22	Electricity	48.97048946901403
4	23	Electricity	47.7738820048844
4	24	Electricity	47.10018622965195
4	1	LT	22.88544248380667
4	2	LT	22.88544248380667
4	3	LT	22.88544248380667
4	4	LT	22.88544248380667
4	5	LT	22.88544248380667
4	6	LT	22.88544248380667
4	7	LT	22.88544248380667
4	8	LT	63.04939404288736
4	9	LT	70.3498501952217
4	10	LT	77.65030634755603
4	11	LT	77.65030634755603
4	12	LT	92.91489648425507
4	13	LT	92.91489648425507
4	14	LT	61.72203837882658
4	15	LT	92.91489648425507
4	16	LT	92.91489648425507
4	17	LT	77.63886362631413
4	18	LT	61.73348110006848
4	19	LT	22.88544248380667
4	20	LT	22.88544248380667
4	21	LT	22.88544248380667
4	22	LT	22.88544248380667
4	23	LT	22.88544248380667
4	24	LT	22.88544248380667
4	1	MT	83.14332305256264
4	2	MT	83.14332305256264
4	3	MT	83.14332305256264
4	4	MT	83.14332305256264
4	5	MT	83.14332305256264
4	6	MT	83.14332305256264
4	7	MT	83.14332305256264
4	8	MT	306.83434575261435
4	9	MT	342.36253315554865
4	10	MT	377.89072055848294
4	11	MT	377.89072055848294
4	12	MT	452.1769305828
4	13	MT	452.1769305828
4	14	MT	300.3746753157172
4	15	MT	452.1769305828
4	16	MT	452.1769305828
4	17	MT	291.2539682127978
4	18	MT	155.28818083078949
4	19	MT	83.14332305256264
4	20	MT	83.14332305256264
4	21	MT	83.14332305256264
4	22	MT	83.14332305256264
4	23	MT	83.14332305256264
4	24	MT	83.14332305256264
4	1	H2	0.0
4	2	H2	0.0
4	3	H2	0.0
4	4	H2	0.0
4	5	H2	0.0
4	6	H2	0.0
4	7	H2	0.0
4	8	H2	0.0
4	9	H2	0.0
4	10	H2	0.0
4	11	H2	0.0
4	12	H2	0.0
4	13	H2	0.0
4	14	H2	0.0
4	15	H2	0.0
4	16	H2	0.0
4	17	H2	0.0
4	18	H2	0.0
4	19	H2	0.0
4	20	H2	0.0
4	21	H2	0.0
4	22	H2	0.0
4	23	H2	0.0
4	24	H2	0.0
4	1	CH4	0.0
4	2	CH4	0.0
4	3	CH4	0.0
4	4	CH4	0.0
4	5	CH4	0.0
4	6	CH4	0.0
4	7	CH4	0.0
4	8	CH4	0.0
4	9	CH4	0.0
4	10	CH4	0.0
4	11	CH4	0.0
4	12	CH4	0.0
4	13	CH4	0.0
4	14	CH4	0.0
4	15	CH4	0.0
4	16	CH4	0.0
4	17	CH4	0.0
4	18	CH4	0.0
4	19	CH4	0.0
4	20	CH4	0.0
4	21	CH4	0.0
4	22	CH4	0.0
4	23	CH4	0.0
4	24	CH4	0.0
4	1	Biogas	0.0
4	2	Biogas	0.0
4	3	Biogas	0.0
4	4	Biogas	0.0
4	5	Biogas	0.0
4	6	Biogas	0.0
4	7	Biogas	0.0
4	8	Biogas	0.0
4	9	Biogas	0.0
4	10	Biogas	0.0
4	11	Biogas	0.0
4	12	Biogas	0.0
4	13	Biogas	0.0
4	14	Biogas	0.0
4	15	Biogas	0.0
4	16	Biogas	0.0
4	17	Biogas	0.0
4	18	Biogas	0.0
4	19	Biogas	0.0
4	20	Biogas	0.0
4	21	Biogas	0.0
4	22	Biogas	0.0
4	23	Biogas	0.0
4	24	Biogas	0.0
4	1	CH4_H2_Mix	0.0
4	2	CH4_H2_Mix	0.0
4	3	CH4_H2_Mix	0.0
4	4	CH4_H2_Mix	0.0
4	5	CH4_H2_Mix	0.0
4	6	CH4_H2_Mix	0.0
4	7	CH4_H2_Mix	0.0
4	8	CH4_H2_Mix	0.0
4	9	CH4_H2_Mix	0.0
4	10	CH4_H2_Mix	0.0
4	11	CH4_H2_Mix	0.0
4	12	CH4_H2_Mix	0.0
4	13	CH4_H2_Mix	0.0
4	14	CH4_H2_Mix	0.0
4	15	CH4_H2_Mix	0.0
4	16	CH4_H2_Mix	0.0
4	17	CH4_H2_Mix	0.0
4	18	CH4_H2_Mix	0.0
4	19	CH4_H2_Mix	0.0
4	20	CH4_H2_Mix	0.0
4	21	CH4_H2_Mix	0.0
4	22	CH4_H2_Mix	0.0
4	23	CH4_H2_Mix	0.0
4	24	CH4_H2_Mix	0.0
4	1	DummyFuel	0.0
4	2	DummyFuel	0.0
4	3	DummyFuel	0.0
4	4	DummyFuel	0.0
4	5	DummyFuel	0.0
4	6	DummyFuel	0.0
4	7	DummyFuel	0.0
4	8	DummyFuel	0.0
4	9	DummyFuel	0.0
4	10	DummyFuel	0.0
4	11	DummyFuel	0.0
4	12	DummyFuel	0.0
4	13	DummyFuel	0.0
4	14	DummyFuel	0.0
4	15	DummyFuel	0.0
4	16	DummyFuel	0.0
4	17	DummyFuel	0.0
4	18	DummyFuel	0.0
4	19	DummyFuel	0.0
4	20	DummyFuel	0.0
4	21	DummyFuel	0.0
4	22	DummyFuel	0.0
4	23	DummyFuel	0.0
4	24	DummyFuel	0.0
5	1	Electricity	34.227725589646475
5	2	Electricity	34.16624060674914
5	3	Electricity	33.83392433051546
5	4	Electricity	34.24820261166639
5	5	Electricity	35.44369662215735
5	6	Electricity	41.14692227823541
5	7	Electricity	51.85433821902609
5	8	Electricity	62.98331506523998
5	9	Electricity	77.24531258822203
5	10	Electricity	86.52871355132777
5	11	Electricity	89.54715273915433
5	12	Electricity	89.39553798387203
5	13	Electricity	80.84259541896493
5	14	Electricity	79.96413755666521
5	15	Electricity	86.45144089241346
5	16	Electricity	85.76114828321094
5	17	Electricity	83.50177866105774
5	18	Electricity	78.98174285362722
5	19	Electricity	70.5334068079985
5	20	Electricity	58.00769794271246
5	21	Electricity	44.117242614147685
5	22	Electricity	38.754273780812774
5	23	Electricity	36.76558487503844
5	24	Electricity	35.07385415097654
5	1	LT	3.8610771390086
5	2	LT	3.8610771390086
5	3	LT	3.8610771390086
5	4	LT	3.8610771390086
5	5	LT	3.8610771390086
5	6	LT	3.8610771390086
5	7	LT	3.8610771390086
5	8	LT	11.122393177853805
5	9	LT	12.410249230026354
5	10	LT	13.6981052821989
5	11	LT	13.6981052821989
5	12	LT	16.39089520946877
5	13	LT	16.39089520946877
5	14	LT	10.888237532004252
5	15	LT	16.39089520946877
5	16	LT	16.39089520946877
5	17	LT	13.700596299707938
5	18	LT	10.885746514495215
5	19	LT	3.8610771390086
5	20	LT	3.8610771390086
5	21	LT	3.8610771390086
5	22	LT	3.8610771390086
5	23	LT	3.8610771390086
5	24	LT	3.8610771390086
5	1	MT	30.818403254808025
5	2	MT	44.77036832923831
5	3	MT	44.77036832923831
5	4	MT	44.77036832923831
5	5	MT	44.77036832923831
5	6	MT	44.77036832923831
5	7	MT	44.77036832923831
5	8	MT	183.1510855069759
5	9	MT	204.35805330252052
5	10	MT	225.5650210980651
5	11	MT	225.5650210980651
5	12	MT	269.90686285238553
5	13	MT	269.90686285238553
5	14	MT	179.29527318051328
5	15	MT	269.90686285238553
5	16	MT	269.90686285238553
5	17	MT	163.43074070069935
5	18	MT	75.21091512296199
5	19	MT	46.038728790550145
5	20	MT	46.038728790550145
5	21	MT	46.038728790550145
5	22	MT	46.038728790550145
5	23	MT	46.038728790550145
5	24	MT	46.038728790550145
5	1	H2	0.0
5	2	H2	0.0
5	3	H2	0.0
5	4	H2	0.0
5	5	H2	0.0
5	6	H2	0.0
5	7	H2	0.0
5	8	H2	0.0
5	9	H2	0.0
5	10	H2	0.0
5	11	H2	0.0
5	12	H2	0.0
5	13	H2	0.0
5	14	H2	0.0
5	15	H2	0.0
5	16	H2	0.0
5	17	H2	0.0
5	18	H2	0.0
5	19	H2	0.0
5	20	H2	0.0
5	21	H2	0.0
5	22	H2	0.0
5	23	H2	0.0
5	24	H2	0.0
5	1	CH4	0.0
5	2	CH4	0.0
5	3	CH4	0.0
5	4	CH4	0.0
5	5	CH4	0.0
5	6	CH4	0.0
5	7	CH4	0.0
5	8	CH4	0.0
5	9	CH4	0.0
5	10	CH4	0.0
5	11	CH4	0.0
5	12	CH4	0.0
5	13	CH4	0.0
5	14	CH4	0.0
5	15	CH4	0.0
5	16	CH4	0.0
5	17	CH4	0.0
5	18	CH4	0.0
5	19	CH4	0.0
5	20	CH4	0.0
5	21	CH4	0.0
5	22	CH4	0.0
5	23	CH4	0.0
5	24	CH4	0.0
5	1	Biogas	0.0
5	2	Biogas	0.0
5	3	Biogas	0.0
5	4	Biogas	0.0
5	5	Biogas	0.0
5	6	Biogas	0.0
5	7	Biogas	0.0
5	8	Biogas	0.0
5	9	Biogas	0.0
5	10	Biogas	0.0
5	11	Biogas	0.0
5	12	Biogas	0.0
5	13	Biogas	0.0
5	14	Biogas	0.0
5	15	Biogas	0.0
5	16	Biogas	0.0
5	17	Biogas	0.0
5	18	Biogas	0.0
5	19	Biogas	0.0
5	20	Biogas	0.0
5	21	Biogas	0.0
5	22	Biogas	0.0
5	23	Biogas	0.0
5	24	Biogas	0.0
5	1	CH4_H2_Mix	0.0
5	2	CH4_H2_Mix	0.0
5	3	CH4_H2_Mix	0.0
5	4	CH4_H2_Mix	0.0
5	5	CH4_H2_Mix	0.0
5	6	CH4_H2_Mix	0.0
5	7	CH4_H2_Mix	0.0
5	8	CH4_H2_Mix	0.0
5	9	CH4_H2_Mix	0.0
5	10	CH4_H2_Mix	0.0
5	11	CH4_H2_Mix	0.0
5	12	CH4_H2_Mix	0.0
5	13	CH4_H2_Mix	0.0
5	14	CH4_H2_Mix	0.0
5	15	CH4_H2_Mix	0.0
5	16	CH4_H2_Mix	0.0
5	17	CH4_H2_Mix	0.0
5	18	CH4_H2_Mix	0.0
5	19	CH4_H2_Mix	0.0
5	20	CH4_H2_Mix	0.0
5	21	CH4_H2_Mix	0.0
5	22	CH4_H2_Mix	0.0
5	23	CH4_H2_Mix	0.0
5	24	CH4_H2_Mix	0.0
5	1	DummyFuel	0.0
5	2	DummyFuel	0.0
5	3	DummyFuel	0.0
5	4	DummyFuel	0.0
5	5	DummyFuel	0.0
5	6	DummyFuel	0.0
5	7	DummyFuel	0.0
5	8	DummyFuel	0.0
5	9	DummyFuel	0.0
5	10	DummyFuel	0.0
5	11	DummyFuel	0.0
5	12	DummyFuel	0.0
5	13	DummyFuel	0.0
5	14	DummyFuel	0.0
5	15	DummyFuel	0.0
5	16	DummyFuel	0.0
5	17	DummyFuel	0.0
5	18	DummyFuel	0.0
5	19	DummyFuel	0.0
5	20	DummyFuel	0.0
5	21	DummyFuel	0.0
5	22	DummyFuel	0.0
5	23	DummyFuel	0.0
5	24	DummyFuel	0.0
6	1	Electricity	49.174003741075346
6	2	Electricity	50.13159885247225
6	3	Electricity	50.10179188656465
6	4	Electricity	50.51345532777859
6	5	Electricity	51.85397042916993
6	6	Electricity	57.19849793048169
6	7	Electricity	68.43125574507265
6	8	Electricity	83.20154779318172
6	9	Electricity	100.51238376966838
6	10	Electricity	110.26243328955826
6	11	Electricity	115.42658766095786
6	12	Electricity	115.29472648433901
6	13	Electricity	102.58101376175239
6	14	Electricity	101.07529202267533
6	15	Electricity	107.15868699790568
6	16	Electricity	105.51887459057276
6	17	Electricity	101.96565879180632
6	18	Electricity	96.43172888920938
6	19	Electricity	90.91077391648089
6	20	Electricity	76.92693206625235
6	21	Electricity	60.21429283694022
6	22	Electricity	53.06961342535759
6	23	Electricity	50.781595035829774
6	24	Electricity	49.52808698953266
6	1	LT	47.02407437037818
6	2	LT	47.02407437037818
6	3	LT	47.02407437037818
6	4	LT	47.02407437037818
6	5	LT	47.02407437037818
6	6	LT	47.02407437037818
6	7	LT	47.02407437037818
6	8	LT	127.42007248747636
6	9	LT	159.27509060934543
6	10	LT	175.20259967028
6	11	LT	175.20259967028
6	12	LT	207.05761779214907
6	13	LT	207.05761779214907
6	14	LT	143.34758154841091
6	15	LT	207.05761779214907
6	16	LT	175.20259967028
6	17	LT	151.6905624850909
6	18	LT	127.42007248747636
6	19	LT	47.02407437037818
6	20	LT	47.02407437037818
6	21	LT	47.02407437037818
6	22	LT	47.02407437037818
6	23	LT	47.02407437037818
6	24	LT	47.02407437037818
6	1	MT	178.94968359122362
6	2	MT	128.52270866284744
6	3	MT	128.52270866284744
6	4	MT	128.52270866284744
6	5	MT	128.52270866284744
6	6	MT	128.52270866284744
6	7	MT	128.52270866284744
6	8	MT	468.5290475458674
6	9	MT	585.6613094323342
6	10	MT	644.2274403755678
6	11	MT	644.2274403755678
6	12	MT	761.3597022620345
6	13	MT	761.3597022620345
6	14	MT	527.0951784891008
6	15	MT	761.3597022620345
6	16	MT	602.9161109150134
6	17	MT	358.28134626285953
6	18	MT	266.04534821808005
6	19	MT	132.40170673426098
6	20	MT	128.52270866284744
6	21	MT	128.52270866284744
6	22	MT	128.52270866284744
6	23	MT	128.52270866284744
6	24	MT	128.52270866284744
6	1	H2	0.0
6	2	H2	0.0
6	3	H2	0.0
6	4	H2	0.0
6	5	H2	0.0
6	6	H2	0.0
6	7	H2	0.0
6	8	H2	0.0
6	9	H2	0.0
6	10	H2	0.0
6	11	H2	0.0
6	12	H2	0.0
6	13	H2	0.0
6	14	H2	0.0
6	15	H2	0.0
6	16	H2	0.0
6	17	H2	0.0
6	18	H2	0.0
6	19	H2	0.0
6	20	H2	0.0
6	21	H2	0.0
6	22	H2	0.0
6	23	H2	0.0
6	24	H2	0.0
6	1	CH4	0.0
6	2	CH4	0.0
6	3	CH4	0.0
6	4	CH4	0.0
6	5	CH4	0.0
6	6	CH4	0.0
6	7	CH4	0.0
6	8	CH4	0.0
6	9	CH4	0.0
6	10	CH4	0.0
6	11	CH4	0.0
6	12	CH4	0.0
6	13	CH4	0.0
6	14	CH4	0.0
6	15	CH4	0.0
6	16	CH4	0.0
6	17	CH4	0.0
6	18	CH4	0.0
6	19	CH4	0.0
6	20	CH4	0.0
6	21	CH4	0.0
6	22	CH4	0.0
6	23	CH4	0.0
6	24	CH4	0.0
6	1	Biogas	0.0
6	2	Biogas	0.0
6	3	Biogas	0.0
6	4	Biogas	0.0
6	5	Biogas	0.0
6	6	Biogas	0.0
6	7	Biogas	0.0
6	8	Biogas	0.0
6	9	Biogas	0.0
6	10	Biogas	0.0
6	11	Biogas	0.0
6	12	Biogas	0.0
6	13	Biogas	0.0
6	14	Biogas	0.0
6	15	Biogas	0.0
6	16	Biogas	0.0
6	17	Biogas	0.0
6	18	Biogas	0.0
6	19	Biogas	0.0
6	20	Biogas	0.0
6	21	Biogas	0.0
6	22	Biogas	0.0
6	23	Biogas	0.0
6	24	Biogas	0.0
6	1	CH4_H2_Mix	0.0
6	2	CH4_H2_Mix	0.0
6	3	CH4_H2_Mix	0.0
6	4	CH4_H2_Mix	0.0
6	5	CH4_H2_Mix	0.0
6	6	CH4_H2_Mix	0.0
6	7	CH4_H2_Mix	0.0
6	8	CH4_H2_Mix	0.0
6	9	CH4_H2_Mix	0.0
6	10	CH4_H2_Mix	0.0
6	11	CH4_H2_Mix	0.0
6	12	CH4_H2_Mix	0.0
6	13	CH4_H2_Mix	0.0
6	14	CH4_H2_Mix	0.0
6	15	CH4_H2_Mix	0.0
6	16	CH4_H2_Mix	0.0
6	17	CH4_H2_Mix	0.0
6	18	CH4_H2_Mix	0.0
6	19	CH4_H2_Mix	0.0
6	20	CH4_H2_Mix	0.0
6	21	CH4_H2_Mix	0.0
6	22	CH4_H2_Mix	0.0
6	23	CH4_H2_Mix	0.0
6	24	CH4_H2_Mix	0.0
6	1	DummyFuel	0.0
6	2	DummyFuel	0.0
6	3	DummyFuel	0.0
6	4	DummyFuel	0.0
6	5	DummyFuel	0.0
6	6	DummyFuel	0.0
6	7	DummyFuel	0.0
6	8	DummyFuel	0.0
6	9	DummyFuel	0.0
6	10	DummyFuel	0.0
6	11	DummyFuel	0.0
6	12	DummyFuel	0.0
6	13	DummyFuel	0.0
6	14	DummyFuel	0.0
6	15	DummyFuel	0.0
6	16	DummyFuel	0.0
6	17	DummyFuel	0.0
6	18	DummyFuel	0.0
6	19	DummyFuel	0.0
6	20	DummyFuel	0.0
6	21	DummyFuel	0.0
6	22	DummyFuel	0.0
6	23	DummyFuel	0.0
6	24	DummyFuel	0.0
7	1	Electricity	41.956640910648446
7	2	Electricity	42.45221372248331
7	3	Electricity	42.190892872823504
7	4	Electricity	42.652761985731466
7	5	Electricity	43.505324943943016
7	6	Electricity	47.10202588836482
7	7	Electricity	54.94388203529204
7	8	Electricity	63.8443566741884
7	9	Electricity	75.83219109204008
7	10	Electricity	85.31163686893103
7	11	Electricity	88.67824466867435
7	12	Electricity	89.16082529623927
7	13	Electricity	82.4665416820262
7	14	Electricity	80.4211319084306
7	15	Electricity	84.21597920713292
7	16	Electricity	83.34106918929372
7	17	Electricity	81.5841869093492
7	18	Electricity	81.93095206193058
7	19	Electricity	77.56207112044099
7	20	Electricity	65.09838116169783
7	21	Electricity	50.67007355545099
7	22	Electricity	44.87556884702962
7	23	Electricity	43.11725528787769
7	24	Electricity	42.55132878145274
7	1	LT	58.37507554619123
7	2	LT	58.37507554619123
7	3	LT	58.37507554619123
7	4	LT	58.37507554619123
7	5	LT	58.37507554619123
7	6	LT	58.37507554619123
7	7	LT	58.37507554619123
7	8	LT	158.1776240606472
7	9	LT	197.722030075809
7	10	LT	217.49423308338993
7	11	LT	217.49423308338993
7	12	LT	257.03863909855164
7	13	LT	257.03863909855164
7	14	LT	177.9498270682281
7	15	LT	257.03863909855164
7	16	LT	217.49423308338993
7	17	LT	188.3066953102943
7	18	LT	158.1776240606472
7	19	LT	58.37507554619123
7	20	LT	58.37507554619123
7	21	LT	58.37507554619123
7	22	LT	58.37507554619123
7	23	LT	58.37507554619123
7	24	LT	58.37507554619123
7	1	MT	208.91473480742877
7	2	MT	151.52758616436677
7	3	MT	151.52758616436677
7	4	MT	151.52758616436677
7	5	MT	151.52758616436677
7	6	MT	151.52758616436677
7	7	MT	151.52758616436677
7	8	MT	547.4656361468975
7	9	MT	684.3320451836219
7	10	MT	752.7652497019841
7	11	MT	752.7652497019841
7	12	MT	889.6316587387084
7	13	MT	889.6316587387084
7	14	MT	615.8988406652597
7	15	MT	889.6316587387084
7	16	MT	705.7519317751679
7	17	MT	424.71872239280117
7	18	MT	317.0341623647562
7	19	MT	155.94198221383306
7	20	MT	151.52758616436677
7	21	MT	151.52758616436677
7	22	MT	151.52758616436677
7	23	MT	151.52758616436677
7	24	MT	151.52758616436677
7	1	H2	0.0
7	2	H2	0.0
7	3	H2	0.0
7	4	H2	0.0
7	5	H2	0.0
7	6	H2	0.0
7	7	H2	0.0
7	8	H2	0.0
7	9	H2	0.0
7	10	H2	0.0
7	11	H2	0.0
7	12	H2	0.0
7	13	H2	0.0
7	14	H2	0.0
7	15	H2	0.0
7	16	H2	0.0
7	17	H2	0.0
7	18	H2	0.0
7	19	H2	0.0
7	20	H2	0.0
7	21	H2	0.0
7	22	H2	0.0
7	23	H2	0.0
7	24	H2	0.0
7	1	CH4	0.0
7	2	CH4	0.0
7	3	CH4	0.0
7	4	CH4	0.0
7	5	CH4	0.0
7	6	CH4	0.0
7	7	CH4	0.0
7	8	CH4	0.0
7	9	CH4	0.0
7	10	CH4	0.0
7	11	CH4	0.0
7	12	CH4	0.0
7	13	CH4	0.0
7	14	CH4	0.0
7	15	CH4	0.0
7	16	CH4	0.0
7	17	CH4	0.0
7	18	CH4	0.0
7	19	CH4	0.0
7	20	CH4	0.0
7	21	CH4	0.0
7	22	CH4	0.0
7	23	CH4	0.0
7	24	CH4	0.0
7	1	Biogas	0.0
7	2	Biogas	0.0
7	3	Biogas	0.0
7	4	Biogas	0.0
7	5	Biogas	0.0
7	6	Biogas	0.0
7	7	Biogas	0.0
7	8	Biogas	0.0
7	9	Biogas	0.0
7	10	Biogas	0.0
7	11	Biogas	0.0
7	12	Biogas	0.0
7	13	Biogas	0.0
7	14	Biogas	0.0
7	15	Biogas	0.0
7	16	Biogas	0.0
7	17	Biogas	0.0
7	18	Biogas	0.0
7	19	Biogas	0.0
7	20	Biogas	0.0
7	21	Biogas	0.0
7	22	Biogas	0.0
7	23	Biogas	0.0
7	24	Biogas	0.0
7	1	CH4_H2_Mix	0.0
7	2	CH4_H2_Mix	0.0
7	3	CH4_H2_Mix	0.0
7	4	CH4_H2_Mix	0.0
7	5	CH4_H2_Mix	0.0
7	6	CH4_H2_Mix	0.0
7	7	CH4_H2_Mix	0.0
7	8	CH4_H2_Mix	0.0
7	9	CH4_H2_Mix	0.0
7	10	CH4_H2_Mix	0.0
7	11	CH4_H2_Mix	0.0
7	12	CH4_H2_Mix	0.0
7	13	CH4_H2_Mix	0.0
7	14	CH4_H2_Mix	0.0
7	15	CH4_H2_Mix	0.0
7	16	CH4_H2_Mix	0.0
7	17	CH4_H2_Mix	0.0
7	18	CH4_H2_Mix	0.0
7	19	CH4_H2_Mix	0.0
7	20	CH4_H2_Mix	0.0
7	21	CH4_H2_Mix	0.0
7	22	CH4_H2_Mix	0.0
7	23	CH4_H2_Mix	0.0
7	24	CH4_H2_Mix	0.0
7	1	DummyFuel	0.0
7	2	DummyFuel	0.0
7	3	DummyFuel	0.0
7	4	DummyFuel	0.0
7	5	DummyFuel	0.0
7	6	DummyFuel	0.0
7	7	DummyFuel	0.0
7	8	DummyFuel	0.0
7	9	DummyFuel	0.0
7	10	DummyFuel	0.0
7	11	DummyFuel	0.0
7	12	DummyFuel	0.0
7	13	DummyFuel	0.0
7	14	DummyFuel	0.0
7	15	DummyFuel	0.0
7	16	DummyFuel	0.0
7	17	DummyFuel	0.0
7	18	DummyFuel	0.0
7	19	DummyFuel	0.0
7	20	DummyFuel	0.0
7	21	DummyFuel	0.0
7	22	DummyFuel	0.0
7	23	DummyFuel	0.0
7	24	DummyFuel	0.0
8	1	Electricity	32.03916314119919
8	2	Electricity	31.172994441321908
8	3	Electricity	30.773397932933506
8	4	Electricity	30.79694537696563
8	5	Electricity	32.526420522347706
8	6	Electricity	37.77555046476346
8	7	Electricity	47.10048533128132
8	8	Electricity	59.13529023321586
8	9	Electricity	74.12798087506526
8	10	Electricity	87.23598973632757
8	11	Electricity	93.42089369838418
8	12	Electricity	95.02995128788618
8	13	Electricity	89.01340135890743
8	14	Electricity	91.06856278308443
8	15	Electricity	97.62300993733444
8	16	Electricity	98.05242461052246
8	17	Electricity	96.15304172514882
8	18	Electricity	91.47632875651014
8	19	Electricity	82.67987571014793
8	20	Electricity	68.91166234338654
8	21	Electricity	49.61968683185729
8	22	Electricity	42.649339508053004
8	23	Electricity	41.32457319059896
8	24	Electricity	38.36127597884136
8	1	LT	1.5659477083033493
8	2	LT	1.5659477083033493
8	3	LT	1.5659477083033493
8	4	LT	1.5659477083033493
8	5	LT	1.5659477083033493
8	6	LT	1.5659477083033493
8	7	LT	1.5659477083033493
8	8	LT	4.510939688757712
8	9	LT	5.033259021140184
8	10	LT	5.555578353522656
8	11	LT	5.555578353522656
8	12	LT	6.647700593958734
8	13	LT	6.647700593958734
8	14	LT	4.415972537415445
8	15	LT	6.647700593958734
8	16	LT	6.647700593958734
8	17	LT	5.556588642366723
8	18	LT	4.414962248571378
8	19	LT	1.5659477083033493
8	20	LT	1.5659477083033493
8	21	LT	1.5659477083033493
8	22	LT	1.5659477083033493
8	23	LT	1.5659477083033493
8	24	LT	1.5659477083033493
8	1	MT	22.736524754936113
8	2	MT	33.75751977622258
8	3	MT	33.75751977622258
8	4	MT	33.75751977622258
8	5	MT	33.75751977622258
8	6	MT	33.75751977622258
8	7	MT	33.75751977622258
8	8	MT	140.04432663599147
8	9	MT	156.2599855096326
8	10	MT	172.47564438327373
8	11	MT	172.47564438327373
8	12	MT	206.3811129372506
8	13	MT	206.3811129372506
8	14	MT	137.09602502260216
8	15	MT	206.3811129372506
8	16	MT	206.3811129372506
8	17	MT	123.3932346725981
8	18	MT	54.878307684224126
8	19	MT	34.75942841452135
8	20	MT	34.75942841452135
8	21	MT	34.75942841452135
8	22	MT	34.75942841452135
8	23	MT	34.75942841452135
8	24	MT	34.75942841452135
8	1	H2	0.0
8	2	H2	0.0
8	3	H2	0.0
8	4	H2	0.0
8	5	H2	0.0
8	6	H2	0.0
8	7	H2	0.0
8	8	H2	0.0
8	9	H2	0.0
8	10	H2	0.0
8	11	H2	0.0
8	12	H2	0.0
8	13	H2	0.0
8	14	H2	0.0
8	15	H2	0.0
8	16	H2	0.0
8	17	H2	0.0
8	18	H2	0.0
8	19	H2	0.0
8	20	H2	0.0
8	21	H2	0.0
8	22	H2	0.0
8	23	H2	0.0
8	24	H2	0.0
8	1	CH4	0.0
8	2	CH4	0.0
8	3	CH4	0.0
8	4	CH4	0.0
8	5	CH4	0.0
8	6	CH4	0.0
8	7	CH4	0.0
8	8	CH4	0.0
8	9	CH4	0.0
8	10	CH4	0.0
8	11	CH4	0.0
8	12	CH4	0.0
8	13	CH4	0.0
8	14	CH4	0.0
8	15	CH4	0.0
8	16	CH4	0.0
8	17	CH4	0.0
8	18	CH4	0.0
8	19	CH4	0.0
8	20	CH4	0.0
8	21	CH4	0.0
8	22	CH4	0.0
8	23	CH4	0.0
8	24	CH4	0.0
8	1	Biogas	0.0
8	2	Biogas	0.0
8	3	Biogas	0.0
8	4	Biogas	0.0
8	5	Biogas	0.0
8	6	Biogas	0.0
8	7	Biogas	0.0
8	8	Biogas	0.0
8	9	Biogas	0.0
8	10	Biogas	0.0
8	11	Biogas	0.0
8	12	Biogas	0.0
8	13	Biogas	0.0
8	14	Biogas	0.0
8	15	Biogas	0.0
8	16	Biogas	0.0
8	17	Biogas	0.0
8	18	Biogas	0.0
8	19	Biogas	0.0
8	20	Biogas	0.0
8	21	Biogas	0.0
8	22	Biogas	0.0
8	23	Biogas	0.0
8	24	Biogas	0.0
8	1	CH4_H2_Mix	0.0
8	2	CH4_H2_Mix	0.0
8	3	CH4_H2_Mix	0.0
8	4	CH4_H2_Mix	0.0
8	5	CH4_H2_Mix	0.0
8	6	CH4_H2_Mix	0.0
8	7	CH4_H2_Mix	0.0
8	8	CH4_H2_Mix	0.0
8	9	CH4_H2_Mix	0.0
8	10	CH4_H2_Mix	0.0
8	11	CH4_H2_Mix	0.0
8	12	CH4_H2_Mix	0.0
8	13	CH4_H2_Mix	0.0
8	14	CH4_H2_Mix	0.0
8	15	CH4_H2_Mix	0.0
8	16	CH4_H2_Mix	0.0
8	17	CH4_H2_Mix	0.0
8	18	CH4_H2_Mix	0.0
8	19	CH4_H2_Mix	0.0
8	20	CH4_H2_Mix	0.0
8	21	CH4_H2_Mix	0.0
8	22	CH4_H2_Mix	0.0
8	23	CH4_H2_Mix	0.0
8	24	CH4_H2_Mix	0.0
8	1	DummyFuel	0.0
8	2	DummyFuel	0.0
8	3	DummyFuel	0.0
8	4	DummyFuel	0.0
8	5	DummyFuel	0.0
8	6	DummyFuel	0.0
8	7	DummyFuel	0.0
8	8	DummyFuel	0.0
8	9	DummyFuel	0.0
8	10	DummyFuel	0.0
8	11	DummyFuel	0.0
8	12	DummyFuel	0.0
8	13	DummyFuel	0.0
8	14	DummyFuel	0.0
8	15	DummyFuel	0.0
8	16	DummyFuel	0.0
8	17	DummyFuel	0.0
8	18	DummyFuel	0.0
8	19	DummyFuel	0.0
8	20	DummyFuel	0.0
8	21	DummyFuel	0.0
8	22	DummyFuel	0.0
8	23	DummyFuel	0.0
8	24	DummyFuel	0.0
9	1	Electricity	37.542893964647
9	2	Electricity	36.84306243313758
9	3	Electricity	35.666356388248026
9	4	Electricity	35.331976298103235
9	5	Electricity	36.81180293039725
9	6	Electricity	41.79335493361623
9	7	Electricity	51.25014084200904
9	8	Electricity	62.170139066292606
9	9	Electricity	76.74548009285195
9	10	Electricity	89.42535037186764
9	11	Electricity	95.15959718684634
9	12	Electricity	95.70830519411035
9	13	Electricity	89.64100442022628
9	14	Electricity	90.57036806232868
9	15	Electricity	97.43611928030394
9	16	Electricity	97.68466434781294
9	17	Electricity	96.37523007362695
9	18	Electricity	90.76476666432524
9	19	Electricity	82.52444611057709
9	20	Electricity	66.53769501670146
9	21	Electricity	49.237868260493144
9	22	Electricity	42.7942656617399
9	23	Electricity	40.76738176926843
9	24	Electricity	38.34382916923721
9	1	LT	1.5259955116431634
9	2	LT	1.5259955116431634
9	3	LT	1.5259955116431634
9	4	LT	1.5259955116431634
9	5	LT	1.5259955116431634
9	6	LT	1.5259955116431634
9	7	LT	1.5259955116431634
9	8	LT	4.204117634576915
9	9	LT	4.690910202791083
9	10	LT	5.177702771005253
9	11	LT	5.177702771005253
9	12	LT	6.195541777271242
9	13	LT	6.195541777271242
9	14	LT	4.1156098949016116
9	15	LT	6.195541777271242
9	16	LT	6.195541777271242
9	17	LT	5.176939773249432
9	18	LT	4.116372892657433
9	19	LT	1.5259955116431634
9	20	LT	1.5259955116431634
9	21	LT	1.5259955116431634
9	22	LT	1.5259955116431634
9	23	LT	1.5259955116431634
9	24	LT	1.5259955116431634
9	1	MT	34.114889966477605
9	2	MT	34.114889966477605
9	3	MT	34.114889966477605
9	4	MT	34.114889966477605
9	5	MT	34.114889966477605
9	6	MT	34.114889966477605
9	7	MT	34.114889966477605
9	8	MT	137.2540707429263
9	9	MT	153.14664735526517
9	10	MT	169.03922396760402
9	11	MT	169.03922396760402
9	12	MT	202.26915688431248
9	13	MT	202.26915688431248
9	14	MT	134.36451135886472
9	15	MT	202.26915688431248
9	16	MT	202.26915688431248
9	17	MT	120.84748639682138
9	18	MT	53.64384057643572
9	19	MT	34.114889966477605
9	20	MT	34.114889966477605
9	21	MT	34.114889966477605
9	22	MT	34.114889966477605
9	23	MT	34.114889966477605
9	24	MT	34.114889966477605
9	1	H2	0.0
9	2	H2	0.0
9	3	H2	0.0
9	4	H2	0.0
9	5	H2	0.0
9	6	H2	0.0
9	7	H2	0.0
9	8	H2	0.0
9	9	H2	0.0
9	10	H2	0.0
9	11	H2	0.0
9	12	H2	0.0
9	13	H2	0.0
9	14	H2	0.0
9	15	H2	0.0
9	16	H2	0.0
9	17	H2	0.0
9	18	H2	0.0
9	19	H2	0.0
9	20	H2	0.0
9	21	H2	0.0
9	22	H2	0.0
9	23	H2	0.0
9	24	H2	0.0
9	1	CH4	0.0
9	2	CH4	0.0
9	3	CH4	0.0
9	4	CH4	0.0
9	5	CH4	0.0
9	6	CH4	0.0
9	7	CH4	0.0
9	8	CH4	0.0
9	9	CH4	0.0
9	10	CH4	0.0
9	11	CH4	0.0
9	12	CH4	0.0
9	13	CH4	0.0
9	14	CH4	0.0
9	15	CH4	0.0
9	16	CH4	0.0
9	17	CH4	0.0
9	18	CH4	0.0
9	19	CH4	0.0
9	20	CH4	0.0
9	21	CH4	0.0
9	22	CH4	0.0
9	23	CH4	0.0
9	24	CH4	0.0
9	1	Biogas	0.0
9	2	Biogas	0.0
9	3	Biogas	0.0
9	4	Biogas	0.0
9	5	Biogas	0.0
9	6	Biogas	0.0
9	7	Biogas	0.0
9	8	Biogas	0.0
9	9	Biogas	0.0
9	10	Biogas	0.0
9	11	Biogas	0.0
9	12	Biogas	0.0
9	13	Biogas	0.0
9	14	Biogas	0.0
9	15	Biogas	0.0
9	16	Biogas	0.0
9	17	Biogas	0.0
9	18	Biogas	0.0
9	19	Biogas	0.0
9	20	Biogas	0.0
9	21	Biogas	0.0
9	22	Biogas	0.0
9	23	Biogas	0.0
9	24	Biogas	0.0
9	1	CH4_H2_Mix	0.0
9	2	CH4_H2_Mix	0.0
9	3	CH4_H2_Mix	0.0
9	4	CH4_H2_Mix	0.0
9	5	CH4_H2_Mix	0.0
9	6	CH4_H2_Mix	0.0
9	7	CH4_H2_Mix	0.0
9	8	CH4_H2_Mix	0.0
9	9	CH4_H2_Mix	0.0
9	10	CH4_H2_Mix	0.0
9	11	CH4_H2_Mix	0.0
9	12	CH4_H2_Mix	0.0
9	13	CH4_H2_Mix	0.0
9	14	CH4_H2_Mix	0.0
9	15	CH4_H2_Mix	0.0
9	16	CH4_H2_Mix	0.0
9	17	CH4_H2_Mix	0.0
9	18	CH4_H2_Mix	0.0
9	19	CH4_H2_Mix	0.0
9	20	CH4_H2_Mix	0.0
9	21	CH4_H2_Mix	0.0
9	22	CH4_H2_Mix	0.0
9	23	CH4_H2_Mix	0.0
9	24	CH4_H2_Mix	0.0
9	1	DummyFuel	0.0
9	2	DummyFuel	0.0
9	3	DummyFuel	0.0
9	4	DummyFuel	0.0
9	5	DummyFuel	0.0
9	6	DummyFuel	0.0
9	7	DummyFuel	0.0
9	8	DummyFuel	0.0
9	9	DummyFuel	0.0
9	10	DummyFuel	0.0
9	11	DummyFuel	0.0
9	12	DummyFuel	0.0
9	13	DummyFuel	0.0
9	14	DummyFuel	0.0
9	15	DummyFuel	0.0
9	16	DummyFuel	0.0
9	17	DummyFuel	0.0
9	18	DummyFuel	0.0
9	19	DummyFuel	0.0
9	20	DummyFuel	0.0
9	21	DummyFuel	0.0
9	22	DummyFuel	0.0
9	23	DummyFuel	0.0
9	24	DummyFuel	0.0
10	1	Electricity	37.780215005980686
10	2	Electricity	38.01220007931372
10	3	Electricity	38.19667446137711
10	4	Electricity	38.9530095464617
10	5	Electricity	41.070000230786334
10	6	Electricity	47.38421237679945
10	7	Electricity	58.67918381170049
10	8	Electricity	72.65239801475857
10	9	Electricity	89.34259137069003
10	10	Electricity	97.97173031004607
10	11	Electricity	101.33278079898196
10	12	Electricity	99.43959467608218
10	13	Electricity	89.90371677022367
10	14	Electricity	89.69266911498913
10	15	Electricity	96.45648523083085
10	16	Electricity	96.34717304861186
10	17	Electricity	95.835868200504
10	18	Electricity	92.02721499894392
10	19	Electricity	83.1433748445912
10	20	Electricity	68.09673668225211
10	21	Electricity	51.439021734709954
10	22	Electricity	44.191933649748144
10	23	Electricity	42.913672910337354
10	24	Electricity	41.72890249770475
10	1	LT	9.62973839250621
10	2	LT	9.62973839250621
10	3	LT	9.62973839250621
10	4	LT	9.62973839250621
10	5	LT	9.62973839250621
10	6	LT	9.62973839250621
10	7	LT	9.62973839250621
10	8	LT	41.88936200740201
10	9	LT	47.12553225832726
10	10	LT	52.36170250925251
10	11	LT	52.36170250925251
10	12	LT	62.834043011103006
10	13	LT	62.834043011103006
10	14	LT	41.88936200740201
10	15	LT	62.834043011103006
10	16	LT	62.834043011103006
10	17	LT	52.36170250925251
10	18	LT	42.13010546721467
10	19	LT	15.046466238290952
10	20	LT	15.046466238290952
10	21	LT	15.046466238290952
10	22	LT	15.046466238290952
10	23	LT	15.046466238290952
10	24	LT	15.046466238290952
10	1	MT	59.281502232310174
10	2	MT	59.281502232310174
10	3	MT	59.281502232310174
10	4	MT	59.281502232310174
10	5	MT	59.281502232310174
10	6	MT	59.281502232310174
10	7	MT	59.281502232310174
10	8	MT	253.47809900291065
10	9	MT	285.1628613782745
10	10	MT	316.84762375363835
10	11	MT	316.84762375363835
10	12	MT	380.21714850436604
10	13	MT	380.21714850436604
10	14	MT	253.47809900291065
10	15	MT	380.21714850436604
10	16	MT	380.21714850436604
10	17	MT	238.81088994305392
10	18	MT	97.66543679653887
10	19	MT	67.59208834726506
10	20	MT	67.59208834726506
10	21	MT	67.59208834726506
10	22	MT	67.59208834726506
10	23	MT	67.59208834726506
10	24	MT	67.59208834726506
10	1	H2	0.0
10	2	H2	0.0
10	3	H2	0.0
10	4	H2	0.0
10	5	H2	0.0
10	6	H2	0.0
10	7	H2	0.0
10	8	H2	0.0
10	9	H2	0.0
10	10	H2	0.0
10	11	H2	0.0
10	12	H2	0.0
10	13	H2	0.0
10	14	H2	0.0
10	15	H2	0.0
10	16	H2	0.0
10	17	H2	0.0
10	18	H2	0.0
10	19	H2	0.0
10	20	H2	0.0
10	21	H2	0.0
10	22	H2	0.0
10	23	H2	0.0
10	24	H2	0.0
10	1	CH4	0.0
10	2	CH4	0.0
10	3	CH4	0.0
10	4	CH4	0.0
10	5	CH4	0.0
10	6	CH4	0.0
10	7	CH4	0.0
10	8	CH4	0.0
10	9	CH4	0.0
10	10	CH4	0.0
10	11	CH4	0.0
10	12	CH4	0.0
10	13	CH4	0.0
10	14	CH4	0.0
10	15	CH4	0.0
10	16	CH4	0.0
10	17	CH4	0.0
10	18	CH4	0.0
10	19	CH4	0.0
10	20	CH4	0.0
10	21	CH4	0.0
10	22	CH4	0.0
10	23	CH4	0.0
10	24	CH4	0.0
10	1	Biogas	0.0
10	2	Biogas	0.0
10	3	Biogas	0.0
10	4	Biogas	0.0
10	5	Biogas	0.0
10	6	Biogas	0.0
10	7	Biogas	0.0
10	8	Biogas	0.0
10	9	Biogas	0.0
10	10	Biogas	0.0
10	11	Biogas	0.0
10	12	Biogas	0.0
10	13	Biogas	0.0
10	14	Biogas	0.0
10	15	Biogas	0.0
10	16	Biogas	0.0
10	17	Biogas	0.0
10	18	Biogas	0.0
10	19	Biogas	0.0
10	20	Biogas	0.0
10	21	Biogas	0.0
10	22	Biogas	0.0
10	23	Biogas	0.0
10	24	Biogas	0.0
10	1	CH4_H2_Mix	0.0
10	2	CH4_H2_Mix	0.0
10	3	CH4_H2_Mix	0.0
10	4	CH4_H2_Mix	0.0
10	5	CH4_H2_Mix	0.0
10	6	CH4_H2_Mix	0.0
10	7	CH4_H2_Mix	0.0
10	8	CH4_H2_Mix	0.0
10	9	CH4_H2_Mix	0.0
10	10	CH4_H2_Mix	0.0
10	11	CH4_H2_Mix	0.0
10	12	CH4_H2_Mix	0.0
10	13	CH4_H2_Mix	0.0
10	14	CH4_H2_Mix	0.0
10	15	CH4_H2_Mix	0.0
10	16	CH4_H2_Mix	0.0
10	17	CH4_H2_Mix	0.0
10	18	CH4_H2_Mix	0.0
10	19	CH4_H2_Mix	0.0
10	20	CH4_H2_Mix	0.0
10	21	CH4_H2_Mix	0.0
10	22	CH4_H2_Mix	0.0
10	23	CH4_H2_Mix	0.0
10	24	CH4_H2_Mix	0.0
10	1	DummyFuel	0.0
10	2	DummyFuel	0.0
10	3	DummyFuel	0.0
10	4	DummyFuel	0.0
10	5	DummyFuel	0.0
10	6	DummyFuel	0.0
10	7	DummyFuel	0.0
10	8	DummyFuel	0.0
10	9	DummyFuel	0.0
10	10	DummyFuel	0.0
10	11	DummyFuel	0.0
10	12	DummyFuel	0.0
10	13	DummyFuel	0.0
10	14	DummyFuel	0.0
10	15	DummyFuel	0.0
10	16	DummyFuel	0.0
10	17	DummyFuel	0.0
10	18	DummyFuel	0.0
10	19	DummyFuel	0.0
10	20	DummyFuel	0.0
10	21	DummyFuel	0.0
10	22	DummyFuel	0.0
10	23	DummyFuel	0.0
10	24	DummyFuel	0.0
11	1	Electricity	31.799166907528573
11	2	Electricity	31.089439761400644
11	3	Electricity	30.66421309377164
11	4	Electricity	30.809524342389906
11	5	Electricity	32.44378785075283
11	6	Electricity	36.329609120670185
11	7	Electricity	44.35036698471633
11	8	Electricity	54.25553126835779
11	9	Electricity	67.40444170102339
11	10	Electricity	79.00753869059378
11	11	Electricity	84.29113709971118
11	12	Electricity	85.2834499925097
11	13	Electricity	79.57119362085764
11	14	Electricity	80.24810451690834
11	15	Electricity	87.8052112253527
11	16	Electricity	88.31452604048505
11	17	Electricity	86.84684848311589
11	18	Electricity	82.01571105346957
11	19	Electricity	74.82424148023495
11	20	Electricity	61.75239518412791
11	21	Electricity	44.418704346670474
11	22	Electricity	38.195612061510836
11	23	Electricity	36.564506995410895
11	24	Electricity	34.065835698923465
11	1	LT	1.2830405338799464
11	2	LT	1.2830405338799464
11	3	LT	1.2830405338799464
11	4	LT	1.2830405338799464
11	5	LT	1.2830405338799464
11	6	LT	1.2830405338799464
11	7	LT	1.2830405338799464
11	8	LT	5.581226322377768
11	9	LT	6.278879612674988
11	10	LT	6.976532902972209
11	11	LT	6.976532902972209
11	12	LT	8.371839483566648
11	13	LT	8.371839483566648
11	14	LT	5.581226322377768
11	15	LT	8.371839483566648
11	16	LT	8.371839483566648
11	17	LT	6.976532902972209
11	18	LT	5.613302335724765
11	19	LT	2.0047508341874165
11	20	LT	2.0047508341874165
11	21	LT	2.0047508341874165
11	22	LT	2.0047508341874165
11	23	LT	2.0047508341874165
11	24	LT	2.0047508341874165
11	1	MT	35.146586144800864
11	2	MT	35.146586144800864
11	3	MT	35.146586144800864
11	4	MT	35.146586144800864
11	5	MT	35.146586144800864
11	6	MT	35.146586144800864
11	7	MT	35.146586144800864
11	8	MT	149.849553428905
11	9	MT	168.5807476075181
11	10	MT	187.3119417861312
11	11	MT	187.3119417861312
11	12	MT	224.77433014335747
11	13	MT	224.77433014335747
11	14	MT	149.849553428905
11	15	MT	224.77433014335747
11	16	MT	224.77433014335747
11	17	MT	133.38573244375783
11	18	MT	42.03188375861744
11	19	MT	37.6162702484555
11	20	MT	37.6162702484555
11	21	MT	37.6162702484555
11	22	MT	37.6162702484555
11	23	MT	37.6162702484555
11	24	MT	37.6162702484555
11	1	H2	0.0
11	2	H2	0.0
11	3	H2	0.0
11	4	H2	0.0
11	5	H2	0.0
11	6	H2	0.0
11	7	H2	0.0
11	8	H2	0.0
11	9	H2	0.0
11	10	H2	0.0
11	11	H2	0.0
11	12	H2	0.0
11	13	H2	0.0
11	14	H2	0.0
11	15	H2	0.0
11	16	H2	0.0
11	17	H2	0.0
11	18	H2	0.0
11	19	H2	0.0
11	20	H2	0.0
11	21	H2	0.0
11	22	H2	0.0
11	23	H2	0.0
11	24	H2	0.0
11	1	CH4	0.0
11	2	CH4	0.0
11	3	CH4	0.0
11	4	CH4	0.0
11	5	CH4	0.0
11	6	CH4	0.0
11	7	CH4	0.0
11	8	CH4	0.0
11	9	CH4	0.0
11	10	CH4	0.0
11	11	CH4	0.0
11	12	CH4	0.0
11	13	CH4	0.0
11	14	CH4	0.0
11	15	CH4	0.0
11	16	CH4	0.0
11	17	CH4	0.0
11	18	CH4	0.0
11	19	CH4	0.0
11	20	CH4	0.0
11	21	CH4	0.0
11	22	CH4	0.0
11	23	CH4	0.0
11	24	CH4	0.0
11	1	Biogas	0.0
11	2	Biogas	0.0
11	3	Biogas	0.0
11	4	Biogas	0.0
11	5	Biogas	0.0
11	6	Biogas	0.0
11	7	Biogas	0.0
11	8	Biogas	0.0
11	9	Biogas	0.0
11	10	Biogas	0.0
11	11	Biogas	0.0
11	12	Biogas	0.0
11	13	Biogas	0.0
11	14	Biogas	0.0
11	15	Biogas	0.0
11	16	Biogas	0.0
11	17	Biogas	0.0
11	18	Biogas	0.0
11	19	Biogas	0.0
11	20	Biogas	0.0
11	21	Biogas	0.0
11	22	Biogas	0.0
11	23	Biogas	0.0
11	24	Biogas	0.0
11	1	CH4_H2_Mix	0.0
11	2	CH4_H2_Mix	0.0
11	3	CH4_H2_Mix	0.0
11	4	CH4_H2_Mix	0.0
11	5	CH4_H2_Mix	0.0
11	6	CH4_H2_Mix	0.0
11	7	CH4_H2_Mix	0.0
11	8	CH4_H2_Mix	0.0
11	9	CH4_H2_Mix	0.0
11	10	CH4_H2_Mix	0.0
11	11	CH4_H2_Mix	0.0
11	12	CH4_H2_Mix	0.0
11	13	CH4_H2_Mix	0.0
11	14	CH4_H2_Mix	0.0
11	15	CH4_H2_Mix	0.0
11	16	CH4_H2_Mix	0.0
11	17	CH4_H2_Mix	0.0
11	18	CH4_H2_Mix	0.0
11	19	CH4_H2_Mix	0.0
11	20	CH4_H2_Mix	0.0
11	21	CH4_H2_Mix	0.0
11	22	CH4_H2_Mix	0.0
11	23	CH4_H2_Mix	0.0
11	24	CH4_H2_Mix	0.0
11	1	DummyFuel	0.0
11	2	DummyFuel	0.0
11	3	DummyFuel	0.0
11	4	DummyFuel	0.0
11	5	DummyFuel	0.0
11	6	DummyFuel	0.0
11	7	DummyFuel	0.0
11	8	DummyFuel	0.0
11	9	DummyFuel	0.0
11	10	DummyFuel	0.0
11	11	DummyFuel	0.0
11	12	DummyFuel	0.0
11	13	DummyFuel	0.0
11	14	DummyFuel	0.0
11	15	DummyFuel	0.0
11	16	DummyFuel	0.0
11	17	DummyFuel	0.0
11	18	DummyFuel	0.0
11	19	DummyFuel	0.0
11	20	DummyFuel	0.0
11	21	DummyFuel	0.0
11	22	DummyFuel	0.0
11	23	DummyFuel	0.0
11	24	DummyFuel	0.0
12	1	Electricity	32.25307439365978
12	2	Electricity	32.27702682205818
12	3	Electricity	32.27395817362616
12	4	Electricity	32.978652456606646
12	5	Electricity	35.361914483607485
12	6	Electricity	41.8028874710345
12	7	Electricity	52.729298302500155
12	8	Electricity	64.84144627448227
12	9	Electricity	78.97683221549124
12	10	Electricity	89.53230571939248
12	11	Electricity	92.25880020595633
12	12	Electricity	91.28675588883256
12	13	Electricity	82.5177600173308
12	14	Electricity	83.27041195912383
12	15	Electricity	89.70926083091351
12	16	Electricity	89.66781986310296
12	17	Electricity	88.03087837534852
12	18	Electricity	84.42254378373978
12	19	Electricity	78.43310543485448
12	20	Electricity	64.2862089077864
12	21	Electricity	47.96646060957125
12	22	Electricity	40.517349985502904
12	23	Electricity	38.31634982462446
12	24	Electricity	37.29851445423928
12	1	LT	9.248142041227974
12	2	LT	9.248142041227974
12	3	LT	9.248142041227974
12	4	LT	9.248142041227974
12	5	LT	9.248142041227974
12	6	LT	9.248142041227974
12	7	LT	9.248142041227974
12	8	LT	40.22941787934169
12	9	LT	45.2580951142594
12	10	LT	50.286772349177106
12	11	LT	50.286772349177106
12	12	LT	60.344126819012516
12	13	LT	60.344126819012516
12	14	LT	40.22941787934169
12	15	LT	60.344126819012516
12	16	LT	60.344126819012516
12	17	LT	50.286772349177106
12	18	LT	40.460621430372385
12	19	LT	14.45022193941871
12	20	LT	14.45022193941871
12	21	LT	14.45022193941871
12	22	LT	14.45022193941871
12	23	LT	14.45022193941871
12	24	LT	14.45022193941871
12	1	MT	58.37595422615738
12	2	MT	58.37595422615738
12	3	MT	58.37595422615738
12	4	MT	58.37595422615738
12	5	MT	58.37595422615738
12	6	MT	58.37595422615738
12	7	MT	58.37595422615738
12	8	MT	249.58325885245014
12	9	MT	280.78116620900647
12	10	MT	311.9790735655627
12	11	MT	311.9790735655627
12	12	MT	374.3748882786752
12	13	MT	374.3748882786752
12	14	MT	249.58325885245014
12	15	MT	374.3748882786752
12	16	MT	374.3748882786752
12	17	MT	234.72855250937647
12	18	MT	95.33268725369427
12	19	MT	66.42939746660537
12	20	MT	66.42939746660537
12	21	MT	66.42939746660537
12	22	MT	66.42939746660537
12	23	MT	66.42939746660537
12	24	MT	66.42939746660537
12	1	H2	0.0
12	2	H2	0.0
12	3	H2	0.0
12	4	H2	0.0
12	5	H2	0.0
12	6	H2	0.0
12	7	H2	0.0
12	8	H2	0.0
12	9	H2	0.0
12	10	H2	0.0
12	11	H2	0.0
12	12	H2	0.0
12	13	H2	0.0
12	14	H2	0.0
12	15	H2	0.0
12	16	H2	0.0
12	17	H2	0.0
12	18	H2	0.0
12	19	H2	0.0
12	20	H2	0.0
12	21	H2	0.0
12	22	H2	0.0
12	23	H2	0.0
12	24	H2	0.0
12	1	CH4	0.0
12	2	CH4	0.0
12	3	CH4	0.0
12	4	CH4	0.0
12	5	CH4	0.0
12	6	CH4	0.0
12	7	CH4	0.0
12	8	CH4	0.0
12	9	CH4	0.0
12	10	CH4	0.0
12	11	CH4	0.0
12	12	CH4	0.0
12	13	CH4	0.0
12	14	CH4	0.0
12	15	CH4	0.0
12	16	CH4	0.0
12	17	CH4	0.0
12	18	CH4	0.0
12	19	CH4	0.0
12	20	CH4	0.0
12	21	CH4	0.0
12	22	CH4	0.0
12	23	CH4	0.0
12	24	CH4	0.0
12	1	Biogas	0.0
12	2	Biogas	0.0
12	3	Biogas	0.0
12	4	Biogas	0.0
12	5	Biogas	0.0
12	6	Biogas	0.0
12	7	Biogas	0.0
12	8	Biogas	0.0
12	9	Biogas	0.0
12	10	Biogas	0.0
12	11	Biogas	0.0
12	12	Biogas	0.0
12	13	Biogas	0.0
12	14	Biogas	0.0
12	15	Biogas	0.0
12	16	Biogas	0.0
12	17	Biogas	0.0
12	18	Biogas	0.0
12	19	Biogas	0.0
12	20	Biogas	0.0
12	21	Biogas	0.0
12	22	Biogas	0.0
12	23	Biogas	0.0
12	24	Biogas	0.0
12	1	CH4_H2_Mix	0.0
12	2	CH4_H2_Mix	0.0
12	3	CH4_H2_Mix	0.0
12	4	CH4_H2_Mix	0.0
12	5	CH4_H2_Mix	0.0
12	6	CH4_H2_Mix	0.0
12	7	CH4_H2_Mix	0.0
12	8	CH4_H2_Mix	0.0
12	9	CH4_H2_Mix	0.0
12	10	CH4_H2_Mix	0.0
12	11	CH4_H2_Mix	0.0
12	12	CH4_H2_Mix	0.0
12	13	CH4_H2_Mix	0.0
12	14	CH4_H2_Mix	0.0
12	15	CH4_H2_Mix	0.0
12	16	CH4_H2_Mix	0.0
12	17	CH4_H2_Mix	0.0
12	18	CH4_H2_Mix	0.0
12	19	CH4_H2_Mix	0.0
12	20	CH4_H2_Mix	0.0
12	21	CH4_H2_Mix	0.0
12	22	CH4_H2_Mix	0.0
12	23	CH4_H2_Mix	0.0
12	24	CH4_H2_Mix	0.0
12	1	DummyFuel	0.0
12	2	DummyFuel	0.0
12	3	DummyFuel	0.0
12	4	DummyFuel	0.0
12	5	DummyFuel	0.0
12	6	DummyFuel	0.0
12	7	DummyFuel	0.0
12	8	DummyFuel	0.0
12	9	DummyFuel	0.0
12	10	DummyFuel	0.0
12	11	DummyFuel	0.0
12	12	DummyFuel	0.0
12	13	DummyFuel	0.0
12	14	DummyFuel	0.0
12	15	DummyFuel	0.0
12	16	DummyFuel	0.0
12	17	DummyFuel	0.0
12	18	DummyFuel	0.0
12	19	DummyFuel	0.0
12	20	DummyFuel	0.0
12	21	DummyFuel	0.0
12	22	DummyFuel	0.0
12	23	DummyFuel	0.0
12	24	DummyFuel	0.0
13	1	Electricity	33.874580641116346
13	2	Electricity	32.95530583252492
13	3	Electricity	32.62175139462885
13	4	Electricity	32.42857443466211
13	5	Electricity	33.5562837561207
13	6	Electricity	37.84794063479297
13	7	Electricity	48.44670986598606
13	8	Electricity	59.35829734231688
13	9	Electricity	73.38979047804985
13	10	Electricity	83.5623154373157
13	11	Electricity	88.07643346643506
13	12	Electricity	88.25292929669936
13	13	Electricity	80.20696338549608
13	14	Electricity	81.10058789204341
13	15	Electricity	88.48453902979202
13	16	Electricity	88.17227396431326
13	17	Electricity	85.54200985922547
13	18	Electricity	79.10701908174394
13	19	Electricity	71.85884827675436
13	20	Electricity	57.38156034002482
13	21	Electricity	44.3445088747099
13	22	Electricity	37.871510805988294
13	23	Electricity	35.74518576916238
13	24	Electricity	34.0027158804875
13	1	LT	1.0014514621369013
13	2	LT	1.0014514621369013
13	3	LT	1.0014514621369013
13	4	LT	1.0014514621369013
13	5	LT	1.0014514621369013
13	6	LT	1.0014514621369013
13	7	LT	1.0014514621369013
13	8	LT	2.713610413532249
13	9	LT	3.392013016915311
13	10	LT	3.7312143186068423
13	11	LT	3.7312143186068423
13	12	LT	4.409616921989905
13	13	LT	4.409616921989905
13	14	LT	3.0528117152237804
13	15	LT	4.409616921989905
13	16	LT	3.7312143186068423
13	17	LT	3.230488587538392
13	18	LT	2.713610413532249
13	19	LT	1.0014514621369013
13	20	LT	1.0014514621369013
13	21	LT	1.0014514621369013
13	22	LT	1.0014514621369013
13	23	LT	1.0014514621369013
13	24	LT	1.0014514621369013
13	1	MT	49.07582783428341
13	2	MT	30.17031307406352
13	3	MT	30.17031307406352
13	4	MT	30.17031307406352
13	5	MT	30.17031307406352
13	6	MT	30.17031307406352
13	7	MT	30.17031307406352
13	8	MT	126.84357981240872
13	9	MT	158.5544747655109
13	10	MT	174.40992224206198
13	11	MT	174.40992224206198
13	12	MT	206.12081719516416
13	13	MT	206.12081719516416
13	14	MT	142.6990272889598
13	15	MT	206.12081719516416
13	16	MT	158.92194284234338
13	17	MT	76.21321427837127
13	18	MT	50.930666698295035
13	19	MT	31.624583440234275
13	20	MT	30.17031307406352
13	21	MT	30.17031307406352
13	22	MT	30.17031307406352
13	23	MT	30.17031307406352
13	24	MT	30.17031307406352
13	1	H2	0.0
13	2	H2	0.0
13	3	H2	0.0
13	4	H2	0.0
13	5	H2	0.0
13	6	H2	0.0
13	7	H2	0.0
13	8	H2	0.0
13	9	H2	0.0
13	10	H2	0.0
13	11	H2	0.0
13	12	H2	0.0
13	13	H2	0.0
13	14	H2	0.0
13	15	H2	0.0
13	16	H2	0.0
13	17	H2	0.0
13	18	H2	0.0
13	19	H2	0.0
13	20	H2	0.0
13	21	H2	0.0
13	22	H2	0.0
13	23	H2	0.0
13	24	H2	0.0
13	1	CH4	0.0
13	2	CH4	0.0
13	3	CH4	0.0
13	4	CH4	0.0
13	5	CH4	0.0
13	6	CH4	0.0
13	7	CH4	0.0
13	8	CH4	0.0
13	9	CH4	0.0
13	10	CH4	0.0
13	11	CH4	0.0
13	12	CH4	0.0
13	13	CH4	0.0
13	14	CH4	0.0
13	15	CH4	0.0
13	16	CH4	0.0
13	17	CH4	0.0
13	18	CH4	0.0
13	19	CH4	0.0
13	20	CH4	0.0
13	21	CH4	0.0
13	22	CH4	0.0
13	23	CH4	0.0
13	24	CH4	0.0
13	1	Biogas	0.0
13	2	Biogas	0.0
13	3	Biogas	0.0
13	4	Biogas	0.0
13	5	Biogas	0.0
13	6	Biogas	0.0
13	7	Biogas	0.0
13	8	Biogas	0.0
13	9	Biogas	0.0
13	10	Biogas	0.0
13	11	Biogas	0.0
13	12	Biogas	0.0
13	13	Biogas	0.0
13	14	Biogas	0.0
13	15	Biogas	0.0
13	16	Biogas	0.0
13	17	Biogas	0.0
13	18	Biogas	0.0
13	19	Biogas	0.0
13	20	Biogas	0.0
13	21	Biogas	0.0
13	22	Biogas	0.0
13	23	Biogas	0.0
13	24	Biogas	0.0
13	1	CH4_H2_Mix	0.0
13	2	CH4_H2_Mix	0.0
13	3	CH4_H2_Mix	0.0
13	4	CH4_H2_Mix	0.0
13	5	CH4_H2_Mix	0.0
13	6	CH4_H2_Mix	0.0
13	7	CH4_H2_Mix	0.0
13	8	CH4_H2_Mix	0.0
13	9	CH4_H2_Mix	0.0
13	10	CH4_H2_Mix	0.0
13	11	CH4_H2_Mix	0.0
13	12	CH4_H2_Mix	0.0
13	13	CH4_H2_Mix	0.0
13	14	CH4_H2_Mix	0.0
13	15	CH4_H2_Mix	0.0
13	16	CH4_H2_Mix	0.0
13	17	CH4_H2_Mix	0.0
13	18	CH4_H2_Mix	0.0
13	19	CH4_H2_Mix	0.0
13	20	CH4_H2_Mix	0.0
13	21	CH4_H2_Mix	0.0
13	22	CH4_H2_Mix	0.0
13	23	CH4_H2_Mix	0.0
13	24	CH4_H2_Mix	0.0
13	1	DummyFuel	0.0
13	2	DummyFuel	0.0
13	3	DummyFuel	0.0
13	4	DummyFuel	0.0
13	5	DummyFuel	0.0
13	6	DummyFuel	0.0
13	7	DummyFuel	0.0
13	8	DummyFuel	0.0
13	9	DummyFuel	0.0
13	10	DummyFuel	0.0
13	11	DummyFuel	0.0
13	12	DummyFuel	0.0
13	13	DummyFuel	0.0
13	14	DummyFuel	0.0
13	15	DummyFuel	0.0
13	16	DummyFuel	0.0
13	17	DummyFuel	0.0
13	18	DummyFuel	0.0
13	19	DummyFuel	0.0
13	20	DummyFuel	0.0
13	21	DummyFuel	0.0
13	22	DummyFuel	0.0
13	23	DummyFuel	0.0
13	24	DummyFuel	0.0
14	1	Electricity	37.49572891881811
14	2	Electricity	37.79923290358435
14	3	Electricity	37.50640837986676
14	4	Electricity	38.612270867319786
14	5	Electricity	40.387399334793656
14	6	Electricity	46.06128999998757
14	7	Electricity	56.48503813283823
14	8	Electricity	70.66103779318685
14	9	Electricity	86.62178972179645
14	10	Electricity	95.6985442702383
14	11	Electricity	99.6970816788086
14	12	Electricity	99.49181508419
14	13	Electricity	89.30232585581395
14	14	Electricity	88.90474423586048
14	15	Electricity	94.81170525343803
14	16	Electricity	93.68836846588805
14	17	Electricity	91.65414549862076
14	18	Electricity	88.7781155768439
14	19	Electricity	80.27352825675254
14	20	Electricity	66.3653128789865
14	21	Electricity	50.15963778696949
14	22	Electricity	43.20747650098948
14	23	Electricity	40.98886595574033
14	24	Electricity	40.31461662079601
14	1	LT	16.752870283033246
14	2	LT	16.752870283033246
14	3	LT	16.752870283033246
14	4	LT	16.752870283033246
14	5	LT	16.752870283033246
14	6	LT	16.752870283033246
14	7	LT	16.752870283033246
14	8	LT	72.87498573119463
14	9	LT	81.98435894759395
14	10	LT	91.09373216399328
14	11	LT	91.09373216399328
14	12	LT	109.31247859679192
14	13	LT	109.31247859679192
14	14	LT	72.87498573119463
14	15	LT	109.31247859679192
14	16	LT	109.31247859679192
14	17	LT	91.09373216399328
14	18	LT	73.29380748827047
14	19	LT	26.17635981723945
14	20	LT	26.17635981723945
14	21	LT	26.17635981723945
14	22	LT	26.17635981723945
14	23	LT	26.17635981723945
14	24	LT	26.17635981723945
14	1	MT	76.50496838186601
14	2	MT	76.50496838186601
14	3	MT	76.50496838186601
14	4	MT	76.50496838186601
14	5	MT	76.50496838186601
14	6	MT	76.50496838186601
14	7	MT	76.50496838186601
14	8	MT	327.54457015934497
14	9	MT	368.4876414292631
14	10	MT	409.4307126991812
14	11	MT	409.4307126991812
14	12	MT	491.3168552390173
14	13	MT	491.3168552390173
14	14	MT	327.54457015934497
14	15	MT	491.3168552390173
14	16	MT	491.3168552390173
14	17	MT	316.2069618427246
14	18	MT	141.55079201659743
14	19	MT	89.63154998935174
14	20	MT	89.63154998935174
14	21	MT	89.63154998935174
14	22	MT	89.63154998935174
14	23	MT	89.63154998935174
14	24	MT	89.63154998935174
14	1	H2	0.0
14	2	H2	0.0
14	3	H2	0.0
14	4	H2	0.0
14	5	H2	0.0
14	6	H2	0.0
14	7	H2	0.0
14	8	H2	0.0
14	9	H2	0.0
14	10	H2	0.0
14	11	H2	0.0
14	12	H2	0.0
14	13	H2	0.0
14	14	H2	0.0
14	15	H2	0.0
14	16	H2	0.0
14	17	H2	0.0
14	18	H2	0.0
14	19	H2	0.0
14	20	H2	0.0
14	21	H2	0.0
14	22	H2	0.0
14	23	H2	0.0
14	24	H2	0.0
14	1	CH4	0.0
14	2	CH4	0.0
14	3	CH4	0.0
14	4	CH4	0.0
14	5	CH4	0.0
14	6	CH4	0.0
14	7	CH4	0.0
14	8	CH4	0.0
14	9	CH4	0.0
14	10	CH4	0.0
14	11	CH4	0.0
14	12	CH4	0.0
14	13	CH4	0.0
14	14	CH4	0.0
14	15	CH4	0.0
14	16	CH4	0.0
14	17	CH4	0.0
14	18	CH4	0.0
14	19	CH4	0.0
14	20	CH4	0.0
14	21	CH4	0.0
14	22	CH4	0.0
14	23	CH4	0.0
14	24	CH4	0.0
14	1	Biogas	0.0
14	2	Biogas	0.0
14	3	Biogas	0.0
14	4	Biogas	0.0
14	5	Biogas	0.0
14	6	Biogas	0.0
14	7	Biogas	0.0
14	8	Biogas	0.0
14	9	Biogas	0.0
14	10	Biogas	0.0
14	11	Biogas	0.0
14	12	Biogas	0.0
14	13	Biogas	0.0
14	14	Biogas	0.0
14	15	Biogas	0.0
14	16	Biogas	0.0
14	17	Biogas	0.0
14	18	Biogas	0.0
14	19	Biogas	0.0
14	20	Biogas	0.0
14	21	Biogas	0.0
14	22	Biogas	0.0
14	23	Biogas	0.0
14	24	Biogas	0.0
14	1	CH4_H2_Mix	0.0
14	2	CH4_H2_Mix	0.0
14	3	CH4_H2_Mix	0.0
14	4	CH4_H2_Mix	0.0
14	5	CH4_H2_Mix	0.0
14	6	CH4_H2_Mix	0.0
14	7	CH4_H2_Mix	0.0
14	8	CH4_H2_Mix	0.0
14	9	CH4_H2_Mix	0.0
14	10	CH4_H2_Mix	0.0
14	11	CH4_H2_Mix	0.0
14	12	CH4_H2_Mix	0.0
14	13	CH4_H2_Mix	0.0
14	14	CH4_H2_Mix	0.0
14	15	CH4_H2_Mix	0.0
14	16	CH4_H2_Mix	0.0
14	17	CH4_H2_Mix	0.0
14	18	CH4_H2_Mix	0.0
14	19	CH4_H2_Mix	0.0
14	20	CH4_H2_Mix	0.0
14	21	CH4_H2_Mix	0.0
14	22	CH4_H2_Mix	0.0
14	23	CH4_H2_Mix	0.0
14	24	CH4_H2_Mix	0.0
14	1	DummyFuel	0.0
14	2	DummyFuel	0.0
14	3	DummyFuel	0.0
14	4	DummyFuel	0.0
14	5	DummyFuel	0.0
14	6	DummyFuel	0.0
14	7	DummyFuel	0.0
14	8	DummyFuel	0.0
14	9	DummyFuel	0.0
14	10	DummyFuel	0.0
14	11	DummyFuel	0.0
14	12	DummyFuel	0.0
14	13	DummyFuel	0.0
14	14	DummyFuel	0.0
14	15	DummyFuel	0.0
14	16	DummyFuel	0.0
14	17	DummyFuel	0.0
14	18	DummyFuel	0.0
14	19	DummyFuel	0.0
14	20	DummyFuel	0.0
14	21	DummyFuel	0.0
14	22	DummyFuel	0.0
14	23	DummyFuel	0.0
14	24	DummyFuel	0.0
