Node	Time	Intraday_Price
3	1	18.019889988018956
3	2	39.31845517540285
3	3	34.69677822018434
3	4	40.932532610288995
3	5	34.08710125182398
3	6	45.28242308967189
3	7	81.11621522795166
3	8	62.85008983687539
3	9	89.44120888447723
3	10	62.23406901930731
3	11	40.18087439628464
3	12	46.74487676184545
3	13	33.362337582451495
3	14	38.162454841999114
3	15	39.739687693925795
3	16	23.751457179311583
3	17	34.7065054785585
3	18	83.31781432900507
3	19	67.15890781031356
3	20	85.70771429993971
3	21	61.59472836304602
3	22	61.77059399294539
3	23	74.82663481912041
3	24	38.11260258908672
4	1	38.22671459421053
4	2	44.75744201757396
4	3	43.20218233427283
4	4	48.97532451424068
4	5	67.72253234268824
4	6	40.5341130587251
4	7	52.4805354164187
4	8	64.58654877053907
4	9	29.788392748603684
4	10	85.69398660434258
4	11	37.16362943892563
4	12	37.43395134616313
4	13	60.24620980545657
4	14	44.20814250469504
4	15	41.55033454274672
4	16	36.476099106360856
4	17	48.41787422054609
4	18	32.143762836195734
4	19	51.12800589966507
4	20	61.14911130497545
4	21	62.04137113411833
4	22	53.58396571392353
4	23	18.557312505283445
4	24	29.84289493607195
5	1	56.90189896591478
5	2	26.28508982604056
5	3	50.88057495740382
5	4	41.44053677750327
5	5	78.43893407091574
5	6	53.86848475871334
5	7	55.38401368544324
5	8	82.38654720156227
5	9	54.53968403216316
5	10	51.319515809452035
5	11	36.03790849301523
5	12	43.30403891612655
5	13	26.992146064670827
5	14	14.14727232574906
5	15	40.923497151412725
5	16	33.66290116439706
5	17	59.98428028968315
5	18	55.02450337270051
5	19	39.363919709132716
5	20	45.99226400650556
5	21	47.69411799800898
5	22	32.49304613258213
5	23	37.547328905293526
5	24	47.61779308104256
6	1	98.8778023820197
6	2	38.25270213276677
6	3	61.91447473436407
6	4	42.11604894707697
6	5	74.09529144291457
6	6	93.7965933223436
6	7	94.48832509959536
6	8	89.09186190064005
6	9	82.77856181844325
6	10	52.58453224860599
6	11	60.97098217342724
6	12	92.2228608075072
6	13	62.07783384985826
6	14	50.061501348852474
6	15	82.68793021955172
6	16	72.2822670556736
6	17	37.86376884366343
6	18	101.96140741417636
6	19	68.1792762678987
6	20	77.31853213734892
6	21	65.78015871774208
6	22	35.092149756383144
6	23	78.04058533817606
6	24	97.06955940461594
7	1	71.18837726793933
7	2	106.86134908548864
7	3	106.8113102963202
7	4	119.17854875091373
7	5	88.46404961162011
7	6	31.840478538317083
7	7	76.97837161580097
7	8	122.99681313902387
7	9	410.2668925962045
7	10	155.00317432533976
7	11	291.7447784962055
7	12	89.66258216988716
7	13	177.5073885344819
7	14	242.09377758170103
7	15	274.81241309811196
7	16	170.74446499286108
7	17	515.4648712593311
7	18	534.3368822201227
7	19	264.60887043357457
7	20	138.01894365479924
7	21	143.19394965557774
7	22	152.53104133195458
7	23	104.97023095879995
7	24	116.50584353398087
8	1	25.642378176464653
8	2	19.273704074558808
8	3	18.898121934463013
8	4	11.628911467533115
8	5	26.479693025036273
8	6	33.822001628726724
8	7	36.08154384373778
8	8	30.088229419564087
8	9	16.250447053778874
8	10	26.842834267746493
8	11	19.697604636504433
8	12	14.446683359076884
8	13	15.543066523261762
8	14	12.053734293343728
8	15	22.117362713630108
8	16	31.9228424509324
8	17	26.726879311298507
8	18	44.77818284130537
8	19	37.84599303510152
8	20	31.57149452283616
8	21	28.63308688940394
8	22	33.15092636939243
8	23	30.278280142462503
8	24	24.858064828466667
9	1	22.67466407362335
9	2	23.00383002085424
9	3	30.80226950328445
9	4	23.971277205757097
9	5	19.47825768941721
9	6	16.172488041948288
9	7	33.98448489166032
9	8	27.32342448396437
9	9	23.686691217754728
9	10	31.04118565973242
9	11	21.789953991936553
9	12	23.646819050157163
9	13	20.565279053408837
9	14	17.296358124868664
9	15	25.117713939624906
9	16	20.61520360876626
9	17	21.555741524921736
9	18	32.56578574504306
9	19	27.33829025494053
9	20	28.69449875918567
9	21	23.04440887020155
9	22	21.241266413685217
9	23	27.699188177449958
9	24	15.050840492221763
10	1	30.2040411355225
10	2	34.4326383443152
10	3	29.613806588875313
10	4	35.802145478226855
10	5	36.80848314819922
10	6	33.62754317387717
10	7	30.19878064462074
10	8	49.08479952901321
10	9	40.1897235060384
10	10	44.48198664061127
10	11	51.55980629141305
10	12	31.28529247720275
10	13	34.39375296022958
10	14	50.29281929004531
10	15	45.05680228501555
10	16	47.25803706964639
10	17	34.408703545470004
10	18	43.012692126140614
10	19	54.464111986408355
10	20	47.65920463352174
10	21	43.75059367978108
10	22	40.64202784324838
10	23	27.785053826420253
10	24	33.92046766647317
11	1	45.23967360959554
11	2	31.57878820744333
11	3	17.613019215986107
11	4	28.953801123613708
11	5	31.39512893751463
11	6	38.56217856533827
11	7	32.10973825893267
11	8	25.97323667080569
11	9	28.36131613358047
11	10	26.689053386880015
11	11	26.064305773927963
11	12	14.738382457376268
11	13	7.054120466696926
11	14	11.622190308004365
11	15	13.772372713217703
11	16	36.08593793689832
11	17	46.18815128122261
11	18	25.40422771348805
11	19	37.15387547705493
11	20	28.657119303822974
11	21	25.09086153307882
11	22	43.75978183858649
11	23	30.664082022771954
11	24	35.701304613020454
12	1	13.770037456285497
12	2	10.77512037900846
12	3	11.715279749181976
12	4	23.7278577517108
12	5	28.390740786487797
12	6	34.498219543760136
12	7	37.29513738144958
12	8	80.56733045993926
12	9	58.7328191644069
12	10	81.32208875938514
12	11	45.29391017363612
12	12	38.671629679179425
12	13	17.967340908907445
12	14	23.659966270212898
12	15	47.56169354694774
12	16	35.66085836978174
12	17	70.84612101151319
12	18	100.68988473445484
12	19	33.73344820845457
12	20	71.65828441068099
12	21	38.794285555537044
12	22	46.64097176581169
12	23	35.12251384805627
12	24	39.57073820679806
13	1	13.37987290031203
13	2	11.266685172410634
13	3	16.991242074028555
13	4	11.12207557523812
13	5	7.898453979311369
13	6	17.40120551078402
13	7	22.91665180809833
13	8	10.340948418935914
13	9	23.451464720915776
13	10	19.8795331703661
13	11	22.158659496247637
13	12	14.540573572079714
13	13	12.91004906651661
13	14	14.57693417981635
13	15	13.586875720814644
13	16	16.835512845581704
13	17	18.73300464229801
13	18	14.130976997257052
13	19	14.534420430142978
13	20	15.014780169223556
13	21	14.977934910705507
13	22	12.321024816541467
13	23	12.27735545557938
13	24	4.918485191047778
14	1	19.248084518563964
14	2	15.737749460490441
14	3	19.84711895071393
14	4	10.090956031780205
14	5	7.452671387919351
14	6	27.305866421646154
14	7	19.31641405104165
14	8	44.307782491414216
14	9	21.91517038719636
14	10	45.13854028532039
14	11	33.52202821238739
14	12	51.41875141281031
14	13	54.33414902290173
14	14	33.20202144085878
14	15	57.16506866956468
14	16	42.63126975173415
14	17	66.20835274012558
14	18	110.00177652235212
14	19	75.98525957789596
14	20	59.3297246093219
14	21	63.337308555937
14	22	82.09694439972016
14	23	65.31587381810661
14	24	23.865766110916613
