Node	Time	ID_Capacity_Sell_Volume
1	1	10.0
1	2	19.0
1	3	2.1
1	4	0.1
1	5	5.7
1	6	18.9
1	7	43.2
1	8	69.3
1	9	70.1
1	10	77.0
1	11	20.5
1	12	37.3
1	13	7.6
1	14	19.1
1	15	137.4
1	16	42.0
1	17	12.8
1	18	20.5
1	19	32.8
1	20	19.9
1	21	13.4
1	22	62.7
1	23	74.6
1	24	73.8
2	1	0.0
2	2	0.0
2	3	0.0
2	4	0.0
2	5	0.0
2	6	0.0
2	7	0.0
2	8	0.0
2	9	0.0
2	10	0.1
2	11	16.9
2	12	20.6
2	13	1.7
2	14	5.0
2	15	2.1
2	16	10.6
2	17	55.2
2	18	20.8
2	19	30.8
2	20	26.0
2	21	21.0
2	22	38.3
2	23	122.9
2	24	110.5
3	1	5.3
3	2	6.9
3	3	5.4
3	4	11.2
3	5	7.9
3	6	2.0
3	7	5.1
3	8	10.8
3	9	3.9
3	10	5.6
3	11	1.4
3	12	5.9
3	13	3.0
3	14	135.6
3	15	24.3
3	16	22.7
3	17	68.1
3	18	36.8
3	19	97.5
3	20	8.5
3	21	0.3
3	22	2.1
3	23	8.7
3	24	45.2
4	1	0.0
4	2	0.0
4	3	0.0
4	4	0.0
4	5	0.0
4	6	0.0
4	7	0.0
4	8	0.0
4	9	0.0
4	10	0.1
4	11	16.9
4	12	20.6
4	13	1.7
4	14	5.0
4	15	2.1
4	16	10.6
4	17	55.2
4	18	20.8
4	19	30.8
4	20	26.0
4	21	21.0
4	22	38.3
4	23	122.9
4	24	110.5
5	1	0.0
5	2	0.0
5	3	0.0
5	4	0.0
5	5	0.0
5	6	0.0
5	7	0.0
5	8	0.0
5	9	0.0
5	10	0.1
5	11	16.9
5	12	20.6
5	13	1.7
5	14	5.0
5	15	2.1
5	16	10.6
5	17	55.2
5	18	20.8
5	19	30.8
5	20	26.0
5	21	21.0
5	22	38.3
5	23	122.9
5	24	110.5
6	1	8.8
6	2	10.9
6	3	24.1
6	4	33.0
6	5	11.6
6	6	22.3
6	7	6.6
6	8	0.0
6	9	32.3
6	10	114.6
6	11	34.8
6	12	28.9
6	13	0.5
6	14	15.8
6	15	3.2
6	16	34.0
6	17	78.7
6	18	5.2
6	19	5.8
6	20	7.0
6	21	5.4
6	22	9.2
6	23	11.4
6	24	22.6
7	1	5.3
7	2	6.9
7	3	5.4
7	4	11.2
7	5	7.9
7	6	2.0
7	7	5.1
7	8	10.8
7	9	3.9
7	10	5.6
7	11	1.4
7	12	5.9
7	13	3.0
7	14	135.6
7	15	24.3
7	16	22.7
7	17	68.1
7	18	36.8
7	19	97.5
7	20	8.5
7	21	0.3
7	22	2.1
7	23	8.7
7	24	45.2
8	1	3.0
8	2	25.1
8	3	39.3
8	4	21.7
8	5	39.2
8	6	48.6
8	7	33.1
8	8	6.5
8	9	0.3
8	10	0.1
8	11	26.5
8	12	68.9
8	13	22.5
8	14	0.0
8	15	11.1
8	16	3.6
8	17	127.4
8	18	55.5
8	19	1.1
8	20	0.0
8	21	0.0
8	22	0.0
8	23	19.0
8	24	12.5
9	1	5.3
9	2	6.9
9	3	5.4
9	4	11.2
9	5	7.9
9	6	2.0
9	7	5.1
9	8	10.8
9	9	3.9
9	10	5.6
9	11	1.4
9	12	5.9
9	13	3.0
9	14	135.6
9	15	24.3
9	16	22.7
9	17	68.1
9	18	36.8
9	19	97.5
9	20	8.5
9	21	0.3
9	22	2.1
9	23	8.7
9	24	45.2
10	1	10.0
10	2	19.0
10	3	2.1
10	4	0.1
10	5	5.7
10	6	18.9
10	7	43.2
10	8	69.3
10	9	70.1
10	10	77.0
10	11	20.5
10	12	37.3
10	13	7.6
10	14	19.1
10	15	137.4
10	16	42.0
10	17	12.8
10	18	20.5
10	19	32.8
10	20	19.9
10	21	13.4
10	22	62.7
10	23	74.6
10	24	73.8
11	1	0.0
11	2	0.0
11	3	0.0
11	4	0.0
11	5	0.0
11	6	0.0
11	7	0.0
11	8	0.0
11	9	0.0
11	10	0.1
11	11	16.9
11	12	20.6
11	13	1.7
11	14	5.0
11	15	2.1
11	16	10.6
11	17	55.2
11	18	20.8
11	19	30.8
11	20	26.0
11	21	21.0
11	22	38.3
11	23	122.9
11	24	110.5
12	1	3.0
12	2	25.1
12	3	39.3
12	4	21.7
12	5	39.2
12	6	48.6
12	7	33.1
12	8	6.5
12	9	0.3
12	10	0.1
12	11	26.5
12	12	68.9
12	13	22.5
12	14	0.0
12	15	11.1
12	16	3.6
12	17	127.4
12	18	55.5
12	19	1.1
12	20	0.0
12	21	0.0
12	22	0.0
12	23	19.0
12	24	12.5
13	1	8.8
13	2	10.9
13	3	24.1
13	4	33.0
13	5	11.6
13	6	22.3
13	7	6.6
13	8	0.0
13	9	32.3
13	10	114.6
13	11	34.8
13	12	28.9
13	13	0.5
13	14	15.8
13	15	3.2
13	16	34.0
13	17	78.7
13	18	5.2
13	19	5.8
13	20	7.0
13	21	5.4
13	22	9.2
13	23	11.4
13	24	22.6
14	1	13.4
14	2	0.0
14	3	2.0
14	4	3.1
14	5	1.0
14	6	49.2
14	7	1.6
14	8	12.7
14	9	16.6
14	10	45.1
14	11	8.2
14	12	1.9
14	13	117.0
14	14	25.0
14	15	76.8
14	16	57.7
14	17	39.9
14	18	74.4
14	19	21.6
14	20	10.9
14	21	18.7
14	22	71.4
14	23	61.5
14	24	85.4
15	1	13.4
15	2	0.0
15	3	2.0
15	4	3.1
15	5	1.0
15	6	49.2
15	7	1.6
15	8	12.7
15	9	16.6
15	10	45.1
15	11	8.2
15	12	1.9
15	13	117.0
15	14	25.0
15	15	76.8
15	16	57.7
15	17	39.9
15	18	74.4
15	19	21.6
15	20	10.9
15	21	18.7
15	22	71.4
15	23	61.5
15	24	85.4
16	1	3.0
16	2	25.1
16	3	39.3
16	4	21.7
16	5	39.2
16	6	48.6
16	7	33.1
16	8	6.5
16	9	0.3
16	10	0.1
16	11	26.5
16	12	68.9
16	13	22.5
16	14	0.0
16	15	11.1
16	16	3.6
16	17	127.4
16	18	55.5
16	19	1.1
16	20	0.0
16	21	0.0
16	22	0.0
16	23	19.0
16	24	12.5
17	1	3.0
17	2	25.1
17	3	39.3
17	4	21.7
17	5	39.2
17	6	48.6
17	7	33.1
17	8	6.5
17	9	0.3
17	10	0.1
17	11	26.5
17	12	68.9
17	13	22.5
17	14	0.0
17	15	11.1
17	16	3.6
17	17	127.4
17	18	55.5
17	19	1.1
17	20	0.0
17	21	0.0
17	22	0.0
17	23	19.0
17	24	12.5
18	1	0.0
18	2	0.0
18	3	0.0
18	4	0.0
18	5	0.0
18	6	0.0
18	7	0.0
18	8	0.0
18	9	0.0
18	10	0.1
18	11	16.9
18	12	20.6
18	13	1.7
18	14	5.0
18	15	2.1
18	16	10.6
18	17	55.2
18	18	20.8
18	19	30.8
18	20	26.0
18	21	21.0
18	22	38.3
18	23	122.9
18	24	110.5
19	1	13.4
19	2	0.0
19	3	2.0
19	4	3.1
19	5	1.0
19	6	49.2
19	7	1.6
19	8	12.7
19	9	16.6
19	10	45.1
19	11	8.2
19	12	1.9
19	13	117.0
19	14	25.0
19	15	76.8
19	16	57.7
19	17	39.9
19	18	74.4
19	19	21.6
19	20	10.9
19	21	18.7
19	22	71.4
19	23	61.5
19	24	85.4
20	1	5.3
20	2	6.9
20	3	5.4
20	4	11.2
20	5	7.9
20	6	2.0
20	7	5.1
20	8	10.8
20	9	3.9
20	10	5.6
20	11	1.4
20	12	5.9
20	13	3.0
20	14	135.6
20	15	24.3
20	16	22.7
20	17	68.1
20	18	36.8
20	19	97.5
20	20	8.5
20	21	0.3
20	22	2.1
20	23	8.7
20	24	45.2
21	1	10.0
21	2	19.0
21	3	2.1
21	4	0.1
21	5	5.7
21	6	18.9
21	7	43.2
21	8	69.3
21	9	70.1
21	10	77.0
21	11	20.5
21	12	37.3
21	13	7.6
21	14	19.1
21	15	137.4
21	16	42.0
21	17	12.8
21	18	20.5
21	19	32.8
21	20	19.9
21	21	13.4
21	22	62.7
21	23	74.6
21	24	73.8
22	1	10.0
22	2	19.0
22	3	2.1
22	4	0.1
22	5	5.7
22	6	18.9
22	7	43.2
22	8	69.3
22	9	70.1
22	10	77.0
22	11	20.5
22	12	37.3
22	13	7.6
22	14	19.1
22	15	137.4
22	16	42.0
22	17	12.8
22	18	20.5
22	19	32.8
22	20	19.9
22	21	13.4
22	22	62.7
22	23	74.6
22	24	73.8
23	1	5.3
23	2	6.9
23	3	5.4
23	4	11.2
23	5	7.9
23	6	2.0
23	7	5.1
23	8	10.8
23	9	3.9
23	10	5.6
23	11	1.4
23	12	5.9
23	13	3.0
23	14	135.6
23	15	24.3
23	16	22.7
23	17	68.1
23	18	36.8
23	19	97.5
23	20	8.5
23	21	0.3
23	22	2.1
23	23	8.7
23	24	45.2
24	1	10.0
24	2	19.0
24	3	2.1
24	4	0.1
24	5	5.7
24	6	18.9
24	7	43.2
24	8	69.3
24	9	70.1
24	10	77.0
24	11	20.5
24	12	37.3
24	13	7.6
24	14	19.1
24	15	137.4
24	16	42.0
24	17	12.8
24	18	20.5
24	19	32.8
24	20	19.9
24	21	13.4
24	22	62.7
24	23	74.6
24	24	73.8
25	1	5.3
25	2	6.9
25	3	5.4
25	4	11.2
25	5	7.9
25	6	2.0
25	7	5.1
25	8	10.8
25	9	3.9
25	10	5.6
25	11	1.4
25	12	5.9
25	13	3.0
25	14	135.6
25	15	24.3
25	16	22.7
25	17	68.1
25	18	36.8
25	19	97.5
25	20	8.5
25	21	0.3
25	22	2.1
25	23	8.7
25	24	45.2
26	1	5.3
26	2	6.9
26	3	5.4
26	4	11.2
26	5	7.9
26	6	2.0
26	7	5.1
26	8	10.8
26	9	3.9
26	10	5.6
26	11	1.4
26	12	5.9
26	13	3.0
26	14	135.6
26	15	24.3
26	16	22.7
26	17	68.1
26	18	36.8
26	19	97.5
26	20	8.5
26	21	0.3
26	22	2.1
26	23	8.7
26	24	45.2
27	1	6.0
27	2	2.2
27	3	0.0
27	4	0.0
27	5	0.0
27	6	0.0
27	7	3.9
27	8	32.2
27	9	40.3
27	10	42.3
27	11	258.6
27	12	38.0
27	13	47.5
27	14	17.2
27	15	36.9
27	16	310.8
27	17	48.3
27	18	28.8
27	19	19.5
27	20	82.2
27	21	56.5
27	22	57.0
27	23	21.9
27	24	66.9
28	1	3.0
28	2	25.1
28	3	39.3
28	4	21.7
28	5	39.2
28	6	48.6
28	7	33.1
28	8	6.5
28	9	0.3
28	10	0.1
28	11	26.5
28	12	68.9
28	13	22.5
28	14	0.0
28	15	11.1
28	16	3.6
28	17	127.4
28	18	55.5
28	19	1.1
28	20	0.0
28	21	0.0
28	22	0.0
28	23	19.0
28	24	12.5
29	1	13.4
29	2	0.0
29	3	2.0
29	4	3.1
29	5	1.0
29	6	49.2
29	7	1.6
29	8	12.7
29	9	16.6
29	10	45.1
29	11	8.2
29	12	1.9
29	13	117.0
29	14	25.0
29	15	76.8
29	16	57.7
29	17	39.9
29	18	74.4
29	19	21.6
29	20	10.9
29	21	18.7
29	22	71.4
29	23	61.5
29	24	85.4
30	1	3.0
30	2	25.1
30	3	39.3
30	4	21.7
30	5	39.2
30	6	48.6
30	7	33.1
30	8	6.5
30	9	0.3
30	10	0.1
30	11	26.5
30	12	68.9
30	13	22.5
30	14	0.0
30	15	11.1
30	16	3.6
30	17	127.4
30	18	55.5
30	19	1.1
30	20	0.0
30	21	0.0
30	22	0.0
30	23	19.0
30	24	12.5
31	1	6.0
31	2	2.2
31	3	0.0
31	4	0.0
31	5	0.0
31	6	0.0
31	7	3.9
31	8	32.2
31	9	40.3
31	10	42.3
31	11	258.6
31	12	38.0
31	13	47.5
31	14	17.2
31	15	36.9
31	16	310.8
31	17	48.3
31	18	28.8
31	19	19.5
31	20	82.2
31	21	56.5
31	22	57.0
31	23	21.9
31	24	66.9
32	1	3.0
32	2	25.1
32	3	39.3
32	4	21.7
32	5	39.2
32	6	48.6
32	7	33.1
32	8	6.5
32	9	0.3
32	10	0.1
32	11	26.5
32	12	68.9
32	13	22.5
32	14	0.0
32	15	11.1
32	16	3.6
32	17	127.4
32	18	55.5
32	19	1.1
32	20	0.0
32	21	0.0
32	22	0.0
32	23	19.0
32	24	12.5
33	1	8.8
33	2	10.9
33	3	24.1
33	4	33.0
33	5	11.6
33	6	22.3
33	7	6.6
33	8	0.0
33	9	32.3
33	10	114.6
33	11	34.8
33	12	28.9
33	13	0.5
33	14	15.8
33	15	3.2
33	16	34.0
33	17	78.7
33	18	5.2
33	19	5.8
33	20	7.0
33	21	5.4
33	22	9.2
33	23	11.4
33	24	22.6
34	1	3.0
34	2	25.1
34	3	39.3
34	4	21.7
34	5	39.2
34	6	48.6
34	7	33.1
34	8	6.5
34	9	0.3
34	10	0.1
34	11	26.5
34	12	68.9
34	13	22.5
34	14	0.0
34	15	11.1
34	16	3.6
34	17	127.4
34	18	55.5
34	19	1.1
34	20	0.0
34	21	0.0
34	22	0.0
34	23	19.0
34	24	12.5
35	1	8.8
35	2	10.9
35	3	24.1
35	4	33.0
35	5	11.6
35	6	22.3
35	7	6.6
35	8	0.0
35	9	32.3
35	10	114.6
35	11	34.8
35	12	28.9
35	13	0.5
35	14	15.8
35	15	3.2
35	16	34.0
35	17	78.7
35	18	5.2
35	19	5.8
35	20	7.0
35	21	5.4
35	22	9.2
35	23	11.4
35	24	22.6
36	1	0.0
36	2	0.0
36	3	0.0
36	4	0.0
36	5	0.0
36	6	0.0
36	7	0.0
36	8	0.0
36	9	0.0
36	10	0.1
36	11	16.9
36	12	20.6
36	13	1.7
36	14	5.0
36	15	2.1
36	16	10.6
36	17	55.2
36	18	20.8
36	19	30.8
36	20	26.0
36	21	21.0
36	22	38.3
36	23	122.9
36	24	110.5
37	1	13.4
37	2	0.0
37	3	2.0
37	4	3.1
37	5	1.0
37	6	49.2
37	7	1.6
37	8	12.7
37	9	16.6
37	10	45.1
37	11	8.2
37	12	1.9
37	13	117.0
37	14	25.0
37	15	76.8
37	16	57.7
37	17	39.9
37	18	74.4
37	19	21.6
37	20	10.9
37	21	18.7
37	22	71.4
37	23	61.5
37	24	85.4
38	1	5.3
38	2	6.9
38	3	5.4
38	4	11.2
38	5	7.9
38	6	2.0
38	7	5.1
38	8	10.8
38	9	3.9
38	10	5.6
38	11	1.4
38	12	5.9
38	13	3.0
38	14	135.6
38	15	24.3
38	16	22.7
38	17	68.1
38	18	36.8
38	19	97.5
38	20	8.5
38	21	0.3
38	22	2.1
38	23	8.7
38	24	45.2
39	1	5.3
39	2	6.9
39	3	5.4
39	4	11.2
39	5	7.9
39	6	2.0
39	7	5.1
39	8	10.8
39	9	3.9
39	10	5.6
39	11	1.4
39	12	5.9
39	13	3.0
39	14	135.6
39	15	24.3
39	16	22.7
39	17	68.1
39	18	36.8
39	19	97.5
39	20	8.5
39	21	0.3
39	22	2.1
39	23	8.7
39	24	45.2
40	1	13.4
40	2	0.0
40	3	2.0
40	4	3.1
40	5	1.0
40	6	49.2
40	7	1.6
40	8	12.7
40	9	16.6
40	10	45.1
40	11	8.2
40	12	1.9
40	13	117.0
40	14	25.0
40	15	76.8
40	16	57.7
40	17	39.9
40	18	74.4
40	19	21.6
40	20	10.9
40	21	18.7
40	22	71.4
40	23	61.5
40	24	85.4
41	1	10.0
41	2	19.0
41	3	2.1
41	4	0.1
41	5	5.7
41	6	18.9
41	7	43.2
41	8	69.3
41	9	70.1
41	10	77.0
41	11	20.5
41	12	37.3
41	13	7.6
41	14	19.1
41	15	137.4
41	16	42.0
41	17	12.8
41	18	20.5
41	19	32.8
41	20	19.9
41	21	13.4
41	22	62.7
41	23	74.6
41	24	73.8
42	1	13.4
42	2	0.0
42	3	2.0
42	4	3.1
42	5	1.0
42	6	49.2
42	7	1.6
42	8	12.7
42	9	16.6
42	10	45.1
42	11	8.2
42	12	1.9
42	13	117.0
42	14	25.0
42	15	76.8
42	16	57.7
42	17	39.9
42	18	74.4
42	19	21.6
42	20	10.9
42	21	18.7
42	22	71.4
42	23	61.5
42	24	85.4
43	1	10.0
43	2	19.0
43	3	2.1
43	4	0.1
43	5	5.7
43	6	18.9
43	7	43.2
43	8	69.3
43	9	70.1
43	10	77.0
43	11	20.5
43	12	37.3
43	13	7.6
43	14	19.1
43	15	137.4
43	16	42.0
43	17	12.8
43	18	20.5
43	19	32.8
43	20	19.9
43	21	13.4
43	22	62.7
43	23	74.6
43	24	73.8
44	1	0.0
44	2	0.0
44	3	0.0
44	4	0.0
44	5	0.0
44	6	0.0
44	7	0.0
44	8	0.0
44	9	0.0
44	10	0.1
44	11	16.9
44	12	20.6
44	13	1.7
44	14	5.0
44	15	2.1
44	16	10.6
44	17	55.2
44	18	20.8
44	19	30.8
44	20	26.0
44	21	21.0
44	22	38.3
44	23	122.9
44	24	110.5
45	1	3.0
45	2	25.1
45	3	39.3
45	4	21.7
45	5	39.2
45	6	48.6
45	7	33.1
45	8	6.5
45	9	0.3
45	10	0.1
45	11	26.5
45	12	68.9
45	13	22.5
45	14	0.0
45	15	11.1
45	16	3.6
45	17	127.4
45	18	55.5
45	19	1.1
45	20	0.0
45	21	0.0
45	22	0.0
45	23	19.0
45	24	12.5
46	1	8.8
46	2	10.9
46	3	24.1
46	4	33.0
46	5	11.6
46	6	22.3
46	7	6.6
46	8	0.0
46	9	32.3
46	10	114.6
46	11	34.8
46	12	28.9
46	13	0.5
46	14	15.8
46	15	3.2
46	16	34.0
46	17	78.7
46	18	5.2
46	19	5.8
46	20	7.0
46	21	5.4
46	22	9.2
46	23	11.4
46	24	22.6
47	1	0.0
47	2	0.0
47	3	0.0
47	4	0.0
47	5	0.0
47	6	0.0
47	7	0.0
47	8	0.0
47	9	0.0
47	10	0.1
47	11	16.9
47	12	20.6
47	13	1.7
47	14	5.0
47	15	2.1
47	16	10.6
47	17	55.2
47	18	20.8
47	19	30.8
47	20	26.0
47	21	21.0
47	22	38.3
47	23	122.9
47	24	110.5
48	1	5.3
48	2	6.9
48	3	5.4
48	4	11.2
48	5	7.9
48	6	2.0
48	7	5.1
48	8	10.8
48	9	3.9
48	10	5.6
48	11	1.4
48	12	5.9
48	13	3.0
48	14	135.6
48	15	24.3
48	16	22.7
48	17	68.1
48	18	36.8
48	19	97.5
48	20	8.5
48	21	0.3
48	22	2.1
48	23	8.7
48	24	45.2
49	1	10.0
49	2	19.0
49	3	2.1
49	4	0.1
49	5	5.7
49	6	18.9
49	7	43.2
49	8	69.3
49	9	70.1
49	10	77.0
49	11	20.5
49	12	37.3
49	13	7.6
49	14	19.1
49	15	137.4
49	16	42.0
49	17	12.8
49	18	20.5
49	19	32.8
49	20	19.9
49	21	13.4
49	22	62.7
49	23	74.6
49	24	73.8
50	1	0.0
50	2	0.0
50	3	0.0
50	4	0.0
50	5	0.0
50	6	0.0
50	7	0.0
50	8	0.0
50	9	0.0
50	10	0.1
50	11	16.9
50	12	20.6
50	13	1.7
50	14	5.0
50	15	2.1
50	16	10.6
50	17	55.2
50	18	20.8
50	19	30.8
50	20	26.0
50	21	21.0
50	22	38.3
50	23	122.9
50	24	110.5
51	1	0.0
51	2	0.0
51	3	0.0
51	4	0.0
51	5	0.0
51	6	0.0
51	7	0.0
51	8	0.0
51	9	0.0
51	10	0.1
51	11	16.9
51	12	20.6
51	13	1.7
51	14	5.0
51	15	2.1
51	16	10.6
51	17	55.2
51	18	20.8
51	19	30.8
51	20	26.0
51	21	21.0
51	22	38.3
51	23	122.9
51	24	110.5
52	1	10.0
52	2	19.0
52	3	2.1
52	4	0.1
52	5	5.7
52	6	18.9
52	7	43.2
52	8	69.3
52	9	70.1
52	10	77.0
52	11	20.5
52	12	37.3
52	13	7.6
52	14	19.1
52	15	137.4
52	16	42.0
52	17	12.8
52	18	20.5
52	19	32.8
52	20	19.9
52	21	13.4
52	22	62.7
52	23	74.6
52	24	73.8
53	1	3.0
53	2	25.1
53	3	39.3
53	4	21.7
53	5	39.2
53	6	48.6
53	7	33.1
53	8	6.5
53	9	0.3
53	10	0.1
53	11	26.5
53	12	68.9
53	13	22.5
53	14	0.0
53	15	11.1
53	16	3.6
53	17	127.4
53	18	55.5
53	19	1.1
53	20	0.0
53	21	0.0
53	22	0.0
53	23	19.0
53	24	12.5
54	1	10.0
54	2	19.0
54	3	2.1
54	4	0.1
54	5	5.7
54	6	18.9
54	7	43.2
54	8	69.3
54	9	70.1
54	10	77.0
54	11	20.5
54	12	37.3
54	13	7.6
54	14	19.1
54	15	137.4
54	16	42.0
54	17	12.8
54	18	20.5
54	19	32.8
54	20	19.9
54	21	13.4
54	22	62.7
54	23	74.6
54	24	73.8
55	1	3.0
55	2	25.1
55	3	39.3
55	4	21.7
55	5	39.2
55	6	48.6
55	7	33.1
55	8	6.5
55	9	0.3
55	10	0.1
55	11	26.5
55	12	68.9
55	13	22.5
55	14	0.0
55	15	11.1
55	16	3.6
55	17	127.4
55	18	55.5
55	19	1.1
55	20	0.0
55	21	0.0
55	22	0.0
55	23	19.0
55	24	12.5
56	1	3.0
56	2	25.1
56	3	39.3
56	4	21.7
56	5	39.2
56	6	48.6
56	7	33.1
56	8	6.5
56	9	0.3
56	10	0.1
56	11	26.5
56	12	68.9
56	13	22.5
56	14	0.0
56	15	11.1
56	16	3.6
56	17	127.4
56	18	55.5
56	19	1.1
56	20	0.0
56	21	0.0
56	22	0.0
56	23	19.0
56	24	12.5
57	1	5.3
57	2	6.9
57	3	5.4
57	4	11.2
57	5	7.9
57	6	2.0
57	7	5.1
57	8	10.8
57	9	3.9
57	10	5.6
57	11	1.4
57	12	5.9
57	13	3.0
57	14	135.6
57	15	24.3
57	16	22.7
57	17	68.1
57	18	36.8
57	19	97.5
57	20	8.5
57	21	0.3
57	22	2.1
57	23	8.7
57	24	45.2
58	1	3.0
58	2	25.1
58	3	39.3
58	4	21.7
58	5	39.2
58	6	48.6
58	7	33.1
58	8	6.5
58	9	0.3
58	10	0.1
58	11	26.5
58	12	68.9
58	13	22.5
58	14	0.0
58	15	11.1
58	16	3.6
58	17	127.4
58	18	55.5
58	19	1.1
58	20	0.0
58	21	0.0
58	22	0.0
58	23	19.0
58	24	12.5
59	1	13.4
59	2	0.0
59	3	2.0
59	4	3.1
59	5	1.0
59	6	49.2
59	7	1.6
59	8	12.7
59	9	16.6
59	10	45.1
59	11	8.2
59	12	1.9
59	13	117.0
59	14	25.0
59	15	76.8
59	16	57.7
59	17	39.9
59	18	74.4
59	19	21.6
59	20	10.9
59	21	18.7
59	22	71.4
59	23	61.5
59	24	85.4
60	1	5.3
60	2	6.9
60	3	5.4
60	4	11.2
60	5	7.9
60	6	2.0
60	7	5.1
60	8	10.8
60	9	3.9
60	10	5.6
60	11	1.4
60	12	5.9
60	13	3.0
60	14	135.6
60	15	24.3
60	16	22.7
60	17	68.1
60	18	36.8
60	19	97.5
60	20	8.5
60	21	0.3
60	22	2.1
60	23	8.7
60	24	45.2
61	1	3.0
61	2	25.1
61	3	39.3
61	4	21.7
61	5	39.2
61	6	48.6
61	7	33.1
61	8	6.5
61	9	0.3
61	10	0.1
61	11	26.5
61	12	68.9
61	13	22.5
61	14	0.0
61	15	11.1
61	16	3.6
61	17	127.4
61	18	55.5
61	19	1.1
61	20	0.0
61	21	0.0
61	22	0.0
61	23	19.0
61	24	12.5
62	1	5.3
62	2	6.9
62	3	5.4
62	4	11.2
62	5	7.9
62	6	2.0
62	7	5.1
62	8	10.8
62	9	3.9
62	10	5.6
62	11	1.4
62	12	5.9
62	13	3.0
62	14	135.6
62	15	24.3
62	16	22.7
62	17	68.1
62	18	36.8
62	19	97.5
62	20	8.5
62	21	0.3
62	22	2.1
62	23	8.7
62	24	45.2
63	1	3.0
63	2	25.1
63	3	39.3
63	4	21.7
63	5	39.2
63	6	48.6
63	7	33.1
63	8	6.5
63	9	0.3
63	10	0.1
63	11	26.5
63	12	68.9
63	13	22.5
63	14	0.0
63	15	11.1
63	16	3.6
63	17	127.4
63	18	55.5
63	19	1.1
63	20	0.0
63	21	0.0
63	22	0.0
63	23	19.0
63	24	12.5
64	1	8.8
64	2	10.9
64	3	24.1
64	4	33.0
64	5	11.6
64	6	22.3
64	7	6.6
64	8	0.0
64	9	32.3
64	10	114.6
64	11	34.8
64	12	28.9
64	13	0.5
64	14	15.8
64	15	3.2
64	16	34.0
64	17	78.7
64	18	5.2
64	19	5.8
64	20	7.0
64	21	5.4
64	22	9.2
64	23	11.4
64	24	22.6
65	1	0.0
65	2	0.0
65	3	0.0
65	4	0.0
65	5	0.0
65	6	0.0
65	7	0.0
65	8	0.0
65	9	0.0
65	10	0.1
65	11	16.9
65	12	20.6
65	13	1.7
65	14	5.0
65	15	2.1
65	16	10.6
65	17	55.2
65	18	20.8
65	19	30.8
65	20	26.0
65	21	21.0
65	22	38.3
65	23	122.9
65	24	110.5
66	1	6.0
66	2	2.2
66	3	0.0
66	4	0.0
66	5	0.0
66	6	0.0
66	7	3.9
66	8	32.2
66	9	40.3
66	10	42.3
66	11	258.6
66	12	38.0
66	13	47.5
66	14	17.2
66	15	36.9
66	16	310.8
66	17	48.3
66	18	28.8
66	19	19.5
66	20	82.2
66	21	56.5
66	22	57.0
66	23	21.9
66	24	66.9
67	1	8.8
67	2	10.9
67	3	24.1
67	4	33.0
67	5	11.6
67	6	22.3
67	7	6.6
67	8	0.0
67	9	32.3
67	10	114.6
67	11	34.8
67	12	28.9
67	13	0.5
67	14	15.8
67	15	3.2
67	16	34.0
67	17	78.7
67	18	5.2
67	19	5.8
67	20	7.0
67	21	5.4
67	22	9.2
67	23	11.4
67	24	22.6
68	1	13.4
68	2	0.0
68	3	2.0
68	4	3.1
68	5	1.0
68	6	49.2
68	7	1.6
68	8	12.7
68	9	16.6
68	10	45.1
68	11	8.2
68	12	1.9
68	13	117.0
68	14	25.0
68	15	76.8
68	16	57.7
68	17	39.9
68	18	74.4
68	19	21.6
68	20	10.9
68	21	18.7
68	22	71.4
68	23	61.5
68	24	85.4
69	1	6.0
69	2	2.2
69	3	0.0
69	4	0.0
69	5	0.0
69	6	0.0
69	7	3.9
69	8	32.2
69	9	40.3
69	10	42.3
69	11	258.6
69	12	38.0
69	13	47.5
69	14	17.2
69	15	36.9
69	16	310.8
69	17	48.3
69	18	28.8
69	19	19.5
69	20	82.2
69	21	56.5
69	22	57.0
69	23	21.9
69	24	66.9
70	1	6.0
70	2	2.2
70	3	0.0
70	4	0.0
70	5	0.0
70	6	0.0
70	7	3.9
70	8	32.2
70	9	40.3
70	10	42.3
70	11	258.6
70	12	38.0
70	13	47.5
70	14	17.2
70	15	36.9
70	16	310.8
70	17	48.3
70	18	28.8
70	19	19.5
70	20	82.2
70	21	56.5
70	22	57.0
70	23	21.9
70	24	66.9
71	1	13.4
71	2	0.0
71	3	2.0
71	4	3.1
71	5	1.0
71	6	49.2
71	7	1.6
71	8	12.7
71	9	16.6
71	10	45.1
71	11	8.2
71	12	1.9
71	13	117.0
71	14	25.0
71	15	76.8
71	16	57.7
71	17	39.9
71	18	74.4
71	19	21.6
71	20	10.9
71	21	18.7
71	22	71.4
71	23	61.5
71	24	85.4
72	1	5.3
72	2	6.9
72	3	5.4
72	4	11.2
72	5	7.9
72	6	2.0
72	7	5.1
72	8	10.8
72	9	3.9
72	10	5.6
72	11	1.4
72	12	5.9
72	13	3.0
72	14	135.6
72	15	24.3
72	16	22.7
72	17	68.1
72	18	36.8
72	19	97.5
72	20	8.5
72	21	0.3
72	22	2.1
72	23	8.7
72	24	45.2
73	1	5.3
73	2	6.9
73	3	5.4
73	4	11.2
73	5	7.9
73	6	2.0
73	7	5.1
73	8	10.8
73	9	3.9
73	10	5.6
73	11	1.4
73	12	5.9
73	13	3.0
73	14	135.6
73	15	24.3
73	16	22.7
73	17	68.1
73	18	36.8
73	19	97.5
73	20	8.5
73	21	0.3
73	22	2.1
73	23	8.7
73	24	45.2
74	1	5.3
74	2	6.9
74	3	5.4
74	4	11.2
74	5	7.9
74	6	2.0
74	7	5.1
74	8	10.8
74	9	3.9
74	10	5.6
74	11	1.4
74	12	5.9
74	13	3.0
74	14	135.6
74	15	24.3
74	16	22.7
74	17	68.1
74	18	36.8
74	19	97.5
74	20	8.5
74	21	0.3
74	22	2.1
74	23	8.7
74	24	45.2
75	1	0.0
75	2	0.0
75	3	0.0
75	4	0.0
75	5	0.0
75	6	0.0
75	7	0.0
75	8	0.0
75	9	0.0
75	10	0.1
75	11	16.9
75	12	20.6
75	13	1.7
75	14	5.0
75	15	2.1
75	16	10.6
75	17	55.2
75	18	20.8
75	19	30.8
75	20	26.0
75	21	21.0
75	22	38.3
75	23	122.9
75	24	110.5
76	1	0.0
76	2	0.0
76	3	0.0
76	4	0.0
76	5	0.0
76	6	0.0
76	7	0.0
76	8	0.0
76	9	0.0
76	10	0.1
76	11	16.9
76	12	20.6
76	13	1.7
76	14	5.0
76	15	2.1
76	16	10.6
76	17	55.2
76	18	20.8
76	19	30.8
76	20	26.0
76	21	21.0
76	22	38.3
76	23	122.9
76	24	110.5
77	1	8.8
77	2	10.9
77	3	24.1
77	4	33.0
77	5	11.6
77	6	22.3
77	7	6.6
77	8	0.0
77	9	32.3
77	10	114.6
77	11	34.8
77	12	28.9
77	13	0.5
77	14	15.8
77	15	3.2
77	16	34.0
77	17	78.7
77	18	5.2
77	19	5.8
77	20	7.0
77	21	5.4
77	22	9.2
77	23	11.4
77	24	22.6
78	1	13.4
78	2	0.0
78	3	2.0
78	4	3.1
78	5	1.0
78	6	49.2
78	7	1.6
78	8	12.7
78	9	16.6
78	10	45.1
78	11	8.2
78	12	1.9
78	13	117.0
78	14	25.0
78	15	76.8
78	16	57.7
78	17	39.9
78	18	74.4
78	19	21.6
78	20	10.9
78	21	18.7
78	22	71.4
78	23	61.5
78	24	85.4
79	1	0.0
79	2	0.0
79	3	0.0
79	4	0.0
79	5	0.0
79	6	0.0
79	7	0.0
79	8	0.0
79	9	0.0
79	10	0.1
79	11	16.9
79	12	20.6
79	13	1.7
79	14	5.0
79	15	2.1
79	16	10.6
79	17	55.2
79	18	20.8
79	19	30.8
79	20	26.0
79	21	21.0
79	22	38.3
79	23	122.9
79	24	110.5
80	1	6.0
80	2	2.2
80	3	0.0
80	4	0.0
80	5	0.0
80	6	0.0
80	7	3.9
80	8	32.2
80	9	40.3
80	10	42.3
80	11	258.6
80	12	38.0
80	13	47.5
80	14	17.2
80	15	36.9
80	16	310.8
80	17	48.3
80	18	28.8
80	19	19.5
80	20	82.2
80	21	56.5
80	22	57.0
80	23	21.9
80	24	66.9
81	1	6.0
81	2	2.2
81	3	0.0
81	4	0.0
81	5	0.0
81	6	0.0
81	7	3.9
81	8	32.2
81	9	40.3
81	10	42.3
81	11	258.6
81	12	38.0
81	13	47.5
81	14	17.2
81	15	36.9
81	16	310.8
81	17	48.3
81	18	28.8
81	19	19.5
81	20	82.2
81	21	56.5
81	22	57.0
81	23	21.9
81	24	66.9
82	1	5.3
82	2	6.9
82	3	5.4
82	4	11.2
82	5	7.9
82	6	2.0
82	7	5.1
82	8	10.8
82	9	3.9
82	10	5.6
82	11	1.4
82	12	5.9
82	13	3.0
82	14	135.6
82	15	24.3
82	16	22.7
82	17	68.1
82	18	36.8
82	19	97.5
82	20	8.5
82	21	0.3
82	22	2.1
82	23	8.7
82	24	45.2
83	1	3.0
83	2	25.1
83	3	39.3
83	4	21.7
83	5	39.2
83	6	48.6
83	7	33.1
83	8	6.5
83	9	0.3
83	10	0.1
83	11	26.5
83	12	68.9
83	13	22.5
83	14	0.0
83	15	11.1
83	16	3.6
83	17	127.4
83	18	55.5
83	19	1.1
83	20	0.0
83	21	0.0
83	22	0.0
83	23	19.0
83	24	12.5
84	1	3.0
84	2	25.1
84	3	39.3
84	4	21.7
84	5	39.2
84	6	48.6
84	7	33.1
84	8	6.5
84	9	0.3
84	10	0.1
84	11	26.5
84	12	68.9
84	13	22.5
84	14	0.0
84	15	11.1
84	16	3.6
84	17	127.4
84	18	55.5
84	19	1.1
84	20	0.0
84	21	0.0
84	22	0.0
84	23	19.0
84	24	12.5
85	1	0.0
85	2	0.0
85	3	0.0
85	4	0.0
85	5	0.0
85	6	0.0
85	7	0.0
85	8	0.0
85	9	0.0
85	10	0.1
85	11	16.9
85	12	20.6
85	13	1.7
85	14	5.0
85	15	2.1
85	16	10.6
85	17	55.2
85	18	20.8
85	19	30.8
85	20	26.0
85	21	21.0
85	22	38.3
85	23	122.9
85	24	110.5
86	1	8.8
86	2	10.9
86	3	24.1
86	4	33.0
86	5	11.6
86	6	22.3
86	7	6.6
86	8	0.0
86	9	32.3
86	10	114.6
86	11	34.8
86	12	28.9
86	13	0.5
86	14	15.8
86	15	3.2
86	16	34.0
86	17	78.7
86	18	5.2
86	19	5.8
86	20	7.0
86	21	5.4
86	22	9.2
86	23	11.4
86	24	22.6
87	1	13.4
87	2	0.0
87	3	2.0
87	4	3.1
87	5	1.0
87	6	49.2
87	7	1.6
87	8	12.7
87	9	16.6
87	10	45.1
87	11	8.2
87	12	1.9
87	13	117.0
87	14	25.0
87	15	76.8
87	16	57.7
87	17	39.9
87	18	74.4
87	19	21.6
87	20	10.9
87	21	18.7
87	22	71.4
87	23	61.5
87	24	85.4
88	1	6.0
88	2	2.2
88	3	0.0
88	4	0.0
88	5	0.0
88	6	0.0
88	7	3.9
88	8	32.2
88	9	40.3
88	10	42.3
88	11	258.6
88	12	38.0
88	13	47.5
88	14	17.2
88	15	36.9
88	16	310.8
88	17	48.3
88	18	28.8
88	19	19.5
88	20	82.2
88	21	56.5
88	22	57.0
88	23	21.9
88	24	66.9
89	1	5.3
89	2	6.9
89	3	5.4
89	4	11.2
89	5	7.9
89	6	2.0
89	7	5.1
89	8	10.8
89	9	3.9
89	10	5.6
89	11	1.4
89	12	5.9
89	13	3.0
89	14	135.6
89	15	24.3
89	16	22.7
89	17	68.1
89	18	36.8
89	19	97.5
89	20	8.5
89	21	0.3
89	22	2.1
89	23	8.7
89	24	45.2
90	1	3.0
90	2	25.1
90	3	39.3
90	4	21.7
90	5	39.2
90	6	48.6
90	7	33.1
90	8	6.5
90	9	0.3
90	10	0.1
90	11	26.5
90	12	68.9
90	13	22.5
90	14	0.0
90	15	11.1
90	16	3.6
90	17	127.4
90	18	55.5
90	19	1.1
90	20	0.0
90	21	0.0
90	22	0.0
90	23	19.0
90	24	12.5
91	1	13.4
91	2	0.0
91	3	2.0
91	4	3.1
91	5	1.0
91	6	49.2
91	7	1.6
91	8	12.7
91	9	16.6
91	10	45.1
91	11	8.2
91	12	1.9
91	13	117.0
91	14	25.0
91	15	76.8
91	16	57.7
91	17	39.9
91	18	74.4
91	19	21.6
91	20	10.9
91	21	18.7
91	22	71.4
91	23	61.5
91	24	85.4
92	1	6.0
92	2	2.2
92	3	0.0
92	4	0.0
92	5	0.0
92	6	0.0
92	7	3.9
92	8	32.2
92	9	40.3
92	10	42.3
92	11	258.6
92	12	38.0
92	13	47.5
92	14	17.2
92	15	36.9
92	16	310.8
92	17	48.3
92	18	28.8
92	19	19.5
92	20	82.2
92	21	56.5
92	22	57.0
92	23	21.9
92	24	66.9
93	1	5.3
93	2	6.9
93	3	5.4
93	4	11.2
93	5	7.9
93	6	2.0
93	7	5.1
93	8	10.8
93	9	3.9
93	10	5.6
93	11	1.4
93	12	5.9
93	13	3.0
93	14	135.6
93	15	24.3
93	16	22.7
93	17	68.1
93	18	36.8
93	19	97.5
93	20	8.5
93	21	0.3
93	22	2.1
93	23	8.7
93	24	45.2
94	1	5.3
94	2	6.9
94	3	5.4
94	4	11.2
94	5	7.9
94	6	2.0
94	7	5.1
94	8	10.8
94	9	3.9
94	10	5.6
94	11	1.4
94	12	5.9
94	13	3.0
94	14	135.6
94	15	24.3
94	16	22.7
94	17	68.1
94	18	36.8
94	19	97.5
94	20	8.5
94	21	0.3
94	22	2.1
94	23	8.7
94	24	45.2
95	1	5.3
95	2	6.9
95	3	5.4
95	4	11.2
95	5	7.9
95	6	2.0
95	7	5.1
95	8	10.8
95	9	3.9
95	10	5.6
95	11	1.4
95	12	5.9
95	13	3.0
95	14	135.6
95	15	24.3
95	16	22.7
95	17	68.1
95	18	36.8
95	19	97.5
95	20	8.5
95	21	0.3
95	22	2.1
95	23	8.7
95	24	45.2
96	1	3.0
96	2	25.1
96	3	39.3
96	4	21.7
96	5	39.2
96	6	48.6
96	7	33.1
96	8	6.5
96	9	0.3
96	10	0.1
96	11	26.5
96	12	68.9
96	13	22.5
96	14	0.0
96	15	11.1
96	16	3.6
96	17	127.4
96	18	55.5
96	19	1.1
96	20	0.0
96	21	0.0
96	22	0.0
96	23	19.0
96	24	12.5
97	1	3.0
97	2	25.1
97	3	39.3
97	4	21.7
97	5	39.2
97	6	48.6
97	7	33.1
97	8	6.5
97	9	0.3
97	10	0.1
97	11	26.5
97	12	68.9
97	13	22.5
97	14	0.0
97	15	11.1
97	16	3.6
97	17	127.4
97	18	55.5
97	19	1.1
97	20	0.0
97	21	0.0
97	22	0.0
97	23	19.0
97	24	12.5
98	1	0.0
98	2	0.0
98	3	0.0
98	4	0.0
98	5	0.0
98	6	0.0
98	7	0.0
98	8	0.0
98	9	0.0
98	10	0.1
98	11	16.9
98	12	20.6
98	13	1.7
98	14	5.0
98	15	2.1
98	16	10.6
98	17	55.2
98	18	20.8
98	19	30.8
98	20	26.0
98	21	21.0
98	22	38.3
98	23	122.9
98	24	110.5
99	1	13.4
99	2	0.0
99	3	2.0
99	4	3.1
99	5	1.0
99	6	49.2
99	7	1.6
99	8	12.7
99	9	16.6
99	10	45.1
99	11	8.2
99	12	1.9
99	13	117.0
99	14	25.0
99	15	76.8
99	16	57.7
99	17	39.9
99	18	74.4
99	19	21.6
99	20	10.9
99	21	18.7
99	22	71.4
99	23	61.5
99	24	85.4
100	1	6.0
100	2	2.2
100	3	0.0
100	4	0.0
100	5	0.0
100	6	0.0
100	7	3.9
100	8	32.2
100	9	40.3
100	10	42.3
100	11	258.6
100	12	38.0
100	13	47.5
100	14	17.2
100	15	36.9
100	16	310.8
100	17	48.3
100	18	28.8
100	19	19.5
100	20	82.2
100	21	56.5
100	22	57.0
100	23	21.9
100	24	66.9
101	1	6.0
101	2	2.2
101	3	0.0
101	4	0.0
101	5	0.0
101	6	0.0
101	7	3.9
101	8	32.2
101	9	40.3
101	10	42.3
101	11	258.6
101	12	38.0
101	13	47.5
101	14	17.2
101	15	36.9
101	16	310.8
101	17	48.3
101	18	28.8
101	19	19.5
101	20	82.2
101	21	56.5
101	22	57.0
101	23	21.9
101	24	66.9
102	1	13.4
102	2	0.0
102	3	2.0
102	4	3.1
102	5	1.0
102	6	49.2
102	7	1.6
102	8	12.7
102	9	16.6
102	10	45.1
102	11	8.2
102	12	1.9
102	13	117.0
102	14	25.0
102	15	76.8
102	16	57.7
102	17	39.9
102	18	74.4
102	19	21.6
102	20	10.9
102	21	18.7
102	22	71.4
102	23	61.5
102	24	85.4
103	1	3.0
103	2	25.1
103	3	39.3
103	4	21.7
103	5	39.2
103	6	48.6
103	7	33.1
103	8	6.5
103	9	0.3
103	10	0.1
103	11	26.5
103	12	68.9
103	13	22.5
103	14	0.0
103	15	11.1
103	16	3.6
103	17	127.4
103	18	55.5
103	19	1.1
103	20	0.0
103	21	0.0
103	22	0.0
103	23	19.0
103	24	12.5
104	1	8.8
104	2	10.9
104	3	24.1
104	4	33.0
104	5	11.6
104	6	22.3
104	7	6.6
104	8	0.0
104	9	32.3
104	10	114.6
104	11	34.8
104	12	28.9
104	13	0.5
104	14	15.8
104	15	3.2
104	16	34.0
104	17	78.7
104	18	5.2
104	19	5.8
104	20	7.0
104	21	5.4
104	22	9.2
104	23	11.4
104	24	22.6
105	1	6.0
105	2	2.2
105	3	0.0
105	4	0.0
105	5	0.0
105	6	0.0
105	7	3.9
105	8	32.2
105	9	40.3
105	10	42.3
105	11	258.6
105	12	38.0
105	13	47.5
105	14	17.2
105	15	36.9
105	16	310.8
105	17	48.3
105	18	28.8
105	19	19.5
105	20	82.2
105	21	56.5
105	22	57.0
105	23	21.9
105	24	66.9
106	1	5.3
106	2	6.9
106	3	5.4
106	4	11.2
106	5	7.9
106	6	2.0
106	7	5.1
106	8	10.8
106	9	3.9
106	10	5.6
106	11	1.4
106	12	5.9
106	13	3.0
106	14	135.6
106	15	24.3
106	16	22.7
106	17	68.1
106	18	36.8
106	19	97.5
106	20	8.5
106	21	0.3
106	22	2.1
106	23	8.7
106	24	45.2
107	1	10.0
107	2	19.0
107	3	2.1
107	4	0.1
107	5	5.7
107	6	18.9
107	7	43.2
107	8	69.3
107	9	70.1
107	10	77.0
107	11	20.5
107	12	37.3
107	13	7.6
107	14	19.1
107	15	137.4
107	16	42.0
107	17	12.8
107	18	20.5
107	19	32.8
107	20	19.9
107	21	13.4
107	22	62.7
107	23	74.6
107	24	73.8
108	1	5.3
108	2	6.9
108	3	5.4
108	4	11.2
108	5	7.9
108	6	2.0
108	7	5.1
108	8	10.8
108	9	3.9
108	10	5.6
108	11	1.4
108	12	5.9
108	13	3.0
108	14	135.6
108	15	24.3
108	16	22.7
108	17	68.1
108	18	36.8
108	19	97.5
108	20	8.5
108	21	0.3
108	22	2.1
108	23	8.7
108	24	45.2
109	1	8.8
109	2	10.9
109	3	24.1
109	4	33.0
109	5	11.6
109	6	22.3
109	7	6.6
109	8	0.0
109	9	32.3
109	10	114.6
109	11	34.8
109	12	28.9
109	13	0.5
109	14	15.8
109	15	3.2
109	16	34.0
109	17	78.7
109	18	5.2
109	19	5.8
109	20	7.0
109	21	5.4
109	22	9.2
109	23	11.4
109	24	22.6
110	1	5.3
110	2	6.9
110	3	5.4
110	4	11.2
110	5	7.9
110	6	2.0
110	7	5.1
110	8	10.8
110	9	3.9
110	10	5.6
110	11	1.4
110	12	5.9
110	13	3.0
110	14	135.6
110	15	24.3
110	16	22.7
110	17	68.1
110	18	36.8
110	19	97.5
110	20	8.5
110	21	0.3
110	22	2.1
110	23	8.7
110	24	45.2
111	1	5.3
111	2	6.9
111	3	5.4
111	4	11.2
111	5	7.9
111	6	2.0
111	7	5.1
111	8	10.8
111	9	3.9
111	10	5.6
111	11	1.4
111	12	5.9
111	13	3.0
111	14	135.6
111	15	24.3
111	16	22.7
111	17	68.1
111	18	36.8
111	19	97.5
111	20	8.5
111	21	0.3
111	22	2.1
111	23	8.7
111	24	45.2
112	1	8.8
112	2	10.9
112	3	24.1
112	4	33.0
112	5	11.6
112	6	22.3
112	7	6.6
112	8	0.0
112	9	32.3
112	10	114.6
112	11	34.8
112	12	28.9
112	13	0.5
112	14	15.8
112	15	3.2
112	16	34.0
112	17	78.7
112	18	5.2
112	19	5.8
112	20	7.0
112	21	5.4
112	22	9.2
112	23	11.4
112	24	22.6
