Node	Time	ActivationUpPrice
3	1	24.0
3	2	23.04
3	3	22.97
3	4	21.24
3	5	20.94
3	6	21.93
3	7	23.15
3	8	25.0
3	9	25.41
3	10	23.52
3	11	11.71
3	12	1.37
3	13	0.02
3	14	0.44
3	15	10.6
3	16	22.47
3	17	25.25
3	18	25.21
3	19	25.21
3	20	24.52
3	21	23.77
3	22	23.95
3	23	23.72
3	24	23.73
4	1	17.79
4	2	6.65
4	3	5.49
4	4	29.0
4	5	36.22
4	6	54.0
4	7	53.29
4	8	59.02
4	9	56.36
4	10	52.05
4	11	46.15
4	12	42.96
4	13	42.37
4	14	57.0
4	15	57.0
4	16	51.67
4	17	55.0
4	18	57.83
4	19	57.1
4	20	56.78
4	21	56.72
4	22	54.24
4	23	52.35
4	24	57.36
5	1	9.0
5	2	9.0
5	3	9.0
5	4	9.0
5	5	4.14
5	6	5.18
5	7	7.48
5	8	8.91
5	9	8.97
5	10	7.71
5	11	6.97
5	12	7.39
5	13	5.78
5	14	5.33
5	15	5.1
5	16	6.15
5	17	6.57
5	18	7.0
5	19	6.54
5	20	5.06
5	21	3.59
5	22	3.25
5	23	3.05
5	24	1.18
6	1	34.0
6	2	30.45
6	3	28.56
6	4	27.53
6	5	27.13
6	6	29.9
6	7	40.0
6	8	40.0
6	9	40.0
6	10	40.0
6	11	4.39
6	12	1.19
6	13	7.2
6	14	5.0
6	15	4.42
6	16	1.0
6	17	25.41
6	18	31.17
6	19	32.78
6	20	40.0
6	21	40.0
6	22	29.92
6	23	37.0
6	24	37.0
7	1	15.61
7	2	15.56
7	3	18.0
7	4	18.5
7	5	18.5
7	6	22.5
7	7	26.0
7	8	42.0
7	9	42.0
7	10	21.96
7	11	52.5
7	12	54.0
7	13	48.0
7	14	48.0
7	15	36.5
7	16	54.0
7	17	54.0
7	18	54.0
7	19	42.0
7	20	17.7
7	21	17.84
7	22	17.13
7	23	16.71
7	24	16.09
8	1	57.0
8	2	57.0
8	3	55.0
8	4	55.0
8	5	58.0
8	6	60.0
8	7	61.0
8	8	60.0
8	9	55.0
8	10	55.0
8	11	52.0
8	12	39.55
8	13	37.84
8	14	34.92
8	15	39.21
8	16	39.87
8	17	46.28
8	18	51.51
8	19	50.96
8	20	48.28
8	21	53.0
8	22	49.0
8	23	26.01
8	24	11.3
9	1	25.13
9	2	24.05
9	3	24.09
9	4	24.04
9	5	24.05
9	6	33.0
9	7	33.61
9	8	48.92
9	9	40.98
9	10	40.97
9	11	35.92
9	12	32.91
9	13	31.49
9	14	31.52
9	15	31.49
9	16	55.0
9	17	59.0
9	18	63.5
9	19	59.0
9	20	59.0
9	21	59.0
9	22	34.67
9	23	30.71
9	24	65.5
10	1	3.89
10	2	3.85
10	3	3.75
10	4	3.63
10	5	3.49
10	6	3.82
10	7	4.07
10	8	4.18
10	9	8.0
10	10	4.79
10	11	4.92
10	12	4.32
10	13	-0.04
10	14	4.32
10	15	4.33
10	16	5.01
10	17	5.01
10	18	5.25
10	19	5.56
10	20	5.96
10	21	6.83
10	22	9.84
10	23	5.5
10	24	11.26
11	1	71.65
11	2	71.51
11	3	69.94
11	4	69.16
11	5	68.47
11	6	69.59
11	7	77.6
11	8	89.0
11	9	85.47
11	10	76.64
11	11	71.99
11	12	69.86
11	13	68.6
11	14	76.81
11	15	68.04
11	16	69.68
11	17	77.4
11	18	90.66
11	19	89.0
11	20	90.0
11	21	90.0
11	22	71.84
11	23	71.13
11	24	77.24
12	1	52.01
12	2	50.17
12	3	59.0
12	4	56.5
12	5	54.08
12	6	57.21
12	7	65.0
12	8	74.0
12	9	72.0
12	10	67.17
12	11	61.23
12	12	57.4
12	13	56.22
12	14	55.49
12	15	56.17
12	16	57.08
12	17	65.17
12	18	73.02
12	19	87.85
12	20	67.78
12	21	59.94
12	22	67.78
12	23	56.0
12	24	52.85
13	1	24.0
13	2	21.24
13	3	21.08
13	4	21.15
13	5	21.04
13	6	22.3
13	7	24.06
13	8	24.79
13	9	25.15
13	10	25.13
13	11	24.34
13	12	23.73
13	13	17.94
13	14	17.22
13	15	22.25
13	16	23.51
13	17	23.99
13	18	24.48
13	19	24.79
13	20	24.0
13	21	23.32
13	22	23.62
13	23	21.67
13	24	25.0
14	1	46.14
14	2	39.6
14	3	32.56
14	4	28.49
14	5	26.82
14	6	10.25
14	7	0.1
14	8	49.0
14	9	48.5
14	10	45.0
14	11	45.0
14	12	40.0
14	13	50.0
14	14	50.0
14	15	50.0
14	16	45.0
14	17	27.0
14	18	56.5
14	19	63.5
14	20	60.0
14	21	59.08
14	22	59.31
14	23	56.03
14	24	51.0
15	1	49.65
15	2	47.54
15	3	44.98
15	4	48.1
15	5	51.94
15	6	55.68
15	7	57.17
15	8	56.83
15	9	56.1
15	10	54.11
15	11	49.83
15	12	48.75
15	13	49.0
15	14	48.0
15	15	44.98
15	16	49.0
15	17	50.0
15	18	48.86
15	19	54.0
15	20	59.0
15	21	48.99
15	22	49.0
15	23	49.0
15	24	44.65
16	1	23.24
16	2	23.19
16	3	22.99
16	4	22.99
16	5	22.99
16	6	23.92
16	7	24.99
16	8	25.52
16	9	25.52
16	10	25.49
16	11	25.2
16	12	25.16
16	13	24.94
16	14	24.52
16	15	24.24
16	16	24.19
16	17	24.23
16	18	24.23
16	19	24.98
16	20	24.98
16	21	23.94
16	22	24.68
16	23	24.42
16	24	24.28
17	1	65.5
17	2	65.5
17	3	42.5
17	4	42.5
17	5	31.5
17	6	42.5
17	7	43.5
17	8	44.0
17	9	44.0
17	10	35.02
17	11	35.01
17	12	33.84
17	13	33.91
17	14	34.13
17	15	33.65
17	16	33.1
17	17	33.01
17	18	32.4
17	19	30.65
17	20	30.52
17	21	31.22
17	22	32.48
17	23	30.34
17	24	31.56
18	1	17.16
18	2	16.49
18	3	17.16
18	4	16.24
18	5	16.31
18	6	18.33
18	7	19.84
18	8	20.51
18	9	20.48
18	10	20.42
18	11	20.19
18	12	20.0
18	13	20.0
18	14	18.99
18	15	18.84
18	16	19.0
18	17	19.12
18	18	19.46
18	19	19.61
18	20	19.64
18	21	19.17
18	22	18.32
18	23	17.53
18	24	18.57
19	1	16.6
19	2	15.33
19	3	15.01
19	4	15.46
19	5	16.22
19	6	16.37
19	7	17.3
19	8	19.69
19	9	33.0
19	10	36.0
19	11	22.5
19	12	17.46
19	13	16.96
19	14	16.77
19	15	16.83
19	16	22.5
19	17	29.0
19	18	28.0
19	19	33.0
19	20	25.0
19	21	16.98
19	22	18.7
19	23	15.15
19	24	18.16
20	1	51.2
20	2	49.95
20	3	49.34
20	4	48.93
20	5	50.92
20	6	53.26
20	7	56.92
20	8	62.31
20	9	63.0
20	10	62.0
20	11	60.0
20	12	45.76
20	13	41.23
20	14	37.07
20	15	31.04
20	16	46.66
20	17	62.5
20	18	62.0
20	19	64.5
20	20	65.0
20	21	65.0
20	22	63.0
20	23	58.0
20	24	53.0
21	1	35.49
21	2	35.07
21	3	34.91
21	4	34.54
21	5	34.94
21	6	36.16
21	7	36.93
21	8	36.71
21	9	36.83
21	10	36.87
21	11	36.82
21	12	31.93
21	13	29.45
21	14	30.23
21	15	36.08
21	16	36.89
21	17	36.77
21	18	36.72
21	19	36.69
21	20	36.53
21	21	36.62
21	22	36.77
21	23	36.42
21	24	36.37
22	1	36.84
22	2	36.5
22	3	36.22
22	4	36.09
22	5	36.12
22	6	36.41
22	7	41.2
22	8	69.31
22	9	60.02
22	10	53.79
22	11	53.72
22	12	53.74
22	13	45.86
22	14	41.98
22	15	40.73
22	16	41.05
22	17	41.75
22	18	41.99
22	19	41.96
22	20	41.72
22	21	41.0
22	22	40.52
22	23	37.97
22	24	39.22
23	1	32.83
23	2	32.43
23	3	32.24
23	4	31.71
23	5	30.09
23	6	29.65
23	7	32.88
23	8	34.0
23	9	30.02
23	10	5.93
23	11	17.0
23	12	31.35
23	13	30.0
23	14	29.0
23	15	23.76
23	16	25.0
23	17	34.0
23	18	38.5
23	19	37.0
23	20	37.0
23	21	34.0
23	22	32.96
23	23	32.94
23	24	32.82
24	1	10.04
24	2	8.02
24	3	7.03
24	4	7.04
24	5	10.53
24	6	17.91
24	7	49.42
24	8	53.39
24	9	48.08
24	10	42.6
24	11	19.99
24	12	12.99
24	13	12.02
24	14	12.68
24	15	14.87
24	16	23.0
24	17	44.0
24	18	47.81
24	19	49.93
24	20	49.27
24	21	19.28
24	22	18.52
24	23	15.02
24	24	16.02
25	1	15.24
25	2	14.45
25	3	13.91
25	4	14.61
25	5	15.24
25	6	20.91
25	7	42.98
25	8	49.99
25	9	39.86
25	10	36.63
25	11	18.17
25	12	4.32
25	13	3.24
25	14	3.03
25	15	3.96
25	16	12.78
25	17	26.79
25	18	42.73
25	19	29.89
25	20	28.88
25	21	28.19
25	22	26.84
25	23	24.74
25	24	14.3
26	1	31.67
26	2	25.64
26	3	24.0
26	4	18.0
26	5	18.0
26	6	26.47
26	7	32.0
26	8	34.0
26	9	31.0
26	10	33.0
26	11	33.0
26	12	-0.04
26	13	-5.18
26	14	-19.66
26	15	-18.6
26	16	-0.06
26	17	1.51
26	18	11.72
26	19	30.84
26	20	36.48
26	21	37.67
26	22	37.55
26	23	36.99
26	24	30.44
27	1	52.23
27	2	50.87
27	3	50.43
27	4	52.26
27	5	53.06
27	6	79.5
27	7	115.51
27	8	106.71
27	9	89.55
27	10	82.75
27	11	77.02
27	12	63.95
27	13	59.95
27	14	60.11
27	15	80.0
27	16	80.0
27	17	72.69
27	18	79.91
27	19	98.43
27	20	83.95
27	21	85.0
27	22	72.45
27	23	70.94
27	24	69.0
28	1	15.58
28	2	15.54
28	3	15.48
28	4	15.49
28	5	15.65
28	6	15.41
28	7	15.83
28	8	16.33
28	9	16.78
28	10	16.96
28	11	14.67
28	12	17.0
28	13	19.0
28	14	19.0
28	15	19.0
28	16	17.2
28	17	17.64
28	18	17.83
28	19	18.65
28	20	18.21
28	21	17.28
28	22	16.71
28	23	16.16
28	24	15.86
29	1	2.04
29	2	1.6
29	3	1.01
29	4	1.25
29	5	0.8
29	6	2.18
29	7	11.0
29	8	12.5
29	9	10.0
29	10	1.22
29	11	6.0
29	12	5.5
29	13	5.5
29	14	-1.76
29	15	-0.81
29	16	5.0
29	17	7.5
29	18	5.83
29	19	5.0
29	20	4.96
29	21	6.11
29	22	6.13
29	23	4.92
29	24	4.0
30	1	57.0
30	2	57.0
30	3	55.0
30	4	55.0
30	5	58.0
30	6	60.0
30	7	61.0
30	8	60.0
30	9	55.0
30	10	55.0
30	11	52.0
30	12	39.55
30	13	37.84
30	14	34.92
30	15	39.21
30	16	39.87
30	17	46.28
30	18	51.51
30	19	50.96
30	20	48.28
30	21	53.0
30	22	49.0
30	23	26.01
30	24	11.3
31	1	21.46
31	2	21.18
31	3	21.1
31	4	21.07
31	5	21.1
31	6	22.87
31	7	25.39
31	8	26.25
31	9	27.53
31	10	28.17
31	11	22.75
31	12	29.0
31	13	29.0
31	14	25.0
31	15	28.6
31	16	35.0
31	17	35.0
31	18	29.83
31	19	29.38
31	20	35.0
31	21	32.0
31	22	30.0
31	23	24.07
31	24	22.82
32	1	30.48
32	2	29.91
32	3	29.98
32	4	29.93
32	5	29.92
32	6	31.29
32	7	39.0
32	8	39.0
32	9	42.0
32	10	42.0
32	11	33.8
32	12	32.9
32	13	32.64
32	14	32.57
32	15	43.0
32	16	46.58
32	17	48.0
32	18	48.0
32	19	50.0
32	20	51.5
32	21	51.5
32	22	48.42
32	23	40.0
32	24	40.0
33	1	1.41
33	2	1.01
33	3	1.01
33	4	2.06
33	5	3.04
33	6	6.78
33	7	19.0
33	8	21.0
33	9	15.36
33	10	14.9
33	11	14.49
33	12	11.19
33	13	7.21
33	14	13.47
33	15	14.76
33	16	17.93
33	17	20.07
33	18	22.22
33	19	25.0
33	20	25.0
33	21	18.0
33	22	16.43
33	23	13.96
33	24	15.68
34	1	35.0
34	2	34.93
34	3	34.93
34	4	34.91
34	5	34.91
34	6	35.18
34	7	35.62
34	8	35.98
34	9	35.97
34	10	35.93
34	11	35.99
34	12	35.87
34	13	35.7
34	14	35.62
34	15	35.59
34	16	35.79
34	17	35.51
34	18	35.51
34	19	35.42
34	20	35.27
34	21	35.19
34	22	34.94
34	23	34.72
34	24	32.76
35	1	34.0
35	2	30.45
35	3	28.56
35	4	27.53
35	5	27.13
35	6	29.9
35	7	40.0
35	8	40.0
35	9	40.0
35	10	40.0
35	11	4.39
35	12	1.19
35	13	7.2
35	14	5.0
35	15	4.42
35	16	1.0
35	17	25.41
35	18	31.17
35	19	32.78
35	20	40.0
35	21	40.0
35	22	29.92
35	23	37.0
35	24	37.0
36	1	17.15
36	2	16.18
36	3	18.33
36	4	20.47
36	5	22.9
36	6	25.22
36	7	35.08
36	8	39.27
36	9	38.09
36	10	37.84
36	11	38.09
36	12	25.72
36	13	14.99
36	14	20.26
36	15	34.59
36	16	34.59
36	17	45.0
36	18	51.0
36	19	51.0
36	20	45.0
36	21	34.22
36	22	30.2
36	23	25.39
36	24	26.75
37	1	41.05
37	2	40.81
37	3	40.54
37	4	40.46
37	5	40.42
37	6	49.81
37	7	111.57
37	8	100.68
37	9	67.87
37	10	51.3
37	11	45.67
37	12	40.94
37	13	39.46
37	14	38.73
37	15	41.4
37	16	44.39
37	17	44.9
37	18	46.21
37	19	46.81
37	20	47.71
37	21	45.91
37	22	44.73
37	23	46.0
37	24	45.0
38	1	0.07
38	2	0.0
38	3	0.0
38	4	0.45
38	5	2.24
38	6	3.52
38	7	6.66
38	8	8.04
38	9	6.71
38	10	9.82
38	11	8.5
38	12	4.97
38	13	5.42
38	14	5.66
38	15	6.04
38	16	7.22
38	17	9.03
38	18	19.92
38	19	21.95
38	20	10.0
38	21	8.04
38	22	6.03
38	23	4.98
38	24	3.78
39	1	24.0
39	2	23.04
39	3	22.97
39	4	21.24
39	5	20.94
39	6	21.93
39	7	23.15
39	8	25.0
39	9	25.41
39	10	23.52
39	11	11.71
39	12	1.37
39	13	0.02
39	14	0.44
39	15	10.6
39	16	22.47
39	17	25.25
39	18	25.21
39	19	25.21
39	20	24.52
39	21	23.77
39	22	23.95
39	23	23.72
39	24	23.73
40	1	5.27
40	2	5.15
40	3	9.21
40	4	25.49
40	5	37.95
40	6	41.07
40	7	41.74
40	8	43.04
40	9	42.72
40	10	42.72
40	11	41.04
40	12	36.41
40	13	24.76
40	14	7.59
40	15	25.28
40	16	39.08
40	17	45.97
40	18	50.1
40	19	78.91
40	20	141.1
40	21	89.95
40	22	49.66
40	23	47.22
40	24	42.44
41	1	31.34
41	2	29.64
41	3	29.62
41	4	28.97
41	5	26.88
41	6	34.37
41	7	38.0
41	8	39.0
41	9	37.0
41	10	30.0
41	11	5.65
41	12	0.85
41	13	-0.01
41	14	-0.19
41	15	0.83
41	16	7.0
41	17	18.81
41	18	28.92
41	19	34.37
41	20	36.08
41	21	34.19
41	22	34.38
41	23	32.02
41	24	20.39
42	1	2.04
42	2	1.6
42	3	1.01
42	4	1.25
42	5	0.8
42	6	2.18
42	7	11.0
42	8	12.5
42	9	10.0
42	10	1.22
42	11	6.0
42	12	5.5
42	13	5.5
42	14	-1.76
42	15	-0.81
42	16	5.0
42	17	7.5
42	18	5.83
42	19	5.0
42	20	4.96
42	21	6.11
42	22	6.13
42	23	4.92
42	24	4.0
43	1	33.33
43	2	32.9
43	3	33.21
43	4	33.37
43	5	34.65
43	6	48.69
43	7	54.43
43	8	67.96
43	9	69.81
43	10	60.02
43	11	49.55
43	12	48.79
43	13	48.92
43	14	52.0
43	15	51.0
43	16	51.0
43	17	58.44
43	18	71.0
43	19	71.0
43	20	134.0
43	21	82.0
43	22	57.1
43	23	50.0
43	24	50.0
44	1	17.79
44	2	6.65
44	3	5.49
44	4	29.0
44	5	36.22
44	6	54.0
44	7	53.29
44	8	59.02
44	9	56.36
44	10	52.05
44	11	46.15
44	12	42.96
44	13	42.37
44	14	57.0
44	15	57.0
44	16	51.67
44	17	55.0
44	18	57.83
44	19	57.1
44	20	56.78
44	21	56.72
44	22	54.24
44	23	52.35
44	24	57.36
45	1	70.59
45	2	70.17
45	3	69.16
45	4	68.45
45	5	69.65
45	6	70.98
45	7	92.72
45	8	104.0
45	9	81.0
45	10	77.37
45	11	73.16
45	12	70.98
45	13	69.65
45	14	69.45
45	15	68.21
45	16	69.39
45	17	68.96
45	18	70.37
45	19	71.56
45	20	80.5
45	21	120.0
45	22	120.0
45	23	96.0
45	24	73.21
46	1	35.52
46	2	35.22
46	3	35.09
46	4	35.19
46	5	35.2
46	6	42.0
46	7	108.55
46	8	100.9
46	9	76.19
46	10	53.33
46	11	44.48
46	12	40.13
46	13	34.56
46	14	21.87
46	15	18.95
46	16	28.94
46	17	35.52
46	18	37.09
46	19	38.48
46	20	43.01
46	21	40.01
46	22	40.0
46	23	38.62
46	24	37.15
47	1	17.15
47	2	16.18
47	3	18.33
47	4	20.47
47	5	22.9
47	6	25.22
47	7	35.08
47	8	39.27
47	9	38.09
47	10	37.84
47	11	38.09
47	12	25.72
47	13	14.99
47	14	20.26
47	15	34.59
47	16	34.59
47	17	45.0
47	18	51.0
47	19	51.0
47	20	45.0
47	21	34.22
47	22	30.2
47	23	25.39
47	24	26.75
48	1	79.0
48	2	80.0
48	3	80.0
48	4	76.0
48	5	77.35
48	6	80.0
48	7	171.0
48	8	132.0
48	9	96.0
48	10	79.83
48	11	74.77
48	12	75.06
48	13	75.74
48	14	76.18
48	15	73.88
48	16	72.87
48	17	70.08
48	18	70.63
48	19	69.99
48	20	70.63
48	21	69.98
48	22	68.97
48	23	68.76
48	24	71.86
49	1	0.34
49	2	0.04
49	3	0.04
49	4	0.11
49	5	0.43
49	6	1.83
49	7	2.98
49	8	6.1
49	9	6.2
49	10	6.03
49	11	5.05
49	12	4.99
49	13	7.0
49	14	2.6
49	15	2.98
49	16	3.76
49	17	10.0
49	18	10.0
49	19	8.0
49	20	8.0
49	21	4.5
49	22	1.0
49	23	0.42
49	24	7.85
50	1	17.79
50	2	6.65
50	3	5.49
50	4	29.0
50	5	36.22
50	6	54.0
50	7	53.29
50	8	59.02
50	9	56.36
50	10	52.05
50	11	46.15
50	12	42.96
50	13	42.37
50	14	57.0
50	15	57.0
50	16	51.67
50	17	55.0
50	18	57.83
50	19	57.1
50	20	56.78
50	21	56.72
50	22	54.24
50	23	52.35
50	24	57.36
51	1	5.0
51	2	7.0
51	3	7.0
51	4	7.0
51	5	7.0
51	6	6.0
51	7	9.0
51	8	9.0
51	9	9.95
51	10	-0.88
51	11	-14.99
51	12	-32.04
51	13	-59.96
51	14	-39.94
51	15	-0.07
51	16	13.76
51	17	13.33
51	18	16.0
51	19	16.0
51	20	16.0
51	21	10.08
51	22	10.09
51	23	5.81
51	24	3.99
52	1	62.44
52	2	62.69
52	3	63.03
52	4	63.81
52	5	63.03
52	6	67.9
52	7	150.34
52	8	127.13
52	9	97.89
52	10	87.02
52	11	74.58
52	12	64.15
52	13	64.71
52	14	62.63
52	15	61.49
52	16	63.15
52	17	64.97
52	18	66.47
52	19	77.04
52	20	74.98
52	21	69.05
52	22	63.98
52	23	61.09
52	24	61.23
53	1	38.0
53	2	39.0
53	3	38.0
53	4	38.0
53	5	29.0
53	6	22.0
53	7	22.5
53	8	18.0
53	9	-0.05
53	10	-0.03
53	11	-0.05
53	12	-0.22
53	13	-0.64
53	14	-0.95
53	15	4.42
53	16	4.42
53	17	9.47
53	18	20.51
53	19	33.02
53	20	36.33
53	21	36.09
53	22	35.83
53	23	35.47
53	24	25.7
54	1	30.21
54	2	15.39
54	3	7.01
54	4	8.7
54	5	4.98
54	6	4.91
54	7	4.11
54	8	0.97
54	9	0.0
54	10	1.56
54	11	10.4
54	12	10.42
54	13	3.0
54	14	-5.0
54	15	-4.36
54	16	4.0
54	17	26.28
54	18	39.0
54	19	39.0
54	20	42.73
54	21	44.99
54	22	37.62
54	23	33.99
54	24	33.52
55	1	52.01
55	2	50.17
55	3	59.0
55	4	56.5
55	5	54.08
55	6	57.21
55	7	65.0
55	8	74.0
55	9	72.0
55	10	67.17
55	11	61.23
55	12	57.4
55	13	56.22
55	14	55.49
55	15	56.17
55	16	57.08
55	17	65.17
55	18	73.02
55	19	87.85
55	20	67.78
55	21	59.94
55	22	67.78
55	23	56.0
55	24	52.85
56	1	70.59
56	2	70.17
56	3	69.16
56	4	68.45
56	5	69.65
56	6	70.98
56	7	92.72
56	8	104.0
56	9	81.0
56	10	77.37
56	11	73.16
56	12	70.98
56	13	69.65
56	14	69.45
56	15	68.21
56	16	69.39
56	17	68.96
56	18	70.37
56	19	71.56
56	20	80.5
56	21	120.0
56	22	120.0
56	23	96.0
56	24	73.21
57	1	22.09
57	2	21.92
57	3	21.22
57	4	21.24
57	5	21.84
57	6	23.12
57	7	23.84
57	8	27.0
57	9	27.0
57	10	28.5
57	11	28.5
57	12	26.5
57	13	23.84
57	14	23.37
57	15	23.29
57	16	23.13
57	17	23.21
57	18	23.0
57	19	24.0
57	20	22.66
57	21	22.27
57	22	22.87
57	23	22.31
57	24	21.98
58	1	42.0
58	2	42.0
58	3	42.0
58	4	42.0
58	5	42.0
58	6	37.0
58	7	34.0
58	8	40.0
58	9	40.0
58	10	40.0
58	11	40.0
58	12	50.5
58	13	50.0
58	14	46.0
58	15	46.0
58	16	47.0
58	17	46.0
58	18	46.0
58	19	45.0
58	20	45.0
58	21	38.0
58	22	44.0
58	23	42.0
58	24	40.0
59	1	37.34
59	2	37.04
59	3	36.8
59	4	36.92
59	5	36.97
59	6	37.55
59	7	49.0
59	8	108.0
59	9	174.0
59	10	147.83
59	11	142.24
59	12	120.77
59	13	101.69
59	14	60.72
59	15	69.79
59	16	60.77
59	17	70.26
59	18	59.25
59	19	62.58
59	20	48.26
59	21	50.0
59	22	51.0
59	23	50.0
59	24	37.52
60	1	39.6
60	2	38.99
60	3	39.73
60	4	40.26
60	5	42.35
60	6	50.72
60	7	82.0
60	8	122.54
60	9	91.3
60	10	61.93
60	11	51.36
60	12	54.9
60	13	50.47
60	14	50.34
60	15	50.01
60	16	51.75
60	17	59.87
60	18	57.29
60	19	53.32
60	20	51.11
60	21	46.99
60	22	43.09
60	23	41.41
60	24	42.44
61	1	40.5
61	2	42.0
61	3	42.0
61	4	41.0
61	5	41.0
61	6	41.0
61	7	41.0
61	8	41.0
61	9	37.56
61	10	42.0
61	11	39.5
61	12	45.0
61	13	43.0
61	14	40.5
61	15	40.0
61	16	39.46
61	17	49.5
61	18	50.5
61	19	50.5
61	20	50.5
61	21	50.5
61	22	49.5
61	23	48.0
61	24	48.0
62	1	44.0
62	2	44.0
62	3	42.0
62	4	40.0
62	5	40.0
62	6	33.0
62	7	31.58
62	8	45.0
62	9	54.0
62	10	50.0
62	11	50.0
62	12	45.0
62	13	45.0
62	14	45.0
62	15	53.0
62	16	55.0
62	17	57.0
62	18	70.0
62	19	46.0
62	20	45.0
62	21	45.0
62	22	43.0
62	23	43.0
62	24	40.0
63	1	58.0
63	2	60.0
63	3	55.0
63	4	54.75
63	5	54.79
63	6	55.06
63	7	54.93
63	8	54.25
63	9	51.4
63	10	49.7
63	11	48.15
63	12	47.28
63	13	45.98
63	14	48.91
63	15	51.65
63	16	54.32
63	17	65.5
63	18	74.0
63	19	92.0
63	20	85.56
63	21	61.02
63	22	60.0
63	23	63.0
63	24	63.0
64	1	41.26
64	2	40.67
64	3	40.32
64	4	40.0
64	5	40.34
64	6	41.2
64	7	46.94
64	8	49.55
64	9	51.96
64	10	50.5
64	11	50.23
64	12	50.22
64	13	49.13
64	14	46.56
64	15	45.91
64	16	48.15
64	17	49.99
64	18	53.28
64	19	54.66
64	20	53.61
64	21	53.22
64	22	53.16
64	23	53.28
64	24	53.25
65	1	61.0
65	2	61.0
65	3	55.5
65	4	55.5
65	5	57.0
65	6	65.0
65	7	69.0
65	8	73.777
65	9	73.0
65	10	62.85
65	11	61.9
65	12	60.44
65	13	58.9
65	14	58.92
65	15	58.72
65	16	59.95
65	17	61.61
65	18	74.0
65	19	80.0
65	20	90.0
65	21	90.0
65	22	90.0
65	23	80.0
65	24	75.0
66	1	60.12
66	2	59.6
66	3	59.29
66	4	59.16
66	5	59.27
66	6	59.95
66	7	61.95
66	8	70.69
66	9	83.51
66	10	82.22
66	11	74.68
66	12	80.5
66	13	72.5
66	14	75.0
66	15	74.5
66	16	74.0
66	17	74.0
66	18	77.0
66	19	76.0
66	20	72.5
66	21	66.0
66	22	55.53
66	23	55.16
66	24	54.84
67	1	56.84
67	2	56.3
67	3	56.56
67	4	56.57
67	5	56.27
67	6	56.29
67	7	54.53
67	8	52.62
67	9	48.0
67	10	46.18
67	11	56.0
67	12	56.0
67	13	26.51
67	14	49.0
67	15	57.0
67	16	60.0
67	17	58.0
67	18	56.66
67	19	57.49
67	20	57.59
67	21	57.51
67	22	57.32
67	23	57.45
67	24	57.0
68	1	38.0
68	2	33.56
68	3	32.03
68	4	32.29
68	5	36.7
68	6	41.72
68	7	49.18
68	8	62.04
68	9	65.67
68	10	73.0
68	11	84.5
68	12	85.0
68	13	90.16
68	14	90.87
68	15	82.0
68	16	88.0
68	17	88.0
68	18	88.08
68	19	80.11
68	20	66.77
68	21	70.0
68	22	70.0
68	23	72.5
68	24	69.0
69	1	55.98
69	2	55.0
69	3	53.87
69	4	50.3
69	5	51.75
69	6	54.93
69	7	55.12
69	8	65.1
69	9	79.23
69	10	71.54
69	11	64.59
69	12	62.52
69	13	56.61
69	14	56.33
69	15	58.98
69	16	59.35
69	17	62.45
69	18	74.61
69	19	82.67
69	20	78.5
69	21	69.98
69	22	63.65
69	23	59.95
69	24	58.88
70	1	18.08
70	2	22.5
70	3	22.5
70	4	20.0
70	5	18.0
70	6	17.0
70	7	19.95
70	8	29.44
70	9	32.57
70	10	31.16
70	11	31.21
70	12	30.94
70	13	37.0
70	14	37.0
70	15	34.0
70	16	38.0
70	17	38.0
70	18	39.0
70	19	39.0
70	20	38.5
70	21	39.0
70	22	38.0
70	23	37.5
70	24	32.0
71	1	77.0
71	2	69.75
71	3	66.0
71	4	64.0
71	5	64.0
71	6	64.0
71	7	64.45
71	8	68.55
71	9	75.0
71	10	78.85
71	11	74.07
71	12	73.01
71	13	69.75
71	14	70.79
71	15	73.39
71	16	81.0
71	17	95.0
71	18	102.0
71	19	102.0
71	20	91.57
71	21	88.0
71	22	73.39
71	23	70.42
71	24	66.99
72	1	56.0
72	2	56.0
72	3	56.0
72	4	56.0
72	5	51.35
72	6	52.35
72	7	59.93
72	8	85.66
72	9	85.66
72	10	76.27
72	11	67.81
72	12	59.12
72	13	62.5
72	14	55.0
72	15	55.0
72	16	59.44
72	17	55.93
72	18	67.0
72	19	67.0
72	20	64.0
72	21	64.0
72	22	51.54
72	23	50.53
72	24	50.13
73	1	56.0
73	2	56.0
73	3	56.0
73	4	56.0
73	5	51.35
73	6	52.35
73	7	59.93
73	8	85.66
73	9	85.66
73	10	76.27
73	11	67.81
73	12	59.12
73	13	62.5
73	14	55.0
73	15	55.0
73	16	59.44
73	17	55.93
73	18	67.0
73	19	67.0
73	20	64.0
73	21	64.0
73	22	51.54
73	23	50.53
73	24	50.13
74	1	32.0
74	2	31.0
74	3	30.0
74	4	30.0
74	5	30.0
74	6	29.35
74	7	27.69
74	8	32.08
74	9	34.98
74	10	37.62
74	11	38.67
74	12	36.7
74	13	35.0
74	14	36.0
74	15	39.0
74	16	45.0
74	17	45.0
74	18	45.0
74	19	42.0
74	20	40.0
74	21	32.0
74	22	24.08
74	23	20.62
74	24	21.94
75	1	57.36
75	2	54.96
75	3	54.34
75	4	53.88
75	5	53.37
75	6	54.25
75	7	54.97
75	8	57.1
75	9	58.02
75	10	58.67
75	11	63.0
75	12	63.0
75	13	55.0
75	14	54.81
75	15	56.73
75	16	58.58
75	17	67.0
75	18	70.0
75	19	69.0
75	20	67.0
75	21	60.51
75	22	60.57
75	23	60.0
75	24	54.99
76	1	42.5
76	2	42.5
76	3	42.0
76	4	40.0
76	5	41.0
76	6	41.0
76	7	41.0
76	8	38.0
76	9	39.87
76	10	40.75
76	11	40.02
76	12	37.65
76	13	39.5
76	14	35.88
76	15	34.46
76	16	32.86
76	17	32.24
76	18	41.0
76	19	41.0
76	20	40.5
76	21	37.0
76	22	39.0
76	23	38.0
76	24	15.02
77	1	56.07
77	2	56.57
77	3	60.0
77	4	60.0
77	5	60.0
77	6	60.0
77	7	57.24
77	8	57.86
77	9	58.13
77	10	58.5
77	11	58.2
77	12	56.61
77	13	55.84
77	14	55.48
77	15	57.54
77	16	57.95
77	17	58.93
77	18	59.96
77	19	59.54
77	20	59.07
77	21	59.07
77	22	57.85
77	23	57.73
77	24	57.61
78	1	62.0
78	2	62.0
78	3	67.0
78	4	68.961
78	5	68.47
78	6	67.0
78	7	72.51
78	8	86.67
78	9	87.0
78	10	85.53
78	11	81.17
78	12	78.01
78	13	75.82
78	14	78.29
78	15	80.0
78	16	86.74
78	17	99.0
78	18	140.0
78	19	136.0
78	20	106.79
78	21	97.36
78	22	84.94
78	23	93.86
78	24	76.91
79	1	42.5
79	2	42.5
79	3	42.0
79	4	40.0
79	5	41.0
79	6	41.0
79	7	41.0
79	8	38.0
79	9	39.87
79	10	40.75
79	11	40.02
79	12	37.65
79	13	39.5
79	14	35.88
79	15	34.46
79	16	32.86
79	17	32.24
79	18	41.0
79	19	41.0
79	20	40.5
79	21	37.0
79	22	39.0
79	23	38.0
79	24	15.02
80	1	83.7
80	2	86.5
80	3	80.0
80	4	69.12
80	5	68.89
80	6	74.08
80	7	85.0
80	8	110.0
80	9	133.15
80	10	113.55
80	11	117.0
80	12	115.0
80	13	213.411
80	14	90.98
80	15	94.9
80	16	94.38
80	17	115.0
80	18	115.0
80	19	97.0
80	20	86.06
80	21	83.2
80	22	85.0
80	23	80.0
80	24	76.0
81	1	91.432
81	2	83.3
81	3	81.25
81	4	79.84
81	5	79.98
81	6	81.8
81	7	86.66
81	8	111.86
81	9	136.38
81	10	130.78
81	11	118.22
81	12	111.41
81	13	103.67
81	14	99.88
81	15	101.3
81	16	106.81
81	17	116.52
81	18	123.8
81	19	122.35
81	20	116.01
81	21	104.03
81	22	88.77
81	23	82.83
81	24	80.1
82	1	60.7
82	2	60.49
82	3	60.67
82	4	62.51
82	5	64.88
82	6	74.18
82	7	85.46
82	8	110.57
82	9	96.79
82	10	75.19
82	11	68.02
82	12	65.5
82	13	63.0
82	14	61.26
82	15	62.65
82	16	71.52
82	17	76.96
82	18	101.96
82	19	160.12
82	20	142.56
82	21	99.55
82	22	68.97
82	23	72.73
82	24	68.95
83	1	28.0
83	2	26.0
83	3	22.93
83	4	21.26
83	5	19.8
83	6	22.03
83	7	21.19
83	8	23.21
83	9	25.0
83	10	28.98
83	11	29.93
83	12	29.75
83	13	29.44
83	14	28.87
83	15	26.94
83	16	27.24
83	17	29.01
83	18	32.0
83	19	28.0
83	20	24.5
83	21	19.56
83	22	13.06
83	23	10.48
83	24	4.86
84	1	-0.1
84	2	-0.14
84	3	-0.08
84	4	-0.04
84	5	3.34
84	6	25.96
84	7	27.47
84	8	30.89
84	9	31.27
84	10	29.74
84	11	28.82
84	12	29.9
84	13	30.89
84	14	33.97
84	15	35.62
84	16	35.7
84	17	36.32
84	18	36.4
84	19	35.78
84	20	36.0
84	21	35.6
84	22	34.55
84	23	34.15
84	24	31.13
85	1	49.0
85	2	41.11
85	3	40.78
85	4	40.78
85	5	41.25
85	6	44.78
85	7	62.0
85	8	64.0
85	9	120.0
85	10	90.3
85	11	75.53
85	12	71.37
85	13	67.58
85	14	101.24
85	15	180.0
85	16	200.0
85	17	75.0
85	18	75.9
85	19	144.25
85	20	136.33
85	21	114.54
85	22	104.53
85	23	103.66
85	24	95.77
86	1	26.29
86	2	24.08
86	3	23.83
86	4	24.02
86	5	26.85
86	6	31.03
86	7	34.0
86	8	34.0
86	9	32.28
86	10	32.24
86	11	32.23
86	12	31.63
86	13	31.41
86	14	31.51
86	15	31.04
86	16	31.49
86	17	31.64
86	18	31.9
86	19	31.79
86	20	31.75
86	21	31.74
86	22	30.99
86	23	30.59
86	24	23.69
87	1	50.09
87	2	48.77
87	3	49.55
87	4	49.56
87	5	52.65
87	6	55.42
87	7	56.66
87	8	59.09
87	9	61.78
87	10	61.68
87	11	61.8
87	12	61.89
87	13	62.61
87	14	62.92
87	15	63.9
87	16	88.97
87	17	105.07
87	18	123.47
87	19	113.66
87	20	104.19
87	21	89.13
87	22	81.83
87	23	64.4
87	24	62.19
88	1	67.0
88	2	58.39
88	3	59.0
88	4	59.0
88	5	59.0
88	6	59.0
88	7	62.7
88	8	74.0
88	9	74.0
88	10	74.0
88	11	74.0
88	12	74.0
88	13	66.397
88	14	71.0
88	15	73.0
88	16	78.0
88	17	84.0
88	18	91.0
88	19	91.0
88	20	91.0
88	21	85.0
88	22	69.2
88	23	75.0
88	24	73.78
89	1	64.03
89	2	63.13
89	3	62.61
89	4	62.41
89	5	62.08
89	6	64.47
89	7	72.65
89	8	92.0
89	9	92.0
89	10	94.2
89	11	94.82
89	12	94.74
89	13	86.69
89	14	85.96
89	15	95.0
89	16	99.0
89	17	106.0
89	18	134.0
89	19	145.0
89	20	125.0
89	21	104.0
89	22	100.01
89	23	95.0
89	24	88.83
90	1	45.0
90	2	39.0
90	3	39.0
90	4	39.0
90	5	41.0
90	6	41.14
90	7	46.46
90	8	61.73
90	9	69.51
90	10	74.8
90	11	96.95
90	12	64.65
90	13	62.0
90	14	54.92
90	15	61.01
90	16	63.01
90	17	75.26
90	18	138.1
90	19	131.72
90	20	124.0
90	21	109.49
90	22	102.15
90	23	90.6
90	24	51.21
91	1	41.44
91	2	40.43
91	3	38.29
91	4	35.05
91	5	39.07
91	6	41.52
91	7	44.95
91	8	55.28
91	9	67.09
91	10	59.64
91	11	59.59
91	12	60.48
91	13	61.23
91	14	66.71
91	15	75.32
91	16	93.0
91	17	93.0
91	18	99.0
91	19	99.0
91	20	99.0
91	21	87.11
91	22	78.67
91	23	74.64
91	24	67.46
92	1	55.98
92	2	55.0
92	3	53.87
92	4	50.3
92	5	51.75
92	6	54.93
92	7	55.12
92	8	65.1
92	9	79.23
92	10	71.54
92	11	64.59
92	12	62.52
92	13	56.61
92	14	56.33
92	15	58.98
92	16	59.35
92	17	62.45
92	18	74.61
92	19	82.67
92	20	78.5
92	21	69.98
92	22	63.65
92	23	59.95
92	24	58.88
93	1	64.03
93	2	63.13
93	3	62.61
93	4	62.41
93	5	62.08
93	6	64.47
93	7	72.65
93	8	92.0
93	9	92.0
93	10	94.2
93	11	94.82
93	12	94.74
93	13	86.69
93	14	85.96
93	15	95.0
93	16	99.0
93	17	106.0
93	18	134.0
93	19	145.0
93	20	125.0
93	21	104.0
93	22	100.01
93	23	95.0
93	24	88.83
94	1	7.62
94	2	7.77
94	3	5.85
94	4	5.63
94	5	5.77
94	6	5.42
94	7	4.94
94	8	4.67
94	9	7.04
94	10	22.46
94	11	22.1
94	12	24.34
94	13	24.33
94	14	25.96
94	15	29.9
94	16	32.55
94	17	38.41
94	18	44.01
94	19	43.1
94	20	37.52
94	21	34.9
94	22	32.18
94	23	31.57
94	24	27.4
95	1	59.47
95	2	75.0
95	3	75.0
95	4	75.0
95	5	63.0
95	6	60.0
95	7	81.0
95	8	179.0
95	9	292.0
95	10	293.71
95	11	274.62
95	12	257.16
95	13	251.86
95	14	239.75
95	15	292.25
95	16	299.02
95	17	343.77
95	18	349.4
95	19	246.0
95	20	205.93
95	21	134.64
95	22	113.27
95	23	103.32
95	24	94.51
96	1	39.55
96	2	37.75
96	3	32.0
96	4	30.2
96	5	38.95
96	6	42.21
96	7	43.53
96	8	44.44
96	9	43.79
96	10	42.09
96	11	38.0
96	12	31.58
96	13	30.0
96	14	30.0
96	15	37.18
96	16	37.18
96	17	38.23
96	18	39.48
96	19	38.64
96	20	37.92
96	21	36.44
96	22	32.99
96	23	32.63
96	24	34.71
97	1	54.5
97	2	51.0
97	3	44.94
97	4	48.66
97	5	50.74
97	6	53.13
97	7	59.39
97	8	66.05
97	9	89.02
97	10	85.25
97	11	81.35
97	12	76.22
97	13	72.63
97	14	75.44
97	15	79.56
97	16	89.1
97	17	81.53
97	18	119.56
97	19	111.96
97	20	95.73
97	21	88.24
97	22	83.64
97	23	77.93
97	24	72.83
98	1	42.82
98	2	42.34
98	3	42.49
98	4	42.5
98	5	43.39
98	6	44.34
98	7	48.1
98	8	67.21
98	9	71.77
98	10	70.18
98	11	72.32
98	12	72.19
98	13	73.34
98	14	68.65
98	15	66.22
98	16	68.69
98	17	73.15
98	18	102.41
98	19	103.47
98	20	93.16
98	21	71.74
98	22	65.81
98	23	61.08
98	24	46.31
99	1	36.0
99	2	35.0
99	3	34.0
99	4	33.0
99	5	28.0
99	6	29.35
99	7	31.52
99	8	34.07
99	9	36.63
99	10	36.67
99	11	36.99
99	12	37.05
99	13	37.08
99	14	37.22
99	15	40.0
99	16	41.0
99	17	44.0
99	18	44.0
99	19	44.0
99	20	44.0
99	21	43.5
99	22	39.5
99	23	39.5
99	24	39.5
100	1	64.02
100	2	62.77
100	3	62.17
100	4	62.74
100	5	64.92
100	6	68.58
100	7	83.5
100	8	106.0
100	9	107.0
100	10	87.0
100	11	73.39
100	12	69.67
100	13	67.32
100	14	67.21
100	15	68.38
100	16	69.96
100	17	77.24
100	18	96.9
100	19	115.87
100	20	115.55
100	21	91.0
100	22	77.67
100	23	77.2
100	24	70.5
101	1	51.41
101	2	49.99
101	3	50.3
101	4	51.36
101	5	52.88
101	6	53.76
101	7	54.14
101	8	55.6
101	9	58.93
101	10	61.33
101	11	60.09
101	12	58.81
101	13	56.45
101	14	54.76
101	15	56.45
101	16	59.07
101	17	59.78
101	18	63.69
101	19	102.3
101	20	86.65
101	21	77.59
101	22	67.01
101	23	61.19
101	24	59.11
102	1	39.46
102	2	38.9
102	3	38.98
102	4	37.86
102	5	35.57
102	6	35.15
102	7	35.77
102	8	38.4
102	9	39.06
102	10	39.74
102	11	39.79
102	12	40.38
102	13	40.48
102	14	40.95
102	15	40.62
102	16	41.08
102	17	41.87
102	18	41.81
102	19	41.61
102	20	41.35
102	21	41.15
102	22	40.56
102	23	40.1
102	24	39.42
103	1	39.55
103	2	37.75
103	3	32.0
103	4	30.2
103	5	38.95
103	6	42.21
103	7	43.53
103	8	44.44
103	9	43.79
103	10	42.09
103	11	38.0
103	12	31.58
103	13	30.0
103	14	30.0
103	15	37.18
103	16	37.18
103	17	38.23
103	18	39.48
103	19	38.64
103	20	37.92
103	21	36.44
103	22	32.99
103	23	32.63
103	24	34.71
104	1	60.63
104	2	59.34
104	3	60.0
104	4	60.0
104	5	60.0
104	6	59.66
104	7	73.0
104	8	73.0
104	9	77.41
104	10	71.0
104	11	79.24
104	12	80.5
104	13	77.0
104	14	62.9
104	15	66.89
104	16	70.0
104	17	77.0
104	18	80.56
104	19	84.89
104	20	81.85
104	21	74.15
104	22	67.48
104	23	66.02
104	24	61.99
105	1	11.55
105	2	12.3
105	3	11.84
105	4	26.23
105	5	27.05
105	6	28.41
105	7	31.72
105	8	144.0
105	9	142.0
105	10	80.34
105	11	40.23
105	12	36.47
105	13	35.91
105	14	55.0
105	15	50.5
105	16	50.5
105	17	43.97
105	18	72.65
105	19	60.41
105	20	90.2
105	21	54.19
105	22	38.95
105	23	35.43
105	24	29.33
106	1	87.0
106	2	80.0
106	3	80.0
106	4	73.5
106	5	72.24
106	6	70.85
106	7	69.22
106	8	70.56
106	9	72.52
106	10	73.31
106	11	80.0
106	12	80.0
106	13	70.56
106	14	67.89
106	15	69.94
106	16	70.71
106	17	72.84
106	18	86.0
106	19	92.0
106	20	85.0
106	21	80.5
106	22	79.0
106	23	81.0
106	24	81.0
107	1	57.5
107	2	55.0
107	3	52.0
107	4	47.26
107	5	45.21
107	6	48.35
107	7	51.3
107	8	60.0
107	9	59.0
107	10	55.64
107	11	53.25
107	12	51.45
107	13	55.0
107	14	60.0
107	15	51.29
107	16	52.8
107	17	53.42
107	18	58.03
107	19	64.51
107	20	64.5
107	21	61.5
107	22	58.75
107	23	56.8
107	24	54.51
108	1	57.0
108	2	50.25
108	3	46.98
108	4	44.72
108	5	45.8
108	6	46.89
108	7	57.75
108	8	94.68
108	9	182.56
108	10	158.94
108	11	138.51
108	12	120.06
108	13	115.35
108	14	114.31
108	15	122.5
108	16	122.34
108	17	88.63
108	18	95.5
108	19	96.26
108	20	53.16
108	21	51.57
108	22	51.8
108	23	47.74
108	24	44.27
109	1	39.72
109	2	39.56
109	3	39.37
109	4	39.28
109	5	39.54
109	6	40.12
109	7	40.19
109	8	41.01
109	9	41.97
109	10	43.0
109	11	43.0
109	12	42.63
109	13	39.23
109	14	41.25
109	15	41.0
109	16	41.24
109	17	41.17
109	18	44.1
109	19	42.33
109	20	40.97
109	21	40.49
109	22	39.64
109	23	39.47
109	24	38.97
110	1	39.35
110	2	39.23
110	3	39.15
110	4	39.2
110	5	39.93
110	6	42.27
110	7	43.25
110	8	43.33
110	9	42.39
110	10	41.82
110	11	42.39
110	12	42.18
110	13	41.84
110	14	41.74
110	15	40.83
110	16	42.01
110	17	44.0
110	18	44.0
110	19	42.66
110	20	42.18
110	21	41.54
110	22	39.73
110	23	38.4
110	24	39.45
111	1	53.15
111	2	52.92
111	3	52.79
111	4	52.59
111	5	52.93
111	6	53.97
111	7	53.97
111	8	56.91
111	9	57.9
111	10	56.6
111	11	55.66
111	12	54.62
111	13	54.08
111	14	53.24
111	15	53.15
111	16	52.85
111	17	55.0
111	18	62.0
111	19	58.0
111	20	58.0
111	21	58.0
111	22	57.0
111	23	55.0
111	24	56.0
112	1	26.29
112	2	24.08
112	3	23.83
112	4	24.02
112	5	26.85
112	6	31.03
112	7	34.0
112	8	34.0
112	9	32.28
112	10	32.24
112	11	32.23
112	12	31.63
112	13	31.41
112	14	31.51
112	15	31.04
112	16	31.49
112	17	31.64
112	18	31.9
112	19	31.79
112	20	31.75
112	21	31.74
112	22	30.99
112	23	30.59
112	24	23.69
