Node	Time	ActivationDownPrice
3	1	23.52
3	2	23.04
3	3	16.0
3	4	16.0
3	5	16.0
3	6	21.93
3	7	23.15
3	8	23.57
3	9	25.41
3	10	23.52
3	11	11.71
3	12	0.0
3	13	-3.0
3	14	-3.0
3	15	-3.0
3	16	0.0
3	17	16.5
3	18	25.21
3	19	25.21
3	20	16.0
3	21	18.0
3	22	23.95
3	23	16.0
3	24	16.38
4	1	3.0
4	2	-0.263
4	3	5.49
4	4	17.9
4	5	36.22
4	6	49.0
4	7	53.29
4	8	47.0
4	9	37.5
4	10	37.5
4	11	33.51
4	12	35.0
4	13	35.0
4	14	43.21
4	15	44.5
4	16	43.265
4	17	48.0
4	18	48.5
4	19	48.265
4	20	49.605
4	21	51.89
4	22	49.5
4	23	52.35
4	24	47.5
5	1	3.89
5	2	3.8
5	3	3.79
5	4	3.99
5	5	4.14
5	6	2.5
5	7	2.0
5	8	2.0
5	9	3.5
5	10	7.71
5	11	2.0
5	12	2.0
5	13	2.0
5	14	1.0
5	15	1.0
5	16	6.0
5	17	6.57
5	18	3.0
5	19	2.5
5	20	5.06
5	21	3.59
5	22	1.0
5	23	1.0
5	24	-2.0
6	1	31.36
6	2	30.45
6	3	12.0
6	4	27.53
6	5	27.13
6	6	29.9
6	7	33.13
6	8	33.13
6	9	29.2
6	10	22.09
6	11	4.39
6	12	1.19
6	13	-1.02
6	14	-0.8
6	15	-0.9
6	16	1.0
6	17	25.41
6	18	22.0
6	19	22.0
6	20	31.62
6	21	29.98
6	22	29.92
6	23	29.65
6	24	26.93
7	1	9.5
7	2	10.0
7	3	15.45
7	4	15.58
7	5	15.92
7	6	17.16
7	7	20.07
7	8	41.82
7	9	41.0
7	10	21.96
7	11	19.21
7	12	18.49
7	13	18.33
7	14	18.24
7	15	17.21
7	16	18.31
7	17	19.6
7	18	20.31
7	19	18.92
7	20	17.7
7	21	17.84
7	22	12.0
7	23	11.0
7	24	10.0
8	1	45.08
8	2	45.31
8	3	46.09
8	4	47.51
8	5	48.25
8	6	49.94
8	7	51.26
8	8	50.23
8	9	48.25
8	10	39.12
8	11	39.99
8	12	39.55
8	13	37.84
8	14	34.92
8	15	39.21
8	16	39.87
8	17	46.28
8	18	51.51
8	19	50.96
8	20	48.28
8	21	45.02
8	22	40.83
8	23	26.01
8	24	11.3
9	1	5.0
9	2	0.0
9	3	0.0
9	4	0.0
9	5	20.5
9	6	27.01
9	7	31.56
9	8	48.92
9	9	26.5
9	10	26.5
9	11	35.92
9	12	10.0
9	13	10.0
9	14	11.0
9	15	31.49
9	16	31.91
9	17	31.69
9	18	31.96
9	19	31.31
9	20	31.25
9	21	35.01
9	22	34.67
9	23	30.71
9	24	28.99
10	1	0.0
10	2	0.0
10	3	-1.0
10	4	-1.0
10	5	-1.0
10	6	-1.0
10	7	-1.0
10	8	-0.5
10	9	4.4
10	10	4.79
10	11	0.0
10	12	-3.89
10	13	-7.0
10	14	4.32
10	15	0.0
10	16	1.0
10	17	0.0
10	18	2.5
10	19	5.56
10	20	5.96
10	21	6.83
10	22	5.25
10	23	4.91
10	24	9.59
11	1	70.0
11	2	70.0
11	3	69.0
11	4	69.16
11	5	68.47
11	6	69.0
11	7	77.6
11	8	71.99
11	9	85.47
11	10	66.0
11	11	71.0
11	12	69.86
11	13	68.6
11	14	66.81
11	15	68.04
11	16	69.68
11	17	77.4
11	18	69.0
11	19	69.0
11	20	78.4
11	21	74.97
11	22	68.0
11	23	68.0
11	24	65.0
12	1	45.0
12	2	47.0
12	3	51.57
12	4	51.94
12	5	54.08
12	6	57.21
12	7	55.34
12	8	73.15
12	9	69.71
12	10	53.24
12	11	51.5
12	12	51.5
12	13	56.22
12	14	46.0
12	15	44.5
12	16	44.5
12	17	48.0
12	18	49.0
12	19	51.005
12	20	51.5
12	21	52.5
12	22	67.78
12	23	46.0
12	24	44.0
13	1	21.54
13	2	21.24
13	3	21.08
13	4	21.15
13	5	21.04
13	6	22.3
13	7	24.06
13	8	24.79
13	9	25.15
13	10	25.0
13	11	17.0
13	12	18.0
13	13	2.0
13	14	2.0
13	15	13.0
13	16	13.5
13	17	14.0
13	18	14.0
13	19	14.0
13	20	13.0
13	21	8.12
13	22	10.0
13	23	14.0
13	24	20.55
14	1	40.0
14	2	32.0
14	3	25.0
14	4	19.0
14	5	19.0
14	6	10.25
14	7	0.1
14	8	19.44
14	9	32.34
14	10	33.67
14	11	31.94
14	12	29.32
14	13	27.2
14	14	24.96
14	15	12.99
14	16	17.71
14	17	24.77
14	18	35.44
14	19	51.38
14	20	53.5
14	21	49.0
14	22	42.0
14	23	30.5
14	24	42.0
15	1	43.0
15	2	42.5
15	3	36.62
15	4	35.5
15	5	44.54
15	6	55.68
15	7	57.17
15	8	56.83
15	9	56.1
15	10	47.0
15	11	46.5
15	12	47.0
15	13	44.78
15	14	44.55
15	15	44.98
15	16	45.72
15	17	44.94
15	18	48.86
15	19	50.08
15	20	51.48
15	21	48.99
15	22	44.86
15	23	30.52
15	24	20.0
16	1	19.0
16	2	19.0
16	3	20.0
16	4	8.04
16	5	2.0
16	6	2.0
16	7	24.99
16	8	25.52
16	9	25.52
16	10	21.0
16	11	16.0
16	12	15.0
16	13	15.0
16	14	19.0
16	15	20.0
16	16	19.0
16	17	20.0
16	18	24.23
16	19	24.2
16	20	24.19
16	21	23.94
16	22	24.5
16	23	24.42
16	24	23.7
17	1	28.2
17	2	27.54
17	3	27.4
17	4	27.58
17	5	28.34
17	6	29.92
17	7	35.02
17	8	38.7
17	9	42.0
17	10	35.02
17	11	35.01
17	12	33.84
17	13	33.91
17	14	34.13
17	15	33.65
17	16	33.1
17	17	14.0
17	18	14.0
17	19	14.0
17	20	30.52
17	21	31.22
17	22	32.48
17	23	30.34
17	24	31.56
18	1	7.0
18	2	7.0
18	3	7.0
18	4	10.0
18	5	10.0
18	6	15.5
18	7	16.0
18	8	16.0
18	9	16.5
18	10	20.42
18	11	20.19
18	12	19.1
18	13	18.89
18	14	12.0
18	15	12.0
18	16	19.0
18	17	19.12
18	18	19.46
18	19	18.0
18	20	17.0
18	21	17.0
18	22	17.0
18	23	17.0
18	24	18.57
19	1	10.0
19	2	10.0
19	3	12.0
19	4	12.0
19	5	12.0
19	6	10.0
19	7	10.0
19	8	19.69
19	9	20.86
19	10	20.31
19	11	17.97
19	12	17.46
19	13	12.0
19	14	12.0
19	15	13.0
19	16	17.0
19	17	18.96
19	18	20.94
19	19	19.88
19	20	17.97
19	21	16.98
19	22	18.7
19	23	6.0
19	24	11.0
20	1	38.0
20	2	33.52
20	3	37.0
20	4	16.76
20	5	25.0
20	6	40.0
20	7	45.0
20	8	50.0
20	9	59.96
20	10	52.7
20	11	48.96
20	12	45.76
20	13	24.72
20	14	-6.0
20	15	31.04
20	16	27.61
20	17	39.99
20	18	49.65
20	19	53.4
20	20	53.92
20	21	53.4
20	22	52.73
20	23	50.68
20	24	46.26
21	1	35.0
21	2	35.0
21	3	34.91
21	4	34.54
21	5	34.94
21	6	36.16
21	7	36.93
21	8	36.71
21	9	36.83
21	10	36.87
21	11	34.0
21	12	18.0
21	13	14.0
21	14	20.0
21	15	30.0
21	16	33.5
21	17	36.77
21	18	33.0
21	19	33.0
21	20	33.0
21	21	26.0
21	22	26.0
21	23	28.0
21	24	27.0
22	1	36.84
22	2	36.5
22	3	36.22
22	4	26.68
22	5	20.11
22	6	36.41
22	7	41.2
22	8	69.31
22	9	46.0
22	10	45.0
22	11	33.0
22	12	33.0
22	13	45.86
22	14	41.98
22	15	40.73
22	16	34.5
22	17	33.0
22	18	32.5
22	19	32.0
22	20	41.72
22	21	41.0
22	22	40.52
22	23	37.97
22	24	32.0
23	1	32.56
23	2	32.43
23	3	32.24
23	4	31.71
23	5	30.09
23	6	24.0
23	7	27.01
23	8	25.83
23	9	20.97
23	10	5.93
23	11	0.04
23	12	-0.01
23	13	-0.87
23	14	-0.81
23	15	-0.06
23	16	1.52
23	17	18.69
23	18	27.38
23	19	33.02
23	20	33.03
23	21	32.91
23	22	32.96
23	23	32.94
23	24	32.82
24	1	10.04
24	2	8.02
24	3	7.03
24	4	7.04
24	5	10.53
24	6	17.91
24	7	49.42
24	8	28.0
24	9	18.0
24	10	18.0
24	11	18.0
24	12	12.99
24	13	12.0
24	14	0.0
24	15	2.0
24	16	18.0
24	17	42.08
24	18	47.81
24	19	49.93
24	20	49.27
24	21	19.28
24	22	18.52
24	23	15.02
24	24	16.02
25	1	15.24
25	2	14.45
25	3	13.91
25	4	14.61
25	5	15.24
25	6	20.91
25	7	23.0
25	8	49.99
25	9	39.86
25	10	36.63
25	11	13.0
25	12	4.32
25	13	0.0
25	14	0.0
25	15	0.0
25	16	6.0
25	17	26.79
25	18	42.73
25	19	13.0
25	20	13.0
25	21	13.0
25	22	6.0
25	23	8.0
25	24	8.0
26	1	31.67
26	2	25.64
26	3	17.45
26	4	9.77
26	5	9.95
26	6	26.47
26	7	30.0
26	8	30.33
26	9	23.95
26	10	3.58
26	11	0.0
26	12	-0.04
26	13	-5.18
26	14	-19.66
26	15	-18.6
26	16	-0.06
26	17	1.51
26	18	6.0
26	19	20.0
26	20	30.0
26	21	33.0
26	22	33.0
26	23	33.0
26	24	9.0
27	1	49.5
27	2	50.0
27	3	46.96
27	4	36.0
27	5	46.5
27	6	47.5
27	7	115.51
27	8	106.71
27	9	89.55
27	10	82.75
27	11	77.02
27	12	63.95
27	13	50.5
27	14	50.5
27	15	57.98
27	16	61.82
27	17	72.69
27	18	79.91
27	19	98.43
27	20	83.95
27	21	85.0
27	22	72.45
27	23	70.94
27	24	51.55
28	1	12.07
28	2	12.54
28	3	15.48
28	4	15.49
28	5	15.65
28	6	15.41
28	7	13.0
28	8	13.0
28	9	13.0
28	10	14.0
28	11	14.0
28	12	10.93
28	13	8.0
28	14	10.86
28	15	15.26
28	16	17.2
28	17	17.64
28	18	17.83
28	19	18.65
28	20	14.5
28	21	14.28
28	22	14.48
28	23	12.0
28	24	9.5
29	1	-2.0
29	2	1.6
29	3	1.01
29	4	1.25
29	5	-2.0
29	6	-2.0
29	7	4.32
29	8	5.73
29	9	4.06
29	10	1.22
29	11	0.01
29	12	-0.07
29	13	-0.8
29	14	-1.76
29	15	-0.81
29	16	0.32
29	17	2.64
29	18	-2.0
29	19	-2.5
29	20	-3.89
29	21	-2.0
29	22	0.5
29	23	4.92
29	24	2.11
30	1	45.08
30	2	45.31
30	3	46.09
30	4	47.51
30	5	48.25
30	6	49.94
30	7	51.26
30	8	50.23
30	9	48.25
30	10	39.12
30	11	39.99
30	12	39.55
30	13	37.84
30	14	34.92
30	15	39.21
30	16	39.87
30	17	46.28
30	18	51.51
30	19	50.96
30	20	48.28
30	21	45.02
30	22	40.83
30	23	26.01
30	24	11.3
31	1	21.46
31	2	21.18
31	3	21.1
31	4	21.07
31	5	21.1
31	6	22.87
31	7	25.39
31	8	26.25
31	9	27.53
31	10	28.17
31	11	18.0
31	12	20.3
31	13	16.33
31	14	20.43
31	15	23.23
31	16	27.51
31	17	28.04
31	18	27.67
31	19	26.0
31	20	25.48
31	21	24.65
31	22	24.1
31	23	15.0
31	24	22.82
32	1	27.5
32	2	27.5
32	3	27.5
32	4	25.0
32	5	25.0
32	6	25.0
32	7	34.0
32	8	35.55
32	9	35.14
32	10	35.31
32	11	33.8
32	12	24.0
32	13	10.0
32	14	10.0
32	15	32.65
32	16	36.08
32	17	34.91
32	18	34.93
32	19	34.96
32	20	34.61
32	21	33.7
32	22	33.12
32	23	32.41
32	24	31.95
33	1	1.41
33	2	1.01
33	3	1.01
33	4	2.06
33	5	3.04
33	6	6.78
33	7	13.49
33	8	18.71
33	9	15.36
33	10	14.9
33	11	14.49
33	12	5.5
33	13	5.5
33	14	9.47
33	15	14.76
33	16	17.93
33	17	14.5
33	18	14.5
33	19	17.0
33	20	20.46
33	21	10.0
33	22	7.0
33	23	7.0
33	24	10.0
34	1	31.5
34	2	31.5
34	3	30.5
34	4	19.0
34	5	19.0
34	6	31.5
34	7	33.0
34	8	33.0
34	9	32.0
34	10	32.0
34	11	31.5
34	12	31.5
34	13	32.0
34	14	32.0
34	15	31.5
34	16	31.5
34	17	32.0
34	18	35.51
34	19	35.42
34	20	35.27
34	21	35.19
34	22	34.94
34	23	34.72
34	24	32.76
35	1	31.36
35	2	30.45
35	3	12.0
35	4	27.53
35	5	27.13
35	6	29.9
35	7	33.13
35	8	33.13
35	9	29.2
35	10	22.09
35	11	4.39
35	12	1.19
35	13	-1.02
35	14	-0.8
35	15	-0.9
35	16	1.0
35	17	25.41
35	18	22.0
35	19	22.0
35	20	31.62
35	21	29.98
35	22	29.92
35	23	29.65
35	24	26.93
36	1	17.15
36	2	16.18
36	3	18.33
36	4	19.01
36	5	19.5
36	6	18.0
36	7	35.0
36	8	29.0
36	9	35.0
36	10	35.04
36	11	38.09
36	12	14.0
36	13	-1.5
36	14	-1.5
36	15	10.5
36	16	28.09
36	17	28.5
36	18	34.59
36	19	33.13
36	20	34.47
36	21	34.22
36	22	17.0
36	23	0.0
36	24	0.0
37	1	41.05
37	2	40.81
37	3	40.54
37	4	35.0
37	5	35.0
37	6	45.21
37	7	111.57
37	8	100.68
37	9	40.0
37	10	28.0
37	11	26.0
37	12	24.0
37	13	24.0
37	14	22.36
37	15	25.0
37	16	28.0
37	17	38.0
37	18	37.0
37	19	43.0
37	20	45.77
37	21	38.0
37	22	44.73
37	23	41.26
37	24	36.5
38	1	-2.0
38	2	-2.0
38	3	-2.0
38	4	-2.0
38	5	-7.0
38	6	-4.0
38	7	-2.0
38	8	8.04
38	9	6.71
38	10	9.82
38	11	3.0
38	12	-4.0
38	13	-3.0
38	14	-3.0
38	15	-3.0
38	16	0.0
38	17	1.5
38	18	19.92
38	19	21.95
38	20	10.0
38	21	8.04
38	22	-2.5
38	23	-1.0
38	24	3.78
39	1	23.52
39	2	23.04
39	3	16.0
39	4	16.0
39	5	16.0
39	6	21.93
39	7	23.15
39	8	23.57
39	9	25.41
39	10	23.52
39	11	11.71
39	12	0.0
39	13	-3.0
39	14	-3.0
39	15	-3.0
39	16	0.0
39	17	16.5
39	18	25.21
39	19	25.21
39	20	16.0
39	21	18.0
39	22	23.95
39	23	16.0
39	24	16.38
40	1	0.0
40	2	-1.0
40	3	-1.0
40	4	-1.0
40	5	2.0
40	6	2.0
40	7	24.0
40	8	43.04
40	9	42.72
40	10	34.0
40	11	4.0
40	12	-2.0
40	13	-5.0
40	14	-10.0
40	15	-10.0
40	16	-4.0
40	17	35.0
40	18	41.5
40	19	78.91
40	20	141.1
40	21	89.95
40	22	49.66
40	23	39.0
40	24	10.06
41	1	4.0
41	2	4.0
41	3	4.0
41	4	10.0
41	5	26.88
41	6	34.37
41	7	36.61
41	8	37.89
41	9	36.01
41	10	18.53
41	11	-4.021
41	12	-4.021
41	13	-4.021
41	14	-4.021
41	15	0.83
41	16	6.68
41	17	5.0
41	18	14.0
41	19	34.37
41	20	36.08
41	21	34.19
41	22	34.38
41	23	32.02
41	24	20.39
42	1	-2.0
42	2	1.6
42	3	1.01
42	4	1.25
42	5	-2.0
42	6	-2.0
42	7	4.32
42	8	5.73
42	9	4.06
42	10	1.22
42	11	0.01
42	12	-0.07
42	13	-0.8
42	14	-1.76
42	15	-0.81
42	16	0.32
42	17	2.64
42	18	-2.0
42	19	-2.5
42	20	-3.89
42	21	-2.0
42	22	0.5
42	23	4.92
42	24	2.11
43	1	33.33
43	2	32.9
43	3	33.21
43	4	33.37
43	5	34.65
43	6	48.69
43	7	54.43
43	8	54.0
43	9	54.0
43	10	60.0
43	11	45.819
43	12	48.79
43	13	48.92
43	14	48.59
43	15	48.55
43	16	48.5
43	17	49.97
43	18	67.91
43	19	70.04
43	20	69.42
43	21	60.05
43	22	48.52
43	23	43.44
43	24	46.93
44	1	3.0
44	2	-0.263
44	3	5.49
44	4	17.9
44	5	36.22
44	6	49.0
44	7	53.29
44	8	47.0
44	9	37.5
44	10	37.5
44	11	33.51
44	12	35.0
44	13	35.0
44	14	43.21
44	15	44.5
44	16	43.265
44	17	48.0
44	18	48.5
44	19	48.265
44	20	49.605
44	21	51.89
44	22	49.5
44	23	52.35
44	24	47.5
45	1	70.59
45	2	70.17
45	3	69.16
45	4	60.0
45	5	59.0
45	6	59.0
45	7	67.0
45	8	103.75
45	9	79.69
45	10	74.02
45	11	70.0
45	12	70.0
45	13	69.65
45	14	62.0
45	15	62.0
45	16	64.32
45	17	68.96
45	18	70.37
45	19	71.56
45	20	71.97
45	21	72.23
45	22	72.09
45	23	71.57
45	24	73.21
46	1	31.5
46	2	31.5
46	3	31.5
46	4	31.5
46	5	34.0
46	6	34.0
46	7	108.55
46	8	35.0
46	9	34.0
46	10	32.0
46	11	25.0
46	12	25.0
46	13	24.9
46	14	12.0
46	15	10.0
46	16	4.0
46	17	17.0
46	18	20.5
46	19	29.0
46	20	30.5
46	21	40.01
46	22	39.57
46	23	38.62
46	24	36.87
47	1	17.15
47	2	16.18
47	3	18.33
47	4	19.01
47	5	19.5
47	6	18.0
47	7	35.0
47	8	29.0
47	9	35.0
47	10	35.04
47	11	38.09
47	12	14.0
47	13	-1.5
47	14	-1.5
47	15	10.5
47	16	28.09
47	17	28.5
47	18	34.59
47	19	33.13
47	20	34.47
47	21	34.22
47	22	17.0
47	23	0.0
47	24	0.0
48	1	67.53
48	2	67.33
48	3	67.27
48	4	67.15
48	5	67.39
48	6	68.54
48	7	170.64
48	8	131.92
48	9	64.5
48	10	59.0
48	11	59.0
48	12	64.0
48	13	66.0
48	14	66.0
48	15	62.188
48	16	62.5
48	17	64.0
48	18	70.63
48	19	69.99
48	20	62.0
48	21	64.0
48	22	62.0
48	23	62.0
48	24	64.0
49	1	-8.0
49	2	-8.0
49	3	-8.0
49	4	-8.0
49	5	-5.0
49	6	-5.0
49	7	-3.8
49	8	-3.5
49	9	-3.5
49	10	-1.0
49	11	-1.0
49	12	-1.0
49	13	2.49
49	14	2.6
49	15	2.98
49	16	3.76
49	17	-1.0
49	18	3.52
49	19	3.29
49	20	3.31
49	21	2.46
49	22	-0.5
49	23	-0.5
49	24	0.0
50	1	3.0
50	2	-0.263
50	3	5.49
50	4	17.9
50	5	36.22
50	6	49.0
50	7	53.29
50	8	47.0
50	9	37.5
50	10	37.5
50	11	33.51
50	12	35.0
50	13	35.0
50	14	43.21
50	15	44.5
50	16	43.265
50	17	48.0
50	18	48.5
50	19	48.265
50	20	49.605
50	21	51.89
50	22	49.5
50	23	52.35
50	24	47.5
51	1	0.99
51	2	-0.01
51	3	-0.01
51	4	-0.01
51	5	-0.01
51	6	-0.01
51	7	0.47
51	8	1.0
51	9	9.95
51	10	-4.0
51	11	-14.99
51	12	-32.04
51	13	-59.96
51	14	-39.94
51	15	-6.0
51	16	-0.5
51	17	13.33
51	18	12.59
51	19	13.04
51	20	13.04
51	21	10.08
51	22	10.09
51	23	5.81
51	24	3.99
52	1	53.0
52	2	53.0
52	3	53.0
52	4	53.5
52	5	63.03
52	6	54.0
52	7	61.0
52	8	127.13
52	9	63.0
52	10	63.0
52	11	58.0
52	12	60.0
52	13	53.0
52	14	50.0
52	15	45.0
52	16	49.5
52	17	54.0
52	18	56.0
52	19	59.5
52	20	59.5
52	21	58.0
52	22	54.5
52	23	54.0
52	24	53.612
53	1	36.33
53	2	31.66
53	3	28.86
53	4	22.51
53	5	10.04
53	6	1.79
53	7	0.24
53	8	0.0
53	9	-0.05
53	10	-0.03
53	11	-0.05
53	12	-0.22
53	13	-0.64
53	14	-0.95
53	15	-0.02
53	16	1.19
53	17	9.47
53	18	5.0
53	19	22.5
53	20	28.5
53	21	34.5
53	22	35.0
53	23	35.47
53	24	25.7
54	1	0.0
54	2	-1.0
54	3	-6.0
54	4	-6.0
54	5	-7.0
54	6	-7.0
54	7	-7.0
54	8	-7.0
54	9	-5.0
54	10	1.56
54	11	0.77
54	12	-0.1
54	13	-6.0
54	14	-6.0
54	15	-5.0
54	16	-0.08
54	17	4.93
54	18	29.21
54	19	35.37
54	20	42.73
54	21	44.99
54	22	37.62
54	23	33.99
54	24	30.5
55	1	45.0
55	2	47.0
55	3	51.57
55	4	51.94
55	5	54.08
55	6	57.21
55	7	55.34
55	8	73.15
55	9	69.71
55	10	53.24
55	11	51.5
55	12	51.5
55	13	56.22
55	14	46.0
55	15	44.5
55	16	44.5
55	17	48.0
55	18	49.0
55	19	51.005
55	20	51.5
55	21	52.5
55	22	67.78
55	23	46.0
55	24	44.0
56	1	70.59
56	2	70.17
56	3	69.16
56	4	60.0
56	5	59.0
56	6	59.0
56	7	67.0
56	8	103.75
56	9	79.69
56	10	74.02
56	11	70.0
56	12	70.0
56	13	69.65
56	14	62.0
56	15	62.0
56	16	64.32
56	17	68.96
56	18	70.37
56	19	71.56
56	20	71.97
56	21	72.23
56	22	72.09
56	23	71.57
56	24	73.21
57	1	22.09
57	2	21.92
57	3	21.22
57	4	21.24
57	5	21.84
57	6	13.0
57	7	23.84
57	8	24.0
57	9	24.0
57	10	23.99
57	11	23.99
57	12	23.87
57	13	23.84
57	14	23.37
57	15	23.29
57	16	23.13
57	17	23.21
57	18	23.0
57	19	22.73
57	20	18.0
57	21	16.0
57	22	16.0
57	23	16.0
57	24	16.0
58	1	28.85
58	2	28.71
58	3	28.57
58	4	28.47
58	5	29.06
58	6	28.9
58	7	30.6
58	8	36.74
58	9	37.68
58	10	35.93
58	11	32.6
58	12	31.11
58	13	31.6
58	14	33.95
58	15	32.87
58	16	29.74
58	17	34.9
58	18	29.29
58	19	30.82
58	20	31.69
58	21	31.55
58	22	30.96
58	23	30.95
58	24	29.63
59	1	37.34
59	2	37.04
59	3	36.8
59	4	36.92
59	5	36.0
59	6	36.0
59	7	36.0
59	8	102.84
59	9	173.26
59	10	147.83
59	11	139.0
59	12	120.77
59	13	101.69
59	14	60.72
59	15	69.79
59	16	60.77
59	17	70.26
59	18	59.25
59	19	62.58
59	20	48.26
59	21	43.98
59	22	41.42
59	23	40.66
59	24	37.52
60	1	32.0
60	2	30.0
60	3	29.73
60	4	27.5
60	5	27.5
60	6	36.0
60	7	81.12
60	8	55.0
60	9	55.0
60	10	47.5
60	11	35.0
60	12	30.0
60	13	28.0
60	14	34.5
60	15	37.0
60	16	45.0
60	17	45.0
60	18	53.68
60	19	53.32
60	20	51.11
60	21	46.99
60	22	43.09
60	23	40.0
60	24	37.5
61	1	33.76
61	2	32.09
61	3	31.03
61	4	31.57
61	5	31.18
61	6	31.12
61	7	30.51
61	8	31.68
61	9	37.56
61	10	38.11
61	11	36.92
61	12	32.97
61	13	30.42
61	14	31.1
61	15	38.43
61	16	39.46
61	17	41.91
61	18	42.19
61	19	41.66
61	20	41.53
61	21	40.48
61	22	39.1
61	23	38.76
61	24	38.41
62	1	29.11
62	2	28.61
62	3	28.51
62	4	28.69
62	5	28.88
62	6	29.76
62	7	31.58
62	8	37.4
62	9	44.17
62	10	44.0
62	11	40.34
62	12	39.64
62	13	33.77
62	14	33.37
62	15	32.51
62	16	33.28
62	17	33.42
62	18	32.82
62	19	36.75
62	20	38.37
62	21	36.12
62	22	34.72
62	23	30.79
62	24	29.07
63	1	54.72
63	2	54.97
63	3	54.22
63	4	54.75
63	5	54.79
63	6	55.06
63	7	47.5
63	8	47.5
63	9	51.4
63	10	49.7
63	11	40.0
63	12	40.0
63	13	41.0
63	14	41.0
63	15	43.0
63	16	45.5
63	17	57.46
63	18	73.18
63	19	91.38
63	20	85.56
63	21	61.02
63	22	57.73
63	23	55.4
63	24	54.32
64	1	41.26
64	2	40.67
64	3	40.32
64	4	40.0
64	5	40.34
64	6	41.2
64	7	45.9
64	8	49.55
64	9	51.96
64	10	50.5
64	11	47.25
64	12	45.18
64	13	43.45
64	14	43.86
64	15	45.91
64	16	48.15
64	17	45.0
64	18	53.28
64	19	54.66
64	20	53.61
64	21	53.22
64	22	53.16
64	23	53.28
64	24	53.25
65	1	51.95
65	2	50.91
65	3	51.82
65	4	51.15
65	5	53.32
65	6	54.95
65	7	57.93
65	8	62.27
65	9	64.79
65	10	56.0
65	11	48.16
65	12	48.0
65	13	48.0
65	14	48.0
65	15	48.0
65	16	51.0
65	17	61.61
65	18	65.32
65	19	73.01
65	20	70.01
65	21	67.19
65	22	65.59
65	23	63.45
65	24	63.23
66	1	55.0
66	2	55.0
66	3	59.29
66	4	59.16
66	5	55.0
66	6	55.0
66	7	55.0
66	8	70.69
66	9	83.51
66	10	82.22
66	11	74.68
66	12	64.83
66	13	63.81
66	14	63.69
66	15	64.02
66	16	62.64
66	17	63.73
66	18	69.82
66	19	61.42
66	20	58.45
66	21	56.72
66	22	55.53
66	23	55.16
66	24	54.84
67	1	49.5
67	2	51.0
67	3	52.0
67	4	52.0
67	5	49.0
67	6	48.0
67	7	48.0
67	8	45.17
67	9	43.6
67	10	46.18
67	11	41.47
67	12	25.83
67	13	26.51
67	14	24.52
67	15	39.96
67	16	47.11
67	17	52.75
67	18	56.66
67	19	57.49
67	20	50.0
67	21	48.0
67	22	47.0
67	23	48.0
67	24	48.0
68	1	38.0
68	2	33.56
68	3	32.03
68	4	32.29
68	5	20.0
68	6	20.0
68	7	49.18
68	8	62.04
68	9	65.67
68	10	66.8
68	11	71.08
68	12	73.54
68	13	78.16
68	14	78.87
68	15	79.24
68	16	79.96
68	17	81.46
68	18	80.92
68	19	74.95
68	20	66.77
68	21	64.92
68	22	64.43
68	23	62.61
68	24	59.16
69	1	50.0
69	2	50.0
69	3	50.5
69	4	50.3
69	5	51.75
69	6	54.93
69	7	55.12
69	8	51.5
69	9	52.187
69	10	71.54
69	11	64.59
69	12	51.5
69	13	56.61
69	14	51.5
69	15	46.76
69	16	46.54
69	17	50.0
69	18	48.5
69	19	50.0
69	20	50.305
69	21	51.0
69	22	51.0
69	23	52.0
69	24	58.88
70	1	10.0
70	2	13.36
70	3	5.58
70	4	2.9
70	5	6.55
70	6	15.66
70	7	19.95
70	8	22.0
70	9	21.0
70	10	20.0
70	11	25.0
70	12	25.0
70	13	25.0
70	14	30.3
70	15	29.68
70	16	30.18
70	17	29.99
70	18	30.07
70	19	30.24
70	20	30.38
70	21	28.82
70	22	27.62
70	23	25.86
70	24	25.16
71	1	67.62
71	2	65.35
71	3	65.42
71	4	63.68
71	5	63.7
71	6	63.59
71	7	58.0
71	8	61.5
71	9	62.84
71	10	78.85
71	11	73.57
71	12	72.51
71	13	64.0
71	14	64.0
71	15	64.0
71	16	79.11
71	17	90.05
71	18	97.27
71	19	101.11
71	20	91.57
71	21	80.0
71	22	73.39
71	23	70.42
71	24	58.56
72	1	53.52
72	2	52.58
72	3	52.23
72	4	51.82
72	5	48.0
72	6	48.0
72	7	48.0
72	8	53.32
72	9	85.66
72	10	54.5
72	11	53.0
72	12	53.0
72	13	53.52
72	14	51.42
72	15	51.79
72	16	54.81
72	17	55.93
72	18	66.77
72	19	65.53
72	20	55.65
72	21	52.57
72	22	51.54
72	23	50.53
72	24	43.0
73	1	53.52
73	2	52.58
73	3	52.23
73	4	51.82
73	5	48.0
73	6	48.0
73	7	48.0
73	8	53.32
73	9	85.66
73	10	54.5
73	11	53.0
73	12	53.0
73	13	53.52
73	14	51.42
73	15	51.79
73	16	54.81
73	17	55.93
73	18	66.77
73	19	65.53
73	20	55.65
73	21	52.57
73	22	51.54
73	23	50.53
73	24	43.0
74	1	27.82
74	2	27.59
74	3	26.64
74	4	28.46
74	5	29.67
74	6	29.35
74	7	27.69
74	8	23.0
74	9	23.0
74	10	23.5
74	11	25.0
74	12	27.0
74	13	32.59
74	14	32.46
74	15	31.22
74	16	32.48
74	17	32.44
74	18	32.46
74	19	31.36
74	20	31.1
74	21	29.37
74	22	24.08
74	23	20.62
74	24	21.94
75	1	57.36
75	2	54.96
75	3	54.34
75	4	53.88
75	5	53.37
75	6	54.25
75	7	54.97
75	8	57.1
75	9	58.02
75	10	58.67
75	11	58.34
75	12	56.85
75	13	45.0
75	14	45.0
75	15	49.0
75	16	58.58
75	17	59.19
75	18	63.07
75	19	63.93
75	20	60.42
75	21	58.55
75	22	58.24
75	23	57.34
75	24	54.99
76	1	28.73
76	2	30.31
76	3	30.01
76	4	30.19
76	5	31.94
76	6	33.08
76	7	34.19
76	8	37.29
76	9	30.5
76	10	35.0
76	11	37.0
76	12	37.65
76	13	36.63
76	14	35.88
76	15	25.0
76	16	27.0
76	17	32.24
76	18	30.35
76	19	27.99
76	20	24.65
76	21	19.25
76	22	14.42
76	23	10.24
76	24	2.4
77	1	56.07
77	2	56.57
77	3	56.47
77	4	56.05
77	5	55.74
77	6	56.83
77	7	50.5
77	8	50.5
77	9	50.5
77	10	50.5
77	11	53.653
77	12	56.61
77	13	55.84
77	14	55.48
77	15	57.54
77	16	57.95
77	17	58.93
77	18	59.96
77	19	53.653
77	20	49.0
77	21	59.07
77	22	45.0
77	23	45.0
77	24	45.0
78	1	53.23
78	2	52.99
78	3	53.26
78	4	53.89
78	5	56.03
78	6	60.12
78	7	72.51
78	8	86.67
78	9	87.0
78	10	85.53
78	11	81.17
78	12	78.01
78	13	67.04
78	14	67.04
78	15	77.32
78	16	86.74
78	17	97.3
78	18	116.57
78	19	132.0
78	20	106.79
78	21	73.5
78	22	74.5
78	23	81.04
78	24	76.91
79	1	28.73
79	2	30.31
79	3	30.01
79	4	30.19
79	5	31.94
79	6	33.08
79	7	34.19
79	8	37.29
79	9	30.5
79	10	35.0
79	11	37.0
79	12	37.65
79	13	36.63
79	14	35.88
79	15	25.0
79	16	27.0
79	17	32.24
79	18	30.35
79	19	27.99
79	20	24.65
79	21	19.25
79	22	14.42
79	23	10.24
79	24	2.4
80	1	71.41
80	2	71.23
80	3	65.5
80	4	65.0
80	5	68.89
80	6	74.08
80	7	84.25
80	8	110.0
80	9	80.15
80	10	80.55
80	11	97.79
80	12	91.87
80	13	89.38
80	14	90.98
80	15	77.0
80	16	77.0
80	17	77.0
80	18	105.53
80	19	97.0
80	20	86.06
80	21	83.2
80	22	80.61
80	23	75.6
80	24	65.98
81	1	86.53
81	2	72.414
81	3	66.0
81	4	64.0
81	5	64.0
81	6	64.0
81	7	70.0
81	8	85.0
81	9	87.5
81	10	130.78
81	11	118.22
81	12	111.41
81	13	103.67
81	14	99.88
81	15	101.3
81	16	106.81
81	17	83.0
81	18	83.0
81	19	90.0
81	20	116.01
81	21	104.03
81	22	88.77
81	23	72.0
81	24	72.0
82	1	51.23
82	2	51.5
82	3	51.5
82	4	54.0
82	5	54.5
82	6	54.5
82	7	54.5
82	8	55.0
82	9	55.5
82	10	55.5
82	11	57.0
82	12	61.69
82	13	60.31
82	14	61.26
82	15	62.65
82	16	71.52
82	17	60.12
82	18	60.12
82	19	60.34
82	20	142.56
82	21	99.55
82	22	59.0
82	23	59.5
82	24	60.34
83	1	25.42
83	2	23.9
83	3	9.0
83	4	9.0
83	5	9.0
83	6	10.0
83	7	5.82
83	8	11.0
83	9	17.16
83	10	21.0
83	11	20.0
83	12	17.5
83	13	15.5
83	14	15.5
83	15	17.5
83	16	17.5
83	17	20.5
83	18	29.19
83	19	27.15
83	20	17.5
83	21	10.0
83	22	4.0
83	23	4.0
83	24	2.0
84	1	-2.0
84	2	-3.8
84	3	-6.0
84	4	-5.62
84	5	-7.91
84	6	-5.0
84	7	15.0
84	8	30.89
84	9	15.0
84	10	15.0
84	11	15.0
84	12	21.0
84	13	21.0
84	14	25.0
84	15	25.0
84	16	25.0
84	17	29.0
84	18	36.4
84	19	35.78
84	20	36.0
84	21	35.6
84	22	34.55
84	23	26.0
84	24	21.5
85	1	41.57
85	2	41.11
85	3	40.78
85	4	40.78
85	5	41.25
85	6	44.78
85	7	49.61
85	8	61.01
85	9	108.2
85	10	90.3
85	11	75.53
85	12	71.37
85	13	67.58
85	14	61.41
85	15	60.72
85	16	55.26
85	17	61.14
85	18	75.9
85	19	89.5
85	20	84.5
85	21	114.54
85	22	104.53
85	23	103.66
85	24	95.77
86	1	1.0
86	2	20.0
86	3	1.0
86	4	-3.0
86	5	-3.0
86	6	31.03
86	7	32.18
86	8	32.5
86	9	32.28
86	10	32.24
86	11	32.23
86	12	31.63
86	13	31.41
86	14	31.51
86	15	31.04
86	16	31.49
86	17	31.64
86	18	31.9
86	19	31.79
86	20	-0.5
86	21	-2.19
86	22	-2.19
86	23	-2.19
86	24	-1.1
87	1	50.09
87	2	48.77
87	3	49.55
87	4	49.56
87	5	46.0
87	6	46.0
87	7	44.0
87	8	50.0
87	9	50.0
87	10	48.0
87	11	48.0
87	12	50.0
87	13	54.0
87	14	55.0
87	15	55.0
87	16	60.0
87	17	56.0
87	18	61.0
87	19	57.0
87	20	56.0
87	21	58.5
87	22	58.51
87	23	58.37
87	24	55.0
88	1	58.0
88	2	58.39
88	3	58.41
88	4	55.84
88	5	54.53
88	6	58.41
88	7	62.7
88	8	64.81
88	9	65.6
88	10	65.94
88	11	66.42
88	12	65.93
88	13	65.6
88	14	65.43
88	15	65.76
88	16	69.38
88	17	73.59
88	18	82.28
88	19	82.97
88	20	79.03
88	21	73.23
88	22	69.2
88	23	65.42
88	24	63.79
89	1	64.03
89	2	63.13
89	3	62.61
89	4	62.41
89	5	54.0
89	6	53.65
89	7	58.0
89	8	70.5
89	9	91.47
89	10	74.5
89	11	79.0
89	12	90.4
89	13	76.0
89	14	76.0
89	15	79.0
89	16	98.62
89	17	105.73
89	18	133.23
89	19	144.65
89	20	125.0
89	21	103.59
89	22	100.01
89	23	94.86
89	24	88.83
90	1	37.07
90	2	32.73
90	3	31.18
90	4	30.39
90	5	31.63
90	6	41.14
90	7	46.46
90	8	61.73
90	9	69.51
90	10	74.8
90	11	96.95
90	12	64.65
90	13	62.0
90	14	41.0
90	15	41.0
90	16	43.5
90	17	75.09
90	18	99.5
90	19	100.0
90	20	90.0
90	21	109.49
90	22	102.15
90	23	90.6
90	24	51.21
91	1	33.52
91	2	31.0
91	3	38.29
91	4	35.05
91	5	32.0
91	6	36.0
91	7	35.5
91	8	39.5
91	9	67.09
91	10	59.64
91	11	59.59
91	12	60.48
91	13	61.23
91	14	66.71
91	15	75.32
91	16	90.64
91	17	92.57
91	18	98.66
91	19	96.93
91	20	93.26
91	21	87.11
91	22	78.67
91	23	74.64
91	24	67.46
92	1	50.0
92	2	50.0
92	3	50.5
92	4	50.3
92	5	51.75
92	6	54.93
92	7	55.12
92	8	51.5
92	9	52.187
92	10	71.54
92	11	64.59
92	12	51.5
92	13	56.61
92	14	51.5
92	15	46.76
92	16	46.54
92	17	50.0
92	18	48.5
92	19	50.0
92	20	50.305
92	21	51.0
92	22	51.0
92	23	52.0
92	24	58.88
93	1	64.03
93	2	63.13
93	3	62.61
93	4	62.41
93	5	54.0
93	6	53.65
93	7	58.0
93	8	70.5
93	9	91.47
93	10	74.5
93	11	79.0
93	12	90.4
93	13	76.0
93	14	76.0
93	15	79.0
93	16	98.62
93	17	105.73
93	18	133.23
93	19	144.65
93	20	125.0
93	21	103.59
93	22	100.01
93	23	94.86
93	24	88.83
94	1	7.62
94	2	5.0
94	3	2.5
94	4	0.0
94	5	2.0
94	6	2.0
94	7	4.0
94	8	2.5
94	9	3.0
94	10	17.5
94	11	19.0
94	12	21.44
94	13	24.33
94	14	23.0
94	15	23.0
94	16	26.0
94	17	26.5
94	18	24.5
94	19	26.81
94	20	37.52
94	21	27.0
94	22	27.0
94	23	26.0
94	24	21.5
95	1	59.47
95	2	51.72
95	3	49.67
95	4	49.34
95	5	49.4
95	6	54.87
95	7	72.36
95	8	173.59
95	9	282.91
95	10	293.71
95	11	274.62
95	12	257.16
95	13	251.86
95	14	239.75
95	15	292.25
95	16	299.02
95	17	343.77
95	18	349.4
95	19	229.71
95	20	205.93
95	21	134.64
95	22	113.27
95	23	103.32
95	24	94.51
96	1	39.55
96	2	37.75
96	3	32.0
96	4	30.2
96	5	38.95
96	6	42.21
96	7	43.53
96	8	44.44
96	9	43.79
96	10	42.09
96	11	38.0
96	12	31.58
96	13	19.9
96	14	28.75
96	15	37.18
96	16	37.18
96	17	38.23
96	18	39.48
96	19	38.64
96	20	37.92
96	21	36.44
96	22	32.99
96	23	32.63
96	24	34.71
97	1	48.68
97	2	40.0
97	3	35.0
97	4	35.0
97	5	44.0
97	6	53.13
97	7	53.5
97	8	59.0
97	9	62.0
97	10	62.0
97	11	60.0
97	12	56.0
97	13	55.0
97	14	55.0
97	15	55.0
97	16	56.0
97	17	58.0
97	18	59.5
97	19	58.11
97	20	56.0
97	21	57.0
97	22	59.0
97	23	59.5
97	24	55.0
98	1	42.82
98	2	42.34
98	3	42.49
98	4	42.5
98	5	43.39
98	6	44.34
98	7	48.1
98	8	67.21
98	9	71.77
98	10	70.18
98	11	72.32
98	12	70.97
98	13	73.34
98	14	68.65
98	15	55.83
98	16	55.0
98	17	55.0
98	18	73.5
98	19	61.81
98	20	61.81
98	21	55.0
98	22	49.0
98	23	47.5
98	24	42.0
99	1	25.74
99	2	25.3
99	3	25.31
99	4	22.3
99	5	19.36
99	6	29.35
99	7	31.52
99	8	34.07
99	9	36.63
99	10	36.67
99	11	36.99
99	12	37.05
99	13	37.08
99	14	37.22
99	15	37.44
99	16	37.67
99	17	37.83
99	18	37.95
99	19	36.13
99	20	34.4
99	21	33.39
99	22	31.59
99	23	31.06
99	24	29.07
100	1	59.0
100	2	59.0
100	3	59.0
100	4	59.0
100	5	64.92
100	6	58.5
100	7	58.5
100	8	103.55
100	9	105.33
100	10	84.68
100	11	73.39
100	12	60.0
100	13	60.0
100	14	58.5
100	15	58.5
100	16	58.5
100	17	58.0
100	18	58.0
100	19	115.87
100	20	115.55
100	21	90.5
100	22	59.0
100	23	72.88
100	24	65.55
101	1	51.41
101	2	49.99
101	3	50.3
101	4	51.36
101	5	46.0
101	6	46.0
101	7	45.5
101	8	45.0
101	9	45.0
101	10	46.0
101	11	46.948
101	12	45.0
101	13	43.5
101	14	43.5
101	15	41.316
101	16	40.5
101	17	42.0
101	18	45.0
101	19	47.0
101	20	45.0
101	21	45.0
101	22	45.5
101	23	45.0
101	24	45.0
102	1	39.46
102	2	29.0
102	3	30.0
102	4	37.86
102	5	32.5
102	6	32.5
102	7	29.0
102	8	25.5
102	9	25.5
102	10	25.5
102	11	25.5
102	12	26.0
102	13	30.0
102	14	40.95
102	15	40.62
102	16	41.08
102	17	41.87
102	18	41.81
102	19	41.61
102	20	36.0
102	21	36.0
102	22	40.56
102	23	40.1
102	24	39.42
103	1	39.55
103	2	37.75
103	3	32.0
103	4	30.2
103	5	38.95
103	6	42.21
103	7	43.53
103	8	44.44
103	9	43.79
103	10	42.09
103	11	38.0
103	12	31.58
103	13	19.9
103	14	28.75
103	15	37.18
103	16	37.18
103	17	38.23
103	18	39.48
103	19	38.64
103	20	37.92
103	21	36.44
103	22	32.99
103	23	32.63
103	24	34.71
104	1	60.63
104	2	59.34
104	3	57.55
104	4	56.54
104	5	56.82
104	6	59.66
104	7	61.49
104	8	70.63
104	9	62.0
104	10	62.5
104	11	63.86
104	12	63.29
104	13	62.63
104	14	58.53
104	15	59.0
104	16	62.0
104	17	76.1
104	18	80.56
104	19	84.89
104	20	81.85
104	21	74.15
104	22	67.48
104	23	66.02
104	24	61.99
105	1	11.55
105	2	12.3
105	3	11.84
105	4	22.5
105	5	22.5
105	6	28.41
105	7	31.72
105	8	86.41
105	9	84.5
105	10	80.34
105	11	40.23
105	12	36.47
105	13	35.91
105	14	34.75
105	15	34.34
105	16	35.67
105	17	43.97
105	18	72.65
105	19	10.5
105	20	90.2
105	21	54.19
105	22	38.95
105	23	35.43
105	24	29.33
106	1	76.65
106	2	74.85
106	3	74.42
106	4	73.5
106	5	72.24
106	6	70.85
106	7	69.22
106	8	70.56
106	9	72.52
106	10	68.0
106	11	73.01
106	12	72.25
106	13	70.56
106	14	67.89
106	15	69.94
106	16	66.0
106	17	67.05
106	18	74.22
106	19	75.81
106	20	73.82
106	21	73.06
106	22	70.93
106	23	67.66
106	24	66.15
107	1	54.27
107	2	50.62
107	3	48.15
107	4	47.26
107	5	45.21
107	6	43.0
107	7	43.0
107	8	55.1
107	9	51.73
107	10	46.0
107	11	46.0
107	12	42.0
107	13	42.0
107	14	51.76
107	15	46.0
107	16	46.0
107	17	44.0
107	18	45.0
107	19	59.51
107	20	59.73
107	21	51.5
107	22	50.0
107	23	56.8
107	24	54.51
108	1	50.0
108	2	50.25
108	3	46.98
108	4	42.0
108	5	41.0
108	6	37.5
108	7	37.5
108	8	50.0
108	9	76.0
108	10	80.0
108	11	80.0
108	12	53.5
108	13	50.0
108	14	50.0
108	15	52.0
108	16	85.0
108	17	70.0
108	18	70.0
108	19	50.0
108	20	43.0
108	21	40.0
108	22	40.0
108	23	40.36
108	24	37.5
109	1	39.72
109	2	39.56
109	3	39.37
109	4	39.28
109	5	39.54
109	6	40.12
109	7	40.19
109	8	41.01
109	9	41.97
109	10	42.72
109	11	42.66
109	12	42.63
109	13	39.23
109	14	41.25
109	15	41.0
109	16	41.24
109	17	41.17
109	18	44.1
109	19	42.33
109	20	40.97
109	21	40.49
109	22	39.64
109	23	39.47
109	24	38.97
110	1	31.5
110	2	31.0
110	3	31.0
110	4	39.2
110	5	34.0
110	6	35.0
110	7	43.25
110	8	43.33
110	9	42.39
110	10	41.82
110	11	42.39
110	12	42.18
110	13	41.84
110	14	41.74
110	15	40.83
110	16	42.01
110	17	42.83
110	18	43.01
110	19	42.66
110	20	42.18
110	21	31.0
110	22	29.0
110	23	28.0
110	24	33.0
111	1	53.15
111	2	52.92
111	3	52.79
111	4	52.59
111	5	52.93
111	6	53.97
111	7	53.97
111	8	56.91
111	9	57.9
111	10	48.0
111	11	48.0
111	12	50.0
111	13	50.0
111	14	53.24
111	15	53.15
111	16	52.85
111	17	53.0
111	18	52.8
111	19	52.57
111	20	51.96
111	21	51.92
111	22	51.97
111	23	49.89
111	24	44.95
112	1	1.0
112	2	20.0
112	3	1.0
112	4	-3.0
112	5	-3.0
112	6	31.03
112	7	32.18
112	8	32.5
112	9	32.28
112	10	32.24
112	11	32.23
112	12	31.63
112	13	31.41
112	14	31.51
112	15	31.04
112	16	31.49
112	17	31.64
112	18	31.9
112	19	31.79
112	20	-0.5
112	21	-2.19
112	22	-2.19
112	23	-2.19
112	24	-1.1
