Node	Time	Res_CapacityDownVolume
1	1	450.0
1	2	500.0
1	3	486.0
1	4	488.0
1	5	450.0
1	6	400.0
1	7	250.0
1	8	250.0
1	9	250.0
1	10	250.0
1	11	300.0
1	12	500.0
1	13	534.0
1	14	534.0
1	15	500.0
1	16	200.0
1	17	200.0
1	18	200.0
1	19	300.0
1	20	300.0
1	21	300.0
1	22	300.0
1	23	350.0
1	24	500.0
2	1	31.0
2	2	31.0
2	3	31.0
2	4	31.0
2	5	31.0
2	6	31.0
2	7	31.0
2	8	31.0
2	9	31.0
2	10	31.0
2	11	31.0
2	12	31.0
2	13	31.0
2	14	31.0
2	15	31.0
2	16	31.0
2	17	31.0
2	18	31.0
2	19	31.0
2	20	31.0
2	21	31.0
2	22	31.0
2	23	31.0
2	24	31.0
3	1	440.0
3	2	440.0
3	3	440.0
3	4	440.0
3	5	440.0
3	6	440.0
3	7	440.0
3	8	500.0
3	9	500.0
3	10	440.0
3	11	500.0
3	12	500.0
3	13	500.0
3	14	500.0
3	15	500.0
3	16	440.0
3	17	450.0
3	18	220.0
3	19	250.0
3	20	250.0
3	21	300.0
3	22	350.0
3	23	350.0
3	24	444.0
4	1	50.0
4	2	50.0
4	3	90.0
4	4	90.0
4	5	100.0
4	6	100.0
4	7	100.0
4	8	150.0
4	9	100.0
4	10	100.0
4	11	90.0
4	12	90.0
4	13	100.0
4	14	100.0
4	15	100.0
4	16	128.0
4	17	150.0
4	18	100.0
4	19	50.0
4	20	50.0
4	21	50.0
4	22	50.0
4	23	50.0
4	24	50.0
5	1	355.0
5	2	355.0
5	3	355.0
5	4	355.0
5	5	355.0
5	6	355.0
5	7	250.0
5	8	250.0
5	9	250.0
5	10	250.0
5	11	300.0
5	12	386.0
5	13	415.0
5	14	415.0
5	15	415.0
5	16	225.0
5	17	200.0
5	18	200.0
5	19	300.0
5	20	300.0
5	21	300.0
5	22	300.0
5	23	350.0
5	24	311.0
6	1	420.0
6	2	420.0
6	3	420.0
6	4	420.0
6	5	383.0
6	6	400.0
6	7	250.0
6	8	250.0
6	9	250.0
6	10	250.0
6	11	298.0
6	12	523.0
6	13	523.0
6	14	523.0
6	15	443.0
6	16	224.0
6	17	200.0
6	18	200.0
6	19	300.0
6	20	300.0
6	21	300.0
6	22	300.0
6	23	340.0
6	24	399.0
7	1	396.0
7	2	396.0
7	3	396.0
7	4	396.0
7	5	396.0
7	6	396.0
7	7	250.0
7	8	250.0
7	9	250.0
7	10	250.0
7	11	310.0
7	12	428.0
7	13	432.0
7	14	432.0
7	15	428.0
7	16	210.0
7	17	200.0
7	18	160.0
7	19	300.0
7	20	300.0
7	21	300.0
7	22	300.0
7	23	350.0
7	24	417.0
8	1	0.0
8	2	0.0
8	3	0.0
8	4	0.0
8	5	42.0
8	6	50.0
8	7	79.0
8	8	79.0
8	9	71.0
8	10	79.0
8	11	79.0
8	12	79.0
8	13	79.0
8	14	79.0
8	15	79.0
8	16	79.0
8	17	79.0
8	18	79.0
8	19	50.0
8	20	50.0
8	21	42.0
8	22	0.0
8	23	0.0
8	24	0.0
9	1	370.0
9	2	370.0
9	3	370.0
9	4	370.0
9	5	370.0
9	6	370.0
9	7	250.0
9	8	250.0
9	9	170.0
9	10	170.0
9	11	208.0
9	12	258.0
9	13	308.0
9	14	326.0
9	15	310.0
9	16	170.0
9	17	197.0
9	18	197.0
9	19	297.0
9	20	297.0
9	21	300.0
9	22	300.0
9	23	350.0
9	24	370.0
10	1	403.0
10	2	403.0
10	3	403.0
10	4	403.0
10	5	403.0
10	6	345.0
10	7	300.0
10	8	300.0
10	9	345.0
10	10	345.0
10	11	403.0
10	12	403.0
10	13	403.0
10	14	403.0
10	15	403.0
10	16	345.0
10	17	237.0
10	18	250.0
10	19	250.0
10	20	250.0
10	21	300.0
10	22	345.0
10	23	345.0
10	24	339.0
11	1	0.0
11	2	0.0
11	3	10.0
11	4	10.0
11	5	100.0
11	6	100.0
11	7	100.0
11	8	150.0
11	9	100.0
11	10	100.0
11	11	100.0
11	12	100.0
11	13	100.0
11	14	100.0
11	15	100.0
11	16	150.0
11	17	150.0
11	18	100.0
11	19	50.0
11	20	50.0
11	21	50.0
11	22	50.0
11	23	50.0
11	24	50.0
12	1	0.0
12	2	0.0
12	3	0.0
12	4	0.0
12	5	0.0
12	6	0.0
12	7	0.0
12	8	18.0
12	9	0.0
12	10	0.0
12	11	0.0
12	12	0.0
12	13	0.0
12	14	0.0
12	15	0.0
12	16	29.0
12	17	18.0
12	18	0.0
12	19	0.0
12	20	0.0
12	21	0.0
12	22	0.0
12	23	0.0
12	24	0.0
13	1	441.0
13	2	441.0
13	3	441.0
13	4	441.0
13	5	441.0
13	6	400.0
13	7	250.0
13	8	250.0
13	9	250.0
13	10	250.0
13	11	250.0
13	12	334.0
13	13	349.0
13	14	375.0
13	15	334.0
13	16	150.0
13	17	200.0
13	18	200.0
13	19	300.0
13	20	300.0
13	21	300.0
13	22	300.0
13	23	350.0
13	24	450.0
14	1	200.0
14	2	200.0
14	3	200.0
14	4	200.0
14	5	200.0
14	6	200.0
14	7	200.0
14	8	170.0
14	9	160.0
14	10	197.0
14	11	200.0
14	12	200.0
14	13	200.0
14	14	200.0
14	15	200.0
14	16	200.0
14	17	200.0
14	18	200.0
14	19	200.0
14	20	200.0
14	21	200.0
14	22	200.0
14	23	200.0
14	24	200.0
15	1	0.0
15	2	0.0
15	3	0.0
15	4	0.0
15	5	35.0
15	6	0.0
15	7	0.0
15	8	35.0
15	9	0.0
15	10	0.0
15	11	0.0
15	12	0.0
15	13	0.0
15	14	0.0
15	15	0.0
15	16	24.0
15	17	35.0
15	18	35.0
15	19	35.0
15	20	35.0
15	21	0.0
15	22	0.0
15	23	0.0
15	24	35.0
16	1	427.0
16	2	430.0
16	3	422.0
16	4	422.0
16	5	450.0
16	6	400.0
16	7	250.0
16	8	250.0
16	9	250.0
16	10	250.0
16	11	300.0
16	12	472.0
16	13	489.0
16	14	489.0
16	15	387.0
16	16	200.0
16	17	200.0
16	18	200.0
16	19	300.0
16	20	300.0
16	21	300.0
16	22	300.0
16	23	350.0
16	24	378.0
17	1	370.0
17	2	370.0
17	3	370.0
17	4	370.0
17	5	370.0
17	6	370.0
17	7	250.0
17	8	250.0
17	9	250.0
17	10	250.0
17	11	300.0
17	12	350.0
17	13	370.0
17	14	370.0
17	15	370.0
17	16	200.0
17	17	200.0
17	18	200.0
17	19	300.0
17	20	300.0
17	21	300.0
17	22	300.0
17	23	284.0
17	24	370.0
18	1	407.0
18	2	407.0
18	3	407.0
18	4	407.0
18	5	407.0
18	6	400.0
18	7	250.0
18	8	250.0
18	9	250.0
18	10	250.0
18	11	300.0
18	12	354.0
18	13	422.0
18	14	457.0
18	15	407.0
18	16	200.0
18	17	200.0
18	18	200.0
18	19	295.0
18	20	295.0
18	21	295.0
18	22	300.0
18	23	339.0
18	24	348.0
19	1	233.0
19	2	233.0
19	3	233.0
19	4	233.0
19	5	233.0
19	6	233.0
19	7	250.0
19	8	250.0
19	9	250.0
19	10	250.0
19	11	263.0
19	12	263.0
19	13	263.0
19	14	263.0
19	15	263.0
19	16	200.0
19	17	200.0
19	18	200.0
19	19	233.0
19	20	233.0
19	21	233.0
19	22	233.0
19	23	233.0
19	24	260.0
20	1	0.0
20	2	0.0
20	3	0.0
20	4	0.0
20	5	0.0
20	6	0.0
20	7	0.0
20	8	42.0
20	9	0.0
20	10	0.0
20	11	0.0
20	12	65.0
20	13	67.0
20	14	65.0
20	15	65.0
20	16	67.0
20	17	67.0
20	18	0.0
20	19	0.0
20	20	0.0
20	21	0.0
20	22	0.0
20	23	0.0
20	24	0.0
21	1	355.0
21	2	355.0
21	3	355.0
21	4	355.0
21	5	355.0
21	6	350.0
21	7	250.0
21	8	250.0
21	9	250.0
21	10	250.0
21	11	300.0
21	12	415.0
21	13	415.0
21	14	415.0
21	15	415.0
21	16	200.0
21	17	200.0
21	18	200.0
21	19	300.0
21	20	300.0
21	21	300.0
21	22	300.0
21	23	350.0
21	24	365.0
22	1	453.0
22	2	523.0
22	3	523.0
22	4	503.0
22	5	453.0
22	6	400.0
22	7	250.0
22	8	200.0
22	9	250.0
22	10	250.0
22	11	300.0
22	12	523.0
22	13	523.0
22	14	523.0
22	15	523.0
22	16	200.0
22	17	200.0
22	18	200.0
22	19	300.0
22	20	300.0
22	21	300.0
22	22	300.0
22	23	350.0
22	24	450.0
23	1	230.0
23	2	230.0
23	3	230.0
23	4	230.0
23	5	230.0
23	6	230.0
23	7	260.0
23	8	260.0
23	9	260.0
23	10	260.0
23	11	260.0
23	12	260.0
23	13	260.0
23	14	260.0
23	15	260.0
23	16	260.0
23	17	195.0
23	18	250.0
23	19	250.0
23	20	250.0
23	21	260.0
23	22	230.0
23	23	230.0
23	24	314.0
24	1	470.0
24	2	465.0
24	3	465.0
24	4	465.0
24	5	470.0
24	6	400.0
24	7	250.0
24	8	250.0
24	9	250.0
24	10	250.0
24	11	310.0
24	12	540.0
24	13	583.0
24	14	583.0
24	15	520.0
24	16	220.0
24	17	200.0
24	18	200.0
24	19	300.0
24	20	300.0
24	21	300.0
24	22	300.0
24	23	350.0
24	24	450.0
25	1	254.0
25	2	254.0
25	3	254.0
25	4	254.0
25	5	200.0
25	6	140.0
25	7	190.0
25	8	190.0
25	9	190.0
25	10	244.0
25	11	183.0
25	12	304.0
25	13	304.0
25	14	304.0
25	15	254.0
25	16	140.0
25	17	140.0
25	18	140.0
25	19	140.0
25	20	140.0
25	21	140.0
25	22	254.0
25	23	254.0
25	24	271.0
26	1	277.0
26	2	300.0
26	3	300.0
26	4	300.0
26	5	300.0
26	6	300.0
26	7	250.0
26	8	250.0
26	9	200.0
26	10	160.0
26	11	203.0
26	12	248.0
26	13	300.0
26	14	300.0
26	15	300.0
26	16	160.0
26	17	160.0
26	18	200.0
26	19	300.0
26	20	300.0
26	21	300.0
26	22	300.0
26	23	277.0
26	24	288.0
27	1	398.0
27	2	398.0
27	3	398.0
27	4	398.0
27	5	398.0
27	6	320.0
27	7	155.0
27	8	155.0
27	9	155.0
27	10	170.0
27	11	202.0
27	12	248.0
27	13	248.0
27	14	248.0
27	15	398.0
27	16	200.0
27	17	120.0
27	18	55.0
27	19	155.0
27	20	155.0
27	21	248.0
27	22	155.0
27	23	270.0
27	24	450.0
28	1	450.0
28	2	460.0
28	3	457.0
28	4	440.0
28	5	450.0
28	6	448.0
28	7	410.0
28	8	418.0
28	9	486.0
28	10	466.0
28	11	488.0
28	12	488.0
28	13	488.0
28	14	488.0
28	15	488.0
28	16	473.0
28	17	346.0
28	18	210.0
28	19	250.0
28	20	250.0
28	21	300.0
28	22	350.0
28	23	350.0
28	24	396.0
29	1	305.0
29	2	305.0
29	3	305.0
29	4	305.0
29	5	305.0
29	6	263.0
29	7	202.0
29	8	202.0
29	9	195.0
29	10	201.0
29	11	163.0
29	12	347.0
29	13	365.0
29	14	365.0
29	15	305.0
29	16	122.0
29	17	200.0
29	18	200.0
29	19	300.0
29	20	300.0
29	21	300.0
29	22	300.0
29	23	305.0
29	24	305.0
30	1	0.0
30	2	0.0
30	3	0.0
30	4	0.0
30	5	42.0
30	6	50.0
30	7	79.0
30	8	79.0
30	9	71.0
30	10	79.0
30	11	79.0
30	12	79.0
30	13	79.0
30	14	79.0
30	15	79.0
30	16	79.0
30	17	79.0
30	18	79.0
30	19	50.0
30	20	50.0
30	21	42.0
30	22	0.0
30	23	0.0
30	24	0.0
31	1	281.0
31	2	281.0
31	3	281.0
31	4	281.0
31	5	281.0
31	6	246.0
31	7	246.0
31	8	246.0
31	9	246.0
31	10	246.0
31	11	281.0
31	12	281.0
31	13	281.0
31	14	281.0
31	15	281.0
31	16	200.0
31	17	200.0
31	18	200.0
31	19	166.0
31	20	166.0
31	21	166.0
31	22	166.0
31	23	166.0
31	24	166.0
32	1	447.0
32	2	469.0
32	3	469.0
32	4	450.0
32	5	469.0
32	6	319.0
32	7	169.0
32	8	169.0
32	9	222.0
32	10	203.0
32	11	269.0
32	12	452.0
32	13	469.0
32	14	469.0
32	15	469.0
32	16	169.0
32	17	200.0
32	18	167.0
32	19	300.0
32	20	300.0
32	21	300.0
32	22	300.0
32	23	350.0
32	24	400.0
33	1	257.0
33	2	257.0
33	3	257.0
33	4	257.0
33	5	257.0
33	6	257.0
33	7	250.0
33	8	250.0
33	9	183.0
33	10	183.0
33	11	253.0
33	12	297.0
33	13	297.0
33	14	297.0
33	15	297.0
33	16	200.0
33	17	200.0
33	18	200.0
33	19	257.0
33	20	257.0
33	21	257.0
33	22	257.0
33	23	257.0
33	24	218.0
34	1	230.0
34	2	230.0
34	3	230.0
34	4	230.0
34	5	230.0
34	6	230.0
34	7	250.0
34	8	250.0
34	9	250.0
34	10	250.0
34	11	290.0
34	12	290.0
34	13	290.0
34	14	290.0
34	15	290.0
34	16	200.0
34	17	200.0
34	18	200.0
34	19	230.0
34	20	230.0
34	21	230.0
34	22	230.0
34	23	230.0
34	24	230.0
35	1	420.0
35	2	420.0
35	3	420.0
35	4	420.0
35	5	383.0
35	6	400.0
35	7	250.0
35	8	250.0
35	9	250.0
35	10	250.0
35	11	298.0
35	12	523.0
35	13	523.0
35	14	523.0
35	15	443.0
35	16	224.0
35	17	200.0
35	18	200.0
35	19	300.0
35	20	300.0
35	21	300.0
35	22	300.0
35	23	340.0
35	24	399.0
36	1	240.0
36	2	240.0
36	3	240.0
36	4	241.0
36	5	260.0
36	6	260.0
36	7	260.0
36	8	255.0
36	9	260.0
36	10	214.0
36	11	260.0
36	12	260.0
36	13	260.0
36	14	260.0
36	15	260.0
36	16	200.0
36	17	200.0
36	18	200.0
36	19	200.0
36	20	198.0
36	21	227.0
36	22	260.0
36	23	260.0
36	24	388.0
37	1	420.0
37	2	420.0
37	3	420.0
37	4	420.0
37	5	450.0
37	6	400.0
37	7	250.0
37	8	250.0
37	9	250.0
37	10	250.0
37	11	285.0
37	12	502.0
37	13	515.0
37	14	515.0
37	15	515.0
37	16	185.0
37	17	200.0
37	18	200.0
37	19	300.0
37	20	300.0
37	21	300.0
37	22	300.0
37	23	350.0
37	24	440.0
38	1	250.0
38	2	250.0
38	3	250.0
38	4	250.0
38	5	250.0
38	6	250.0
38	7	240.0
38	8	240.0
38	9	240.0
38	10	250.0
38	11	240.0
38	12	300.0
38	13	300.0
38	14	300.0
38	15	250.0
38	16	200.0
38	17	200.0
38	18	190.0
38	19	190.0
38	20	190.0
38	21	190.0
38	22	190.0
38	23	250.0
38	24	346.0
39	1	440.0
39	2	440.0
39	3	440.0
39	4	440.0
39	5	440.0
39	6	440.0
39	7	440.0
39	8	500.0
39	9	500.0
39	10	440.0
39	11	500.0
39	12	500.0
39	13	500.0
39	14	500.0
39	15	500.0
39	16	440.0
39	17	450.0
39	18	220.0
39	19	250.0
39	20	250.0
39	21	300.0
39	22	350.0
39	23	350.0
39	24	444.0
40	1	0.0
40	2	0.0
40	3	0.0
40	4	0.0
40	5	31.0
40	6	31.0
40	7	31.0
40	8	52.0
40	9	31.0
40	10	0.0
40	11	0.0
40	12	0.0
40	13	0.0
40	14	10.0
40	15	10.0
40	16	45.0
40	17	45.0
40	18	31.0
40	19	50.0
40	20	50.0
40	21	50.0
40	22	0.0
40	23	0.0
40	24	0.0
41	1	147.0
41	2	147.0
41	3	147.0
41	4	147.0
41	5	147.0
41	6	147.0
41	7	147.0
41	8	147.0
41	9	147.0
41	10	147.0
41	11	147.0
41	12	147.0
41	13	147.0
41	14	147.0
41	15	147.0
41	16	147.0
41	17	147.0
41	18	147.0
41	19	147.0
41	20	147.0
41	21	147.0
41	22	147.0
41	23	147.0
41	24	426.0
42	1	305.0
42	2	305.0
42	3	305.0
42	4	305.0
42	5	305.0
42	6	263.0
42	7	202.0
42	8	202.0
42	9	195.0
42	10	201.0
42	11	163.0
42	12	347.0
42	13	365.0
42	14	365.0
42	15	305.0
42	16	122.0
42	17	200.0
42	18	200.0
42	19	300.0
42	20	300.0
42	21	300.0
42	22	300.0
42	23	305.0
42	24	305.0
43	1	415.0
43	2	425.0
43	3	425.0
43	4	425.0
43	5	446.0
43	6	397.0
43	7	250.0
43	8	250.0
43	9	250.0
43	10	250.0
43	11	350.0
43	12	397.0
43	13	397.0
43	14	397.0
43	15	397.0
43	16	250.0
43	17	200.0
43	18	200.0
43	19	300.0
43	20	300.0
43	21	300.0
43	22	300.0
43	23	350.0
43	24	398.0
44	1	50.0
44	2	50.0
44	3	90.0
44	4	90.0
44	5	100.0
44	6	100.0
44	7	100.0
44	8	150.0
44	9	100.0
44	10	100.0
44	11	90.0
44	12	90.0
44	13	100.0
44	14	100.0
44	15	100.0
44	16	128.0
44	17	150.0
44	18	100.0
44	19	50.0
44	20	50.0
44	21	50.0
44	22	50.0
44	23	50.0
44	24	50.0
45	1	0.0
45	2	0.0
45	3	50.0
45	4	50.0
45	5	100.0
45	6	100.0
45	7	100.0
45	8	150.0
45	9	96.0
45	10	96.0
45	11	96.0
45	12	100.0
45	13	100.0
45	14	100.0
45	15	100.0
45	16	146.0
45	17	146.0
45	18	96.0
45	19	50.0
45	20	50.0
45	21	50.0
45	22	50.0
45	23	50.0
45	24	50.0
46	1	457.0
46	2	557.0
46	3	557.0
46	4	507.0
46	5	496.0
46	6	379.0
46	7	196.0
46	8	196.0
46	9	250.0
46	10	250.0
46	11	350.0
46	12	527.0
46	13	613.0
46	14	613.0
46	15	613.0
46	16	250.0
46	17	200.0
46	18	200.0
46	19	264.0
46	20	254.0
46	21	254.0
46	22	264.0
46	23	347.0
46	24	450.0
47	1	240.0
47	2	240.0
47	3	240.0
47	4	241.0
47	5	260.0
47	6	260.0
47	7	260.0
47	8	255.0
47	9	260.0
47	10	214.0
47	11	260.0
47	12	260.0
47	13	260.0
47	14	260.0
47	15	260.0
47	16	200.0
47	17	200.0
47	18	200.0
47	19	200.0
47	20	198.0
47	21	227.0
47	22	260.0
47	23	260.0
47	24	388.0
48	1	0.0
48	2	0.0
48	3	0.0
48	4	0.0
48	5	100.0
48	6	100.0
48	7	100.0
48	8	150.0
48	9	100.0
48	10	100.0
48	11	100.0
48	12	100.0
48	13	100.0
48	14	100.0
48	15	100.0
48	16	150.0
48	17	150.0
48	18	96.0
48	19	46.0
48	20	46.0
48	21	50.0
48	22	50.0
48	23	50.0
48	24	50.0
49	1	301.0
49	2	301.0
49	3	301.0
49	4	301.0
49	5	301.0
49	6	247.0
49	7	250.0
49	8	250.0
49	9	250.0
49	10	250.0
49	11	300.0
49	12	351.0
49	13	351.0
49	14	351.0
49	15	301.0
49	16	200.0
49	17	200.0
49	18	200.0
49	19	217.0
49	20	217.0
49	21	217.0
49	22	247.0
49	23	247.0
49	24	244.0
50	1	50.0
50	2	50.0
50	3	90.0
50	4	90.0
50	5	100.0
50	6	100.0
50	7	100.0
50	8	150.0
50	9	100.0
50	10	100.0
50	11	90.0
50	12	90.0
50	13	100.0
50	14	100.0
50	15	100.0
50	16	128.0
50	17	150.0
50	18	100.0
50	19	50.0
50	20	50.0
50	21	50.0
50	22	50.0
50	23	50.0
50	24	50.0
51	1	263.0
51	2	263.0
51	3	263.0
51	4	263.0
51	5	263.0
51	6	263.0
51	7	263.0
51	8	263.0
51	9	249.0
51	10	263.0
51	11	263.0
51	12	263.0
51	13	263.0
51	14	263.0
51	15	263.0
51	16	235.0
51	17	150.0
51	18	200.0
51	19	240.0
51	20	250.0
51	21	263.0
51	22	263.0
51	23	263.0
51	24	257.0
52	1	50.0
52	2	50.0
52	3	100.0
52	4	100.0
52	5	69.0
52	6	69.0
52	7	69.0
52	8	119.0
52	9	58.0
52	10	58.0
52	11	58.0
52	12	58.0
52	13	58.0
52	14	58.0
52	15	58.0
52	16	108.0
52	17	108.0
52	18	58.0
52	19	8.0
52	20	8.0
52	21	19.0
52	22	19.0
52	23	19.0
52	24	33.0
53	1	660.0
53	2	669.0
53	3	669.0
53	4	669.0
53	5	592.0
53	6	589.0
53	7	440.0
53	8	454.0
53	9	602.0
53	10	569.0
53	11	649.0
53	12	669.0
53	13	669.0
53	14	669.0
53	15	669.0
53	16	537.0
53	17	502.0
53	18	263.0
53	19	250.0
53	20	250.0
53	21	300.0
53	22	350.0
53	23	350.0
53	24	569.0
54	1	338.0
54	2	338.0
54	3	338.0
54	4	338.0
54	5	292.0
54	6	338.0
54	7	300.0
54	8	160.0
54	9	160.0
54	10	160.0
54	11	256.0
54	12	306.0
54	13	332.0
54	14	335.0
54	15	263.0
54	16	160.0
54	17	160.0
54	18	160.0
54	19	250.0
54	20	248.0
54	21	263.0
54	22	338.0
54	23	338.0
54	24	280.0
55	1	0.0
55	2	0.0
55	3	0.0
55	4	0.0
55	5	0.0
55	6	0.0
55	7	0.0
55	8	18.0
55	9	0.0
55	10	0.0
55	11	0.0
55	12	0.0
55	13	0.0
55	14	0.0
55	15	0.0
55	16	29.0
55	17	18.0
55	18	0.0
55	19	0.0
55	20	0.0
55	21	0.0
55	22	0.0
55	23	0.0
55	24	0.0
56	1	0.0
56	2	0.0
56	3	50.0
56	4	50.0
56	5	100.0
56	6	100.0
56	7	100.0
56	8	150.0
56	9	96.0
56	10	96.0
56	11	96.0
56	12	100.0
56	13	100.0
56	14	100.0
56	15	100.0
56	16	146.0
56	17	146.0
56	18	96.0
56	19	50.0
56	20	50.0
56	21	50.0
56	22	50.0
56	23	50.0
56	24	50.0
57	1	166.0
57	2	166.0
57	3	166.0
57	4	166.0
57	5	166.0
57	6	166.0
57	7	166.0
57	8	246.0
57	9	246.0
57	10	246.0
57	11	246.0
57	12	246.0
57	13	246.0
57	14	246.0
57	15	246.0
57	16	166.0
57	17	166.0
57	18	166.0
57	19	166.0
57	20	166.0
57	21	166.0
57	22	166.0
57	23	166.0
57	24	146.0
58	1	339.0
58	2	339.0
58	3	339.0
58	4	339.0
58	5	339.0
58	6	339.0
58	7	279.0
58	8	250.0
58	9	250.0
58	10	220.0
58	11	225.0
58	12	300.0
58	13	350.0
58	14	400.0
58	15	400.0
58	16	429.0
58	17	200.0
58	18	140.0
58	19	200.0
58	20	300.0
58	21	300.0
58	22	225.0
58	23	279.0
58	24	339.0
59	1	260.0
59	2	273.0
59	3	273.0
59	4	273.0
59	5	273.0
59	6	260.0
59	7	203.0
59	8	203.0
59	9	250.0
59	10	203.0
59	11	188.0
59	12	233.0
59	13	283.0
59	14	353.0
59	15	353.0
59	16	273.0
59	17	200.0
59	18	200.0
59	19	190.0
59	20	203.0
59	21	203.0
59	22	203.0
59	23	203.0
59	24	203.0
60	1	450.0
60	2	492.0
60	3	464.0
60	4	496.0
60	5	488.0
60	6	400.0
60	7	250.0
60	8	250.0
60	9	250.0
60	10	250.0
60	11	300.0
60	12	547.0
60	13	592.0
60	14	592.0
60	15	518.0
60	16	250.0
60	17	200.0
60	18	200.0
60	19	300.0
60	20	300.0
60	21	300.0
60	22	300.0
60	23	350.0
60	24	387.0
61	1	259.0
61	2	259.0
61	3	259.0
61	4	259.0
61	5	259.0
61	6	259.0
61	7	259.0
61	8	160.0
61	9	200.0
61	10	200.0
61	11	200.0
61	12	299.0
61	13	299.0
61	14	299.0
61	15	349.0
61	16	349.0
61	17	298.0
61	18	267.0
61	19	200.0
61	20	243.0
61	21	243.0
61	22	182.0
61	23	182.0
61	24	182.0
62	1	344.0
62	2	344.0
62	3	344.0
62	4	344.0
62	5	344.0
62	6	344.0
62	7	344.0
62	8	230.0
62	9	250.0
62	10	250.0
62	11	250.0
62	12	300.0
62	13	424.0
62	14	424.0
62	15	424.0
62	16	424.0
62	17	200.0
62	18	200.0
62	19	195.0
62	20	260.0
62	21	284.0
62	22	300.0
62	23	300.0
62	24	344.0
63	1	0.0
63	2	0.0
63	3	0.0
63	4	0.0
63	5	0.0
63	6	0.0
63	7	0.0
63	8	41.0
63	9	31.0
63	10	0.0
63	11	0.0
63	12	0.0
63	13	0.0
63	14	0.0
63	15	0.0
63	16	0.0
63	17	13.0
63	18	31.0
63	19	31.0
63	20	0.0
63	21	0.0
63	22	0.0
63	23	0.0
63	24	0.0
64	1	0.0
64	2	0.0
64	3	0.0
64	4	0.0
64	5	0.0
64	6	0.0
64	7	0.0
64	8	0.0
64	9	31.0
64	10	0.0
64	11	0.0
64	12	0.0
64	13	0.0
64	14	0.0
64	15	0.0
64	16	0.0
64	17	12.0
64	18	31.0
64	19	0.0
64	20	0.0
64	21	0.0
64	22	0.0
64	23	0.0
64	24	0.0
65	1	31.0
65	2	31.0
65	3	31.0
65	4	31.0
65	5	31.0
65	6	31.0
65	7	31.0
65	8	31.0
65	9	31.0
65	10	31.0
65	11	31.0
65	12	31.0
65	13	31.0
65	14	31.0
65	15	31.0
65	16	31.0
65	17	31.0
65	18	31.0
65	19	31.0
65	20	31.0
65	21	31.0
65	22	31.0
65	23	31.0
65	24	31.0
66	1	369.0
66	2	369.0
66	3	369.0
66	4	369.0
66	5	369.0
66	6	253.0
66	7	141.0
66	8	141.0
66	9	141.0
66	10	141.0
66	11	141.0
66	12	200.0
66	13	200.0
66	14	156.0
66	15	150.0
66	16	150.0
66	17	130.0
66	18	70.0
66	19	166.0
66	20	190.0
66	21	153.0
66	22	250.0
66	23	311.0
66	24	369.0
67	1	35.0
67	2	35.0
67	3	35.0
67	4	35.0
67	5	35.0
67	6	35.0
67	7	35.0
67	8	35.0
67	9	35.0
67	10	0.0
67	11	0.0
67	12	35.0
67	13	35.0
67	14	35.0
67	15	0.0
67	16	0.0
67	17	35.0
67	18	35.0
67	19	35.0
67	20	35.0
67	21	35.0
67	22	35.0
67	23	35.0
67	24	35.0
68	1	175.0
68	2	175.0
68	3	175.0
68	4	175.0
68	5	175.0
68	6	175.0
68	7	158.0
68	8	158.0
68	9	131.0
68	10	81.0
68	11	81.0
68	12	81.0
68	13	91.0
68	14	91.0
68	15	31.0
68	16	19.0
68	17	31.0
68	18	29.0
68	19	81.0
68	20	81.0
68	21	108.0
68	22	158.0
68	23	175.0
68	24	98.0
69	1	25.0
69	2	31.0
69	3	31.0
69	4	31.0
69	5	31.0
69	6	31.0
69	7	31.0
69	8	31.0
69	9	31.0
69	10	31.0
69	11	31.0
69	12	31.0
69	13	31.0
69	14	31.0
69	15	31.0
69	16	31.0
69	17	31.0
69	18	31.0
69	19	31.0
69	20	25.0
69	21	25.0
69	22	25.0
69	23	25.0
69	24	25.0
70	1	273.0
70	2	294.0
70	3	349.0
70	4	352.0
70	5	302.0
70	6	299.0
70	7	220.0
70	8	140.0
70	9	140.0
70	10	140.0
70	11	140.0
70	12	32.0
70	13	32.0
70	14	140.0
70	15	32.0
70	16	0.0
70	17	0.0
70	18	0.0
70	19	0.0
70	20	32.0
70	21	23.0
70	22	27.0
70	23	86.0
70	24	170.0
71	1	369.0
71	2	369.0
71	3	369.0
71	4	369.0
71	5	369.0
71	6	326.0
71	7	35.0
71	8	35.0
71	9	35.0
71	10	35.0
71	11	35.0
71	12	35.0
71	13	35.0
71	14	35.0
71	15	35.0
71	16	0.0
71	17	0.0
71	18	0.0
71	19	35.0
71	20	75.0
71	21	75.0
71	22	245.0
71	23	245.0
71	24	366.0
72	1	25.0
72	2	25.0
72	3	25.0
72	4	31.0
72	5	31.0
72	6	31.0
72	7	31.0
72	8	31.0
72	9	31.0
72	10	31.0
72	11	31.0
72	12	31.0
72	13	31.0
72	14	31.0
72	15	31.0
72	16	31.0
72	17	31.0
72	18	31.0
72	19	31.0
72	20	25.0
72	21	25.0
72	22	25.0
72	23	25.0
72	24	25.0
73	1	25.0
73	2	25.0
73	3	25.0
73	4	31.0
73	5	31.0
73	6	31.0
73	7	31.0
73	8	31.0
73	9	31.0
73	10	31.0
73	11	31.0
73	12	31.0
73	13	31.0
73	14	31.0
73	15	31.0
73	16	31.0
73	17	31.0
73	18	31.0
73	19	31.0
73	20	25.0
73	21	25.0
73	22	25.0
73	23	25.0
73	24	25.0
74	1	175.0
74	2	175.0
74	3	175.0
74	4	175.0
74	5	175.0
74	6	175.0
74	7	175.0
74	8	87.0
74	9	87.0
74	10	175.0
74	11	163.0
74	12	163.0
74	13	163.0
74	14	163.0
74	15	163.0
74	16	113.0
74	17	113.0
74	18	113.0
74	19	128.0
74	20	163.0
74	21	50.0
74	22	87.0
74	23	87.0
74	24	159.0
75	1	20.0
75	2	0.0
75	3	0.0
75	4	0.0
75	5	0.0
75	6	20.0
75	7	20.0
75	8	31.0
75	9	31.0
75	10	20.0
75	11	20.0
75	12	28.0
75	13	28.0
75	14	28.0
75	15	20.0
75	16	20.0
75	17	28.0
75	18	31.0
75	19	30.0
75	20	20.0
75	21	20.0
75	22	20.0
75	23	20.0
75	24	20.0
76	1	258.0
76	2	292.0
76	3	292.0
76	4	292.0
76	5	292.0
76	6	292.0
76	7	292.0
76	8	196.0
76	9	164.0
76	10	164.0
76	11	164.0
76	12	206.0
76	13	216.0
76	14	228.0
76	15	206.0
76	16	206.0
76	17	150.0
76	18	150.0
76	19	164.0
76	20	233.0
76	21	213.0
76	22	195.0
76	23	245.0
76	24	180.0
77	1	365.0
77	2	365.0
77	3	365.0
77	4	365.0
77	5	365.0
77	6	253.0
77	7	189.0
77	8	120.0
77	9	120.0
77	10	70.0
77	11	70.0
77	12	200.0
77	13	200.0
77	14	200.0
77	15	150.0
77	16	150.0
77	17	150.0
77	18	150.0
77	19	200.0
77	20	200.0
77	21	200.0
77	22	243.0
77	23	220.0
77	24	320.0
78	1	382.0
78	2	382.0
78	3	382.0
78	4	382.0
78	5	382.0
78	6	285.0
78	7	55.0
78	8	55.0
78	9	55.0
78	10	88.0
78	11	200.0
78	12	200.0
78	13	200.0
78	14	146.0
78	15	136.0
78	16	150.0
78	17	150.0
78	18	150.0
78	19	200.0
78	20	200.0
78	21	200.0
78	22	250.0
78	23	329.0
78	24	372.0
79	1	258.0
79	2	292.0
79	3	292.0
79	4	292.0
79	5	292.0
79	6	292.0
79	7	292.0
79	8	196.0
79	9	164.0
79	10	164.0
79	11	164.0
79	12	206.0
79	13	216.0
79	14	228.0
79	15	206.0
79	16	206.0
79	17	150.0
79	18	150.0
79	19	164.0
79	20	233.0
79	21	213.0
79	22	195.0
79	23	245.0
79	24	180.0
80	1	372.0
80	2	372.0
80	3	372.0
80	4	372.0
80	5	372.0
80	6	318.0
80	7	307.0
80	8	300.0
80	9	300.0
80	10	250.0
80	11	318.0
80	12	318.0
80	13	318.0
80	14	328.0
80	15	328.0
80	16	200.0
80	17	200.0
80	18	195.0
80	19	230.0
80	20	250.0
80	21	300.0
80	22	328.0
80	23	305.0
80	24	382.0
81	1	185.0
81	2	185.0
81	3	185.0
81	4	185.0
81	5	185.0
81	6	185.0
81	7	185.0
81	8	185.0
81	9	185.0
81	10	185.0
81	11	185.0
81	12	185.0
81	13	185.0
81	14	98.0
81	15	98.0
81	16	65.0
81	17	98.0
81	18	98.0
81	19	98.0
81	20	98.0
81	21	98.0
81	22	131.0
81	23	131.0
81	24	185.0
82	1	50.0
82	2	50.0
82	3	50.0
82	4	50.0
82	5	50.0
82	6	79.0
82	7	50.0
82	8	50.0
82	9	79.0
82	10	50.0
82	11	79.0
82	12	79.0
82	13	53.0
82	14	50.0
82	15	50.0
82	16	50.0
82	17	79.0
82	18	79.0
82	19	50.0
82	20	50.0
82	21	50.0
82	22	50.0
82	23	50.0
82	24	50.0
83	1	315.0
83	2	360.0
83	3	414.0
83	4	414.0
83	5	360.0
83	6	360.0
83	7	270.0
83	8	194.0
83	9	120.0
83	10	127.0
83	11	250.0
83	12	350.0
83	13	227.0
83	14	400.0
83	15	400.0
83	16	305.0
83	17	200.0
83	18	200.0
83	19	200.0
83	20	227.0
83	21	250.0
83	22	120.0
83	23	175.0
83	24	197.0
84	1	431.0
84	2	431.0
84	3	431.0
84	4	431.0
84	5	431.0
84	6	297.0
84	7	200.0
84	8	250.0
84	9	103.0
84	10	91.0
84	11	194.0
84	12	381.0
84	13	431.0
84	14	431.0
84	15	381.0
84	16	143.0
84	17	93.0
84	18	93.0
84	19	193.0
84	20	193.0
84	21	193.0
84	22	193.0
84	23	252.0
84	24	384.0
85	1	230.0
85	2	230.0
85	3	230.0
85	4	230.0
85	5	230.0
85	6	230.0
85	7	100.0
85	8	100.0
85	9	160.0
85	10	120.0
85	11	90.0
85	12	160.0
85	13	217.0
85	14	217.0
85	15	217.0
85	16	217.0
85	17	157.0
85	18	141.0
85	19	141.0
85	20	157.0
85	21	157.0
85	22	157.0
85	23	157.0
85	24	157.0
86	1	299.0
86	2	299.0
86	3	299.0
86	4	299.0
86	5	299.0
86	6	299.0
86	7	250.0
86	8	250.0
86	9	250.0
86	10	250.0
86	11	299.0
86	12	299.0
86	13	299.0
86	14	299.0
86	15	299.0
86	16	200.0
86	17	200.0
86	18	200.0
86	19	295.0
86	20	295.0
86	21	295.0
86	22	295.0
86	23	299.0
86	24	282.0
87	1	208.0
87	2	208.0
87	3	208.0
87	4	208.0
87	5	208.0
87	6	208.0
87	7	208.0
87	8	208.0
87	9	208.0
87	10	200.0
87	11	200.0
87	12	200.0
87	13	200.0
87	14	200.0
87	15	150.0
87	16	150.0
87	17	150.0
87	18	150.0
87	19	200.0
87	20	200.0
87	21	200.0
87	22	208.0
87	23	208.0
87	24	369.0
88	1	98.0
88	2	98.0
88	3	98.0
88	4	98.0
88	5	98.0
88	6	98.0
88	7	98.0
88	8	98.0
88	9	98.0
88	10	98.0
88	11	97.0
88	12	79.0
88	13	95.0
88	14	98.0
88	15	98.0
88	16	74.0
88	17	74.0
88	18	98.0
88	19	98.0
88	20	98.0
88	21	98.0
88	22	98.0
88	23	98.0
88	24	252.0
89	1	252.0
89	2	252.0
89	3	252.0
89	4	252.0
89	5	252.0
89	6	252.0
89	7	209.0
89	8	150.0
89	9	150.0
89	10	150.0
89	11	150.0
89	12	150.0
89	13	150.0
89	14	150.0
89	15	120.0
89	16	46.0
89	17	96.0
89	18	96.0
89	19	120.0
89	20	120.0
89	21	120.0
89	22	120.0
89	23	177.0
89	24	209.0
90	1	251.0
90	2	250.0
90	3	251.0
90	4	251.0
90	5	250.0
90	6	251.0
90	7	220.0
90	8	80.0
90	9	110.0
90	10	110.0
90	11	110.0
90	12	122.0
90	13	182.0
90	14	197.0
90	15	197.0
90	16	197.0
90	17	197.0
90	18	127.0
90	19	98.0
90	20	196.0
90	21	196.0
90	22	137.0
90	23	122.0
90	24	170.0
91	1	280.0
91	2	269.0
91	3	269.0
91	4	254.0
91	5	254.0
91	6	280.0
91	7	220.0
91	8	70.0
91	9	126.0
91	10	120.0
91	11	100.0
91	12	56.0
91	13	200.0
91	14	160.0
91	15	160.0
91	16	30.0
91	17	30.0
91	18	30.0
91	19	30.0
91	20	40.0
91	21	40.0
91	22	70.0
91	23	237.0
91	24	177.0
92	1	25.0
92	2	31.0
92	3	31.0
92	4	31.0
92	5	31.0
92	6	31.0
92	7	31.0
92	8	31.0
92	9	31.0
92	10	31.0
92	11	31.0
92	12	31.0
92	13	31.0
92	14	31.0
92	15	31.0
92	16	31.0
92	17	31.0
92	18	31.0
92	19	31.0
92	20	25.0
92	21	25.0
92	22	25.0
92	23	25.0
92	24	25.0
93	1	252.0
93	2	252.0
93	3	252.0
93	4	252.0
93	5	252.0
93	6	252.0
93	7	209.0
93	8	150.0
93	9	150.0
93	10	150.0
93	11	150.0
93	12	150.0
93	13	150.0
93	14	150.0
93	15	120.0
93	16	46.0
93	17	96.0
93	18	96.0
93	19	120.0
93	20	120.0
93	21	120.0
93	22	120.0
93	23	177.0
93	24	209.0
94	1	304.0
94	2	326.0
94	3	409.0
94	4	409.0
94	5	409.0
94	6	409.0
94	7	369.0
94	8	191.0
94	9	191.0
94	10	141.0
94	11	231.0
94	12	231.0
94	13	231.0
94	14	231.0
94	15	191.0
94	16	231.0
94	17	191.0
94	18	171.0
94	19	167.0
94	20	166.0
94	21	166.0
94	22	191.0
94	23	191.0
94	24	191.0
95	1	350.0
95	2	350.0
95	3	350.0
95	4	350.0
95	5	350.0
95	6	350.0
95	7	350.0
95	8	196.0
95	9	196.0
95	10	136.0
95	11	86.0
95	12	196.0
95	13	200.0
95	14	200.0
95	15	200.0
95	16	150.0
95	17	110.0
95	18	150.0
95	19	150.0
95	20	196.0
95	21	200.0
95	22	200.0
95	23	250.0
95	24	307.0
96	1	454.0
96	2	454.0
96	3	454.0
96	4	454.0
96	5	450.0
96	6	400.0
96	7	250.0
96	8	250.0
96	9	250.0
96	10	250.0
96	11	310.0
96	12	454.0
96	13	454.0
96	14	424.0
96	15	424.0
96	16	210.0
96	17	200.0
96	18	200.0
96	19	300.0
96	20	300.0
96	21	300.0
96	22	300.0
96	23	350.0
96	24	433.0
97	1	365.0
97	2	365.0
97	3	365.0
97	4	365.0
97	5	365.0
97	6	365.0
97	7	365.0
97	8	253.0
97	9	253.0
97	10	250.0
97	11	253.0
97	12	253.0
97	13	253.0
97	14	253.0
97	15	253.0
97	16	170.0
97	17	192.0
97	18	170.0
97	19	210.0
97	20	210.0
97	21	210.0
97	22	210.0
97	23	210.0
97	24	355.0
98	1	206.0
98	2	231.0
98	3	231.0
98	4	231.0
98	5	231.0
98	6	231.0
98	7	231.0
98	8	231.0
98	9	231.0
98	10	153.0
98	11	154.0
98	12	203.0
98	13	231.0
98	14	231.0
98	15	231.0
98	16	231.0
98	17	150.0
98	18	103.0
98	19	115.0
98	20	206.0
98	21	206.0
98	22	206.0
98	23	206.0
98	24	231.0
99	1	284.0
99	2	284.0
99	3	284.0
99	4	284.0
99	5	284.0
99	6	284.0
99	7	270.0
99	8	241.0
99	9	250.0
99	10	245.0
99	11	191.0
99	12	173.0
99	13	173.0
99	14	173.0
99	15	173.0
99	16	115.0
99	17	115.0
99	18	125.0
99	19	125.0
99	20	175.0
99	21	200.0
99	22	198.0
99	23	250.0
99	24	270.0
100	1	31.0
100	2	31.0
100	3	31.0
100	4	31.0
100	5	31.0
100	6	31.0
100	7	31.0
100	8	31.0
100	9	31.0
100	10	31.0
100	11	31.0
100	12	31.0
100	13	31.0
100	14	31.0
100	15	31.0
100	16	31.0
100	17	31.0
100	18	31.0
100	19	31.0
100	20	31.0
100	21	31.0
100	22	31.0
100	23	31.0
100	24	31.0
101	1	0.0
101	2	0.0
101	3	0.0
101	4	31.0
101	5	31.0
101	6	31.0
101	7	25.0
101	8	31.0
101	9	51.0
101	10	12.0
101	11	25.0
101	12	31.0
101	13	31.0
101	14	31.0
101	15	12.0
101	16	10.0
101	17	31.0
101	18	31.0
101	19	31.0
101	20	0.0
101	21	0.0
101	22	0.0
101	23	0.0
101	24	10.0
102	1	251.0
102	2	251.0
102	3	251.0
102	4	251.0
102	5	251.0
102	6	251.0
102	7	251.0
102	8	120.0
102	9	120.0
102	10	120.0
102	11	114.0
102	12	177.0
102	13	222.0
102	14	222.0
102	15	222.0
102	16	222.0
102	17	80.0
102	18	80.0
102	19	80.0
102	20	80.0
102	21	80.0
102	22	122.0
102	23	170.0
102	24	170.0
103	1	454.0
103	2	454.0
103	3	454.0
103	4	454.0
103	5	450.0
103	6	400.0
103	7	250.0
103	8	250.0
103	9	250.0
103	10	250.0
103	11	310.0
103	12	454.0
103	13	454.0
103	14	424.0
103	15	424.0
103	16	210.0
103	17	200.0
103	18	200.0
103	19	300.0
103	20	300.0
103	21	300.0
103	22	300.0
103	23	350.0
103	24	433.0
104	1	0.0
104	2	0.0
104	3	0.0
104	4	10.0
104	5	10.0
104	6	10.0
104	7	10.0
104	8	10.0
104	9	30.0
104	10	10.0
104	11	10.0
104	12	10.0
104	13	10.0
104	14	10.0
104	15	10.0
104	16	10.0
104	17	10.0
104	18	30.0
104	19	10.0
104	20	0.0
104	21	0.0
104	22	0.0
104	23	0.0
104	24	0.0
105	1	450.0
105	2	438.0
105	3	438.0
105	4	438.0
105	5	438.0
105	6	450.0
105	7	400.0
105	8	230.0
105	9	230.0
105	10	230.0
105	11	230.0
105	12	310.0
105	13	470.0
105	14	470.0
105	15	470.0
105	16	470.0
105	17	210.0
105	18	200.0
105	19	200.0
105	20	180.0
105	21	200.0
105	22	220.0
105	23	230.0
105	24	350.0
106	1	185.0
106	2	185.0
106	3	185.0
106	4	185.0
106	5	185.0
106	6	185.0
106	7	70.0
106	8	70.0
106	9	131.0
106	10	16.0
106	11	17.0
106	12	87.0
106	13	87.0
106	14	130.0
106	15	131.0
106	16	131.0
106	17	131.0
106	18	131.0
106	19	131.0
106	20	131.0
106	21	131.0
106	22	131.0
106	23	185.0
106	24	185.0
107	1	0.0
107	2	0.0
107	3	0.0
107	4	31.0
107	5	31.0
107	6	31.0
107	7	31.0
107	8	31.0
107	9	31.0
107	10	31.0
107	11	31.0
107	12	31.0
107	13	31.0
107	14	31.0
107	15	31.0
107	16	31.0
107	17	31.0
107	18	31.0
107	19	31.0
107	20	0.0
107	21	0.0
107	22	0.0
107	23	0.0
107	24	0.0
108	1	217.0
108	2	217.0
108	3	217.0
108	4	217.0
108	5	217.0
108	6	217.0
108	7	217.0
108	8	163.0
108	9	163.0
108	10	163.0
108	11	163.0
108	12	163.0
108	13	200.0
108	14	200.0
108	15	200.0
108	16	150.0
108	17	150.0
108	18	150.0
108	19	150.0
108	20	163.0
108	21	200.0
108	22	200.0
108	23	217.0
108	24	217.0
109	1	353.0
109	2	353.0
109	3	353.0
109	4	353.0
109	5	353.0
109	6	353.0
109	7	353.0
109	8	353.0
109	9	353.0
109	10	353.0
109	11	353.0
109	12	353.0
109	13	353.0
109	14	353.0
109	15	293.0
109	16	293.0
109	17	293.0
109	18	243.0
109	19	210.0
109	20	250.0
109	21	293.0
109	22	293.0
109	23	293.0
109	24	340.0
110	1	441.0
110	2	441.0
110	3	441.0
110	4	441.0
110	5	441.0
110	6	341.0
110	7	191.0
110	8	191.0
110	9	191.0
110	10	191.0
110	11	291.0
110	12	521.0
110	13	571.0
110	14	571.0
110	15	521.0
110	16	191.0
110	17	141.0
110	18	141.0
110	19	241.0
110	20	241.0
110	21	241.0
110	22	241.0
110	23	291.0
110	24	399.0
111	1	369.0
111	2	369.0
111	3	369.0
111	4	369.0
111	5	369.0
111	6	156.0
111	7	156.0
111	8	156.0
111	9	156.0
111	10	156.0
111	11	156.0
111	12	156.0
111	13	156.0
111	14	156.0
111	15	100.0
111	16	100.0
111	17	140.0
111	18	100.0
111	19	140.0
111	20	140.0
111	21	150.0
111	22	156.0
111	23	156.0
111	24	272.0
112	1	299.0
112	2	299.0
112	3	299.0
112	4	299.0
112	5	299.0
112	6	299.0
112	7	250.0
112	8	250.0
112	9	250.0
112	10	250.0
112	11	299.0
112	12	299.0
112	13	299.0
112	14	299.0
112	15	299.0
112	16	200.0
112	17	200.0
112	18	200.0
112	19	295.0
112	20	295.0
112	21	295.0
112	22	295.0
112	23	299.0
112	24	282.0
