Node	Time	Intraday_Price
3	1	14.731859664612175
3	2	25.222678826793818
3	3	28.98397642864352
3	4	19.635582222814556
3	5	27.1234486585988
3	6	11.610695368193879
3	7	30.635429693530117
3	8	24.556796126354357
3	9	26.092476918449947
3	10	19.897069614207687
3	11	10.821775980116453
3	12	0.8642825838651335
3	13	0.02258659166918148
3	14	0.1749046982676455
3	15	11.624110010464431
3	16	29.38836127676896
3	17	29.99073522990963
3	18	22.90479581902203
3	19	25.37190283153265
3	20	30.02115074663869
3	21	33.68320281999803
3	22	24.455181507489474
3	23	12.811158001922536
3	24	17.815982690745834
4	1	19.25812220177639
4	2	7.376436322291559
4	3	6.686854242469136
4	4	19.100897599462005
4	5	42.87894686904588
4	6	56.23670712554698
4	7	46.12972383992378
4	8	74.30248390056583
4	9	58.160829152652745
4	10	60.748460607515014
4	11	47.22347625983727
4	12	45.0741415349703
4	13	53.20294887370736
4	14	53.04003023968132
4	15	43.779319617139656
4	16	59.84203469029011
4	17	60.15522388485844
4	18	62.51493930056986
4	19	39.29421778348484
4	20	57.46875762001194
4	21	55.91194630932266
4	22	68.04448559534347
4	23	61.93961530351872
4	24	74.82485842920707
5	1	4.842096582016422
5	2	2.5496642906320357
5	3	3.430488510528065
5	4	3.406089153366882
5	5	4.116195833588078
5	6	2.942500917668881
5	7	5.3338146989729776
5	8	11.104019940370865
5	9	8.54178444184968
5	10	8.57373456433787
5	11	7.948185688422394
5	12	5.617339967464339
5	13	4.82926149336692
5	14	3.8135201013694275
5	15	4.267304006192795
5	16	4.767812602560443
5	17	9.28579696568823
5	18	7.804223672793148
5	19	6.935556532399479
5	20	3.574607221126072
5	21	4.268626773657611
5	22	2.836658515889838
5	23	4.227313836350132
5	24	0.9419685446017461
6	1	22.143852964061207
6	2	26.43846621068583
6	3	21.10704302876368
6	4	23.300136042289882
6	5	27.73577501582617
6	6	13.47037462392357
6	7	34.16660876933155
6	8	40.47653432082959
6	9	39.68533654962426
6	10	37.04564890814214
6	11	7.020631032521016
6	12	0.7212041186283338
6	13	-0.02011060083754783
6	14	-0.8121199641118695
6	15	-1.1195609194125473
6	16	1.5203356325262316
6	17	21.12392893210919
6	18	24.32329175019187
6	19	32.89585917946161
6	20	23.275821005067954
6	21	43.56635538714079
6	22	13.439526566677355
6	23	30.201005515529303
6	24	19.472271509041878
7	1	14.96594084761394
7	2	14.134098485378003
7	3	19.54706601071762
7	4	14.566238958630809
7	5	11.392893321188525
7	6	19.322490313481666
7	7	23.151084452138203
7	8	41.413249528406006
7	9	48.24460801707196
7	10	22.523289016796912
7	11	17.97143487348082
7	12	13.18682922011021
7	13	11.673850727906803
7	14	24.710238394334624
7	15	15.854405873627298
7	16	21.320132548886956
7	17	20.86506910501239
7	18	18.623304572466726
7	19	14.581234208782293
7	20	15.581756082745734
7	21	20.055148862197825
7	22	26.64321990757304
7	23	7.6230105863624695
7	24	13.555115546521344
8	1	38.94445389810803
8	2	72.93084755747061
8	3	59.30770951104149
8	4	38.20646770405737
8	5	42.96183582843448
8	6	47.522367862322795
8	7	71.89280703107725
8	8	56.562509150828106
8	9	67.94784660526595
8	10	54.13848236343291
8	11	46.043614671681034
8	12	34.494420859701926
8	13	51.4633659622354
8	14	31.839570450689138
8	15	46.57795746191192
8	16	23.858248202687786
8	17	27.741842955506453
8	18	34.30533836553507
8	19	36.82735683003707
8	20	55.537221779783984
8	21	48.559579782242004
8	22	36.978777353665734
8	23	27.72689557633665
8	24	15.225608078218631
9	1	25.603526005841356
9	2	14.049158695514992
9	3	15.342997169619629
9	4	27.331473187633435
9	5	20.8304521724965
9	6	18.57439828172425
9	7	26.572418052180456
9	8	59.980041151135936
9	9	35.04788747222085
9	10	32.95740287236461
9	11	54.64638376798733
9	12	24.872345313812204
9	13	28.155027018806933
9	14	38.305778450957554
9	15	28.119190404006147
9	16	30.396590032343784
9	17	34.89407937857951
9	18	39.21640112557131
9	19	30.863809008791527
9	20	34.38875407957839
9	21	40.86592952112527
9	22	24.501509381057165
9	23	28.95326179682078
9	24	28.51534937595383
10	1	3.1758208963163
10	2	4.6947969369374425
10	3	4.444439918919067
10	4	4.861921080837491
10	5	3.7088351374775574
10	6	3.5467183045530164
10	7	4.489020018942366
10	8	5.413042937632528
10	9	2.7712713523708983
10	10	4.961053077634599
10	11	1.996648658857494
10	12	4.366906384071617
10	13	-0.03633579402457306
10	14	0.4343985069578483
10	15	4.28055770758854
10	16	7.029048009164085
10	17	4.904976952814662
10	18	4.262659733659788
10	19	2.2358198573041257
10	20	4.677628388343454
10	21	7.395271890073092
10	22	6.1749405077417965
10	23	4.503581575470775
10	24	15.656091396322047
11	1	46.02494442870345
11	2	60.421938768975764
11	3	50.694025026733186
11	4	74.39664511467083
11	5	74.55393662741662
11	6	73.0461316975082
11	7	72.21734400906999
11	8	62.01286789394745
11	9	54.189233878393594
11	10	73.42435408398102
11	11	68.21605028865353
11	12	91.1196528351919
11	13	54.691215789656376
11	14	87.50029677818306
11	15	42.148788659162435
11	16	47.309649490000346
11	17	77.68299886534666
11	18	129.66424285334892
11	19	84.29351096300654
11	20	69.10118759489481
11	21	110.64326456647815
11	22	78.55081849308449
11	23	48.180208801277566
11	24	54.973263687180214
12	1	66.10907287019666
12	2	49.011764967819644
12	3	58.17732489330587
12	4	50.73078401557664
12	5	54.32527583005468
12	6	57.98658203674974
12	7	78.83088306125761
12	8	76.60317020486247
12	9	95.58200974219613
12	10	60.392944036656175
12	11	67.15199060414331
12	12	52.083402185801965
12	13	48.75926932597632
12	14	51.85277661346617
12	15	49.64929739079427
12	16	85.9517347312707
12	17	54.776073881231966
12	18	74.5707787036907
12	19	81.32664129876666
12	20	43.8140134894495
12	21	73.82949826126799
12	22	56.19842087723376
12	23	70.11126639257607
12	24	51.552492816916605
13	1	22.954154308689613
13	2	30.592260221262286
13	3	26.21449392634495
13	4	16.74210849268984
13	5	25.192675137856035
13	6	29.417458509203453
13	7	26.37533579647502
13	8	20.565701722060773
13	9	4.892145033390136
13	10	32.11777024597036
13	11	23.659004622144092
13	12	23.086134913903766
13	13	17.594218607493328
13	14	15.361667950261994
13	15	23.180816170373163
13	16	25.95915331211362
13	17	27.499195006502763
13	18	30.619336538566323
13	19	17.044807732551632
13	20	17.679883761388457
13	21	20.873552028974565
13	22	28.08915638031596
13	23	25.47002250579937
13	24	22.780916330475872
14	1	46.71633297310599
14	2	38.777798996472924
14	3	36.47645139208008
14	4	31.209085047315206
14	5	20.71993187159056
14	6	11.058829142067957
14	7	0.09819588087470203
14	8	26.629094434578914
14	9	30.43865104022619
14	10	34.385687579883
14	11	30.90098548755401
14	12	16.807414712883116
14	13	37.86903160851442
14	14	22.881265954541046
14	15	7.965617809934007
14	16	13.332623507252075
14	17	30.80101479766977
14	18	45.560185159435036
14	19	65.98915350596637
14	20	54.57246343743827
14	21	25.386150448427088
14	22	69.40262355447008
14	23	40.96219991966871
14	24	46.274563499334356
15	1	55.59482021767728
15	2	47.818685411934695
15	3	46.189225923905056
15	4	49.43541431687569
15	5	74.49866374624344
15	6	55.257566304086055
15	7	70.50483443767301
15	8	61.79993592518297
15	9	64.01591020328864
15	10	55.23516674284376
15	11	45.11249586245422
15	12	54.44165455726919
15	13	65.9147668955923
15	14	49.197161211404776
15	15	40.48717225170437
15	16	43.578370425526266
15	17	47.517773846958065
15	18	39.95449593753187
15	19	28.2292197049424
15	20	48.511608772160315
15	21	54.931267827784836
15	22	42.382943091265986
15	23	28.035399168850372
15	24	66.52841090781394
16	1	25.088053916078884
16	2	28.74738337955782
16	3	21.100555934953515
16	4	20.14164404305801
16	5	26.8750418910271
16	6	31.849355301006863
16	7	26.147069478414778
16	8	21.43304875193845
16	9	30.026785645240967
16	10	22.019976369149703
16	11	18.542521261044268
16	12	30.330086541046807
16	13	29.77549824621374
16	14	31.561218518206534
16	15	27.09306410438476
16	16	20.193141630373297
16	17	36.45071799091602
16	18	35.28696165353719
16	19	16.616945449044863
16	20	18.68178487929973
16	21	17.126321277166593
16	22	31.708591844402758
16	23	29.302236071404547
16	24	12.412709751030633
17	1	31.753781514488043
17	2	17.295721271487764
17	3	14.650367496230276
17	4	24.04476482214212
17	5	26.270835235383363
17	6	33.664505838844896
17	7	25.864221745735037
17	8	53.29133805102019
17	9	37.60865134458651
17	10	39.30863011165241
17	11	40.11252739904012
17	12	41.168368458180225
17	13	36.36604047739511
17	14	55.24373277048312
17	15	25.441287708999145
17	16	30.054364096024937
17	17	28.649306572683855
17	18	40.23859108852547
17	19	34.82216852879133
17	20	37.4929688285605
17	21	27.049807804391513
17	22	24.06040237071298
17	23	24.88906169608938
17	24	31.502532032678875
18	1	18.316014625955173
18	2	7.307391055751996
18	3	16.56920464975034
18	4	11.447010914030079
18	5	16.842534146918855
18	6	11.41761276119443
18	7	25.484452804567137
18	8	14.653641445628846
18	9	22.98182768053817
18	10	22.787956915410508
18	11	14.388269579325566
18	12	20.261434950861386
18	13	16.224864496230285
18	14	20.24797886592418
18	15	10.123679794557122
18	16	13.878283157601297
18	17	17.224413867483612
18	18	14.243474839359349
18	19	23.163411663367217
18	20	21.56582513625677
18	21	22.323364439000084
18	22	25.344901139050794
18	23	17.25559972401952
18	24	17.611810953605456
19	1	18.820000337864496
19	2	13.11853975374803
19	3	17.46410795490638
19	4	13.435339875595727
19	5	14.52232970530663
19	6	20.515573531220596
19	7	15.516007640113633
19	8	22.15150213139951
19	9	20.897592658972783
19	10	15.873916916437425
19	11	11.859580174149468
19	12	17.34221108324828
19	13	16.787743575223416
19	14	17.876726178674797
19	15	23.845905445540872
19	16	11.581055687867051
19	17	24.499136596047435
19	18	23.953766347265404
19	19	28.876151450948132
19	20	14.233360042645899
19	21	14.915257654302442
19	22	20.013378782256197
19	23	20.262504725267128
19	24	23.482164420453017
20	1	43.134534499724886
20	2	69.3291363726188
20	3	46.750899349846534
20	4	67.68857043914761
20	5	43.23764289249634
20	6	64.05771742551035
20	7	57.618272105063895
20	8	75.46642213933363
20	9	44.43208004992279
20	10	51.30006140279594
20	11	53.569168604037294
20	12	60.26191922905936
20	13	43.5650972370649
20	14	38.523426844168284
20	15	23.264661597185476
20	16	31.282053793570345
20	17	37.98084658446873
20	18	59.59397813855981
20	19	74.89636358068714
20	20	44.34665129403624
20	21	67.80357921108217
20	22	55.36928502405793
20	23	52.265455869955964
20	24	52.09115839841494
21	1	33.857934143234125
21	2	49.82546406502905
21	3	20.434363063066243
21	4	26.218162896050988
21	5	20.813653139620584
21	6	39.75140407759874
21	7	24.605098503843017
21	8	33.37140223106633
21	9	18.203813567713542
21	10	29.57882929923066
21	11	34.19060883354764
21	12	24.63056372884948
21	13	33.8178651925375
21	14	20.973250565576652
21	15	27.642597517774657
21	16	45.14627473028451
21	17	38.926345787405616
21	18	41.24830230392793
21	19	32.74868718687232
21	20	41.08951178429821
21	21	44.07720847061483
21	22	40.774293227646716
21	23	35.67346095143976
21	24	26.5964877312947
22	1	57.464324638033865
22	2	20.878458328753034
22	3	45.14423150494659
22	4	40.34252351303247
22	5	26.390886860813623
22	6	26.482163906476618
22	7	34.85782285245788
22	8	71.36074694685308
22	9	62.131994908464186
22	10	51.77954761053675
22	11	67.66572468883487
22	12	99.26349491707784
22	13	48.83674562396131
22	14	44.69558268475656
22	15	39.643260368336634
22	16	38.775219119010764
22	17	59.21518318340292
22	18	54.863024695472795
22	19	42.263887828443394
22	20	26.588584472212446
22	21	59.47920674680942
22	22	24.225138163262947
22	23	38.46772202460812
22	24	32.280939947164704
23	1	31.487473677089447
23	2	33.06375298932251
23	3	23.62352250617115
23	4	31.028877741135073
23	5	41.7134148073646
23	6	18.89119299144935
23	7	24.840319362736007
23	8	24.628141060282914
23	9	26.76093596403165
23	10	4.099245299626834
23	11	0.04444108724252881
23	12	-0.009585025714778634
23	13	-0.8839692500751826
23	14	-0.8950028998585005
23	15	-0.023072115848238896
23	16	0.8988144685493494
23	17	16.753022309085043
23	18	38.44288038254874
23	19	34.90345107390605
23	20	29.81185210037278
23	21	41.626733538549125
23	22	28.84778844691827
23	23	36.92777124754499
23	24	32.730402612320894
24	1	5.746647654577805
24	2	5.930965635230004
24	3	6.213710351623254
24	4	7.030322378551872
24	5	8.808925578357957
24	6	9.420000103471054
24	7	73.06308227756253
24	8	65.61419926573268
24	9	50.28128188151621
24	10	42.1142532100104
24	11	15.20798442534109
24	12	17.026398212098208
24	13	11.746025393752332
24	14	10.442187780226366
24	15	10.713683019655882
24	16	18.24288196619976
24	17	47.502479029867196
24	18	60.36278607160909
24	19	37.86522199070735
24	20	67.26336544847926
24	21	19.729389038918512
24	22	21.41493139432303
24	23	21.171175031312174
24	24	14.679838221601903
25	1	16.413013700457924
25	2	20.922235881529545
25	3	16.343119990709415
25	4	15.120814395513948
25	5	16.469205925666223
25	6	29.203184435758267
25	7	16.39472168453501
25	8	47.01317365367335
25	9	48.76434654759715
25	10	14.83963688002807
25	11	21.600323222876195
25	12	4.6136410895521935
25	13	3.439329549003342
25	14	2.297257816197438
25	15	3.67039732364381
25	16	12.863573992768156
25	17	25.421716777483024
25	18	44.115117463224685
25	19	37.47091515792386
25	20	29.329740831548204
25	21	27.24442101609444
25	22	36.549491415361175
25	23	23.353748713188143
25	24	15.760374170216517
26	1	22.426131282199865
26	2	26.234285031119356
26	3	19.224518513070205
26	4	8.842814484515106
26	5	9.209249181439132
26	6	33.96507244624469
26	7	29.90948842622781
26	8	27.334745691485335
26	9	22.51388724841663
26	10	2.258658849327171
26	11	0.0
26	12	-0.04161079024003375
26	13	-5.307782579886142
26	14	-17.88899071517391
26	15	-18.467035875952103
26	16	-0.059936166870511356
26	17	1.115191667184548
26	18	11.72963745698606
26	19	34.923517518557134
26	20	35.53186378685916
26	21	42.62008309154088
26	22	33.35042877662053
26	23	42.18842671965206
26	24	30.602596510459897
27	1	52.62183711078565
27	2	28.510571839471094
27	3	23.46744080929248
27	4	50.497008457345785
27	5	41.35592808822089
27	6	107.89321264479108
27	7	139.65573965678664
27	8	123.54138991389792
27	9	97.03480023232939
27	10	68.99495466209054
27	11	93.34994970342896
27	12	66.1132293346108
27	13	54.03412361536251
27	14	55.689608922609
27	15	60.94410547771653
27	16	74.04017619496116
27	17	70.96980811063963
27	18	73.47587535567294
27	19	87.17657269967216
27	20	69.15855633667753
27	21	63.74230193269824
27	22	99.15164461205043
27	23	76.4896090108127
27	24	51.4304606309079
28	1	17.10881670241814
28	2	12.006034917209398
28	3	19.12545694571356
28	4	14.248847709198197
28	5	16.514927402159152
28	6	18.339050143372784
28	7	23.00851498850139
28	8	18.220260627059133
28	9	17.322139642353164
28	10	15.163817567946873
28	11	14.058231378123484
28	12	13.088282928988248
28	13	6.668208962023788
28	14	11.21046866728196
28	15	13.888320574233687
28	16	18.576500028184252
28	17	19.55582051425688
28	18	26.09288719881919
28	19	10.911883297444636
28	20	20.055268230413933
28	21	19.952184112237706
28	22	19.721971216964704
28	23	21.735501160950573
28	24	20.37885097484569
29	1	2.5626782351080384
29	2	2.300635921068578
29	3	1.0811467216303419
29	4	0.9599508361219556
29	5	1.0809387359471294
29	6	2.664406735672334
29	7	3.4547563443229596
29	8	5.209466825503421
29	9	5.848739888100952
29	10	1.359157077627251
29	11	0.011152408726986312
29	12	-0.10448884841728667
29	13	-0.831229500328745
29	14	-2.317809374499323
29	15	-1.0204539908702228
29	16	0.21182148328839567
29	17	3.0234662440578344
29	18	5.621946117414032
29	19	4.543057416096643
29	20	7.490642354952129
29	21	4.47373722874401
29	22	7.360352574770783
29	23	2.8226755701334993
29	24	1.5582888487177922
30	1	38.94445389810803
30	2	72.93084755747061
30	3	59.30770951104149
30	4	38.20646770405737
30	5	42.96183582843448
30	6	47.522367862322795
30	7	71.89280703107725
30	8	56.562509150828106
30	9	67.94784660526595
30	10	54.13848236343291
30	11	46.043614671681034
30	12	34.494420859701926
30	13	51.4633659622354
30	14	31.839570450689138
30	15	46.57795746191192
30	16	23.858248202687786
30	17	27.741842955506453
30	18	34.30533836553507
30	19	36.82735683003707
30	20	55.537221779783984
30	21	48.559579782242004
30	22	36.978777353665734
30	23	27.72689557633665
30	24	15.225608078218631
31	1	12.126267578333474
31	2	28.878596644260867
31	3	23.60983752211044
31	4	14.211477965588456
31	5	12.52234365537796
31	6	17.939138499233575
31	7	18.566670418488556
31	8	29.84820411208507
31	9	22.11850323325979
31	10	35.68688134869305
31	11	17.58673248087019
31	12	15.771922770182343
31	13	19.520014103699577
31	14	29.404916057221712
31	15	17.061769006913842
31	16	15.911319610795143
31	17	35.61707185751158
31	18	34.263432388301204
31	19	26.042480734759195
31	20	22.26727022959381
31	21	27.30396249024781
31	22	26.456691257834134
31	23	21.354397167561203
31	24	15.38036132438051
32	1	41.69817804939944
32	2	20.440485013076625
32	3	25.94698872820498
32	4	49.10484519367306
32	5	24.31486330105337
32	6	35.625396091072304
32	7	21.782862059563094
32	8	32.511687857375534
32	9	26.845133110604756
32	10	30.795457148119958
32	11	35.86031499547037
32	12	30.62219551725465
32	13	42.713984503876326
32	14	36.980124094323344
32	15	47.655370272739304
32	16	34.98210791086013
32	17	46.362905907335445
32	18	30.32064269490731
32	19	42.631513376512174
32	20	23.685709323289366
32	21	43.26166618767898
32	22	28.988784609472987
32	23	22.889098533080528
32	24	29.323263823763437
33	1	1.57404845260122
33	2	0.854252275793646
33	3	0.8704402472322315
33	4	2.4600578242783864
33	5	2.8624486334590893
33	6	4.370125974728654
33	7	12.66623258686802
33	8	20.602606313958983
33	9	12.736985413049412
33	10	10.9687521538767
33	11	12.955906663285933
33	12	7.471498436453528
33	13	7.966046705644225
33	14	12.925301497015539
33	15	17.84224622419074
33	16	18.251608426038988
33	17	22.096566584012354
33	18	25.664463966434745
33	19	24.338887020758843
33	20	17.082692838224034
33	21	16.283644133340825
33	22	19.037092514668263
33	23	16.99664736933655
33	24	14.401318600854774
34	1	26.195989251456858
34	2	31.353952831713038
34	3	40.935552226589316
34	4	27.875074655153444
34	5	43.05387869677562
34	6	38.80559781681174
34	7	36.95989845352648
34	8	35.25973650902865
34	9	32.70072734527236
34	10	44.6440000949768
34	11	41.33195447083915
34	12	33.20492078983997
34	13	41.673617464972885
34	14	34.33269119407247
34	15	40.872675969478976
34	16	45.14760161520233
34	17	29.72387083502716
34	18	48.353284815645324
34	19	41.167569631184236
34	20	22.175645191234363
34	21	17.112182399528876
34	22	37.08853985922979
34	23	31.359615573689275
34	24	26.199083954367428
35	1	22.143852964061207
35	2	26.43846621068583
35	3	21.10704302876368
35	4	23.300136042289882
35	5	27.73577501582617
35	6	13.47037462392357
35	7	34.16660876933155
35	8	40.47653432082959
35	9	39.68533654962426
35	10	37.04564890814214
35	11	7.020631032521016
35	12	0.7212041186283338
35	13	-0.02011060083754783
35	14	-0.8121199641118695
35	15	-1.1195609194125473
35	16	1.5203356325262316
35	17	21.12392893210919
35	18	24.32329175019187
35	19	32.89585917946161
35	20	23.275821005067954
35	21	43.56635538714079
35	22	13.439526566677355
35	23	30.201005515529303
35	24	19.472271509041878
36	1	15.360517735617558
36	2	20.16912904399545
36	3	28.799663555927754
36	4	27.901978279695435
36	5	26.868334723263796
36	6	20.957111580444547
36	7	37.856973536156715
36	8	37.134619444822555
36	9	44.00942164895529
36	10	48.69215078781195
36	11	19.97996277583038
36	12	8.481421713259742
36	13	16.138169015289684
36	14	25.033310262096204
36	15	33.76185823663995
36	16	44.01869207238155
36	17	37.622643656107854
36	18	44.13174177432504
36	19	34.27576314784227
36	20	46.73661065339185
36	21	42.539824241680854
36	22	40.67647173431587
36	23	2.9360200560792475
36	24	26.20636360630514
37	1	45.959952549298166
37	2	45.42177309552178
37	3	42.96212047296435
37	4	31.87191272347258
37	5	50.90064119730026
37	6	62.1803967656914
37	7	109.56584194372948
37	8	100.12081356508897
37	9	57.94261980695661
37	10	45.90902359336965
37	11	27.771543652971733
37	12	40.934080027409756
37	13	38.58301104133864
37	14	36.2535369993276
37	15	47.14980920653275
37	16	46.67060825190487
37	17	39.634325053978955
37	18	57.62087552366459
37	19	39.926336357935604
37	20	47.43995034964675
37	21	63.30466948906189
37	22	54.96795959351776
37	23	44.670754530083656
37	24	32.597754688367445
38	1	0.088715619517482
38	2	0.0
38	3	0.0
38	4	0.5010543364127497
38	5	2.476904192778244
38	6	2.7117865270337864
38	7	9.31033300885354
38	8	7.565592714750383
38	9	6.957693479940798
38	10	12.10112625060587
38	11	9.536281512315608
38	12	5.04933159171237
38	13	3.5652113142257367
38	14	5.149580503283835
38	15	8.451200441528231
38	16	7.707134420279966
38	17	12.573925917743507
38	18	18.43762831426083
38	19	16.45528221724798
38	20	6.537092391510894
38	21	11.847486987878863
38	22	6.507435895757766
38	23	5.336888593393998
38	24	2.9364248180309667
39	1	14.731859664612175
39	2	25.222678826793818
39	3	28.98397642864352
39	4	19.635582222814556
39	5	27.1234486585988
39	6	11.610695368193879
39	7	30.635429693530117
39	8	24.556796126354357
39	9	26.092476918449947
39	10	19.897069614207687
39	11	10.821775980116453
39	12	0.8642825838651335
39	13	0.02258659166918148
39	14	0.1749046982676455
39	15	11.624110010464431
39	16	29.38836127676896
39	17	29.99073522990963
39	18	22.90479581902203
39	19	25.37190283153265
39	20	30.02115074663869
39	21	33.68320281999803
39	22	24.455181507489474
39	23	12.811158001922536
39	24	17.815982690745834
40	1	5.8599407046246
40	2	4.969259518875846
40	3	11.653370903572558
40	4	24.144338088126204
40	5	54.699017185247676
40	6	42.92814933810185
40	7	41.9797308668004
40	8	33.11077592959626
40	9	37.24721847890767
40	10	49.22744071878606
40	11	49.154465873090125
40	12	45.87970751183246
40	13	34.394973582703884
40	14	7.278072280236295
40	15	21.2847836739559
40	16	32.95875928450669
40	17	45.409503199422424
40	18	53.89289955865456
40	19	90.5656954232172
40	20	155.76195206082625
40	21	96.68815905101847
40	22	64.16632728044561
40	23	59.71231221934862
40	24	53.32466408077959
41	1	32.95354109262376
41	2	31.03248978149901
41	3	40.794172020150626
41	4	22.517426251835285
41	5	31.611129280083667
41	6	33.233037066668054
41	7	44.46214615908031
41	8	33.05160632813512
41	9	14.64975183423959
41	10	11.688860147032205
41	11	6.004972000158506
41	12	0.6927044791219025
41	13	-0.011733641260295267
41	14	-0.16430167967508388
41	15	0.558084793842688
41	16	8.077027938194227
41	17	14.027558542195658
41	18	18.442107857325375
41	19	36.05477740306203
41	20	43.36954267821088
41	21	37.50580219035284
41	22	32.75528711436805
41	23	36.69380721678546
41	24	21.966157085537493
42	1	2.5626782351080384
42	2	2.300635921068578
42	3	1.0811467216303419
42	4	0.9599508361219556
42	5	1.0809387359471294
42	6	2.664406735672334
42	7	3.4547563443229596
42	8	5.209466825503421
42	9	5.848739888100952
42	10	1.359157077627251
42	11	0.011152408726986312
42	12	-0.10448884841728667
42	13	-0.831229500328745
42	14	-2.317809374499323
42	15	-1.0204539908702228
42	16	0.21182148328839567
42	17	3.0234662440578344
42	18	5.621946117414032
42	19	4.543057416096643
42	20	7.490642354952129
42	21	4.47373722874401
42	22	7.360352574770783
42	23	2.8226755701334993
42	24	1.5582888487177922
43	1	40.052900220008
43	2	20.489387006514498
43	3	24.594272110070513
43	4	27.435298449279976
43	5	44.255634572127015
43	6	56.590837436006964
43	7	42.74904348109004
43	8	82.8371477494167
43	9	102.54782960528125
43	10	64.3070985845378
43	11	53.743356666393346
43	12	36.22773729679669
43	13	51.28334281961234
43	14	37.041368871237005
43	15	25.473444238250607
43	16	59.08347745663867
43	17	59.815009363100884
43	18	45.352085237009796
43	19	65.09112029691964
43	20	84.41925386900893
43	21	68.3722791683992
43	22	69.29009290966461
43	23	52.52372981866575
43	24	62.34111187143773
44	1	19.25812220177639
44	2	7.376436322291559
44	3	6.686854242469136
44	4	19.100897599462005
44	5	42.87894686904588
44	6	56.23670712554698
44	7	46.12972383992378
44	8	74.30248390056583
44	9	58.160829152652745
44	10	60.748460607515014
44	11	47.22347625983727
44	12	45.0741415349703
44	13	53.20294887370736
44	14	53.04003023968132
44	15	43.779319617139656
44	16	59.84203469029011
44	17	60.15522388485844
44	18	62.51493930056986
44	19	39.29421778348484
44	20	57.46875762001194
44	21	55.91194630932266
44	22	68.04448559534347
44	23	61.93961530351872
44	24	74.82485842920707
45	1	54.46948138122175
45	2	47.34146340190087
45	3	87.09178751243684
45	4	48.139046053152214
45	5	56.375572025991254
45	6	62.05878328171313
45	7	89.65182332986576
45	8	121.9533932154367
45	9	89.12768588494458
45	10	107.18821783390112
45	11	80.55259717079795
45	12	61.53942365373964
45	13	82.73098604863371
45	14	61.63451430193188
45	15	92.46706977229681
45	16	80.49146937499167
45	17	67.12465053816516
45	18	74.38323892615205
45	19	77.17440559568965
45	20	64.02503041350883
45	21	89.23969364874176
45	22	110.83559643117314
45	23	87.07692874433587
45	24	114.55624159882626
46	1	40.8645074359201
46	2	45.56207704747508
46	3	44.45471037744543
46	4	24.14960947187083
46	5	30.954718716244262
46	6	45.54550819691368
46	7	126.18076664029532
46	8	60.26663759670698
46	9	81.78689098721134
46	10	57.46312118206172
46	11	53.56372835810781
46	12	28.69892835450309
46	13	26.56856538688764
46	14	32.17108059115782
46	15	20.56386492604827
46	16	22.86936516350535
46	17	33.94443214778745
46	18	29.763190457915297
46	19	32.42941164103276
46	20	40.928159337135874
46	21	45.05689077543835
46	22	46.04052011760619
46	23	38.86511156829197
46	24	38.787127619331095
47	1	15.360517735617558
47	2	20.16912904399545
47	3	28.799663555927754
47	4	27.901978279695435
47	5	26.868334723263796
47	6	20.957111580444547
47	7	37.856973536156715
47	8	37.134619444822555
47	9	44.00942164895529
47	10	48.69215078781195
47	11	19.97996277583038
47	12	8.481421713259742
47	13	16.138169015289684
47	14	25.033310262096204
47	15	33.76185823663995
47	16	44.01869207238155
47	17	37.622643656107854
47	18	44.13174177432504
47	19	34.27576314784227
47	20	46.73661065339185
47	21	42.539824241680854
47	22	40.67647173431587
47	23	2.9360200560792475
47	24	26.20636360630514
48	1	45.89654068192395
48	2	63.3256620691757
48	3	58.92404230170739
48	4	77.34596863027004
48	5	54.52879266576566
48	6	46.463952044874695
48	7	210.2619212238265
48	8	113.97752613544984
48	9	84.23067477907958
48	10	85.01055740923438
48	11	73.55297291883349
48	12	70.18661272819197
48	13	112.37656977887052
48	14	69.91339314756017
48	15	70.14690363153828
48	16	68.2232991613234
48	17	92.44908951137485
48	18	74.91199221408503
48	19	51.811091381722854
48	20	46.527381769268736
48	21	47.797181481459184
48	22	70.77161216652601
48	23	95.48462075050422
48	24	64.54129241217018
49	1	0.4870460751678557
49	2	0.027621508685901644
49	3	0.04265165127793992
49	4	0.12392404707350728
49	5	0.5135824787502287
49	6	2.178801218192572
49	7	2.294590566201946
49	8	6.90821884234104
49	9	5.6114622748859535
49	10	6.91994748724389
49	11	3.111338227630121
49	12	7.300828241763064
49	13	2.9902099925954513
49	14	2.972468131383272
49	15	2.820882521116772
49	16	2.976575347402261
49	17	3.0665428126028638
49	18	4.128915353461823
49	19	3.2828814173794143
49	20	3.5376484618387316
49	21	2.5052922683868717
49	22	0.7727986356327547
49	23	0.4269808949302126
49	24	0.0
50	1	19.25812220177639
50	2	7.376436322291559
50	3	6.686854242469136
50	4	19.100897599462005
50	5	42.87894686904588
50	6	56.23670712554698
50	7	46.12972383992378
50	8	74.30248390056583
50	9	58.160829152652745
50	10	60.748460607515014
50	11	47.22347625983727
50	12	45.0741415349703
50	13	53.20294887370736
50	14	53.04003023968132
50	15	43.779319617139656
50	16	59.84203469029011
50	17	60.15522388485844
50	18	62.51493930056986
50	19	39.29421778348484
50	20	57.46875762001194
50	21	55.91194630932266
50	22	68.04448559534347
50	23	61.93961530351872
50	24	74.82485842920707
51	1	1.2351973586624976
51	2	-0.010679156824530312
51	3	-0.013922793177074427
51	4	-0.00966021369974183
51	5	-0.00614621834086837
51	6	-0.007939384523324756
51	7	0.6021070824393231
51	8	0.91859635802052
51	9	10.75255823994577
51	10	-1.0460925324294201
51	11	-17.502314009462317
51	12	-43.39742224597494
51	13	-71.79225979314737
51	14	-41.44013327851858
51	15	-0.08595658445673417
51	16	10.824537221156184
51	17	16.434848581011888
51	18	16.23234141827138
51	19	13.654498504878184
51	20	16.604559234087272
51	21	11.525530404625478
51	22	11.280504851222204
51	23	4.543145244173591
51	24	4.147621503285911
52	1	71.36648342323265
52	2	68.68816418480458
52	3	63.074537173213635
52	4	60.73840477105986
52	5	63.95282487134178
52	6	47.35182564703163
52	7	140.85893217399553
52	8	138.1505148279447
52	9	74.40040345887026
52	10	77.45121944560549
52	11	56.18274181329598
52	12	73.00090326981235
52	13	60.51118548548919
52	14	55.22241406612236
52	15	60.479283846480435
52	16	50.64618036497255
52	17	33.620171681698615
52	18	81.44898827089216
52	19	80.59148681294276
52	20	88.96631861445938
52	21	58.58102341854068
52	22	38.88182698638093
52	23	55.22603792904656
52	24	78.06105107440759
53	1	22.233775577894463
53	2	37.31015625295317
53	3	38.65975692057111
53	4	32.72040477923641
53	5	8.180480354209742
53	6	2.2381010111161572
53	7	0.2327938556011287
53	8	0.0
53	9	-0.041749988782254575
53	10	-0.03998444669551365
53	11	-0.05735658949169751
53	12	-0.2400274474301593
53	13	-0.7156254255604444
53	14	-1.0846702827276156
53	15	-0.01596354657220889
53	16	1.3739791774497847
53	17	10.887974931084601
53	18	10.880635011017176
53	19	53.54940896033718
53	20	30.206321899251748
53	21	36.10027436831712
53	22	45.297878073931884
53	23	36.370652328197934
53	24	27.558383249364017
54	1	40.4921916701789
54	2	15.144035926745659
54	3	2.503729507345476
54	4	9.469283698317252
54	5	6.351270269404848
54	6	5.740618539989807
54	7	4.359128998710136
54	8	0.9001525078841557
54	9	0.0
54	10	0.7501164589733436
54	11	0.709358381762871
54	12	-0.0988904560261765
54	13	-3.460186015168902
54	14	-6.0808988228555645
54	15	-5.099066274203242
54	16	-0.07328186881096617
54	17	4.1603133185677885
54	18	35.65395823833138
54	19	44.94296674691305
54	20	26.60746035757718
54	21	32.93198726745225
54	22	19.384015754440576
54	23	36.17840525038633
54	24	37.694392913755024
55	1	66.10907287019666
55	2	49.011764967819644
55	3	58.17732489330587
55	4	50.73078401557664
55	5	54.32527583005468
55	6	57.98658203674974
55	7	78.83088306125761
55	8	76.60317020486247
55	9	95.58200974219613
55	10	60.392944036656175
55	11	67.15199060414331
55	12	52.083402185801965
55	13	48.75926932597632
55	14	51.85277661346617
55	15	49.64929739079427
55	16	85.9517347312707
55	17	54.776073881231966
55	18	74.5707787036907
55	19	81.32664129876666
55	20	43.8140134894495
55	21	73.82949826126799
55	22	56.19842087723376
55	23	70.11126639257607
55	24	51.552492816916605
56	1	54.46948138122175
56	2	47.34146340190087
56	3	87.09178751243684
56	4	48.139046053152214
56	5	56.375572025991254
56	6	62.05878328171313
56	7	89.65182332986576
56	8	121.9533932154367
56	9	89.12768588494458
56	10	107.18821783390112
56	11	80.55259717079795
56	12	61.53942365373964
56	13	82.73098604863371
56	14	61.63451430193188
56	15	92.46706977229681
56	16	80.49146937499167
56	17	67.12465053816516
56	18	74.38323892615205
56	19	77.17440559568965
56	20	64.02503041350883
56	21	89.23969364874176
56	22	110.83559643117314
56	23	87.07692874433587
56	24	114.55624159882626
57	1	16.80893264591262
57	2	23.187060662205838
57	3	20.24510551158616
57	4	24.380266521855994
57	5	24.021150345230836
57	6	27.31062046764776
57	7	31.16416785991963
57	8	19.487002460887112
57	9	24.849234113175132
57	10	21.36988436612062
57	11	31.215670464012987
57	12	22.684407241567794
57	13	35.151291396887096
57	14	21.422054845585826
57	15	21.501171029784253
57	16	18.18550188967028
57	17	21.553687227402694
57	18	20.194963287095305
57	19	20.56149207468136
57	20	14.476233692416672
57	21	29.46234732598924
57	22	21.68989438829415
57	23	29.73129201134556
57	24	31.865220718421924
58	1	37.97100711955782
58	2	32.994593298740135
58	3	27.91280615715772
58	4	32.0756627531234
58	5	28.166403912887137
58	6	25.114837626412317
58	7	17.600417264240424
58	8	42.68663185429901
58	9	25.463563728852144
58	10	54.580441485368404
58	11	21.44949468865277
58	12	26.94466119053453
58	13	26.307005915065787
58	14	36.821046592187955
58	15	33.835858388306846
58	16	29.365029470434667
58	17	39.55248407350649
58	18	19.82300986779727
58	19	37.84228242202086
58	20	54.99179383657273
58	21	29.3811941623503
58	22	29.914415991574618
58	23	18.830122774307192
58	24	28.864957177581424
59	1	30.18208670900213
59	2	46.74585035359645
59	3	47.585958394238766
59	4	27.447637597775746
59	5	28.865674241796366
59	6	32.795149437052665
59	7	36.287536831901384
59	8	92.17678024654339
59	9	158.64277491543166
59	10	143.42546867880412
59	11	147.31665264656053
59	12	104.29793310142846
59	13	82.1189504939204
59	14	66.5741512426404
59	15	61.48996679660389
59	16	45.16254464839417
59	17	73.04422840705877
59	18	63.620962959113164
59	19	50.55276242634354
59	20	40.71232832569831
59	21	45.72764136418851
59	22	36.48672117478438
59	23	42.6862002736898
59	24	41.02140837552022
60	1	28.954866568903622
60	2	35.20146750220618
60	3	51.159706377333166
60	4	23.588372658220344
60	5	39.485000801824654
60	6	79.13907481851122
60	7	59.485290465475174
60	8	148.34393504647656
60	9	86.08173285985302
60	10	69.02665595874241
60	11	36.87092229242056
60	12	58.50777170869099
60	13	56.12597792274381
60	14	39.31976889247735
60	15	36.06422475075361
60	16	45.332019193173295
60	17	75.38747034737446
60	18	63.12536949094096
60	19	52.739996385015715
60	20	53.304886003580066
60	21	33.069569262071134
60	22	27.40052747762303
60	23	37.47867406310375
60	24	40.485832673204534
61	1	18.931493040408945
61	2	32.72158222270664
61	3	33.45976865014815
61	4	28.294760615309542
61	5	29.400142851419332
61	6	34.57393336016653
61	7	22.09398799009978
61	8	32.78710106771384
61	9	55.00166942870166
61	10	32.36898037090758
61	11	24.686747667226403
61	12	24.80905422216382
61	13	29.818610357608975
61	14	48.426893645640945
61	15	41.241337370243976
61	16	18.98130433954454
61	17	38.77511369569271
61	18	48.787140092139886
61	19	37.47237051742911
61	20	34.256412536305156
61	21	39.41714772262829
61	22	52.04712868811952
61	23	43.06906870302912
61	24	44.13379790371334
62	1	37.09489345194838
62	2	34.40455120956996
62	3	29.039471919994366
62	4	34.19554490350956
62	5	21.101352894463595
62	6	38.931563472097054
62	7	30.31967004687671
62	8	37.28014189744549
62	9	45.56195370430917
62	10	43.9257638904529
62	11	39.39206452653682
62	12	47.8150680307438
62	13	42.69369958994252
62	14	39.50704159332574
62	15	23.496895012073878
62	16	32.194842489949075
62	17	31.68886479492649
62	18	30.84625365964068
62	19	41.17993831980544
62	20	37.064284753815656
62	21	29.77143691690458
62	22	56.72014580474035
62	23	26.857634613227013
62	24	33.55984601468025
63	1	50.50358963132786
63	2	69.74940683415765
63	3	37.33632902154722
63	4	32.28390329291503
63	5	45.18028618877707
63	6	54.76805736545984
63	7	38.779774882045224
63	8	47.797460787281125
63	9	39.61540332399219
63	10	56.616850170162216
63	11	69.57647540304669
63	12	60.414574505880644
63	13	50.57685976287806
63	14	59.456644294930896
63	15	53.04139217096156
63	16	59.763197833459536
63	17	58.246514915190225
63	18	60.32930767872873
63	19	105.39657228604267
63	20	70.81777460527258
63	21	61.34892371264942
63	22	54.49739231049885
63	23	48.10650156037896
63	24	63.62101874502515
64	1	47.68622513789288
64	2	36.885777818913255
64	3	28.481831833790963
64	4	48.70383411463041
64	5	41.19458251263504
64	6	34.21518846436506
64	7	81.52112848595584
64	8	57.913270157719936
64	9	48.774370663411446
64	10	34.455852574185776
64	11	42.012827102922266
64	12	34.7905948173575
64	13	34.72703950725872
64	14	41.53619615106214
64	15	51.04625231433717
64	16	62.5081805843827
64	17	38.13748944687827
64	18	75.75859768191035
64	19	42.5909879626886
64	20	22.74163223338723
64	21	55.71235252190758
64	22	53.113733240779304
64	23	53.40510873175304
64	24	71.29131014097683
65	1	54.50202838539336
65	2	69.75207971354062
65	3	87.59008639201733
65	4	35.98440264415962
65	5	65.84961810454294
65	6	69.1913585610778
65	7	76.55976107059527
65	8	83.56604598286373
65	9	63.948665311329584
65	10	77.85728824963769
65	11	63.98066943585617
65	12	49.196706986164706
65	13	61.313632116492805
65	14	79.86307919127088
65	15	64.04974910648657
65	16	43.619257331749985
65	17	34.03025058537315
65	18	60.41816454423257
65	19	63.43705829569958
65	20	65.857450311447
65	21	89.60352819968706
65	22	67.42977787032815
65	23	33.29069016197112
65	24	76.20461722208638
66	1	59.62621822679693
66	2	36.125459312938325
66	3	45.79202438086968
66	4	65.73413552471459
66	5	57.100697034578715
66	6	24.730889796054765
66	7	66.59833230530671
66	8	85.07389978622008
66	9	68.40519672112599
66	10	67.5942015322418
66	11	94.02955706016972
66	12	76.15903425137226
66	13	81.86744490771403
66	14	105.73143515910431
66	15	54.26776216905491
66	16	54.055240306103364
66	17	54.00509241042366
66	18	66.23028288848717
66	19	76.39293545435763
66	20	31.75161941157526
66	21	40.22882751995497
66	22	70.46582220456864
66	23	54.72119789627544
66	24	46.632170544116484
67	1	51.448433506256826
67	2	49.52255653574129
67	3	58.95636341823917
67	4	38.955639034717386
67	5	84.2994012277031
67	6	60.79139236484268
67	7	51.34425695266849
67	8	25.92172518146076
67	9	33.07071232646304
67	10	67.48961671301049
67	11	51.354864014051266
67	12	28.077804661715202
67	13	37.189088123126744
67	14	23.037376706077154
67	15	41.137222376174165
67	16	36.61440501187505
67	17	30.04837023940784
67	18	61.29808191818702
67	19	43.41895654551767
67	20	60.043300154176876
67	21	84.64701657157909
67	22	61.13369421012954
67	23	70.22970699837379
67	24	73.6049674819354
68	1	45.11923875864477
68	2	34.00198353088717
68	3	33.034738274343525
68	4	33.13587502334892
68	5	29.58741066638729
68	6	41.6208560699433
68	7	35.099959895634406
68	8	70.73689126797021
68	9	90.75683266778066
68	10	52.30827280553488
68	11	74.15034833665395
68	12	71.10100071404733
68	13	58.410819434266585
68	14	79.94629941305563
68	15	76.13349830061603
68	16	97.52056004321835
68	17	80.41704359252886
68	18	70.88658350626731
68	19	81.1245663055274
68	20	92.2301191746492
68	21	77.20475235936566
68	22	44.657368558121874
68	23	95.30216071584053
68	24	43.150102365374146
69	1	59.385212033303716
69	2	72.43013502640876
69	3	46.26030669250995
69	4	43.68681363728407
69	5	50.31995727187163
69	6	61.288453942887024
69	7	37.06316111783312
69	8	55.10682942758709
69	9	109.89340573095654
69	10	72.97624713317101
69	11	87.52010035855184
69	12	58.353093354011335
69	13	67.44883557680252
69	14	76.27463898419369
69	15	41.65180179062897
69	16	57.54811442990829
69	17	55.94559306635006
69	18	67.07539709881492
69	19	119.88894930923077
69	20	90.78731313775128
69	21	72.87340727299787
69	22	44.734730498591084
69	23	80.74715854719074
69	24	65.33594422531897
70	1	21.808897499140507
70	2	11.273459237623621
70	3	4.760391543716021
70	4	2.93366047777074
70	5	7.423403611289179
70	6	10.180063155976143
70	7	19.234826401564316
70	8	26.15395094423692
70	9	30.238170643564747
70	10	34.71794991779204
70	11	25.25970137645762
70	12	34.942341166813605
70	13	19.58246404038783
70	14	26.187232464164158
70	15	31.151019651824633
70	16	34.5769397655598
70	17	39.93923463673085
70	18	25.96712184026146
70	19	20.011236487759415
70	20	45.500423159377355
70	21	22.086422055983263
70	22	23.183676126523736
70	23	16.859220147912506
70	24	24.691257418995413
71	1	71.82508116117891
71	2	77.57415195397076
71	3	64.93159468270544
71	4	35.19629136068032
71	5	90.49528544714585
71	6	54.25905997543356
71	7	62.15477380759639
71	8	54.611723823193046
71	9	86.21050549067066
71	10	85.52390025685956
71	11	84.63056501922192
71	12	78.09018762854046
71	13	93.76747096637015
71	14	55.23001777679311
71	15	96.52295319763478
71	16	72.01658442858806
71	17	92.05813203900581
71	18	87.38386298091291
71	19	97.65004781742718
71	20	75.94304942651112
71	21	46.23506396808585
71	22	88.59723291772129
71	23	73.96844202559228
71	24	59.15403021801824
72	1	69.4272753117354
72	2	75.52805377140079
72	3	52.65366959764539
72	4	66.04260231942881
72	5	53.973458992851974
72	6	60.03856779516318
72	7	44.95529081681431
72	8	98.75237553144142
72	9	120.91582303867997
72	10	80.33175144162014
72	11	83.67555498889523
72	12	80.94564103428638
72	13	68.38165605891163
72	14	53.992570027636724
72	15	51.07681288937845
72	16	63.631088063811916
72	17	47.90007111254999
72	18	49.96229069773177
72	19	54.52251944250524
72	20	54.014123299983
72	21	19.727241617238366
72	22	64.51284158307338
72	23	48.58106759373969
72	24	44.669881930978256
73	1	69.4272753117354
73	2	75.52805377140079
73	3	52.65366959764539
73	4	66.04260231942881
73	5	53.973458992851974
73	6	60.03856779516318
73	7	44.95529081681431
73	8	98.75237553144142
73	9	120.91582303867997
73	10	80.33175144162014
73	11	83.67555498889523
73	12	80.94564103428638
73	13	68.38165605891163
73	14	53.992570027636724
73	15	51.07681288937845
73	16	63.631088063811916
73	17	47.90007111254999
73	18	49.96229069773177
73	19	54.52251944250524
73	20	54.014123299983
73	21	19.727241617238366
73	22	64.51284158307338
73	23	48.58106759373969
73	24	44.669881930978256
74	1	25.113039259492222
74	2	17.74752537481968
74	3	26.492702103145067
74	4	36.356071155767474
74	5	33.20142177184
74	6	33.589850789182
74	7	17.011447312518253
74	8	28.785281070321833
74	9	29.367010468042437
74	10	42.63074368211975
74	11	32.606950452806956
74	12	42.743389326113494
74	13	27.383906419902374
74	14	32.01660784689465
74	15	34.62335449220239
74	16	31.19751500576837
74	17	36.54813914923454
74	18	28.342735416568072
74	19	34.11795451282039
74	20	24.60107274467456
74	21	31.087427087873948
74	22	12.005300689045612
74	23	17.255519436226134
74	24	21.981136094756625
75	1	47.877100170909316
75	2	76.61756305340458
75	3	37.327054888609716
75	4	52.98448548334135
75	5	70.57407519946618
75	6	44.85928355311126
75	7	59.51445861729659
75	8	47.05041952193136
75	9	73.86192320306293
75	10	54.922899293287585
75	11	72.0979797264825
75	12	67.87297370746549
75	13	75.91665814889748
75	14	64.55466499245465
75	15	50.2879676021113
75	16	75.89770472729731
75	17	47.68885519648995
75	18	45.070955061302456
75	19	37.36016799509556
75	20	88.42837504860717
75	21	35.788791604386994
75	22	62.866421043535
75	23	37.9032083423205
75	24	68.2450711171547
76	1	35.08674419786226
76	2	18.294129584574932
76	3	32.28439506378484
76	4	24.662411537489906
76	5	43.56374852594323
76	6	39.856093173868366
76	7	35.252918735555845
76	8	37.79652958983904
76	9	40.93522791216933
76	10	45.09818224188461
76	11	25.572871851186665
76	12	39.08334367571659
76	13	34.55384598090952
76	14	50.70369777672581
76	15	25.889133711398767
76	16	29.888163587229204
76	17	35.4178001655914
76	18	35.513790588514496
76	19	23.80607833859626
76	20	14.921053772248237
76	21	15.412601603704621
76	22	15.316029214165994
76	23	9.233451577198876
76	24	2.330355292893592
77	1	24.218064738413243
77	2	60.76147312955513
77	3	47.7455276237272
77	4	57.02771710699356
77	5	68.6243385505877
77	6	46.12887938277072
77	7	37.853637211113636
77	8	50.705051319236674
77	9	44.81148141577255
77	10	81.27754325789661
77	11	55.891183994641
77	12	63.69091153908775
77	13	50.176824006694794
77	14	85.09261625094726
77	15	67.75637116649574
77	16	60.65071609211509
77	17	85.77475394013666
77	18	74.42643653839976
77	19	57.03322322177791
77	20	38.90659437509164
77	21	57.27400750468655
77	22	65.45924991224776
77	23	64.7221961804138
77	24	78.18790935500301
78	1	69.74284289473142
78	2	46.41251938851684
78	3	39.039484520261546
78	4	51.68300863057377
78	5	62.93266024604178
78	6	58.80406994201738
78	7	66.79684949314488
78	8	82.77273839514659
78	9	82.37633060262795
78	10	101.95382965360984
78	11	117.73513509809312
78	12	78.37374649271005
78	13	61.127605423052835
78	14	102.8730350488829
78	15	89.65007087196622
78	16	103.58127435946766
78	17	158.53306183838495
78	18	86.03379009448602
78	19	109.18317398617337
78	20	58.61770251159814
78	21	81.19786398716867
78	22	103.4138090887453
78	23	49.51297909722479
78	24	45.71034602709624
79	1	35.08674419786226
79	2	18.294129584574932
79	3	32.28439506378484
79	4	24.662411537489906
79	5	43.56374852594323
79	6	39.856093173868366
79	7	35.252918735555845
79	8	37.79652958983904
79	9	40.93522791216933
79	10	45.09818224188461
79	11	25.572871851186665
79	12	39.08334367571659
79	13	34.55384598090952
79	14	50.70369777672581
79	15	25.889133711398767
79	16	29.888163587229204
79	17	35.4178001655914
79	18	35.513790588514496
79	19	23.80607833859626
79	20	14.921053772248237
79	21	15.412601603704621
79	22	15.316029214165994
79	23	9.233451577198876
79	24	2.330355292893592
80	1	91.41829766462577
80	2	65.5513945832377
80	3	61.88509227004644
80	4	73.66947770065852
80	5	48.58131554721385
80	6	50.479893370117814
80	7	80.62118242320268
80	8	66.83844625890474
80	9	146.74910984848927
80	10	97.11427009013491
80	11	69.28068612252277
80	12	56.37030833533403
80	13	121.72200473995865
80	14	77.49269238474015
80	15	66.79742139596571
80	16	94.36667862704063
80	17	126.77368554758887
80	18	79.50384897210772
80	19	62.991742263242536
80	20	95.87640540175916
80	21	91.5344719252168
80	22	58.638542683177995
80	23	54.271654701070766
80	24	34.219661483442515
81	1	102.39476388032764
81	2	76.12392644837989
81	3	98.67417059279849
81	4	111.95610314454578
81	5	78.3640955458755
81	6	35.87049104212392
81	7	97.85474353521917
81	8	125.41630895533613
81	9	176.98863546213713
81	10	158.46876575783608
81	11	149.36491939209586
81	12	135.5904620257945
81	13	106.38564777984499
81	14	45.812779181317154
81	15	66.29815844310079
81	16	96.93952025190454
81	17	121.82507216629209
81	18	105.50431568551434
81	19	131.47384072486602
81	20	68.8210847489814
81	21	149.80233590532447
81	22	74.92623067722981
81	23	68.06414713400798
81	24	74.72374929248394
82	1	70.1148466908821
82	2	74.51898852601295
82	3	87.04237161911604
82	4	72.27786362379896
82	5	75.51028083238627
82	6	63.19813489406206
82	7	101.13844407686112
82	8	135.55246876332302
82	9	124.19558602170261
82	10	51.46384991697487
82	11	71.36843290101035
82	12	64.36244451213129
82	13	55.63273382779808
82	14	67.14661840148756
82	15	65.12715337419185
82	16	95.20230391379111
82	17	69.5910746710081
82	18	68.99205672716853
82	19	161.68081922243977
82	20	90.31557640560607
82	21	105.06536730470559
82	22	68.12121826772807
82	23	54.30718840115708
82	24	102.06432978456631
83	1	36.5247433630226
83	2	24.214120725318786
83	3	16.576391956703404
83	4	27.050393695557737
83	5	23.092067544126678
83	6	26.156306925985806
83	7	15.794084375838862
83	8	18.927717046323036
83	9	19.628022721743303
83	10	36.06200597323878
83	11	38.73510323532713
83	12	33.47087498704769
83	13	39.087670011146095
83	14	24.866083587883512
83	15	35.25068365068862
83	16	31.913567099577197
83	17	16.927174531712545
83	18	24.49267554269993
83	19	35.93964004071082
83	20	25.90664977381639
83	21	24.116355490000156
83	22	13.311616425201295
83	23	6.64003677209108
83	24	5.609759912346334
84	1	-0.1321791048485858
84	2	-0.139104100475056
84	3	-0.07837652123124617
84	4	-0.047003810675598674
84	5	3.9717136823121404
84	6	14.561066931989108
84	7	21.00647452176877
84	8	18.839172547101718
84	9	32.7529364424358
84	10	25.94054555112177
84	11	24.131496841850122
84	12	35.12516015515515
84	13	37.87188951821912
84	14	31.381570771243013
84	15	38.26598462070335
84	16	32.97124757087486
84	17	40.960200187991234
84	18	44.682057985230045
84	19	13.231480019338465
84	20	45.29541810968548
84	21	42.44856355045632
84	22	38.83587435212234
84	23	32.82172656931016
84	24	17.589536752515855
85	1	40.34406073111799
85	2	34.17215689110503
85	3	32.99878697935252
85	4	49.25555354567845
85	5	62.95777593826917
85	6	42.7790779024285
85	7	57.184315840113584
85	8	74.06673032686365
85	9	175.85683863078964
85	10	109.32268473690486
85	11	90.25373559583983
85	12	47.20152086026721
85	13	90.76357968225138
85	14	62.47975618929812
85	15	82.43926952825294
85	16	63.11681656154671
85	17	55.42983488062171
85	18	77.7496137548142
85	19	187.14670603047122
85	20	137.20869757040535
85	21	108.39389594754567
85	22	130.55874045692104
85	23	125.80033293723059
85	24	100.70763593078223
86	1	19.624926521981802
86	2	36.80522150923329
86	3	26.45442918443219
86	4	39.3610859491689
86	5	24.974144853401697
86	6	44.57665894274588
86	7	34.536945891614195
86	8	25.049134095792144
86	9	30.722941322580915
86	10	42.85048869884506
86	11	20.76939418729319
86	12	27.5499329380588
86	13	21.9756062597146
86	14	24.006831727497694
86	15	38.5109697878153
86	16	33.86466747819246
86	17	37.92887536713428
86	18	26.63531945557224
86	19	22.624681859282155
86	20	30.07975879463318
86	21	20.944992367888624
86	22	25.970387410850346
86	23	25.35529879377033
86	24	28.241501799959476
87	1	37.645570766211996
87	2	33.2765407200929
87	3	44.55665790956548
87	4	41.1127165970237
87	5	61.42445611417381
87	6	35.80255096434056
87	7	39.00514343996573
87	8	66.86053926098903
87	9	82.97016805046675
87	10	50.84364121309187
87	11	62.76399515256962
87	12	64.13445781091339
87	13	46.26678210679421
87	14	58.05803705336573
87	15	64.63179073156756
87	16	108.06793012452836
87	17	80.75337129230847
87	18	132.18962391942932
87	19	108.37486349954798
87	20	85.08635731749152
87	21	90.59961832382203
87	22	48.05926131707428
87	23	35.74357216408236
87	24	73.91259883237146
88	1	66.88277692538767
88	2	46.48105657034771
88	3	22.766353145264045
88	4	68.09739168194004
88	5	72.0118153646332
88	6	59.748366716991946
88	7	83.81069823166578
88	8	49.140530211512946
88	9	59.13759297332063
88	10	41.5676652453954
88	11	92.93812910024081
88	12	67.2639366673183
88	13	63.371077617286666
88	14	54.51181139452105
88	15	71.04535814815044
88	16	34.179329252427564
88	17	77.28257471532947
88	18	50.932332272600085
88	19	81.28859958591745
88	20	27.594025379221858
88	21	64.63607207064793
88	22	63.0267046310742
88	23	68.678250804694
88	24	60.42112086367326
89	1	53.823943151467205
89	2	81.20675212989866
89	3	75.86409809150274
89	4	59.07748772109707
89	5	91.36105882346864
89	6	62.36880751499008
89	7	58.48796120607152
89	8	108.99431348879806
89	9	86.62827186372635
89	10	97.35604246480042
89	11	85.11195086866393
89	12	127.95834197227687
89	13	94.89473456824862
89	14	103.69123131100261
89	15	102.4361350214378
89	16	88.05305883650092
89	17	145.1278535705817
89	18	157.81748872627557
89	19	125.6683727440619
89	20	109.16491657674443
89	21	78.70783035740479
89	22	77.8607065872218
89	23	86.90746701374911
89	24	108.73141419624432
90	1	47.69098015355293
90	2	38.50635171391742
90	3	25.020517017852455
90	4	30.540063700364012
90	5	23.928753903615135
90	6	50.5559786654863
90	7	46.1959111012648
90	8	53.183989998697974
90	9	69.77046141946624
90	10	35.87519958685611
90	11	53.8112630668868
90	12	76.87347905248161
90	13	60.445967828274064
90	14	47.85875524105006
90	15	81.93299021830664
90	16	84.671503651044
90	17	102.47052520874368
90	18	81.88758939526235
90	19	112.56496396632893
90	20	182.47994690389564
90	21	73.5017069745683
90	22	138.2983663094241
90	23	70.98197068326553
90	24	58.96174833930357
91	1	34.65300433932711
91	2	30.46274034859031
91	3	36.15658317155154
91	4	37.53941181334596
91	5	35.6011829826889
91	6	22.083482411900974
91	7	34.5883055148849
91	8	31.635328814748913
91	9	71.75085705963886
91	10	68.92946853654706
91	11	49.88005377850339
91	12	50.91267369797241
91	13	54.67633821443373
91	14	42.66933561957114
91	15	80.77091152983898
91	16	107.27245755541175
91	17	101.25601303096013
91	18	106.26470113125839
91	19	80.73123567221278
91	20	96.7029183083685
91	21	41.12552558841196
91	22	69.3765549349277
91	23	75.97210401685676
91	24	51.76222613248475
92	1	59.385212033303716
92	2	72.43013502640876
92	3	46.26030669250995
92	4	43.68681363728407
92	5	50.31995727187163
92	6	61.288453942887024
92	7	37.06316111783312
92	8	55.10682942758709
92	9	109.89340573095654
92	10	72.97624713317101
92	11	87.52010035855184
92	12	58.353093354011335
92	13	67.44883557680252
92	14	76.27463898419369
92	15	41.65180179062897
92	16	57.54811442990829
92	17	55.94559306635006
92	18	67.07539709881492
92	19	119.88894930923077
92	20	90.78731313775128
92	21	72.87340727299787
92	22	44.734730498591084
92	23	80.74715854719074
92	24	65.33594422531897
93	1	53.823943151467205
93	2	81.20675212989866
93	3	75.86409809150274
93	4	59.07748772109707
93	5	91.36105882346864
93	6	62.36880751499008
93	7	58.48796120607152
93	8	108.99431348879806
93	9	86.62827186372635
93	10	97.35604246480042
93	11	85.11195086866393
93	12	127.95834197227687
93	13	94.89473456824862
93	14	103.69123131100261
93	15	102.4361350214378
93	16	88.05305883650092
93	17	145.1278535705817
93	18	157.81748872627557
93	19	125.6683727440619
93	20	109.16491657674443
93	21	78.70783035740479
93	22	77.8607065872218
93	23	86.90746701374911
93	24	108.73141419624432
94	1	7.882303536167183
94	2	6.60765437351269
94	3	4.956452740276205
94	4	3.965281496794375
94	5	6.213751032776918
94	6	4.752106609534015
94	7	4.693796448809481
94	8	3.8163063632500327
94	9	10.221528177486482
94	10	18.50686461391901
94	11	24.16411029118323
94	12	27.075663869108396
94	13	20.541027268609646
94	14	15.231808665542282
94	15	35.904531837897316
94	16	37.40827984510763
94	17	46.22546228339733
94	18	47.70403258552633
94	19	39.17643728658994
94	20	34.18915626761718
94	21	43.491658164301136
94	22	34.94049291825047
94	23	32.10721520652044
94	24	20.334328042212988
95	1	56.17555306176706
95	2	70.7188213147539
95	3	61.37210732512467
95	4	59.29115408503958
95	5	60.61795830214263
95	6	62.7678576552209
95	7	90.22841801804822
95	8	204.26486016431951
95	9	150.88989922904136
95	10	332.9910536393123
95	11	364.21552295551174
95	12	241.80521257031012
95	13	205.00111249640733
95	14	250.06922255574875
95	15	238.80441188379103
95	16	362.9747545841454
95	17	479.9755688492051
95	18	320.733243031723
95	19	222.43786314698417
95	20	204.06418493445864
95	21	138.83682252796004
95	22	117.60992809794557
95	23	81.42584940058079
95	24	82.42147071730386
96	1	35.998766382931926
96	2	22.01682587717492
96	3	19.13953251598287
96	4	34.88529365874703
96	5	37.744316741990005
96	6	50.99907569878282
96	7	47.95633519421997
96	8	39.10533080687134
96	9	58.31217318700238
96	10	41.84636947855831
96	11	27.97111320265733
96	12	36.86002973222629
96	13	12.852690039465523
96	14	28.305952919572466
96	15	45.863058085815474
96	16	46.222283463446715
96	17	43.259504950910156
96	18	33.331205557049344
96	19	31.803496314941718
96	20	44.523430306219716
96	21	41.603943170632995
96	22	37.831989740716004
96	23	20.983149890252662
96	24	39.75185569047479
97	1	42.52703201970814
97	2	49.245887973593895
97	3	39.299540803254665
97	4	40.216520674893204
97	5	39.09526114325143
97	6	30.268530973613036
97	7	49.26151932801567
97	8	70.46740400286495
97	9	110.98202764990673
97	10	98.06841051486462
97	11	81.09813835683528
97	12	79.88001804706761
97	13	94.32433008466137
97	14	66.02131804342652
97	15	97.44530927409892
97	16	158.0405171141483
97	17	113.99496245457362
97	18	89.6726824913015
97	19	92.36247237558094
97	20	118.6315880817154
97	21	88.82879929158581
97	22	110.12370500226302
97	23	69.30380212021305
97	24	95.96875623119487
98	1	41.48738259313009
98	2	47.63401735454351
98	3	45.05693477921323
98	4	54.607046893816815
98	5	57.91684256070876
98	6	43.89418212092045
98	7	45.06699437824843
98	8	68.63622439079172
98	9	51.26863369152258
98	10	47.39929450226709
98	11	66.60464604944579
98	12	72.0859147353682
98	13	100.78901688034307
98	14	112.80784441632832
98	15	51.42556547627416
98	16	81.10387235145151
98	17	70.46323792702695
98	18	118.80368900456477
98	19	77.73541770368554
98	20	104.508979586685
98	21	64.8341750639585
98	22	63.28965457608249
98	23	55.082917379700575
98	24	62.54188303486458
99	1	24.386973655852056
99	2	24.939875058258032
99	3	34.88534263998583
99	4	28.444506329503163
99	5	18.09581455463096
99	6	32.45107463312911
99	7	35.738427942955
99	8	31.248612124018003
99	9	41.72830553093766
99	10	42.49251779335329
99	11	34.20925472871971
99	12	20.528086903175996
99	13	47.214206756680944
99	14	34.41425607105557
99	15	21.035123748518526
99	16	34.24742265038351
99	17	39.377068817494525
99	18	25.86211454865861
99	19	38.47729221393344
99	20	37.96677804772987
99	21	38.298542146635825
99	22	27.08703117821168
99	23	23.42782414309926
99	24	37.98368867807397
100	1	58.99996786841831
100	2	82.4278495938894
100	3	67.40202516506714
100	4	67.58763748925706
100	5	60.88404819890757
100	6	67.297167573397
100	7	93.28943611223109
100	8	108.63697772460874
100	9	130.12005621578328
100	10	89.66769069255521
100	11	86.96499853114477
100	12	63.30290067409833
100	13	58.12813295798246
100	14	64.61036677561128
100	15	48.41641232671989
100	16	76.09109307718685
100	17	35.84536975478438
100	18	97.35249264506692
100	19	161.51287811946045
100	20	103.47399737386303
100	21	57.699890490871454
100	22	44.5258925766862
100	23	73.44426104468751
100	24	52.64172844787175
101	1	76.52693014504781
101	2	42.17785603945773
101	3	49.47039520190347
101	4	33.902874271912154
101	5	55.95421733855887
101	6	32.853212622935175
101	7	62.30652406753928
101	8	28.379707155239355
101	9	64.30657209952206
101	10	83.83621232970937
101	11	50.17127355207191
101	12	68.65853292216144
101	13	65.36830659641112
101	14	72.69250632118526
101	15	66.292003928475
101	16	79.55830039225388
101	17	49.53098517114454
101	18	62.517057924503085
101	19	103.91939158275996
101	20	77.16235087810709
101	21	76.12062700677893
101	22	42.53314700969337
101	23	52.541795504303245
101	24	29.49387095106078
102	1	27.387406096010338
102	2	43.32438281170846
102	3	40.93577273043331
102	4	23.99364099570348
102	5	36.41307418253945
102	6	26.114047737666283
102	7	31.212928911473483
102	8	26.98579963199568
102	9	40.91830042461555
102	10	56.59525408719211
102	11	38.74988641957456
102	12	39.343522817575696
102	13	35.99756867258357
102	14	44.498992702491186
102	15	34.738661176014055
102	16	39.656623538140416
102	17	44.96992243034903
102	18	35.99857918317771
102	19	30.204505616793302
102	20	24.088810456078917
102	21	39.59478143360258
102	22	34.817251838797894
102	23	50.44037082048114
102	24	59.103805190060385
103	1	35.998766382931926
103	2	22.01682587717492
103	3	19.13953251598287
103	4	34.88529365874703
103	5	37.744316741990005
103	6	50.99907569878282
103	7	47.95633519421997
103	8	39.10533080687134
103	9	58.31217318700238
103	10	41.84636947855831
103	11	27.97111320265733
103	12	36.86002973222629
103	13	12.852690039465523
103	14	28.305952919572466
103	15	45.863058085815474
103	16	46.222283463446715
103	17	43.259504950910156
103	18	33.331205557049344
103	19	31.803496314941718
103	20	44.523430306219716
103	21	41.603943170632995
103	22	37.831989740716004
103	23	20.983149890252662
103	24	39.75185569047479
104	1	52.04831398670443
104	2	70.46924031944103
104	3	74.19692034827304
104	4	64.91355277949735
104	5	41.50299231380102
104	6	60.15536711979186
104	7	57.90089507867655
104	8	57.369828121874434
104	9	79.96587494796302
104	10	86.89108437388056
104	11	78.18652729532599
104	12	36.76265920523748
104	13	79.12379591944963
104	14	62.35695006967708
104	15	42.46772998596272
104	16	103.99625757259005
104	17	111.07946328716041
104	18	109.44779482804165
104	19	86.4377813398737
104	20	104.3254636867449
104	21	80.01161105696465
104	22	96.53227010692277
104	23	39.76224781717996
104	24	46.34545570367474
105	1	8.645892951174416
105	2	6.759178318191026
105	3	7.94925499950172
105	4	33.11872033305068
105	5	24.540327256768514
105	6	26.49623708235624
105	7	43.95574367630495
105	8	102.59998690349325
105	9	51.168727995530986
105	10	84.010346490925
105	11	35.22001710193426
105	12	37.84095690111065
105	13	36.90873035464875
105	14	7.062606465250289
105	15	34.481756500741255
105	16	39.14684263563636
105	17	46.421754897064964
105	18	91.62378475592104
105	19	67.47901638835717
105	20	111.79503994273584
105	21	47.15140315608433
105	22	41.86941885924542
105	23	32.55039805516623
105	24	20.688863119484992
106	1	46.40462934074621
106	2	64.36727985135614
106	3	47.05574058422598
106	4	72.72481059830098
106	5	34.07745543479339
106	6	51.93228436150405
106	7	81.3480017147271
106	8	38.604029606830096
106	9	60.15540100979256
106	10	72.16274396019914
106	11	47.60711943227022
106	12	68.48328335480471
106	13	52.0231866237926
106	14	65.56345134135348
106	15	68.81196581352933
106	16	80.73292629569143
106	17	52.05323810383544
106	18	83.45365050412838
106	19	83.3332230369605
106	20	75.57889510922027
106	21	84.84658057765623
106	22	75.37756727235832
106	23	55.27270996244126
106	24	58.3518972396615
107	1	34.33181435557197
107	2	49.973096968216915
107	3	55.59987893660327
107	4	49.8442062447625
107	5	44.91048424499103
107	6	51.790503858482936
107	7	59.165611990254035
107	8	49.93651782344848
107	9	47.66309966894555
107	10	44.81171642358177
107	11	55.18691819025911
107	12	47.23375608517247
107	13	47.198354072058414
107	14	69.84891777918327
107	15	60.71101987911785
107	16	36.797496479356
107	17	65.54654756291994
107	18	40.36106411534786
107	19	67.92982834979179
107	20	46.30538247865384
107	21	69.48939509246873
107	22	37.80490534037363
107	23	33.53187584829492
107	24	62.518069427785164
108	1	37.90820330281658
108	2	67.3622173239995
108	3	54.11972747098207
108	4	46.924430613567836
108	5	58.964514537208785
108	6	50.662015183870736
108	7	73.23545683084423
108	8	87.4285839901144
108	9	237.14168233240582
108	10	220.63936298127308
108	11	195.91796414940092
108	12	172.73484292282365
108	13	100.464741854628
108	14	139.53648407465278
108	15	106.39931076548027
108	16	156.7108463417335
108	17	102.58137099668049
108	18	91.88850975370465
108	19	74.1005237750379
108	20	55.60296806326683
108	21	49.97239965532671
108	22	43.81663282685449
108	23	56.18924940886277
108	24	47.602967585036374
109	1	46.67097820973746
109	2	44.6808201269978
109	3	35.03129362071799
109	4	49.41084735783367
109	5	42.86503993545512
109	6	48.094408131132184
109	7	37.63020205822478
109	8	53.603341546701536
109	9	41.36778526864273
109	10	33.69734708490911
109	11	35.7584382702624
109	12	46.27895011283308
109	13	28.911074379143013
109	14	53.09960702856717
109	15	36.029852181206984
109	16	52.805934761606636
109	17	36.95572977585009
109	18	38.956579324682345
109	19	39.245920516986935
109	20	32.286575612542535
109	21	38.56902705535454
109	22	47.275915184730124
109	23	52.40522982733626
109	24	41.399787716614874
110	1	52.49490090161727
110	2	34.152550331253074
110	3	46.793239550053215
110	4	26.81395192430654
110	5	29.20236422284282
110	6	36.929355431057225
110	7	41.46504946472988
110	8	33.6981624866204
110	9	51.13230294337252
110	10	58.39671554511811
110	11	47.11708172786354
110	12	41.23146152186746
110	13	53.52303795170571
110	14	31.6264170121144
110	15	32.03303107219278
110	16	37.29005282492631
110	17	50.03693574265997
110	18	48.88837105939047
110	19	35.76941715333906
110	20	43.421037873329176
110	21	26.64446254793407
110	22	36.71575850794904
110	23	35.021912349141246
110	24	44.468333152593125
111	1	46.04526125926876
111	2	46.04305415758467
111	3	47.74801810633179
111	4	39.27146239203956
111	5	49.334356887606575
111	6	75.53122604853992
111	7	49.78978001116801
111	8	60.863510725711976
111	9	44.87873578734414
111	10	46.22237711613967
111	11	60.62796104096503
111	12	69.89851864578593
111	13	59.227274093151536
111	14	40.617349100232055
111	15	54.3518974539987
111	16	79.54219151364248
111	17	48.48622934524952
111	18	22.803711692294414
111	19	43.793563325792405
111	20	72.3573479060745
111	21	50.44654561313245
111	22	43.966330406506955
111	23	50.18081156060167
111	24	32.652335870658554
112	1	19.624926521981802
112	2	36.80522150923329
112	3	26.45442918443219
112	4	39.3610859491689
112	5	24.974144853401697
112	6	44.57665894274588
112	7	34.536945891614195
112	8	25.049134095792144
112	9	30.722941322580915
112	10	42.85048869884506
112	11	20.76939418729319
112	12	27.5499329380588
112	13	21.9756062597146
112	14	24.006831727497694
112	15	38.5109697878153
112	16	33.86466747819246
112	17	37.92887536713428
112	18	26.63531945557224
112	19	22.624681859282155
112	20	30.07975879463318
112	21	20.944992367888624
112	22	25.970387410850346
112	23	25.35529879377033
112	24	28.241501799959476
