Node	Time	ID_Capacity_Sell_Volume
1	1	8.8
1	2	10.9
1	3	24.1
1	4	33.0
1	5	11.6
1	6	22.3
1	7	6.6
1	8	0.0
1	9	32.3
1	10	114.6
1	11	34.8
1	12	28.9
1	13	0.5
1	14	15.8
1	15	3.2
1	16	34.0
1	17	78.7
1	18	5.2
1	19	5.8
1	20	7.0
1	21	5.4
1	22	9.2
1	23	11.4
1	24	22.6
2	1	5.3
2	2	6.9
2	3	5.4
2	4	11.2
2	5	7.9
2	6	2.0
2	7	5.1
2	8	10.8
2	9	3.9
2	10	5.6
2	11	1.4
2	12	5.9
2	13	3.0
2	14	135.6
2	15	24.3
2	16	22.7
2	17	68.1
2	18	36.8
2	19	97.5
2	20	8.5
2	21	0.3
2	22	2.1
2	23	8.7
2	24	45.2
3	1	8.8
3	2	10.9
3	3	24.1
3	4	33.0
3	5	11.6
3	6	22.3
3	7	6.6
3	8	0.0
3	9	32.3
3	10	114.6
3	11	34.8
3	12	28.9
3	13	0.5
3	14	15.8
3	15	3.2
3	16	34.0
3	17	78.7
3	18	5.2
3	19	5.8
3	20	7.0
3	21	5.4
3	22	9.2
3	23	11.4
3	24	22.6
4	1	5.3
4	2	6.9
4	3	5.4
4	4	11.2
4	5	7.9
4	6	2.0
4	7	5.1
4	8	10.8
4	9	3.9
4	10	5.6
4	11	1.4
4	12	5.9
4	13	3.0
4	14	135.6
4	15	24.3
4	16	22.7
4	17	68.1
4	18	36.8
4	19	97.5
4	20	8.5
4	21	0.3
4	22	2.1
4	23	8.7
4	24	45.2
5	1	6.0
5	2	2.2
5	3	0.0
5	4	0.0
5	5	0.0
5	6	0.0
5	7	3.9
5	8	32.2
5	9	40.3
5	10	42.3
5	11	258.6
5	12	38.0
5	13	47.5
5	14	17.2
5	15	36.9
5	16	310.8
5	17	48.3
5	18	28.8
5	19	19.5
5	20	82.2
5	21	56.5
5	22	57.0
5	23	21.9
5	24	66.9
6	1	5.3
6	2	6.9
6	3	5.4
6	4	11.2
6	5	7.9
6	6	2.0
6	7	5.1
6	8	10.8
6	9	3.9
6	10	5.6
6	11	1.4
6	12	5.9
6	13	3.0
6	14	135.6
6	15	24.3
6	16	22.7
6	17	68.1
6	18	36.8
6	19	97.5
6	20	8.5
6	21	0.3
6	22	2.1
6	23	8.7
6	24	45.2
7	1	13.4
7	2	0.0
7	3	2.0
7	4	3.1
7	5	1.0
7	6	49.2
7	7	1.6
7	8	12.7
7	9	16.6
7	10	45.1
7	11	8.2
7	12	1.9
7	13	117.0
7	14	25.0
7	15	76.8
7	16	57.7
7	17	39.9
7	18	74.4
7	19	21.6
7	20	10.9
7	21	18.7
7	22	71.4
7	23	61.5
7	24	85.4
8	1	5.3
8	2	6.9
8	3	5.4
8	4	11.2
8	5	7.9
8	6	2.0
8	7	5.1
8	8	10.8
8	9	3.9
8	10	5.6
8	11	1.4
8	12	5.9
8	13	3.0
8	14	135.6
8	15	24.3
8	16	22.7
8	17	68.1
8	18	36.8
8	19	97.5
8	20	8.5
8	21	0.3
8	22	2.1
8	23	8.7
8	24	45.2
9	1	0.0
9	2	0.0
9	3	0.0
9	4	0.0
9	5	0.0
9	6	0.0
9	7	0.0
9	8	0.0
9	9	0.0
9	10	0.1
9	11	16.9
9	12	20.6
9	13	1.7
9	14	5.0
9	15	2.1
9	16	10.6
9	17	55.2
9	18	20.8
9	19	30.8
9	20	26.0
9	21	21.0
9	22	38.3
9	23	122.9
9	24	110.5
10	1	0.0
10	2	0.0
10	3	0.0
10	4	0.0
10	5	0.0
10	6	0.0
10	7	0.0
10	8	0.0
10	9	0.0
10	10	0.1
10	11	16.9
10	12	20.6
10	13	1.7
10	14	5.0
10	15	2.1
10	16	10.6
10	17	55.2
10	18	20.8
10	19	30.8
10	20	26.0
10	21	21.0
10	22	38.3
10	23	122.9
10	24	110.5
11	1	10.0
11	2	19.0
11	3	2.1
11	4	0.1
11	5	5.7
11	6	18.9
11	7	43.2
11	8	69.3
11	9	70.1
11	10	77.0
11	11	20.5
11	12	37.3
11	13	7.6
11	14	19.1
11	15	137.4
11	16	42.0
11	17	12.8
11	18	20.5
11	19	32.8
11	20	19.9
11	21	13.4
11	22	62.7
11	23	74.6
11	24	73.8
12	1	8.8
12	2	10.9
12	3	24.1
12	4	33.0
12	5	11.6
12	6	22.3
12	7	6.6
12	8	0.0
12	9	32.3
12	10	114.6
12	11	34.8
12	12	28.9
12	13	0.5
12	14	15.8
12	15	3.2
12	16	34.0
12	17	78.7
12	18	5.2
12	19	5.8
12	20	7.0
12	21	5.4
12	22	9.2
12	23	11.4
12	24	22.6
13	1	5.3
13	2	6.9
13	3	5.4
13	4	11.2
13	5	7.9
13	6	2.0
13	7	5.1
13	8	10.8
13	9	3.9
13	10	5.6
13	11	1.4
13	12	5.9
13	13	3.0
13	14	135.6
13	15	24.3
13	16	22.7
13	17	68.1
13	18	36.8
13	19	97.5
13	20	8.5
13	21	0.3
13	22	2.1
13	23	8.7
13	24	45.2
14	1	3.0
14	2	25.1
14	3	39.3
14	4	21.7
14	5	39.2
14	6	48.6
14	7	33.1
14	8	6.5
14	9	0.3
14	10	0.1
14	11	26.5
14	12	68.9
14	13	22.5
14	14	0.0
14	15	11.1
14	16	3.6
14	17	127.4
14	18	55.5
14	19	1.1
14	20	0.0
14	21	0.0
14	22	0.0
14	23	19.0
14	24	12.5
15	1	3.0
15	2	25.1
15	3	39.3
15	4	21.7
15	5	39.2
15	6	48.6
15	7	33.1
15	8	6.5
15	9	0.3
15	10	0.1
15	11	26.5
15	12	68.9
15	13	22.5
15	14	0.0
15	15	11.1
15	16	3.6
15	17	127.4
15	18	55.5
15	19	1.1
15	20	0.0
15	21	0.0
15	22	0.0
15	23	19.0
15	24	12.5
16	1	8.8
16	2	10.9
16	3	24.1
16	4	33.0
16	5	11.6
16	6	22.3
16	7	6.6
16	8	0.0
16	9	32.3
16	10	114.6
16	11	34.8
16	12	28.9
16	13	0.5
16	14	15.8
16	15	3.2
16	16	34.0
16	17	78.7
16	18	5.2
16	19	5.8
16	20	7.0
16	21	5.4
16	22	9.2
16	23	11.4
16	24	22.6
17	1	6.0
17	2	2.2
17	3	0.0
17	4	0.0
17	5	0.0
17	6	0.0
17	7	3.9
17	8	32.2
17	9	40.3
17	10	42.3
17	11	258.6
17	12	38.0
17	13	47.5
17	14	17.2
17	15	36.9
17	16	310.8
17	17	48.3
17	18	28.8
17	19	19.5
17	20	82.2
17	21	56.5
17	22	57.0
17	23	21.9
17	24	66.9
18	1	5.3
18	2	6.9
18	3	5.4
18	4	11.2
18	5	7.9
18	6	2.0
18	7	5.1
18	8	10.8
18	9	3.9
18	10	5.6
18	11	1.4
18	12	5.9
18	13	3.0
18	14	135.6
18	15	24.3
18	16	22.7
18	17	68.1
18	18	36.8
18	19	97.5
18	20	8.5
18	21	0.3
18	22	2.1
18	23	8.7
18	24	45.2
19	1	10.0
19	2	19.0
19	3	2.1
19	4	0.1
19	5	5.7
19	6	18.9
19	7	43.2
19	8	69.3
19	9	70.1
19	10	77.0
19	11	20.5
19	12	37.3
19	13	7.6
19	14	19.1
19	15	137.4
19	16	42.0
19	17	12.8
19	18	20.5
19	19	32.8
19	20	19.9
19	21	13.4
19	22	62.7
19	23	74.6
19	24	73.8
20	1	5.3
20	2	6.9
20	3	5.4
20	4	11.2
20	5	7.9
20	6	2.0
20	7	5.1
20	8	10.8
20	9	3.9
20	10	5.6
20	11	1.4
20	12	5.9
20	13	3.0
20	14	135.6
20	15	24.3
20	16	22.7
20	17	68.1
20	18	36.8
20	19	97.5
20	20	8.5
20	21	0.3
20	22	2.1
20	23	8.7
20	24	45.2
21	1	0.0
21	2	0.0
21	3	0.0
21	4	0.0
21	5	0.0
21	6	0.0
21	7	0.0
21	8	0.0
21	9	0.0
21	10	0.1
21	11	16.9
21	12	20.6
21	13	1.7
21	14	5.0
21	15	2.1
21	16	10.6
21	17	55.2
21	18	20.8
21	19	30.8
21	20	26.0
21	21	21.0
21	22	38.3
21	23	122.9
21	24	110.5
22	1	0.0
22	2	0.0
22	3	0.0
22	4	0.0
22	5	0.0
22	6	0.0
22	7	0.0
22	8	0.0
22	9	0.0
22	10	0.1
22	11	16.9
22	12	20.6
22	13	1.7
22	14	5.0
22	15	2.1
22	16	10.6
22	17	55.2
22	18	20.8
22	19	30.8
22	20	26.0
22	21	21.0
22	22	38.3
22	23	122.9
22	24	110.5
23	1	6.0
23	2	2.2
23	3	0.0
23	4	0.0
23	5	0.0
23	6	0.0
23	7	3.9
23	8	32.2
23	9	40.3
23	10	42.3
23	11	258.6
23	12	38.0
23	13	47.5
23	14	17.2
23	15	36.9
23	16	310.8
23	17	48.3
23	18	28.8
23	19	19.5
23	20	82.2
23	21	56.5
23	22	57.0
23	23	21.9
23	24	66.9
24	1	10.0
24	2	19.0
24	3	2.1
24	4	0.1
24	5	5.7
24	6	18.9
24	7	43.2
24	8	69.3
24	9	70.1
24	10	77.0
24	11	20.5
24	12	37.3
24	13	7.6
24	14	19.1
24	15	137.4
24	16	42.0
24	17	12.8
24	18	20.5
24	19	32.8
24	20	19.9
24	21	13.4
24	22	62.7
24	23	74.6
24	24	73.8
25	1	8.8
25	2	10.9
25	3	24.1
25	4	33.0
25	5	11.6
25	6	22.3
25	7	6.6
25	8	0.0
25	9	32.3
25	10	114.6
25	11	34.8
25	12	28.9
25	13	0.5
25	14	15.8
25	15	3.2
25	16	34.0
25	17	78.7
25	18	5.2
25	19	5.8
25	20	7.0
25	21	5.4
25	22	9.2
25	23	11.4
25	24	22.6
26	1	8.8
26	2	10.9
26	3	24.1
26	4	33.0
26	5	11.6
26	6	22.3
26	7	6.6
26	8	0.0
26	9	32.3
26	10	114.6
26	11	34.8
26	12	28.9
26	13	0.5
26	14	15.8
26	15	3.2
26	16	34.0
26	17	78.7
26	18	5.2
26	19	5.8
26	20	7.0
26	21	5.4
26	22	9.2
26	23	11.4
26	24	22.6
27	1	5.3
27	2	6.9
27	3	5.4
27	4	11.2
27	5	7.9
27	6	2.0
27	7	5.1
27	8	10.8
27	9	3.9
27	10	5.6
27	11	1.4
27	12	5.9
27	13	3.0
27	14	135.6
27	15	24.3
27	16	22.7
27	17	68.1
27	18	36.8
27	19	97.5
27	20	8.5
27	21	0.3
27	22	2.1
27	23	8.7
27	24	45.2
28	1	5.3
28	2	6.9
28	3	5.4
28	4	11.2
28	5	7.9
28	6	2.0
28	7	5.1
28	8	10.8
28	9	3.9
28	10	5.6
28	11	1.4
28	12	5.9
28	13	3.0
28	14	135.6
28	15	24.3
28	16	22.7
28	17	68.1
28	18	36.8
28	19	97.5
28	20	8.5
28	21	0.3
28	22	2.1
28	23	8.7
28	24	45.2
29	1	5.3
29	2	6.9
29	3	5.4
29	4	11.2
29	5	7.9
29	6	2.0
29	7	5.1
29	8	10.8
29	9	3.9
29	10	5.6
29	11	1.4
29	12	5.9
29	13	3.0
29	14	135.6
29	15	24.3
29	16	22.7
29	17	68.1
29	18	36.8
29	19	97.5
29	20	8.5
29	21	0.3
29	22	2.1
29	23	8.7
29	24	45.2
30	1	5.3
30	2	6.9
30	3	5.4
30	4	11.2
30	5	7.9
30	6	2.0
30	7	5.1
30	8	10.8
30	9	3.9
30	10	5.6
30	11	1.4
30	12	5.9
30	13	3.0
30	14	135.6
30	15	24.3
30	16	22.7
30	17	68.1
30	18	36.8
30	19	97.5
30	20	8.5
30	21	0.3
30	22	2.1
30	23	8.7
30	24	45.2
31	1	0.0
31	2	0.0
31	3	0.0
31	4	0.0
31	5	0.0
31	6	0.0
31	7	0.0
31	8	0.0
31	9	0.0
31	10	0.1
31	11	16.9
31	12	20.6
31	13	1.7
31	14	5.0
31	15	2.1
31	16	10.6
31	17	55.2
31	18	20.8
31	19	30.8
31	20	26.0
31	21	21.0
31	22	38.3
31	23	122.9
31	24	110.5
32	1	0.0
32	2	0.0
32	3	0.0
32	4	0.0
32	5	0.0
32	6	0.0
32	7	0.0
32	8	0.0
32	9	0.0
32	10	0.1
32	11	16.9
32	12	20.6
32	13	1.7
32	14	5.0
32	15	2.1
32	16	10.6
32	17	55.2
32	18	20.8
32	19	30.8
32	20	26.0
32	21	21.0
32	22	38.3
32	23	122.9
32	24	110.5
33	1	0.0
33	2	0.0
33	3	0.0
33	4	0.0
33	5	0.0
33	6	0.0
33	7	0.0
33	8	0.0
33	9	0.0
33	10	0.1
33	11	16.9
33	12	20.6
33	13	1.7
33	14	5.0
33	15	2.1
33	16	10.6
33	17	55.2
33	18	20.8
33	19	30.8
33	20	26.0
33	21	21.0
33	22	38.3
33	23	122.9
33	24	110.5
34	1	0.0
34	2	0.0
34	3	0.0
34	4	0.0
34	5	0.0
34	6	0.0
34	7	0.0
34	8	0.0
34	9	0.0
34	10	0.1
34	11	16.9
34	12	20.6
34	13	1.7
34	14	5.0
34	15	2.1
34	16	10.6
34	17	55.2
34	18	20.8
34	19	30.8
34	20	26.0
34	21	21.0
34	22	38.3
34	23	122.9
34	24	110.5
35	1	0.0
35	2	0.0
35	3	0.0
35	4	0.0
35	5	0.0
35	6	0.0
35	7	0.0
35	8	0.0
35	9	0.0
35	10	0.1
35	11	16.9
35	12	20.6
35	13	1.7
35	14	5.0
35	15	2.1
35	16	10.6
35	17	55.2
35	18	20.8
35	19	30.8
35	20	26.0
35	21	21.0
35	22	38.3
35	23	122.9
35	24	110.5
36	1	8.8
36	2	10.9
36	3	24.1
36	4	33.0
36	5	11.6
36	6	22.3
36	7	6.6
36	8	0.0
36	9	32.3
36	10	114.6
36	11	34.8
36	12	28.9
36	13	0.5
36	14	15.8
36	15	3.2
36	16	34.0
36	17	78.7
36	18	5.2
36	19	5.8
36	20	7.0
36	21	5.4
36	22	9.2
36	23	11.4
36	24	22.6
37	1	5.3
37	2	6.9
37	3	5.4
37	4	11.2
37	5	7.9
37	6	2.0
37	7	5.1
37	8	10.8
37	9	3.9
37	10	5.6
37	11	1.4
37	12	5.9
37	13	3.0
37	14	135.6
37	15	24.3
37	16	22.7
37	17	68.1
37	18	36.8
37	19	97.5
37	20	8.5
37	21	0.3
37	22	2.1
37	23	8.7
37	24	45.2
38	1	13.4
38	2	0.0
38	3	2.0
38	4	3.1
38	5	1.0
38	6	49.2
38	7	1.6
38	8	12.7
38	9	16.6
38	10	45.1
38	11	8.2
38	12	1.9
38	13	117.0
38	14	25.0
38	15	76.8
38	16	57.7
38	17	39.9
38	18	74.4
38	19	21.6
38	20	10.9
38	21	18.7
38	22	71.4
38	23	61.5
38	24	85.4
39	1	10.0
39	2	19.0
39	3	2.1
39	4	0.1
39	5	5.7
39	6	18.9
39	7	43.2
39	8	69.3
39	9	70.1
39	10	77.0
39	11	20.5
39	12	37.3
39	13	7.6
39	14	19.1
39	15	137.4
39	16	42.0
39	17	12.8
39	18	20.5
39	19	32.8
39	20	19.9
39	21	13.4
39	22	62.7
39	23	74.6
39	24	73.8
40	1	10.0
40	2	19.0
40	3	2.1
40	4	0.1
40	5	5.7
40	6	18.9
40	7	43.2
40	8	69.3
40	9	70.1
40	10	77.0
40	11	20.5
40	12	37.3
40	13	7.6
40	14	19.1
40	15	137.4
40	16	42.0
40	17	12.8
40	18	20.5
40	19	32.8
40	20	19.9
40	21	13.4
40	22	62.7
40	23	74.6
40	24	73.8
41	1	13.4
41	2	0.0
41	3	2.0
41	4	3.1
41	5	1.0
41	6	49.2
41	7	1.6
41	8	12.7
41	9	16.6
41	10	45.1
41	11	8.2
41	12	1.9
41	13	117.0
41	14	25.0
41	15	76.8
41	16	57.7
41	17	39.9
41	18	74.4
41	19	21.6
41	20	10.9
41	21	18.7
41	22	71.4
41	23	61.5
41	24	85.4
42	1	3.0
42	2	25.1
42	3	39.3
42	4	21.7
42	5	39.2
42	6	48.6
42	7	33.1
42	8	6.5
42	9	0.3
42	10	0.1
42	11	26.5
42	12	68.9
42	13	22.5
42	14	0.0
42	15	11.1
42	16	3.6
42	17	127.4
42	18	55.5
42	19	1.1
42	20	0.0
42	21	0.0
42	22	0.0
42	23	19.0
42	24	12.5
