Node	Time	EnergyCarrier	ReferenceDemand
3	1	Electricity	38.48672880487055
3	2	Electricity	36.76422540049159
3	3	Electricity	35.91234035529957
3	4	Electricity	35.97545470097382
3	5	Electricity	37.3132065644406
3	6	Electricity	41.643998047253916
3	7	Electricity	51.37090409400358
3	8	Electricity	62.69199671648721
3	9	Electricity	76.84615240589545
3	10	Electricity	90.17014548013582
3	11	Electricity	95.59923533361804
3	12	Electricity	96.57410658553182
3	13	Electricity	89.7852358878925
3	14	Electricity	91.42595902864922
3	15	Electricity	99.14684020878181
3	16	Electricity	99.08994048806755
3	17	Electricity	97.99442179894518
3	18	Electricity	92.3884519323942
3	19	Electricity	83.83267424889141
3	20	Electricity	68.82492464444833
3	21	Electricity	49.91821754577023
3	22	Electricity	42.787175800296616
3	23	Electricity	41.21661637835555
3	24	Electricity	38.68213246941975
3	1	LT	1.712067812438635
3	2	LT	1.712067812438635
3	3	LT	1.712067812438635
3	4	LT	1.712067812438635
3	5	LT	1.712067812438635
3	6	LT	1.712067812438635
3	7	LT	1.712067812438635
3	8	LT	4.716746823268439
3	9	LT	5.262896455436365
3	10	LT	5.809046087604289
3	11	LT	5.809046087604289
3	12	LT	6.950995318500857
3	13	LT	6.950995318500857
3	14	LT	4.617446890146998
3	15	LT	6.950995318500857
3	16	LT	6.950995318500857
3	17	LT	5.80819005369807
3	18	LT	4.618302924053218
3	19	LT	1.712067812438635
3	20	LT	1.712067812438635
3	21	LT	1.712067812438635
3	22	LT	1.712067812438635
3	23	LT	1.712067812438635
3	24	LT	1.712067812438635
3	1	MT	35.32361180225529
3	2	MT	35.32361180225529
3	3	MT	35.32361180225529
3	4	MT	35.32361180225529
3	5	MT	35.32361180225529
3	6	MT	35.32361180225529
3	7	MT	35.32361180225529
3	8	MT	141.92649962121055
3	9	MT	158.36009431419285
3	10	MT	174.79368900717512
3	11	MT	174.79368900717512
3	12	MT	209.15484154704714
3	13	MT	209.15484154704714
3	14	MT	138.93857331339558
3	15	MT	209.15484154704714
3	16	MT	209.15484154704714
3	17	MT	125.10670032750892
3	18	MT	55.71357312547195
3	19	MT	35.32361180225529
3	20	MT	35.32361180225529
3	21	MT	35.32361180225529
3	22	MT	35.32361180225529
3	23	MT	35.32361180225529
3	24	MT	35.32361180225529
3	1	H2	0.0
3	2	H2	0.0
3	3	H2	0.0
3	4	H2	0.0
3	5	H2	0.0
3	6	H2	0.0
3	7	H2	0.0
3	8	H2	0.0
3	9	H2	0.0
3	10	H2	0.0
3	11	H2	0.0
3	12	H2	0.0
3	13	H2	0.0
3	14	H2	0.0
3	15	H2	0.0
3	16	H2	0.0
3	17	H2	0.0
3	18	H2	0.0
3	19	H2	0.0
3	20	H2	0.0
3	21	H2	0.0
3	22	H2	0.0
3	23	H2	0.0
3	24	H2	0.0
3	1	CH4	0.0
3	2	CH4	0.0
3	3	CH4	0.0
3	4	CH4	0.0
3	5	CH4	0.0
3	6	CH4	0.0
3	7	CH4	0.0
3	8	CH4	0.0
3	9	CH4	0.0
3	10	CH4	0.0
3	11	CH4	0.0
3	12	CH4	0.0
3	13	CH4	0.0
3	14	CH4	0.0
3	15	CH4	0.0
3	16	CH4	0.0
3	17	CH4	0.0
3	18	CH4	0.0
3	19	CH4	0.0
3	20	CH4	0.0
3	21	CH4	0.0
3	22	CH4	0.0
3	23	CH4	0.0
3	24	CH4	0.0
3	1	Biogas	0.0
3	2	Biogas	0.0
3	3	Biogas	0.0
3	4	Biogas	0.0
3	5	Biogas	0.0
3	6	Biogas	0.0
3	7	Biogas	0.0
3	8	Biogas	0.0
3	9	Biogas	0.0
3	10	Biogas	0.0
3	11	Biogas	0.0
3	12	Biogas	0.0
3	13	Biogas	0.0
3	14	Biogas	0.0
3	15	Biogas	0.0
3	16	Biogas	0.0
3	17	Biogas	0.0
3	18	Biogas	0.0
3	19	Biogas	0.0
3	20	Biogas	0.0
3	21	Biogas	0.0
3	22	Biogas	0.0
3	23	Biogas	0.0
3	24	Biogas	0.0
3	1	CH4_H2_Mix	0.0
3	2	CH4_H2_Mix	0.0
3	3	CH4_H2_Mix	0.0
3	4	CH4_H2_Mix	0.0
3	5	CH4_H2_Mix	0.0
3	6	CH4_H2_Mix	0.0
3	7	CH4_H2_Mix	0.0
3	8	CH4_H2_Mix	0.0
3	9	CH4_H2_Mix	0.0
3	10	CH4_H2_Mix	0.0
3	11	CH4_H2_Mix	0.0
3	12	CH4_H2_Mix	0.0
3	13	CH4_H2_Mix	0.0
3	14	CH4_H2_Mix	0.0
3	15	CH4_H2_Mix	0.0
3	16	CH4_H2_Mix	0.0
3	17	CH4_H2_Mix	0.0
3	18	CH4_H2_Mix	0.0
3	19	CH4_H2_Mix	0.0
3	20	CH4_H2_Mix	0.0
3	21	CH4_H2_Mix	0.0
3	22	CH4_H2_Mix	0.0
3	23	CH4_H2_Mix	0.0
3	24	CH4_H2_Mix	0.0
3	1	DummyFuel	0.0
3	2	DummyFuel	0.0
3	3	DummyFuel	0.0
3	4	DummyFuel	0.0
3	5	DummyFuel	0.0
3	6	DummyFuel	0.0
3	7	DummyFuel	0.0
3	8	DummyFuel	0.0
3	9	DummyFuel	0.0
3	10	DummyFuel	0.0
3	11	DummyFuel	0.0
3	12	DummyFuel	0.0
3	13	DummyFuel	0.0
3	14	DummyFuel	0.0
3	15	DummyFuel	0.0
3	16	DummyFuel	0.0
3	17	DummyFuel	0.0
3	18	DummyFuel	0.0
3	19	DummyFuel	0.0
3	20	DummyFuel	0.0
3	21	DummyFuel	0.0
3	22	DummyFuel	0.0
3	23	DummyFuel	0.0
3	24	DummyFuel	0.0
4	1	Electricity	37.730374767814865
4	2	Electricity	37.41367990712448
4	3	Electricity	37.343696713434554
4	4	Electricity	37.576898032046266
4	5	Electricity	38.90689397870059
4	6	Electricity	44.458353922485976
4	7	Electricity	56.667114609157814
4	8	Electricity	68.69619730800164
4	9	Electricity	84.47188326420948
4	10	Electricity	96.09547095770402
4	11	Electricity	99.28219792272017
4	12	Electricity	97.50151323392383
4	13	Electricity	86.36419508808977
4	14	Electricity	85.97901195910858
4	15	Electricity	93.35648240953293
4	16	Electricity	92.20218152169043
4	17	Electricity	89.83532787309682
4	18	Electricity	83.73487721336629
4	19	Electricity	75.32364129805109
4	20	Electricity	63.28185880229883
4	21	Electricity	50.00443449622995
4	22	Electricity	42.845613671092714
4	23	Electricity	39.91497222574268
4	24	Electricity	38.48129820369872
4	1	LT	30.211485344386148
4	2	LT	30.211485344386148
4	3	LT	30.211485344386148
4	4	LT	30.211485344386148
4	5	LT	30.211485344386148
4	6	LT	30.211485344386148
4	7	LT	30.211485344386148
4	8	LT	83.23264212378382
4	9	LT	92.87010594864302
4	10	LT	102.5075697735022
4	11	LT	102.5075697735022
4	12	LT	122.65863049820774
4	13	LT	122.65863049820774
4	14	LT	81.48037597380943
4	15	LT	122.65863049820774
4	16	LT	122.65863049820774
4	17	LT	102.49246403083002
4	18	LT	81.49548171648165
4	19	LT	30.211485344386148
4	20	LT	30.211485344386148
4	21	LT	30.211485344386148
4	22	LT	30.211485344386148
4	23	LT	30.211485344386148
4	24	LT	30.211485344386148
4	1	MT	98.28016924215744
4	2	MT	98.28016924215744
4	3	MT	98.28016924215744
4	4	MT	98.28016924215744
4	5	MT	98.28016924215744
4	6	MT	98.28016924215744
4	7	MT	98.28016924215744
4	8	MT	358.1334838178225
4	9	MT	399.6015714177809
4	10	MT	441.06965901773935
4	11	MT	441.06965901773935
4	12	MT	527.7756603631069
4	13	MT	527.7756603631069
4	14	MT	350.593831526921
4	15	MT	527.7756603631069
4	16	MT	527.7756603631069
4	17	MT	343.73976612277306
4	18	MT	187.6065599187225
4	19	MT	98.28016924215744
4	20	MT	98.28016924215744
4	21	MT	98.28016924215744
4	22	MT	98.28016924215744
4	23	MT	98.28016924215744
4	24	MT	98.28016924215744
4	1	H2	0.0
4	2	H2	0.0
4	3	H2	0.0
4	4	H2	0.0
4	5	H2	0.0
4	6	H2	0.0
4	7	H2	0.0
4	8	H2	0.0
4	9	H2	0.0
4	10	H2	0.0
4	11	H2	0.0
4	12	H2	0.0
4	13	H2	0.0
4	14	H2	0.0
4	15	H2	0.0
4	16	H2	0.0
4	17	H2	0.0
4	18	H2	0.0
4	19	H2	0.0
4	20	H2	0.0
4	21	H2	0.0
4	22	H2	0.0
4	23	H2	0.0
4	24	H2	0.0
4	1	CH4	0.0
4	2	CH4	0.0
4	3	CH4	0.0
4	4	CH4	0.0
4	5	CH4	0.0
4	6	CH4	0.0
4	7	CH4	0.0
4	8	CH4	0.0
4	9	CH4	0.0
4	10	CH4	0.0
4	11	CH4	0.0
4	12	CH4	0.0
4	13	CH4	0.0
4	14	CH4	0.0
4	15	CH4	0.0
4	16	CH4	0.0
4	17	CH4	0.0
4	18	CH4	0.0
4	19	CH4	0.0
4	20	CH4	0.0
4	21	CH4	0.0
4	22	CH4	0.0
4	23	CH4	0.0
4	24	CH4	0.0
4	1	Biogas	0.0
4	2	Biogas	0.0
4	3	Biogas	0.0
4	4	Biogas	0.0
4	5	Biogas	0.0
4	6	Biogas	0.0
4	7	Biogas	0.0
4	8	Biogas	0.0
4	9	Biogas	0.0
4	10	Biogas	0.0
4	11	Biogas	0.0
4	12	Biogas	0.0
4	13	Biogas	0.0
4	14	Biogas	0.0
4	15	Biogas	0.0
4	16	Biogas	0.0
4	17	Biogas	0.0
4	18	Biogas	0.0
4	19	Biogas	0.0
4	20	Biogas	0.0
4	21	Biogas	0.0
4	22	Biogas	0.0
4	23	Biogas	0.0
4	24	Biogas	0.0
4	1	CH4_H2_Mix	0.0
4	2	CH4_H2_Mix	0.0
4	3	CH4_H2_Mix	0.0
4	4	CH4_H2_Mix	0.0
4	5	CH4_H2_Mix	0.0
4	6	CH4_H2_Mix	0.0
4	7	CH4_H2_Mix	0.0
4	8	CH4_H2_Mix	0.0
4	9	CH4_H2_Mix	0.0
4	10	CH4_H2_Mix	0.0
4	11	CH4_H2_Mix	0.0
4	12	CH4_H2_Mix	0.0
4	13	CH4_H2_Mix	0.0
4	14	CH4_H2_Mix	0.0
4	15	CH4_H2_Mix	0.0
4	16	CH4_H2_Mix	0.0
4	17	CH4_H2_Mix	0.0
4	18	CH4_H2_Mix	0.0
4	19	CH4_H2_Mix	0.0
4	20	CH4_H2_Mix	0.0
4	21	CH4_H2_Mix	0.0
4	22	CH4_H2_Mix	0.0
4	23	CH4_H2_Mix	0.0
4	24	CH4_H2_Mix	0.0
4	1	DummyFuel	0.0
4	2	DummyFuel	0.0
4	3	DummyFuel	0.0
4	4	DummyFuel	0.0
4	5	DummyFuel	0.0
4	6	DummyFuel	0.0
4	7	DummyFuel	0.0
4	8	DummyFuel	0.0
4	9	DummyFuel	0.0
4	10	DummyFuel	0.0
4	11	DummyFuel	0.0
4	12	DummyFuel	0.0
4	13	DummyFuel	0.0
4	14	DummyFuel	0.0
4	15	DummyFuel	0.0
4	16	DummyFuel	0.0
4	17	DummyFuel	0.0
4	18	DummyFuel	0.0
4	19	DummyFuel	0.0
4	20	DummyFuel	0.0
4	21	DummyFuel	0.0
4	22	DummyFuel	0.0
4	23	DummyFuel	0.0
4	24	DummyFuel	0.0
5	1	Electricity	35.97323866320932
5	2	Electricity	35.53758580178175
5	3	Electricity	35.374971606249005
5	4	Electricity	35.36974433337668
5	5	Electricity	36.752228194704074
5	6	Electricity	42.2492925863088
5	7	Electricity	53.2228496129797
5	8	Electricity	67.79437207073207
5	9	Electricity	82.33996134040119
5	10	Electricity	91.83310584523316
5	11	Electricity	95.10131232534629
5	12	Electricity	93.28074706458408
5	13	Electricity	84.27887091782056
5	14	Electricity	84.93973220539812
5	15	Electricity	91.2591118039577
5	16	Electricity	90.1859426828121
5	17	Electricity	87.67022403765137
5	18	Electricity	82.52413005858853
5	19	Electricity	75.75182183813743
5	20	Electricity	64.37461476023383
5	21	Electricity	48.97107812027665
5	22	Electricity	41.27045824414005
5	23	Electricity	39.870080149602146
5	24	Electricity	38.83198491942198
5	1	LT	13.053121802502627
5	2	LT	13.053121802502627
5	3	LT	13.053121802502627
5	4	LT	13.053121802502627
5	5	LT	13.053121802502627
5	6	LT	13.053121802502627
5	7	LT	13.053121802502627
5	8	LT	35.96135056589474
5	9	LT	40.125296420893086
5	10	LT	44.28924227589141
5	11	LT	44.28924227589141
5	12	LT	52.99567451816066
5	13	LT	52.99567451816066
5	14	LT	35.20426950134958
5	15	LT	52.99567451816066
5	16	LT	52.99567451816066
5	17	LT	44.28271571499017
5	18	LT	35.210796062250836
5	19	LT	13.053121802502627
5	20	LT	13.053121802502627
5	21	LT	13.053121802502627
5	22	LT	13.053121802502627
5	23	LT	13.053121802502627
5	24	LT	13.053121802502627
5	1	MT	63.68004789428504
5	2	MT	63.68004789428504
5	3	MT	63.68004789428504
5	4	MT	63.68004789428504
5	5	MT	63.68004789428504
5	6	MT	63.68004789428504
5	7	MT	63.68004789428504
5	8	MT	241.46823540148634
5	9	MT	269.4277152900795
5	10	MT	297.38719517867264
5	11	MT	297.38719517867264
5	12	MT	355.847925854822
5	13	MT	355.847925854822
5	14	MT	236.3846936035603
5	15	MT	355.847925854822
5	16	MT	355.847925854822
5	17	MT	223.83698111715987
5	18	MT	113.20437140315639
5	19	MT	63.68004789428504
5	20	MT	63.68004789428504
5	21	MT	63.68004789428504
5	22	MT	63.68004789428504
5	23	MT	63.68004789428504
5	24	MT	63.68004789428504
5	1	H2	0.0
5	2	H2	0.0
5	3	H2	0.0
5	4	H2	0.0
5	5	H2	0.0
5	6	H2	0.0
5	7	H2	0.0
5	8	H2	0.0
5	9	H2	0.0
5	10	H2	0.0
5	11	H2	0.0
5	12	H2	0.0
5	13	H2	0.0
5	14	H2	0.0
5	15	H2	0.0
5	16	H2	0.0
5	17	H2	0.0
5	18	H2	0.0
5	19	H2	0.0
5	20	H2	0.0
5	21	H2	0.0
5	22	H2	0.0
5	23	H2	0.0
5	24	H2	0.0
5	1	CH4	0.0
5	2	CH4	0.0
5	3	CH4	0.0
5	4	CH4	0.0
5	5	CH4	0.0
5	6	CH4	0.0
5	7	CH4	0.0
5	8	CH4	0.0
5	9	CH4	0.0
5	10	CH4	0.0
5	11	CH4	0.0
5	12	CH4	0.0
5	13	CH4	0.0
5	14	CH4	0.0
5	15	CH4	0.0
5	16	CH4	0.0
5	17	CH4	0.0
5	18	CH4	0.0
5	19	CH4	0.0
5	20	CH4	0.0
5	21	CH4	0.0
5	22	CH4	0.0
5	23	CH4	0.0
5	24	CH4	0.0
5	1	Biogas	0.0
5	2	Biogas	0.0
5	3	Biogas	0.0
5	4	Biogas	0.0
5	5	Biogas	0.0
5	6	Biogas	0.0
5	7	Biogas	0.0
5	8	Biogas	0.0
5	9	Biogas	0.0
5	10	Biogas	0.0
5	11	Biogas	0.0
5	12	Biogas	0.0
5	13	Biogas	0.0
5	14	Biogas	0.0
5	15	Biogas	0.0
5	16	Biogas	0.0
5	17	Biogas	0.0
5	18	Biogas	0.0
5	19	Biogas	0.0
5	20	Biogas	0.0
5	21	Biogas	0.0
5	22	Biogas	0.0
5	23	Biogas	0.0
5	24	Biogas	0.0
5	1	CH4_H2_Mix	0.0
5	2	CH4_H2_Mix	0.0
5	3	CH4_H2_Mix	0.0
5	4	CH4_H2_Mix	0.0
5	5	CH4_H2_Mix	0.0
5	6	CH4_H2_Mix	0.0
5	7	CH4_H2_Mix	0.0
5	8	CH4_H2_Mix	0.0
5	9	CH4_H2_Mix	0.0
5	10	CH4_H2_Mix	0.0
5	11	CH4_H2_Mix	0.0
5	12	CH4_H2_Mix	0.0
5	13	CH4_H2_Mix	0.0
5	14	CH4_H2_Mix	0.0
5	15	CH4_H2_Mix	0.0
5	16	CH4_H2_Mix	0.0
5	17	CH4_H2_Mix	0.0
5	18	CH4_H2_Mix	0.0
5	19	CH4_H2_Mix	0.0
5	20	CH4_H2_Mix	0.0
5	21	CH4_H2_Mix	0.0
5	22	CH4_H2_Mix	0.0
5	23	CH4_H2_Mix	0.0
5	24	CH4_H2_Mix	0.0
5	1	DummyFuel	0.0
5	2	DummyFuel	0.0
5	3	DummyFuel	0.0
5	4	DummyFuel	0.0
5	5	DummyFuel	0.0
5	6	DummyFuel	0.0
5	7	DummyFuel	0.0
5	8	DummyFuel	0.0
5	9	DummyFuel	0.0
5	10	DummyFuel	0.0
5	11	DummyFuel	0.0
5	12	DummyFuel	0.0
5	13	DummyFuel	0.0
5	14	DummyFuel	0.0
5	15	DummyFuel	0.0
5	16	DummyFuel	0.0
5	17	DummyFuel	0.0
5	18	DummyFuel	0.0
5	19	DummyFuel	0.0
5	20	DummyFuel	0.0
5	21	DummyFuel	0.0
5	22	DummyFuel	0.0
5	23	DummyFuel	0.0
5	24	DummyFuel	0.0
6	1	Electricity	33.040026692089995
6	2	Electricity	32.09455572414795
6	3	Electricity	31.86945447291469
6	4	Electricity	31.69902785937227
6	5	Electricity	32.93841937291105
6	6	Electricity	37.66580279259907
6	7	Electricity	48.79242619925802
6	8	Electricity	60.50520952045532
6	9	Electricity	74.32390503472438
6	10	Electricity	84.29465823912152
6	11	Electricity	87.91439834483195
6	12	Electricity	87.9519522836405
6	13	Electricity	78.93444755100235
6	14	Electricity	79.60019441856164
6	15	Electricity	87.68559560642065
6	16	Electricity	87.37693070601779
6	17	Electricity	85.40701068718946
6	18	Electricity	80.14727455792345
6	19	Electricity	71.8369836816101
6	20	Electricity	58.58502228617062
6	21	Electricity	44.99800813229676
6	22	Electricity	38.13502656247158
6	23	Electricity	35.97685714683482
6	24	Electricity	34.57121704258988
6	1	LT	9.582890973807084
6	2	LT	9.582890973807084
6	3	LT	9.582890973807084
6	4	LT	9.582890973807084
6	5	LT	9.582890973807084
6	6	LT	9.582890973807084
6	7	LT	9.582890973807084
6	8	LT	26.40086463283851
6	9	LT	29.457806853482975
6	10	LT	32.51474907412744
6	11	LT	32.51474907412744
6	12	LT	38.90653735365675
6	13	LT	38.90653735365675
6	14	LT	25.845056956357702
6	15	LT	38.90653735365675
6	16	LT	38.90653735365675
6	17	LT	32.509957628640535
6	18	LT	25.849848401844607
6	19	LT	9.582890973807084
6	20	LT	9.582890973807084
6	21	LT	9.582890973807084
6	22	LT	9.582890973807084
6	23	LT	9.582890973807084
6	24	LT	9.582890973807084
6	1	MT	56.84334077117386
6	2	MT	56.84334077117386
6	3	MT	56.84334077117386
6	4	MT	56.84334077117386
6	5	MT	56.84334077117386
6	6	MT	56.84334077117386
6	7	MT	56.84334077117386
6	8	MT	218.53145218964258
6	9	MT	243.83509402212755
6	10	MT	269.1387358546125
6	11	MT	269.1387358546125
6	12	MT	322.0463505952628
6	13	MT	322.0463505952628
6	14	MT	213.93079003828169
6	15	MT	322.0463505952628
6	16	MT	322.0463505952628
6	17	MT	200.15877896526135
6	18	MT	98.40078357101275
6	19	MT	56.84334077117386
6	20	MT	56.84334077117386
6	21	MT	56.84334077117386
6	22	MT	56.84334077117386
6	23	MT	56.84334077117386
6	24	MT	56.84334077117386
6	1	H2	0.0
6	2	H2	0.0
6	3	H2	0.0
6	4	H2	0.0
6	5	H2	0.0
6	6	H2	0.0
6	7	H2	0.0
6	8	H2	0.0
6	9	H2	0.0
6	10	H2	0.0
6	11	H2	0.0
6	12	H2	0.0
6	13	H2	0.0
6	14	H2	0.0
6	15	H2	0.0
6	16	H2	0.0
6	17	H2	0.0
6	18	H2	0.0
6	19	H2	0.0
6	20	H2	0.0
6	21	H2	0.0
6	22	H2	0.0
6	23	H2	0.0
6	24	H2	0.0
6	1	CH4	0.0
6	2	CH4	0.0
6	3	CH4	0.0
6	4	CH4	0.0
6	5	CH4	0.0
6	6	CH4	0.0
6	7	CH4	0.0
6	8	CH4	0.0
6	9	CH4	0.0
6	10	CH4	0.0
6	11	CH4	0.0
6	12	CH4	0.0
6	13	CH4	0.0
6	14	CH4	0.0
6	15	CH4	0.0
6	16	CH4	0.0
6	17	CH4	0.0
6	18	CH4	0.0
6	19	CH4	0.0
6	20	CH4	0.0
6	21	CH4	0.0
6	22	CH4	0.0
6	23	CH4	0.0
6	24	CH4	0.0
6	1	Biogas	0.0
6	2	Biogas	0.0
6	3	Biogas	0.0
6	4	Biogas	0.0
6	5	Biogas	0.0
6	6	Biogas	0.0
6	7	Biogas	0.0
6	8	Biogas	0.0
6	9	Biogas	0.0
6	10	Biogas	0.0
6	11	Biogas	0.0
6	12	Biogas	0.0
6	13	Biogas	0.0
6	14	Biogas	0.0
6	15	Biogas	0.0
6	16	Biogas	0.0
6	17	Biogas	0.0
6	18	Biogas	0.0
6	19	Biogas	0.0
6	20	Biogas	0.0
6	21	Biogas	0.0
6	22	Biogas	0.0
6	23	Biogas	0.0
6	24	Biogas	0.0
6	1	CH4_H2_Mix	0.0
6	2	CH4_H2_Mix	0.0
6	3	CH4_H2_Mix	0.0
6	4	CH4_H2_Mix	0.0
6	5	CH4_H2_Mix	0.0
6	6	CH4_H2_Mix	0.0
6	7	CH4_H2_Mix	0.0
6	8	CH4_H2_Mix	0.0
6	9	CH4_H2_Mix	0.0
6	10	CH4_H2_Mix	0.0
6	11	CH4_H2_Mix	0.0
6	12	CH4_H2_Mix	0.0
6	13	CH4_H2_Mix	0.0
6	14	CH4_H2_Mix	0.0
6	15	CH4_H2_Mix	0.0
6	16	CH4_H2_Mix	0.0
6	17	CH4_H2_Mix	0.0
6	18	CH4_H2_Mix	0.0
6	19	CH4_H2_Mix	0.0
6	20	CH4_H2_Mix	0.0
6	21	CH4_H2_Mix	0.0
6	22	CH4_H2_Mix	0.0
6	23	CH4_H2_Mix	0.0
6	24	CH4_H2_Mix	0.0
6	1	DummyFuel	0.0
6	2	DummyFuel	0.0
6	3	DummyFuel	0.0
6	4	DummyFuel	0.0
6	5	DummyFuel	0.0
6	6	DummyFuel	0.0
6	7	DummyFuel	0.0
6	8	DummyFuel	0.0
6	9	DummyFuel	0.0
6	10	DummyFuel	0.0
6	11	DummyFuel	0.0
6	12	DummyFuel	0.0
6	13	DummyFuel	0.0
6	14	DummyFuel	0.0
6	15	DummyFuel	0.0
6	16	DummyFuel	0.0
6	17	DummyFuel	0.0
6	18	DummyFuel	0.0
6	19	DummyFuel	0.0
6	20	DummyFuel	0.0
6	21	DummyFuel	0.0
6	22	DummyFuel	0.0
6	23	DummyFuel	0.0
6	24	DummyFuel	0.0
7	1	Electricity	31.876387803238423
7	2	Electricity	31.647758622316424
7	3	Electricity	30.900775752219225
7	4	Electricity	30.965176298241943
7	5	Electricity	32.07790312374959
7	6	Electricity	35.878209856970145
7	7	Electricity	44.73426467345488
7	8	Electricity	53.94002876028735
7	9	Electricity	66.83191339708459
7	10	Electricity	78.43929365880662
7	11	Electricity	82.21061629131373
7	12	Electricity	83.33868820857222
7	13	Electricity	76.60666997840374
7	14	Electricity	77.67395750227392
7	15	Electricity	84.86731938421599
7	16	Electricity	84.94291094248578
7	17	Electricity	83.73903912195975
7	18	Electricity	78.84439994605357
7	19	Electricity	71.51570490159024
7	20	Electricity	58.577438786688795
7	21	Electricity	42.96672920678524
7	22	Electricity	37.50880544949419
7	23	Electricity	34.88497976984859
7	24	Electricity	33.58779239620297
7	1	LT	1.8981401132341054
7	2	LT	1.8981401132341054
7	3	LT	1.8981401132341054
7	4	LT	1.8981401132341054
7	5	LT	1.8981401132341054
7	6	LT	1.8981401132341054
7	7	LT	1.8981401132341054
7	8	LT	5.2293760119599595
7	9	LT	5.834882708081639
7	10	LT	6.440389404203319
7	11	LT	6.440389404203319
7	12	LT	7.706448859730467
7	13	LT	7.706448859730467
7	14	LT	5.119283885392382
7	15	LT	7.706448859730467
7	16	LT	7.706448859730467
7	17	LT	6.4394403341467035
7	18	LT	5.120232955448999
7	19	LT	1.8981401132341054
7	20	LT	1.8981401132341054
7	21	LT	1.8981401132341054
7	22	LT	1.8981401132341054
7	23	LT	1.8981401132341054
7	24	LT	1.8981401132341054
7	1	MT	36.89287474679452
7	2	MT	36.89287474679452
7	3	MT	36.89287474679452
7	4	MT	36.89287474679452
7	5	MT	36.89287474679452
7	6	MT	36.89287474679452
7	7	MT	36.89287474679452
7	8	MT	148.0727768501594
7	9	MT	165.21804574859894
7	10	MT	182.3633146470385
7	11	MT	182.3633146470385
7	12	MT	218.21251325286656
7	13	MT	218.21251325286656
7	14	MT	144.95545523226136
7	15	MT	218.21251325286656
7	16	MT	218.21251325286656
7	17	MT	130.6458351943
7	18	MT	58.32958008172263
7	19	MT	36.89287474679452
7	20	MT	36.89287474679452
7	21	MT	36.89287474679452
7	22	MT	36.89287474679452
7	23	MT	36.89287474679452
7	24	MT	36.89287474679452
7	1	H2	0.0
7	2	H2	0.0
7	3	H2	0.0
7	4	H2	0.0
7	5	H2	0.0
7	6	H2	0.0
7	7	H2	0.0
7	8	H2	0.0
7	9	H2	0.0
7	10	H2	0.0
7	11	H2	0.0
7	12	H2	0.0
7	13	H2	0.0
7	14	H2	0.0
7	15	H2	0.0
7	16	H2	0.0
7	17	H2	0.0
7	18	H2	0.0
7	19	H2	0.0
7	20	H2	0.0
7	21	H2	0.0
7	22	H2	0.0
7	23	H2	0.0
7	24	H2	0.0
7	1	CH4	0.0
7	2	CH4	0.0
7	3	CH4	0.0
7	4	CH4	0.0
7	5	CH4	0.0
7	6	CH4	0.0
7	7	CH4	0.0
7	8	CH4	0.0
7	9	CH4	0.0
7	10	CH4	0.0
7	11	CH4	0.0
7	12	CH4	0.0
7	13	CH4	0.0
7	14	CH4	0.0
7	15	CH4	0.0
7	16	CH4	0.0
7	17	CH4	0.0
7	18	CH4	0.0
7	19	CH4	0.0
7	20	CH4	0.0
7	21	CH4	0.0
7	22	CH4	0.0
7	23	CH4	0.0
7	24	CH4	0.0
7	1	Biogas	0.0
7	2	Biogas	0.0
7	3	Biogas	0.0
7	4	Biogas	0.0
7	5	Biogas	0.0
7	6	Biogas	0.0
7	7	Biogas	0.0
7	8	Biogas	0.0
7	9	Biogas	0.0
7	10	Biogas	0.0
7	11	Biogas	0.0
7	12	Biogas	0.0
7	13	Biogas	0.0
7	14	Biogas	0.0
7	15	Biogas	0.0
7	16	Biogas	0.0
7	17	Biogas	0.0
7	18	Biogas	0.0
7	19	Biogas	0.0
7	20	Biogas	0.0
7	21	Biogas	0.0
7	22	Biogas	0.0
7	23	Biogas	0.0
7	24	Biogas	0.0
7	1	CH4_H2_Mix	0.0
7	2	CH4_H2_Mix	0.0
7	3	CH4_H2_Mix	0.0
7	4	CH4_H2_Mix	0.0
7	5	CH4_H2_Mix	0.0
7	6	CH4_H2_Mix	0.0
7	7	CH4_H2_Mix	0.0
7	8	CH4_H2_Mix	0.0
7	9	CH4_H2_Mix	0.0
7	10	CH4_H2_Mix	0.0
7	11	CH4_H2_Mix	0.0
7	12	CH4_H2_Mix	0.0
7	13	CH4_H2_Mix	0.0
7	14	CH4_H2_Mix	0.0
7	15	CH4_H2_Mix	0.0
7	16	CH4_H2_Mix	0.0
7	17	CH4_H2_Mix	0.0
7	18	CH4_H2_Mix	0.0
7	19	CH4_H2_Mix	0.0
7	20	CH4_H2_Mix	0.0
7	21	CH4_H2_Mix	0.0
7	22	CH4_H2_Mix	0.0
7	23	CH4_H2_Mix	0.0
7	24	CH4_H2_Mix	0.0
7	1	DummyFuel	0.0
7	2	DummyFuel	0.0
7	3	DummyFuel	0.0
7	4	DummyFuel	0.0
7	5	DummyFuel	0.0
7	6	DummyFuel	0.0
7	7	DummyFuel	0.0
7	8	DummyFuel	0.0
7	9	DummyFuel	0.0
7	10	DummyFuel	0.0
7	11	DummyFuel	0.0
7	12	DummyFuel	0.0
7	13	DummyFuel	0.0
7	14	DummyFuel	0.0
7	15	DummyFuel	0.0
7	16	DummyFuel	0.0
7	17	DummyFuel	0.0
7	18	DummyFuel	0.0
7	19	DummyFuel	0.0
7	20	DummyFuel	0.0
7	21	DummyFuel	0.0
7	22	DummyFuel	0.0
7	23	DummyFuel	0.0
7	24	DummyFuel	0.0
8	1	Electricity	33.33429498608683
8	2	Electricity	33.27781722543489
8	3	Electricity	33.195648218373464
8	4	Electricity	33.49099421569986
8	5	Electricity	34.822768100476715
8	6	Electricity	40.125771706435955
8	7	Electricity	51.11032576635565
8	8	Electricity	61.604903445359376
8	9	Electricity	75.45122153350934
8	10	Electricity	85.33229892603771
8	11	Electricity	89.13559756234211
8	12	Electricity	88.62777567099693
8	13	Electricity	80.0066496908955
8	14	Electricity	80.50108388958998
8	15	Electricity	87.77712594973899
8	16	Electricity	86.78712671762558
8	17	Electricity	85.48730078874223
8	18	Electricity	80.17407185960855
8	19	Electricity	72.68066809742733
8	20	Electricity	59.08209225304824
8	21	Electricity	44.3167545238214
8	22	Electricity	38.202328711009976
8	23	Electricity	35.94315998481774
8	24	Electricity	34.19439008596549
8	1	LT	15.981593685262512
8	2	LT	15.981593685262512
8	3	LT	15.981593685262512
8	4	LT	15.981593685262512
8	5	LT	15.981593685262512
8	6	LT	15.981593685262512
8	7	LT	15.981593685262512
8	8	LT	46.037300519159416
8	9	LT	51.367935316114725
8	10	LT	56.698570113070026
8	11	LT	56.698570113070026
8	12	LT	67.8444428703402
8	13	LT	67.8444428703402
8	14	LT	45.06809419244027
8	15	LT	67.8444428703402
8	16	LT	67.8444428703402
8	17	LT	56.70888081867342
8	18	LT	45.05778348683688
8	19	LT	15.981593685262512
8	20	LT	15.981593685262512
8	21	LT	15.981593685262512
8	22	LT	15.981593685262512
8	23	LT	15.981593685262512
8	24	LT	15.981593685262512
8	1	MT	51.08046752134479
8	2	MT	68.76798266350738
8	3	MT	68.76798266350738
8	4	MT	68.76798266350738
8	5	MT	68.76798266350738
8	6	MT	68.76798266350738
8	7	MT	68.76798266350738
8	8	MT	266.7869961088833
8	9	MT	297.67812197412246
8	10	MT	328.56924783936154
8	11	MT	328.56924783936154
8	12	MT	393.159783739407
8	13	MT	393.159783739407
8	14	MT	261.1704277697489
8	15	MT	393.159783739407
8	16	MT	393.159783739407
8	17	MT	249.80665715092778
8	18	MT	129.21039487814568
8	19	MT	70.37593858552216
8	20	MT	70.37593858552216
8	21	MT	70.37593858552216
8	22	MT	70.37593858552216
8	23	MT	70.37593858552216
8	24	MT	70.37593858552216
8	1	H2	0.0
8	2	H2	0.0
8	3	H2	0.0
8	4	H2	0.0
8	5	H2	0.0
8	6	H2	0.0
8	7	H2	0.0
8	8	H2	0.0
8	9	H2	0.0
8	10	H2	0.0
8	11	H2	0.0
8	12	H2	0.0
8	13	H2	0.0
8	14	H2	0.0
8	15	H2	0.0
8	16	H2	0.0
8	17	H2	0.0
8	18	H2	0.0
8	19	H2	0.0
8	20	H2	0.0
8	21	H2	0.0
8	22	H2	0.0
8	23	H2	0.0
8	24	H2	0.0
8	1	CH4	0.0
8	2	CH4	0.0
8	3	CH4	0.0
8	4	CH4	0.0
8	5	CH4	0.0
8	6	CH4	0.0
8	7	CH4	0.0
8	8	CH4	0.0
8	9	CH4	0.0
8	10	CH4	0.0
8	11	CH4	0.0
8	12	CH4	0.0
8	13	CH4	0.0
8	14	CH4	0.0
8	15	CH4	0.0
8	16	CH4	0.0
8	17	CH4	0.0
8	18	CH4	0.0
8	19	CH4	0.0
8	20	CH4	0.0
8	21	CH4	0.0
8	22	CH4	0.0
8	23	CH4	0.0
8	24	CH4	0.0
8	1	Biogas	0.0
8	2	Biogas	0.0
8	3	Biogas	0.0
8	4	Biogas	0.0
8	5	Biogas	0.0
8	6	Biogas	0.0
8	7	Biogas	0.0
8	8	Biogas	0.0
8	9	Biogas	0.0
8	10	Biogas	0.0
8	11	Biogas	0.0
8	12	Biogas	0.0
8	13	Biogas	0.0
8	14	Biogas	0.0
8	15	Biogas	0.0
8	16	Biogas	0.0
8	17	Biogas	0.0
8	18	Biogas	0.0
8	19	Biogas	0.0
8	20	Biogas	0.0
8	21	Biogas	0.0
8	22	Biogas	0.0
8	23	Biogas	0.0
8	24	Biogas	0.0
8	1	CH4_H2_Mix	0.0
8	2	CH4_H2_Mix	0.0
8	3	CH4_H2_Mix	0.0
8	4	CH4_H2_Mix	0.0
8	5	CH4_H2_Mix	0.0
8	6	CH4_H2_Mix	0.0
8	7	CH4_H2_Mix	0.0
8	8	CH4_H2_Mix	0.0
8	9	CH4_H2_Mix	0.0
8	10	CH4_H2_Mix	0.0
8	11	CH4_H2_Mix	0.0
8	12	CH4_H2_Mix	0.0
8	13	CH4_H2_Mix	0.0
8	14	CH4_H2_Mix	0.0
8	15	CH4_H2_Mix	0.0
8	16	CH4_H2_Mix	0.0
8	17	CH4_H2_Mix	0.0
8	18	CH4_H2_Mix	0.0
8	19	CH4_H2_Mix	0.0
8	20	CH4_H2_Mix	0.0
8	21	CH4_H2_Mix	0.0
8	22	CH4_H2_Mix	0.0
8	23	CH4_H2_Mix	0.0
8	24	CH4_H2_Mix	0.0
8	1	DummyFuel	0.0
8	2	DummyFuel	0.0
8	3	DummyFuel	0.0
8	4	DummyFuel	0.0
8	5	DummyFuel	0.0
8	6	DummyFuel	0.0
8	7	DummyFuel	0.0
8	8	DummyFuel	0.0
8	9	DummyFuel	0.0
8	10	DummyFuel	0.0
8	11	DummyFuel	0.0
8	12	DummyFuel	0.0
8	13	DummyFuel	0.0
8	14	DummyFuel	0.0
8	15	DummyFuel	0.0
8	16	DummyFuel	0.0
8	17	DummyFuel	0.0
8	18	DummyFuel	0.0
8	19	DummyFuel	0.0
8	20	DummyFuel	0.0
8	21	DummyFuel	0.0
8	22	DummyFuel	0.0
8	23	DummyFuel	0.0
8	24	DummyFuel	0.0
9	1	Electricity	31.799166907528573
9	2	Electricity	31.089439761400644
9	3	Electricity	30.66421309377164
9	4	Electricity	30.809524342389906
9	5	Electricity	32.44378785075283
9	6	Electricity	36.329609120670185
9	7	Electricity	44.35036698471633
9	8	Electricity	54.25553126835779
9	9	Electricity	67.40444170102339
9	10	Electricity	79.00753869059378
9	11	Electricity	84.29113709971118
9	12	Electricity	85.2834499925097
9	13	Electricity	79.57119362085764
9	14	Electricity	80.24810451690834
9	15	Electricity	87.8052112253527
9	16	Electricity	88.31452604048505
9	17	Electricity	86.84684848311589
9	18	Electricity	82.01571105346957
9	19	Electricity	74.82424148023495
9	20	Electricity	61.75239518412791
9	21	Electricity	44.418704346670474
9	22	Electricity	38.195612061510836
9	23	Electricity	36.564506995410895
9	24	Electricity	34.065835698923465
9	1	LT	1.2830405338799464
9	2	LT	1.2830405338799464
9	3	LT	1.2830405338799464
9	4	LT	1.2830405338799464
9	5	LT	1.2830405338799464
9	6	LT	1.2830405338799464
9	7	LT	1.2830405338799464
9	8	LT	5.581226322377768
9	9	LT	6.278879612674988
9	10	LT	6.976532902972209
9	11	LT	6.976532902972209
9	12	LT	8.371839483566648
9	13	LT	8.371839483566648
9	14	LT	5.581226322377768
9	15	LT	8.371839483566648
9	16	LT	8.371839483566648
9	17	LT	6.976532902972209
9	18	LT	5.613302335724765
9	19	LT	2.0047508341874165
9	20	LT	2.0047508341874165
9	21	LT	2.0047508341874165
9	22	LT	2.0047508341874165
9	23	LT	2.0047508341874165
9	24	LT	2.0047508341874165
9	1	MT	35.146586144800864
9	2	MT	35.146586144800864
9	3	MT	35.146586144800864
9	4	MT	35.146586144800864
9	5	MT	35.146586144800864
9	6	MT	35.146586144800864
9	7	MT	35.146586144800864
9	8	MT	149.849553428905
9	9	MT	168.5807476075181
9	10	MT	187.3119417861312
9	11	MT	187.3119417861312
9	12	MT	224.77433014335747
9	13	MT	224.77433014335747
9	14	MT	149.849553428905
9	15	MT	224.77433014335747
9	16	MT	224.77433014335747
9	17	MT	133.38573244375783
9	18	MT	42.03188375861744
9	19	MT	37.6162702484555
9	20	MT	37.6162702484555
9	21	MT	37.6162702484555
9	22	MT	37.6162702484555
9	23	MT	37.6162702484555
9	24	MT	37.6162702484555
9	1	H2	0.0
9	2	H2	0.0
9	3	H2	0.0
9	4	H2	0.0
9	5	H2	0.0
9	6	H2	0.0
9	7	H2	0.0
9	8	H2	0.0
9	9	H2	0.0
9	10	H2	0.0
9	11	H2	0.0
9	12	H2	0.0
9	13	H2	0.0
9	14	H2	0.0
9	15	H2	0.0
9	16	H2	0.0
9	17	H2	0.0
9	18	H2	0.0
9	19	H2	0.0
9	20	H2	0.0
9	21	H2	0.0
9	22	H2	0.0
9	23	H2	0.0
9	24	H2	0.0
9	1	CH4	0.0
9	2	CH4	0.0
9	3	CH4	0.0
9	4	CH4	0.0
9	5	CH4	0.0
9	6	CH4	0.0
9	7	CH4	0.0
9	8	CH4	0.0
9	9	CH4	0.0
9	10	CH4	0.0
9	11	CH4	0.0
9	12	CH4	0.0
9	13	CH4	0.0
9	14	CH4	0.0
9	15	CH4	0.0
9	16	CH4	0.0
9	17	CH4	0.0
9	18	CH4	0.0
9	19	CH4	0.0
9	20	CH4	0.0
9	21	CH4	0.0
9	22	CH4	0.0
9	23	CH4	0.0
9	24	CH4	0.0
9	1	Biogas	0.0
9	2	Biogas	0.0
9	3	Biogas	0.0
9	4	Biogas	0.0
9	5	Biogas	0.0
9	6	Biogas	0.0
9	7	Biogas	0.0
9	8	Biogas	0.0
9	9	Biogas	0.0
9	10	Biogas	0.0
9	11	Biogas	0.0
9	12	Biogas	0.0
9	13	Biogas	0.0
9	14	Biogas	0.0
9	15	Biogas	0.0
9	16	Biogas	0.0
9	17	Biogas	0.0
9	18	Biogas	0.0
9	19	Biogas	0.0
9	20	Biogas	0.0
9	21	Biogas	0.0
9	22	Biogas	0.0
9	23	Biogas	0.0
9	24	Biogas	0.0
9	1	CH4_H2_Mix	0.0
9	2	CH4_H2_Mix	0.0
9	3	CH4_H2_Mix	0.0
9	4	CH4_H2_Mix	0.0
9	5	CH4_H2_Mix	0.0
9	6	CH4_H2_Mix	0.0
9	7	CH4_H2_Mix	0.0
9	8	CH4_H2_Mix	0.0
9	9	CH4_H2_Mix	0.0
9	10	CH4_H2_Mix	0.0
9	11	CH4_H2_Mix	0.0
9	12	CH4_H2_Mix	0.0
9	13	CH4_H2_Mix	0.0
9	14	CH4_H2_Mix	0.0
9	15	CH4_H2_Mix	0.0
9	16	CH4_H2_Mix	0.0
9	17	CH4_H2_Mix	0.0
9	18	CH4_H2_Mix	0.0
9	19	CH4_H2_Mix	0.0
9	20	CH4_H2_Mix	0.0
9	21	CH4_H2_Mix	0.0
9	22	CH4_H2_Mix	0.0
9	23	CH4_H2_Mix	0.0
9	24	CH4_H2_Mix	0.0
9	1	DummyFuel	0.0
9	2	DummyFuel	0.0
9	3	DummyFuel	0.0
9	4	DummyFuel	0.0
9	5	DummyFuel	0.0
9	6	DummyFuel	0.0
9	7	DummyFuel	0.0
9	8	DummyFuel	0.0
9	9	DummyFuel	0.0
9	10	DummyFuel	0.0
9	11	DummyFuel	0.0
9	12	DummyFuel	0.0
9	13	DummyFuel	0.0
9	14	DummyFuel	0.0
9	15	DummyFuel	0.0
9	16	DummyFuel	0.0
9	17	DummyFuel	0.0
9	18	DummyFuel	0.0
9	19	DummyFuel	0.0
9	20	DummyFuel	0.0
9	21	DummyFuel	0.0
9	22	DummyFuel	0.0
9	23	DummyFuel	0.0
9	24	DummyFuel	0.0
10	1	Electricity	37.542893964647
10	2	Electricity	36.84306243313758
10	3	Electricity	35.666356388248026
10	4	Electricity	35.331976298103235
10	5	Electricity	36.81180293039725
10	6	Electricity	41.79335493361623
10	7	Electricity	51.25014084200904
10	8	Electricity	62.170139066292606
10	9	Electricity	76.74548009285195
10	10	Electricity	89.42535037186764
10	11	Electricity	95.15959718684634
10	12	Electricity	95.70830519411035
10	13	Electricity	89.64100442022628
10	14	Electricity	90.57036806232868
10	15	Electricity	97.43611928030394
10	16	Electricity	97.68466434781294
10	17	Electricity	96.37523007362695
10	18	Electricity	90.76476666432524
10	19	Electricity	82.52444611057709
10	20	Electricity	66.53769501670146
10	21	Electricity	49.237868260493144
10	22	Electricity	42.7942656617399
10	23	Electricity	40.76738176926843
10	24	Electricity	38.34382916923721
10	1	LT	1.5259955116431634
10	2	LT	1.5259955116431634
10	3	LT	1.5259955116431634
10	4	LT	1.5259955116431634
10	5	LT	1.5259955116431634
10	6	LT	1.5259955116431634
10	7	LT	1.5259955116431634
10	8	LT	4.204117634576915
10	9	LT	4.690910202791083
10	10	LT	5.177702771005253
10	11	LT	5.177702771005253
10	12	LT	6.195541777271242
10	13	LT	6.195541777271242
10	14	LT	4.1156098949016116
10	15	LT	6.195541777271242
10	16	LT	6.195541777271242
10	17	LT	5.176939773249432
10	18	LT	4.116372892657433
10	19	LT	1.5259955116431634
10	20	LT	1.5259955116431634
10	21	LT	1.5259955116431634
10	22	LT	1.5259955116431634
10	23	LT	1.5259955116431634
10	24	LT	1.5259955116431634
10	1	MT	34.114889966477605
10	2	MT	34.114889966477605
10	3	MT	34.114889966477605
10	4	MT	34.114889966477605
10	5	MT	34.114889966477605
10	6	MT	34.114889966477605
10	7	MT	34.114889966477605
10	8	MT	137.2540707429263
10	9	MT	153.14664735526517
10	10	MT	169.03922396760402
10	11	MT	169.03922396760402
10	12	MT	202.26915688431248
10	13	MT	202.26915688431248
10	14	MT	134.36451135886472
10	15	MT	202.26915688431248
10	16	MT	202.26915688431248
10	17	MT	120.84748639682138
10	18	MT	53.64384057643572
10	19	MT	34.114889966477605
10	20	MT	34.114889966477605
10	21	MT	34.114889966477605
10	22	MT	34.114889966477605
10	23	MT	34.114889966477605
10	24	MT	34.114889966477605
10	1	H2	0.0
10	2	H2	0.0
10	3	H2	0.0
10	4	H2	0.0
10	5	H2	0.0
10	6	H2	0.0
10	7	H2	0.0
10	8	H2	0.0
10	9	H2	0.0
10	10	H2	0.0
10	11	H2	0.0
10	12	H2	0.0
10	13	H2	0.0
10	14	H2	0.0
10	15	H2	0.0
10	16	H2	0.0
10	17	H2	0.0
10	18	H2	0.0
10	19	H2	0.0
10	20	H2	0.0
10	21	H2	0.0
10	22	H2	0.0
10	23	H2	0.0
10	24	H2	0.0
10	1	CH4	0.0
10	2	CH4	0.0
10	3	CH4	0.0
10	4	CH4	0.0
10	5	CH4	0.0
10	6	CH4	0.0
10	7	CH4	0.0
10	8	CH4	0.0
10	9	CH4	0.0
10	10	CH4	0.0
10	11	CH4	0.0
10	12	CH4	0.0
10	13	CH4	0.0
10	14	CH4	0.0
10	15	CH4	0.0
10	16	CH4	0.0
10	17	CH4	0.0
10	18	CH4	0.0
10	19	CH4	0.0
10	20	CH4	0.0
10	21	CH4	0.0
10	22	CH4	0.0
10	23	CH4	0.0
10	24	CH4	0.0
10	1	Biogas	0.0
10	2	Biogas	0.0
10	3	Biogas	0.0
10	4	Biogas	0.0
10	5	Biogas	0.0
10	6	Biogas	0.0
10	7	Biogas	0.0
10	8	Biogas	0.0
10	9	Biogas	0.0
10	10	Biogas	0.0
10	11	Biogas	0.0
10	12	Biogas	0.0
10	13	Biogas	0.0
10	14	Biogas	0.0
10	15	Biogas	0.0
10	16	Biogas	0.0
10	17	Biogas	0.0
10	18	Biogas	0.0
10	19	Biogas	0.0
10	20	Biogas	0.0
10	21	Biogas	0.0
10	22	Biogas	0.0
10	23	Biogas	0.0
10	24	Biogas	0.0
10	1	CH4_H2_Mix	0.0
10	2	CH4_H2_Mix	0.0
10	3	CH4_H2_Mix	0.0
10	4	CH4_H2_Mix	0.0
10	5	CH4_H2_Mix	0.0
10	6	CH4_H2_Mix	0.0
10	7	CH4_H2_Mix	0.0
10	8	CH4_H2_Mix	0.0
10	9	CH4_H2_Mix	0.0
10	10	CH4_H2_Mix	0.0
10	11	CH4_H2_Mix	0.0
10	12	CH4_H2_Mix	0.0
10	13	CH4_H2_Mix	0.0
10	14	CH4_H2_Mix	0.0
10	15	CH4_H2_Mix	0.0
10	16	CH4_H2_Mix	0.0
10	17	CH4_H2_Mix	0.0
10	18	CH4_H2_Mix	0.0
10	19	CH4_H2_Mix	0.0
10	20	CH4_H2_Mix	0.0
10	21	CH4_H2_Mix	0.0
10	22	CH4_H2_Mix	0.0
10	23	CH4_H2_Mix	0.0
10	24	CH4_H2_Mix	0.0
10	1	DummyFuel	0.0
10	2	DummyFuel	0.0
10	3	DummyFuel	0.0
10	4	DummyFuel	0.0
10	5	DummyFuel	0.0
10	6	DummyFuel	0.0
10	7	DummyFuel	0.0
10	8	DummyFuel	0.0
10	9	DummyFuel	0.0
10	10	DummyFuel	0.0
10	11	DummyFuel	0.0
10	12	DummyFuel	0.0
10	13	DummyFuel	0.0
10	14	DummyFuel	0.0
10	15	DummyFuel	0.0
10	16	DummyFuel	0.0
10	17	DummyFuel	0.0
10	18	DummyFuel	0.0
10	19	DummyFuel	0.0
10	20	DummyFuel	0.0
10	21	DummyFuel	0.0
10	22	DummyFuel	0.0
10	23	DummyFuel	0.0
10	24	DummyFuel	0.0
11	1	Electricity	48.19177109259234
11	2	Electricity	48.699016823746746
11	3	Electricity	48.858325344524495
11	4	Electricity	49.34833894528744
11	5	Electricity	50.87350436789628
11	6	Electricity	55.67946985541059
11	7	Electricity	66.47100323311449
11	8	Electricity	82.05816344338459
11	9	Electricity	97.93697353521729
11	10	Electricity	108.22812093384978
11	11	Electricity	112.15019200373052
11	12	Electricity	110.76521937868027
11	13	Electricity	99.75489699762375
11	14	Electricity	97.6314546113424
11	15	Electricity	103.99850753847434
11	16	Electricity	103.00075809034196
11	17	Electricity	99.42870656599347
11	18	Electricity	95.12866113445762
11	19	Electricity	88.44394710015176
11	20	Electricity	73.74780762869972
11	21	Electricity	57.27269588545451
11	22	Electricity	50.90487238840693
11	23	Electricity	48.80402211986077
11	24	Electricity	47.741828546306884
11	1	LT	26.182891883639478
11	2	LT	26.182891883639478
11	3	LT	26.182891883639478
11	4	LT	26.182891883639478
11	5	LT	26.182891883639478
11	6	LT	26.182891883639478
11	7	LT	26.182891883639478
11	8	LT	70.94719091050696
11	9	LT	88.6839886381337
11	10	LT	97.55238750194708
11	11	LT	97.55238750194708
11	12	LT	115.28918522957382
11	13	LT	115.28918522957382
11	14	LT	79.81558977432034
11	15	LT	115.28918522957382
11	16	LT	97.55238750194708
11	17	LT	84.46094156012734
11	18	LT	70.94719091050696
11	19	LT	26.182891883639478
11	20	LT	26.182891883639478
11	21	LT	26.182891883639478
11	22	LT	26.182891883639478
11	23	LT	26.182891883639478
11	24	LT	26.182891883639478
11	1	MT	123.93188463687969
11	2	MT	86.28424505350051
11	3	MT	86.28424505350051
11	4	MT	86.28424505350051
11	5	MT	86.28424505350051
11	6	MT	86.28424505350051
11	7	MT	86.28424505350051
11	8	MT	323.5962947046318
11	9	MT	404.49536838078967
11	10	MT	444.9449052188687
11	11	MT	444.9449052188687
11	12	MT	525.8439788950267
11	13	MT	525.8439788950267
11	14	MT	364.04583154271074
11	15	MT	525.8439788950267
11	16	MT	414.1028004832542
11	17	MT	236.29796713903232
11	18	MT	172.42654191598618
11	19	MT	89.18021732914505
11	20	MT	86.28424505350051
11	21	MT	86.28424505350051
11	22	MT	86.28424505350051
11	23	MT	86.28424505350051
11	24	MT	86.28424505350051
11	1	H2	0.0
11	2	H2	0.0
11	3	H2	0.0
11	4	H2	0.0
11	5	H2	0.0
11	6	H2	0.0
11	7	H2	0.0
11	8	H2	0.0
11	9	H2	0.0
11	10	H2	0.0
11	11	H2	0.0
11	12	H2	0.0
11	13	H2	0.0
11	14	H2	0.0
11	15	H2	0.0
11	16	H2	0.0
11	17	H2	0.0
11	18	H2	0.0
11	19	H2	0.0
11	20	H2	0.0
11	21	H2	0.0
11	22	H2	0.0
11	23	H2	0.0
11	24	H2	0.0
11	1	CH4	0.0
11	2	CH4	0.0
11	3	CH4	0.0
11	4	CH4	0.0
11	5	CH4	0.0
11	6	CH4	0.0
11	7	CH4	0.0
11	8	CH4	0.0
11	9	CH4	0.0
11	10	CH4	0.0
11	11	CH4	0.0
11	12	CH4	0.0
11	13	CH4	0.0
11	14	CH4	0.0
11	15	CH4	0.0
11	16	CH4	0.0
11	17	CH4	0.0
11	18	CH4	0.0
11	19	CH4	0.0
11	20	CH4	0.0
11	21	CH4	0.0
11	22	CH4	0.0
11	23	CH4	0.0
11	24	CH4	0.0
11	1	Biogas	0.0
11	2	Biogas	0.0
11	3	Biogas	0.0
11	4	Biogas	0.0
11	5	Biogas	0.0
11	6	Biogas	0.0
11	7	Biogas	0.0
11	8	Biogas	0.0
11	9	Biogas	0.0
11	10	Biogas	0.0
11	11	Biogas	0.0
11	12	Biogas	0.0
11	13	Biogas	0.0
11	14	Biogas	0.0
11	15	Biogas	0.0
11	16	Biogas	0.0
11	17	Biogas	0.0
11	18	Biogas	0.0
11	19	Biogas	0.0
11	20	Biogas	0.0
11	21	Biogas	0.0
11	22	Biogas	0.0
11	23	Biogas	0.0
11	24	Biogas	0.0
11	1	CH4_H2_Mix	0.0
11	2	CH4_H2_Mix	0.0
11	3	CH4_H2_Mix	0.0
11	4	CH4_H2_Mix	0.0
11	5	CH4_H2_Mix	0.0
11	6	CH4_H2_Mix	0.0
11	7	CH4_H2_Mix	0.0
11	8	CH4_H2_Mix	0.0
11	9	CH4_H2_Mix	0.0
11	10	CH4_H2_Mix	0.0
11	11	CH4_H2_Mix	0.0
11	12	CH4_H2_Mix	0.0
11	13	CH4_H2_Mix	0.0
11	14	CH4_H2_Mix	0.0
11	15	CH4_H2_Mix	0.0
11	16	CH4_H2_Mix	0.0
11	17	CH4_H2_Mix	0.0
11	18	CH4_H2_Mix	0.0
11	19	CH4_H2_Mix	0.0
11	20	CH4_H2_Mix	0.0
11	21	CH4_H2_Mix	0.0
11	22	CH4_H2_Mix	0.0
11	23	CH4_H2_Mix	0.0
11	24	CH4_H2_Mix	0.0
11	1	DummyFuel	0.0
11	2	DummyFuel	0.0
11	3	DummyFuel	0.0
11	4	DummyFuel	0.0
11	5	DummyFuel	0.0
11	6	DummyFuel	0.0
11	7	DummyFuel	0.0
11	8	DummyFuel	0.0
11	9	DummyFuel	0.0
11	10	DummyFuel	0.0
11	11	DummyFuel	0.0
11	12	DummyFuel	0.0
11	13	DummyFuel	0.0
11	14	DummyFuel	0.0
11	15	DummyFuel	0.0
11	16	DummyFuel	0.0
11	17	DummyFuel	0.0
11	18	DummyFuel	0.0
11	19	DummyFuel	0.0
11	20	DummyFuel	0.0
11	21	DummyFuel	0.0
11	22	DummyFuel	0.0
11	23	DummyFuel	0.0
11	24	DummyFuel	0.0
12	1	Electricity	37.319566344270115
12	2	Electricity	37.09810926823815
12	3	Electricity	36.928432575070666
12	4	Electricity	37.12763357613836
12	5	Electricity	38.3323080177076
12	6	Electricity	44.18962690602574
12	7	Electricity	55.03466843773433
12	8	Electricity	68.73250637087999
12	9	Electricity	84.01966100863098
12	10	Electricity	93.19591804196473
12	11	Electricity	95.94033683659161
12	12	Electricity	94.27807148689412
12	13	Electricity	83.97160516948689
12	14	Electricity	84.27611629442828
12	15	Electricity	90.5302074927257
12	16	Electricity	89.82007571694754
12	17	Electricity	87.30178246678308
12	18	Electricity	82.10303694760692
12	19	Electricity	75.33917882325174
12	20	Electricity	64.22123552070155
12	21	Electricity	48.269012460484866
12	22	Electricity	40.875171130205736
12	23	Electricity	39.11466393107331
12	24	Electricity	38.1068634520247
12	1	LT	7.076613153082524
12	2	LT	7.076613153082524
12	3	LT	7.076613153082524
12	4	LT	7.076613153082524
12	5	LT	7.076613153082524
12	6	LT	7.076613153082524
12	7	LT	7.076613153082524
12	8	LT	19.49606923674235
12	9	LT	21.75350883257568
12	10	LT	24.010948428408998
12	11	LT	24.010948428408998
12	12	LT	28.73104940151504
12	13	LT	28.73104940151504
12	14	LT	19.085625673863568
12	15	LT	28.73104940151504
12	16	LT	28.73104940151504
12	17	LT	24.00741012183246
12	18	LT	19.089163980440105
12	19	LT	7.076613153082524
12	20	LT	7.076613153082524
12	21	LT	7.076613153082524
12	22	LT	7.076613153082524
12	23	LT	7.076613153082524
12	24	LT	7.076613153082524
12	1	MT	51.90571896003801
12	2	MT	51.90571896003801
12	3	MT	51.90571896003801
12	4	MT	51.90571896003801
12	5	MT	51.90571896003801
12	6	MT	51.90571896003801
12	7	MT	51.90571896003801
12	8	MT	201.96599764775547
12	9	MT	225.3515342174956
12	10	MT	248.7370707872357
12	11	MT	248.7370707872357
12	12	MT	297.6341017966923
12	13	MT	297.6341017966923
12	14	MT	197.71408190780272
12	15	MT	297.6341017966923
12	16	MT	297.6341017966923
12	17	MT	183.05785518889022
12	18	MT	87.70930347002013
12	19	MT	51.90571896003801
12	20	MT	51.90571896003801
12	21	MT	51.90571896003801
12	22	MT	51.90571896003801
12	23	MT	51.90571896003801
12	24	MT	51.90571896003801
12	1	H2	0.0
12	2	H2	0.0
12	3	H2	0.0
12	4	H2	0.0
12	5	H2	0.0
12	6	H2	0.0
12	7	H2	0.0
12	8	H2	0.0
12	9	H2	0.0
12	10	H2	0.0
12	11	H2	0.0
12	12	H2	0.0
12	13	H2	0.0
12	14	H2	0.0
12	15	H2	0.0
12	16	H2	0.0
12	17	H2	0.0
12	18	H2	0.0
12	19	H2	0.0
12	20	H2	0.0
12	21	H2	0.0
12	22	H2	0.0
12	23	H2	0.0
12	24	H2	0.0
12	1	CH4	0.0
12	2	CH4	0.0
12	3	CH4	0.0
12	4	CH4	0.0
12	5	CH4	0.0
12	6	CH4	0.0
12	7	CH4	0.0
12	8	CH4	0.0
12	9	CH4	0.0
12	10	CH4	0.0
12	11	CH4	0.0
12	12	CH4	0.0
12	13	CH4	0.0
12	14	CH4	0.0
12	15	CH4	0.0
12	16	CH4	0.0
12	17	CH4	0.0
12	18	CH4	0.0
12	19	CH4	0.0
12	20	CH4	0.0
12	21	CH4	0.0
12	22	CH4	0.0
12	23	CH4	0.0
12	24	CH4	0.0
12	1	Biogas	0.0
12	2	Biogas	0.0
12	3	Biogas	0.0
12	4	Biogas	0.0
12	5	Biogas	0.0
12	6	Biogas	0.0
12	7	Biogas	0.0
12	8	Biogas	0.0
12	9	Biogas	0.0
12	10	Biogas	0.0
12	11	Biogas	0.0
12	12	Biogas	0.0
12	13	Biogas	0.0
12	14	Biogas	0.0
12	15	Biogas	0.0
12	16	Biogas	0.0
12	17	Biogas	0.0
12	18	Biogas	0.0
12	19	Biogas	0.0
12	20	Biogas	0.0
12	21	Biogas	0.0
12	22	Biogas	0.0
12	23	Biogas	0.0
12	24	Biogas	0.0
12	1	CH4_H2_Mix	0.0
12	2	CH4_H2_Mix	0.0
12	3	CH4_H2_Mix	0.0
12	4	CH4_H2_Mix	0.0
12	5	CH4_H2_Mix	0.0
12	6	CH4_H2_Mix	0.0
12	7	CH4_H2_Mix	0.0
12	8	CH4_H2_Mix	0.0
12	9	CH4_H2_Mix	0.0
12	10	CH4_H2_Mix	0.0
12	11	CH4_H2_Mix	0.0
12	12	CH4_H2_Mix	0.0
12	13	CH4_H2_Mix	0.0
12	14	CH4_H2_Mix	0.0
12	15	CH4_H2_Mix	0.0
12	16	CH4_H2_Mix	0.0
12	17	CH4_H2_Mix	0.0
12	18	CH4_H2_Mix	0.0
12	19	CH4_H2_Mix	0.0
12	20	CH4_H2_Mix	0.0
12	21	CH4_H2_Mix	0.0
12	22	CH4_H2_Mix	0.0
12	23	CH4_H2_Mix	0.0
12	24	CH4_H2_Mix	0.0
12	1	DummyFuel	0.0
12	2	DummyFuel	0.0
12	3	DummyFuel	0.0
12	4	DummyFuel	0.0
12	5	DummyFuel	0.0
12	6	DummyFuel	0.0
12	7	DummyFuel	0.0
12	8	DummyFuel	0.0
12	9	DummyFuel	0.0
12	10	DummyFuel	0.0
12	11	DummyFuel	0.0
12	12	DummyFuel	0.0
12	13	DummyFuel	0.0
12	14	DummyFuel	0.0
12	15	DummyFuel	0.0
12	16	DummyFuel	0.0
12	17	DummyFuel	0.0
12	18	DummyFuel	0.0
12	19	DummyFuel	0.0
12	20	DummyFuel	0.0
12	21	DummyFuel	0.0
12	22	DummyFuel	0.0
12	23	DummyFuel	0.0
12	24	DummyFuel	0.0
13	1	Electricity	45.359482016059474
13	2	Electricity	44.98970676356757
13	3	Electricity	44.987040287110396
13	4	Electricity	44.892003753128996
13	5	Electricity	46.22773548343087
13	6	Electricity	51.414375760449545
13	7	Electricity	62.01504989276938
13	8	Electricity	77.11986465220677
13	9	Electricity	93.46864465909485
13	10	Electricity	103.56201567227293
13	11	Electricity	107.45218963733768
13	12	Electricity	106.45821829504722
13	13	Electricity	95.37903435774516
13	14	Electricity	94.37829789654286
13	15	Electricity	101.3238685332273
13	16	Electricity	99.37200880538829
13	17	Electricity	96.02834464697233
13	18	Electricity	92.31869651707348
13	19	Electricity	85.6692601834329
13	20	Electricity	70.97797249259165
13	21	Electricity	55.39436027880324
13	22	Electricity	48.40652560641921
13	23	Electricity	47.1762942544709
13	24	Electricity	46.02449768718317
13	1	LT	50.37355012717547
13	2	LT	50.37355012717547
13	3	LT	50.37355012717547
13	4	LT	50.37355012717547
13	5	LT	50.37355012717547
13	6	LT	50.37355012717547
13	7	LT	50.37355012717547
13	8	LT	136.49607131234646
13	9	LT	170.62008914043307
13	10	LT	187.68209805447637
13	11	LT	187.68209805447637
13	12	LT	221.806115882563
13	13	LT	221.806115882563
13	14	LT	153.5580802263898
13	15	LT	221.806115882563
13	16	LT	187.68209805447637
13	17	LT	162.49532299088867
13	18	LT	136.49607131234646
13	19	LT	50.37355012717547
13	20	LT	50.37355012717547
13	21	LT	50.37355012717547
13	22	LT	50.37355012717547
13	23	LT	50.37355012717547
13	24	LT	50.37355012717547
13	1	MT	187.79182985174316
13	2	MT	135.31103317149248
13	3	MT	135.31103317149248
13	4	MT	135.31103317149248
13	5	MT	135.31103317149248
13	6	MT	135.31103317149248
13	7	MT	135.31103317149248
13	8	MT	491.8218113953517
13	9	MT	614.7772642441896
13	10	MT	676.2549906686086
13	11	MT	676.2549906686086
13	12	MT	799.2104435174465
13	13	MT	799.2104435174465
13	14	MT	553.2995378197706
13	15	MT	799.2104435174465
13	16	MT	633.2611072344032
13	17	MT	377.8858179077604
13	18	MT	281.09122780234514
13	19	MT	139.34801753151174
13	20	MT	135.31103317149248
13	21	MT	135.31103317149248
13	22	MT	135.31103317149248
13	23	MT	135.31103317149248
13	24	MT	135.31103317149248
13	1	H2	0.0
13	2	H2	0.0
13	3	H2	0.0
13	4	H2	0.0
13	5	H2	0.0
13	6	H2	0.0
13	7	H2	0.0
13	8	H2	0.0
13	9	H2	0.0
13	10	H2	0.0
13	11	H2	0.0
13	12	H2	0.0
13	13	H2	0.0
13	14	H2	0.0
13	15	H2	0.0
13	16	H2	0.0
13	17	H2	0.0
13	18	H2	0.0
13	19	H2	0.0
13	20	H2	0.0
13	21	H2	0.0
13	22	H2	0.0
13	23	H2	0.0
13	24	H2	0.0
13	1	CH4	0.0
13	2	CH4	0.0
13	3	CH4	0.0
13	4	CH4	0.0
13	5	CH4	0.0
13	6	CH4	0.0
13	7	CH4	0.0
13	8	CH4	0.0
13	9	CH4	0.0
13	10	CH4	0.0
13	11	CH4	0.0
13	12	CH4	0.0
13	13	CH4	0.0
13	14	CH4	0.0
13	15	CH4	0.0
13	16	CH4	0.0
13	17	CH4	0.0
13	18	CH4	0.0
13	19	CH4	0.0
13	20	CH4	0.0
13	21	CH4	0.0
13	22	CH4	0.0
13	23	CH4	0.0
13	24	CH4	0.0
13	1	Biogas	0.0
13	2	Biogas	0.0
13	3	Biogas	0.0
13	4	Biogas	0.0
13	5	Biogas	0.0
13	6	Biogas	0.0
13	7	Biogas	0.0
13	8	Biogas	0.0
13	9	Biogas	0.0
13	10	Biogas	0.0
13	11	Biogas	0.0
13	12	Biogas	0.0
13	13	Biogas	0.0
13	14	Biogas	0.0
13	15	Biogas	0.0
13	16	Biogas	0.0
13	17	Biogas	0.0
13	18	Biogas	0.0
13	19	Biogas	0.0
13	20	Biogas	0.0
13	21	Biogas	0.0
13	22	Biogas	0.0
13	23	Biogas	0.0
13	24	Biogas	0.0
13	1	CH4_H2_Mix	0.0
13	2	CH4_H2_Mix	0.0
13	3	CH4_H2_Mix	0.0
13	4	CH4_H2_Mix	0.0
13	5	CH4_H2_Mix	0.0
13	6	CH4_H2_Mix	0.0
13	7	CH4_H2_Mix	0.0
13	8	CH4_H2_Mix	0.0
13	9	CH4_H2_Mix	0.0
13	10	CH4_H2_Mix	0.0
13	11	CH4_H2_Mix	0.0
13	12	CH4_H2_Mix	0.0
13	13	CH4_H2_Mix	0.0
13	14	CH4_H2_Mix	0.0
13	15	CH4_H2_Mix	0.0
13	16	CH4_H2_Mix	0.0
13	17	CH4_H2_Mix	0.0
13	18	CH4_H2_Mix	0.0
13	19	CH4_H2_Mix	0.0
13	20	CH4_H2_Mix	0.0
13	21	CH4_H2_Mix	0.0
13	22	CH4_H2_Mix	0.0
13	23	CH4_H2_Mix	0.0
13	24	CH4_H2_Mix	0.0
13	1	DummyFuel	0.0
13	2	DummyFuel	0.0
13	3	DummyFuel	0.0
13	4	DummyFuel	0.0
13	5	DummyFuel	0.0
13	6	DummyFuel	0.0
13	7	DummyFuel	0.0
13	8	DummyFuel	0.0
13	9	DummyFuel	0.0
13	10	DummyFuel	0.0
13	11	DummyFuel	0.0
13	12	DummyFuel	0.0
13	13	DummyFuel	0.0
13	14	DummyFuel	0.0
13	15	DummyFuel	0.0
13	16	DummyFuel	0.0
13	17	DummyFuel	0.0
13	18	DummyFuel	0.0
13	19	DummyFuel	0.0
13	20	DummyFuel	0.0
13	21	DummyFuel	0.0
13	22	DummyFuel	0.0
13	23	DummyFuel	0.0
13	24	DummyFuel	0.0
14	1	Electricity	39.34006020470152
14	2	Electricity	39.863127335233266
14	3	Electricity	39.94974635632039
14	4	Electricity	40.45088228110359
14	5	Electricity	41.36964204200998
14	6	Electricity	46.11884579334825
14	7	Electricity	54.5685339151608
14	8	Electricity	66.88385145122732
14	9	Electricity	80.81226544959831
14	10	Electricity	88.73274947339426
14	11	Electricity	92.41901692647188
14	12	Electricity	92.01855554437586
14	13	Electricity	83.59901126735816
14	14	Electricity	80.66719675073846
14	15	Electricity	86.0672436206452
14	16	Electricity	84.25354024026221
14	17	Electricity	80.05393300918574
14	18	Electricity	77.07543773547445
14	19	Electricity	67.83877899668207
14	20	Electricity	57.66838456327905
14	21	Electricity	46.84345885131774
14	22	Electricity	41.83281263339285
14	23	Electricity	40.32978035130475
14	24	Electricity	40.324032051248494
14	1	LT	42.742874448008955
14	2	LT	42.742874448008955
14	3	LT	42.742874448008955
14	4	LT	42.742874448008955
14	5	LT	42.742874448008955
14	6	LT	42.742874448008955
14	7	LT	42.742874448008955
14	8	LT	117.75661910426466
14	9	LT	131.3915960531795
14	10	LT	145.02657300209438
14	11	LT	145.02657300209438
14	12	LT	173.5360702589163
14	13	LT	173.5360702589163
14	14	LT	115.27753238628013
14	15	LT	173.5360702589163
14	16	LT	173.5360702589163
14	17	LT	145.0052015648704
14	18	LT	115.29890382350415
14	19	LT	42.742874448008955
14	20	LT	42.742874448008955
14	21	LT	42.742874448008955
14	22	LT	42.742874448008955
14	23	LT	42.742874448008955
14	24	LT	42.742874448008955
14	1	MT	124.17214298751702
14	2	MT	124.17214298751702
14	3	MT	124.17214298751702
14	4	MT	124.17214298751702
14	5	MT	124.17214298751702
14	6	MT	124.17214298751702
14	7	MT	124.17214298751702
14	8	MT	445.88200945567854
14	9	MT	497.51045265580984
14	10	MT	549.138895855941
14	11	MT	549.138895855941
14	12	MT	657.0892770925789
14	13	MT	657.0892770925789
14	14	MT	436.49501978292744
14	15	MT	657.0892770925789
14	16	MT	657.0892770925789
14	17	MT	433.5181046529938
14	18	MT	242.88799783229211
14	19	MT	124.17214298751702
14	20	MT	124.17214298751702
14	21	MT	124.17214298751702
14	22	MT	124.17214298751702
14	23	MT	124.17214298751702
14	24	MT	124.17214298751702
14	1	H2	0.0
14	2	H2	0.0
14	3	H2	0.0
14	4	H2	0.0
14	5	H2	0.0
14	6	H2	0.0
14	7	H2	0.0
14	8	H2	0.0
14	9	H2	0.0
14	10	H2	0.0
14	11	H2	0.0
14	12	H2	0.0
14	13	H2	0.0
14	14	H2	0.0
14	15	H2	0.0
14	16	H2	0.0
14	17	H2	0.0
14	18	H2	0.0
14	19	H2	0.0
14	20	H2	0.0
14	21	H2	0.0
14	22	H2	0.0
14	23	H2	0.0
14	24	H2	0.0
14	1	CH4	0.0
14	2	CH4	0.0
14	3	CH4	0.0
14	4	CH4	0.0
14	5	CH4	0.0
14	6	CH4	0.0
14	7	CH4	0.0
14	8	CH4	0.0
14	9	CH4	0.0
14	10	CH4	0.0
14	11	CH4	0.0
14	12	CH4	0.0
14	13	CH4	0.0
14	14	CH4	0.0
14	15	CH4	0.0
14	16	CH4	0.0
14	17	CH4	0.0
14	18	CH4	0.0
14	19	CH4	0.0
14	20	CH4	0.0
14	21	CH4	0.0
14	22	CH4	0.0
14	23	CH4	0.0
14	24	CH4	0.0
14	1	Biogas	0.0
14	2	Biogas	0.0
14	3	Biogas	0.0
14	4	Biogas	0.0
14	5	Biogas	0.0
14	6	Biogas	0.0
14	7	Biogas	0.0
14	8	Biogas	0.0
14	9	Biogas	0.0
14	10	Biogas	0.0
14	11	Biogas	0.0
14	12	Biogas	0.0
14	13	Biogas	0.0
14	14	Biogas	0.0
14	15	Biogas	0.0
14	16	Biogas	0.0
14	17	Biogas	0.0
14	18	Biogas	0.0
14	19	Biogas	0.0
14	20	Biogas	0.0
14	21	Biogas	0.0
14	22	Biogas	0.0
14	23	Biogas	0.0
14	24	Biogas	0.0
14	1	CH4_H2_Mix	0.0
14	2	CH4_H2_Mix	0.0
14	3	CH4_H2_Mix	0.0
14	4	CH4_H2_Mix	0.0
14	5	CH4_H2_Mix	0.0
14	6	CH4_H2_Mix	0.0
14	7	CH4_H2_Mix	0.0
14	8	CH4_H2_Mix	0.0
14	9	CH4_H2_Mix	0.0
14	10	CH4_H2_Mix	0.0
14	11	CH4_H2_Mix	0.0
14	12	CH4_H2_Mix	0.0
14	13	CH4_H2_Mix	0.0
14	14	CH4_H2_Mix	0.0
14	15	CH4_H2_Mix	0.0
14	16	CH4_H2_Mix	0.0
14	17	CH4_H2_Mix	0.0
14	18	CH4_H2_Mix	0.0
14	19	CH4_H2_Mix	0.0
14	20	CH4_H2_Mix	0.0
14	21	CH4_H2_Mix	0.0
14	22	CH4_H2_Mix	0.0
14	23	CH4_H2_Mix	0.0
14	24	CH4_H2_Mix	0.0
14	1	DummyFuel	0.0
14	2	DummyFuel	0.0
14	3	DummyFuel	0.0
14	4	DummyFuel	0.0
14	5	DummyFuel	0.0
14	6	DummyFuel	0.0
14	7	DummyFuel	0.0
14	8	DummyFuel	0.0
14	9	DummyFuel	0.0
14	10	DummyFuel	0.0
14	11	DummyFuel	0.0
14	12	DummyFuel	0.0
14	13	DummyFuel	0.0
14	14	DummyFuel	0.0
14	15	DummyFuel	0.0
14	16	DummyFuel	0.0
14	17	DummyFuel	0.0
14	18	DummyFuel	0.0
14	19	DummyFuel	0.0
14	20	DummyFuel	0.0
14	21	DummyFuel	0.0
14	22	DummyFuel	0.0
14	23	DummyFuel	0.0
14	24	DummyFuel	0.0
