Node	NodeProbability
1	0.5
2	0.5
3	0.25
4	0.25
5	0.25
6	0.25
7	0.125
8	0.125
9	0.125
10	0.125
11	0.125
12	0.125
13	0.125
14	0.125
15	0.0625
16	0.0625
17	0.0625
18	0.0625
19	0.0625
20	0.0625
21	0.0625
22	0.0625
23	0.0625
24	0.0625
25	0.0625
26	0.0625
27	0.0625
28	0.0625
29	0.0625
30	0.0625
31	0.03125
32	0.03125
33	0.03125
34	0.03125
35	0.03125
36	0.03125
37	0.03125
38	0.03125
39	0.03125
40	0.03125
41	0.03125
42	0.03125
43	0.03125
44	0.03125
45	0.03125
46	0.03125
47	0.03125
48	0.03125
49	0.03125
50	0.03125
51	0.03125
52	0.03125
53	0.03125
54	0.03125
55	0.03125
56	0.03125
57	0.03125
58	0.03125
59	0.03125
60	0.03125
61	0.03125
62	0.03125
63	0.015625
64	0.015625
65	0.015625
66	0.015625
67	0.015625
68	0.015625
69	0.015625
70	0.015625
71	0.015625
72	0.015625
73	0.015625
74	0.015625
75	0.015625
76	0.015625
77	0.015625
78	0.015625
79	0.015625
80	0.015625
81	0.015625
82	0.015625
83	0.015625
84	0.015625
85	0.015625
86	0.015625
87	0.015625
88	0.015625
89	0.015625
90	0.015625
91	0.015625
92	0.015625
93	0.015625
94	0.015625
95	0.015625
96	0.015625
97	0.015625
98	0.015625
99	0.015625
100	0.015625
101	0.015625
102	0.015625
103	0.015625
104	0.015625
105	0.015625
106	0.015625
107	0.015625
108	0.015625
109	0.015625
110	0.015625
111	0.015625
112	0.015625
113	0.015625
114	0.015625
115	0.015625
116	0.015625
117	0.015625
118	0.015625
119	0.015625
120	0.015625
121	0.015625
122	0.015625
123	0.015625
124	0.015625
125	0.015625
126	0.015625
127	0.0078125
128	0.0078125
129	0.0078125
130	0.0078125
131	0.0078125
132	0.0078125
133	0.0078125
134	0.0078125
135	0.0078125
136	0.0078125
137	0.0078125
138	0.0078125
139	0.0078125
140	0.0078125
141	0.0078125
142	0.0078125
143	0.0078125
144	0.0078125
145	0.0078125
146	0.0078125
147	0.0078125
148	0.0078125
149	0.0078125
150	0.0078125
151	0.0078125
152	0.0078125
153	0.0078125
154	0.0078125
155	0.0078125
156	0.0078125
157	0.0078125
158	0.0078125
159	0.0078125
160	0.0078125
161	0.0078125
162	0.0078125
163	0.0078125
164	0.0078125
165	0.0078125
166	0.0078125
167	0.0078125
168	0.0078125
169	0.0078125
170	0.0078125
171	0.0078125
172	0.0078125
173	0.0078125
174	0.0078125
175	0.0078125
176	0.0078125
177	0.0078125
178	0.0078125
179	0.0078125
180	0.0078125
181	0.0078125
182	0.0078125
183	0.0078125
184	0.0078125
185	0.0078125
186	0.0078125
187	0.0078125
188	0.0078125
189	0.0078125
190	0.0078125
191	0.0078125
192	0.0078125
193	0.0078125
194	0.0078125
195	0.0078125
196	0.0078125
197	0.0078125
198	0.0078125
199	0.0078125
200	0.0078125
201	0.0078125
202	0.0078125
203	0.0078125
204	0.0078125
205	0.0078125
206	0.0078125
207	0.0078125
208	0.0078125
209	0.0078125
210	0.0078125
211	0.0078125
212	0.0078125
213	0.0078125
214	0.0078125
215	0.0078125
216	0.0078125
217	0.0078125
218	0.0078125
219	0.0078125
220	0.0078125
221	0.0078125
222	0.0078125
223	0.0078125
224	0.0078125
225	0.0078125
226	0.0078125
227	0.0078125
228	0.0078125
229	0.0078125
230	0.0078125
231	0.0078125
232	0.0078125
233	0.0078125
234	0.0078125
235	0.0078125
236	0.0078125
237	0.0078125
238	0.0078125
239	0.0078125
240	0.0078125
241	0.0078125
242	0.0078125
243	0.0078125
244	0.0078125
245	0.0078125
246	0.0078125
247	0.0078125
248	0.0078125
249	0.0078125
250	0.0078125
251	0.0078125
252	0.0078125
253	0.0078125
254	0.0078125
255	0.00390625
256	0.00390625
257	0.00390625
258	0.00390625
259	0.00390625
260	0.00390625
261	0.00390625
262	0.00390625
263	0.00390625
264	0.00390625
265	0.00390625
266	0.00390625
267	0.00390625
268	0.00390625
269	0.00390625
270	0.00390625
271	0.00390625
272	0.00390625
273	0.00390625
274	0.00390625
275	0.00390625
276	0.00390625
277	0.00390625
278	0.00390625
279	0.00390625
280	0.00390625
281	0.00390625
282	0.00390625
283	0.00390625
284	0.00390625
285	0.00390625
286	0.00390625
287	0.00390625
288	0.00390625
289	0.00390625
290	0.00390625
291	0.00390625
292	0.00390625
293	0.00390625
294	0.00390625
295	0.00390625
296	0.00390625
297	0.00390625
298	0.00390625
299	0.00390625
300	0.00390625
301	0.00390625
302	0.00390625
303	0.00390625
304	0.00390625
305	0.00390625
306	0.00390625
307	0.00390625
308	0.00390625
309	0.00390625
310	0.00390625
311	0.00390625
312	0.00390625
313	0.00390625
314	0.00390625
315	0.00390625
316	0.00390625
317	0.00390625
318	0.00390625
319	0.00390625
320	0.00390625
321	0.00390625
322	0.00390625
323	0.00390625
324	0.00390625
325	0.00390625
326	0.00390625
327	0.00390625
328	0.00390625
329	0.00390625
330	0.00390625
331	0.00390625
332	0.00390625
333	0.00390625
334	0.00390625
335	0.00390625
336	0.00390625
337	0.00390625
338	0.00390625
339	0.00390625
340	0.00390625
341	0.00390625
342	0.00390625
343	0.00390625
344	0.00390625
345	0.00390625
346	0.00390625
347	0.00390625
348	0.00390625
349	0.00390625
350	0.00390625
351	0.00390625
352	0.00390625
353	0.00390625
354	0.00390625
355	0.00390625
356	0.00390625
357	0.00390625
358	0.00390625
359	0.00390625
360	0.00390625
361	0.00390625
362	0.00390625
363	0.00390625
364	0.00390625
365	0.00390625
366	0.00390625
367	0.00390625
368	0.00390625
369	0.00390625
370	0.00390625
371	0.00390625
372	0.00390625
373	0.00390625
374	0.00390625
375	0.00390625
376	0.00390625
377	0.00390625
378	0.00390625
379	0.00390625
380	0.00390625
381	0.00390625
382	0.00390625
383	0.00390625
384	0.00390625
385	0.00390625
386	0.00390625
387	0.00390625
388	0.00390625
389	0.00390625
390	0.00390625
391	0.00390625
392	0.00390625
393	0.00390625
394	0.00390625
395	0.00390625
396	0.00390625
397	0.00390625
398	0.00390625
399	0.00390625
400	0.00390625
401	0.00390625
402	0.00390625
403	0.00390625
404	0.00390625
405	0.00390625
406	0.00390625
407	0.00390625
408	0.00390625
409	0.00390625
410	0.00390625
411	0.00390625
412	0.00390625
413	0.00390625
414	0.00390625
415	0.00390625
416	0.00390625
417	0.00390625
418	0.00390625
419	0.00390625
420	0.00390625
421	0.00390625
422	0.00390625
423	0.00390625
424	0.00390625
425	0.00390625
426	0.00390625
427	0.00390625
428	0.00390625
429	0.00390625
430	0.00390625
431	0.00390625
432	0.00390625
433	0.00390625
434	0.00390625
435	0.00390625
436	0.00390625
437	0.00390625
438	0.00390625
439	0.00390625
440	0.00390625
441	0.00390625
442	0.00390625
443	0.00390625
444	0.00390625
445	0.00390625
446	0.00390625
447	0.00390625
448	0.00390625
449	0.00390625
450	0.00390625
451	0.00390625
452	0.00390625
453	0.00390625
454	0.00390625
455	0.00390625
456	0.00390625
457	0.00390625
458	0.00390625
459	0.00390625
460	0.00390625
461	0.00390625
462	0.00390625
463	0.00390625
464	0.00390625
465	0.00390625
466	0.00390625
467	0.00390625
468	0.00390625
469	0.00390625
470	0.00390625
471	0.00390625
472	0.00390625
473	0.00390625
474	0.00390625
475	0.00390625
476	0.00390625
477	0.00390625
478	0.00390625
479	0.00390625
480	0.00390625
481	0.00390625
482	0.00390625
483	0.00390625
484	0.00390625
485	0.00390625
486	0.00390625
487	0.00390625
488	0.00390625
489	0.00390625
490	0.00390625
491	0.00390625
492	0.00390625
493	0.00390625
494	0.00390625
495	0.00390625
496	0.00390625
497	0.00390625
498	0.00390625
499	0.00390625
500	0.00390625
501	0.00390625
502	0.00390625
503	0.00390625
504	0.00390625
505	0.00390625
506	0.00390625
507	0.00390625
508	0.00390625
509	0.00390625
510	0.00390625
511	0.001953125
512	0.001953125
513	0.001953125
514	0.001953125
515	0.001953125
516	0.001953125
517	0.001953125
518	0.001953125
519	0.001953125
520	0.001953125
521	0.001953125
522	0.001953125
523	0.001953125
524	0.001953125
525	0.001953125
526	0.001953125
527	0.001953125
528	0.001953125
529	0.001953125
530	0.001953125
531	0.001953125
532	0.001953125
533	0.001953125
534	0.001953125
535	0.001953125
536	0.001953125
537	0.001953125
538	0.001953125
539	0.001953125
540	0.001953125
541	0.001953125
542	0.001953125
543	0.001953125
544	0.001953125
545	0.001953125
546	0.001953125
547	0.001953125
548	0.001953125
549	0.001953125
550	0.001953125
551	0.001953125
552	0.001953125
553	0.001953125
554	0.001953125
555	0.001953125
556	0.001953125
557	0.001953125
558	0.001953125
559	0.001953125
560	0.001953125
561	0.001953125
562	0.001953125
563	0.001953125
564	0.001953125
565	0.001953125
566	0.001953125
567	0.001953125
568	0.001953125
569	0.001953125
570	0.001953125
571	0.001953125
572	0.001953125
573	0.001953125
574	0.001953125
575	0.001953125
576	0.001953125
577	0.001953125
578	0.001953125
579	0.001953125
580	0.001953125
581	0.001953125
582	0.001953125
583	0.001953125
584	0.001953125
585	0.001953125
586	0.001953125
587	0.001953125
588	0.001953125
589	0.001953125
590	0.001953125
591	0.001953125
592	0.001953125
593	0.001953125
594	0.001953125
595	0.001953125
596	0.001953125
597	0.001953125
598	0.001953125
599	0.001953125
600	0.001953125
601	0.001953125
602	0.001953125
603	0.001953125
604	0.001953125
605	0.001953125
606	0.001953125
607	0.001953125
608	0.001953125
609	0.001953125
610	0.001953125
611	0.001953125
612	0.001953125
613	0.001953125
614	0.001953125
615	0.001953125
616	0.001953125
617	0.001953125
618	0.001953125
619	0.001953125
620	0.001953125
621	0.001953125
622	0.001953125
623	0.001953125
624	0.001953125
625	0.001953125
626	0.001953125
627	0.001953125
628	0.001953125
629	0.001953125
630	0.001953125
631	0.001953125
632	0.001953125
633	0.001953125
634	0.001953125
635	0.001953125
636	0.001953125
637	0.001953125
638	0.001953125
639	0.001953125
640	0.001953125
641	0.001953125
642	0.001953125
643	0.001953125
644	0.001953125
645	0.001953125
646	0.001953125
647	0.001953125
648	0.001953125
649	0.001953125
650	0.001953125
651	0.001953125
652	0.001953125
653	0.001953125
654	0.001953125
655	0.001953125
656	0.001953125
657	0.001953125
658	0.001953125
659	0.001953125
660	0.001953125
661	0.001953125
662	0.001953125
663	0.001953125
664	0.001953125
665	0.001953125
666	0.001953125
667	0.001953125
668	0.001953125
669	0.001953125
670	0.001953125
671	0.001953125
672	0.001953125
673	0.001953125
674	0.001953125
675	0.001953125
676	0.001953125
677	0.001953125
678	0.001953125
679	0.001953125
680	0.001953125
681	0.001953125
682	0.001953125
683	0.001953125
684	0.001953125
685	0.001953125
686	0.001953125
687	0.001953125
688	0.001953125
689	0.001953125
690	0.001953125
691	0.001953125
692	0.001953125
693	0.001953125
694	0.001953125
695	0.001953125
696	0.001953125
697	0.001953125
698	0.001953125
699	0.001953125
700	0.001953125
701	0.001953125
702	0.001953125
703	0.001953125
704	0.001953125
705	0.001953125
706	0.001953125
707	0.001953125
708	0.001953125
709	0.001953125
710	0.001953125
711	0.001953125
712	0.001953125
713	0.001953125
714	0.001953125
715	0.001953125
716	0.001953125
717	0.001953125
718	0.001953125
719	0.001953125
720	0.001953125
721	0.001953125
722	0.001953125
723	0.001953125
724	0.001953125
725	0.001953125
726	0.001953125
727	0.001953125
728	0.001953125
729	0.001953125
730	0.001953125
731	0.001953125
732	0.001953125
733	0.001953125
734	0.001953125
735	0.001953125
736	0.001953125
737	0.001953125
738	0.001953125
739	0.001953125
740	0.001953125
741	0.001953125
742	0.001953125
743	0.001953125
744	0.001953125
745	0.001953125
746	0.001953125
747	0.001953125
748	0.001953125
749	0.001953125
750	0.001953125
751	0.001953125
752	0.001953125
753	0.001953125
754	0.001953125
755	0.001953125
756	0.001953125
757	0.001953125
758	0.001953125
759	0.001953125
760	0.001953125
761	0.001953125
762	0.001953125
763	0.001953125
764	0.001953125
765	0.001953125
766	0.001953125
767	0.001953125
768	0.001953125
769	0.001953125
770	0.001953125
771	0.001953125
772	0.001953125
773	0.001953125
774	0.001953125
775	0.001953125
776	0.001953125
777	0.001953125
778	0.001953125
779	0.001953125
780	0.001953125
781	0.001953125
782	0.001953125
783	0.001953125
784	0.001953125
785	0.001953125
786	0.001953125
787	0.001953125
788	0.001953125
789	0.001953125
790	0.001953125
791	0.001953125
792	0.001953125
793	0.001953125
794	0.001953125
795	0.001953125
796	0.001953125
797	0.001953125
798	0.001953125
799	0.001953125
800	0.001953125
801	0.001953125
802	0.001953125
803	0.001953125
804	0.001953125
805	0.001953125
806	0.001953125
807	0.001953125
808	0.001953125
809	0.001953125
810	0.001953125
811	0.001953125
812	0.001953125
813	0.001953125
814	0.001953125
815	0.001953125
816	0.001953125
817	0.001953125
818	0.001953125
819	0.001953125
820	0.001953125
821	0.001953125
822	0.001953125
823	0.001953125
824	0.001953125
825	0.001953125
826	0.001953125
827	0.001953125
828	0.001953125
829	0.001953125
830	0.001953125
831	0.001953125
832	0.001953125
833	0.001953125
834	0.001953125
835	0.001953125
836	0.001953125
837	0.001953125
838	0.001953125
839	0.001953125
840	0.001953125
841	0.001953125
842	0.001953125
843	0.001953125
844	0.001953125
845	0.001953125
846	0.001953125
847	0.001953125
848	0.001953125
849	0.001953125
850	0.001953125
851	0.001953125
852	0.001953125
853	0.001953125
854	0.001953125
855	0.001953125
856	0.001953125
857	0.001953125
858	0.001953125
859	0.001953125
860	0.001953125
861	0.001953125
862	0.001953125
863	0.001953125
864	0.001953125
865	0.001953125
866	0.001953125
867	0.001953125
868	0.001953125
869	0.001953125
870	0.001953125
871	0.001953125
872	0.001953125
873	0.001953125
874	0.001953125
875	0.001953125
876	0.001953125
877	0.001953125
878	0.001953125
879	0.001953125
880	0.001953125
881	0.001953125
882	0.001953125
883	0.001953125
884	0.001953125
885	0.001953125
886	0.001953125
887	0.001953125
888	0.001953125
889	0.001953125
890	0.001953125
891	0.001953125
892	0.001953125
893	0.001953125
894	0.001953125
895	0.001953125
896	0.001953125
897	0.001953125
898	0.001953125
899	0.001953125
900	0.001953125
901	0.001953125
902	0.001953125
903	0.001953125
904	0.001953125
905	0.001953125
906	0.001953125
907	0.001953125
908	0.001953125
909	0.001953125
910	0.001953125
911	0.001953125
912	0.001953125
913	0.001953125
914	0.001953125
915	0.001953125
916	0.001953125
917	0.001953125
918	0.001953125
919	0.001953125
920	0.001953125
921	0.001953125
922	0.001953125
923	0.001953125
924	0.001953125
925	0.001953125
926	0.001953125
927	0.001953125
928	0.001953125
929	0.001953125
930	0.001953125
931	0.001953125
932	0.001953125
933	0.001953125
934	0.001953125
935	0.001953125
936	0.001953125
937	0.001953125
938	0.001953125
939	0.001953125
940	0.001953125
941	0.001953125
942	0.001953125
943	0.001953125
944	0.001953125
945	0.001953125
946	0.001953125
947	0.001953125
948	0.001953125
949	0.001953125
950	0.001953125
951	0.001953125
952	0.001953125
953	0.001953125
954	0.001953125
955	0.001953125
956	0.001953125
957	0.001953125
958	0.001953125
959	0.001953125
960	0.001953125
961	0.001953125
962	0.001953125
963	0.001953125
964	0.001953125
965	0.001953125
966	0.001953125
967	0.001953125
968	0.001953125
969	0.001953125
970	0.001953125
971	0.001953125
972	0.001953125
973	0.001953125
974	0.001953125
975	0.001953125
976	0.001953125
977	0.001953125
978	0.001953125
979	0.001953125
980	0.001953125
981	0.001953125
982	0.001953125
983	0.001953125
984	0.001953125
985	0.001953125
986	0.001953125
987	0.001953125
988	0.001953125
989	0.001953125
990	0.001953125
991	0.001953125
992	0.001953125
993	0.001953125
994	0.001953125
995	0.001953125
996	0.001953125
997	0.001953125
998	0.001953125
999	0.001953125
1000	0.001953125
1001	0.001953125
1002	0.001953125
1003	0.001953125
1004	0.001953125
1005	0.001953125
1006	0.001953125
1007	0.001953125
1008	0.001953125
1009	0.001953125
1010	0.001953125
1011	0.001953125
1012	0.001953125
1013	0.001953125
1014	0.001953125
1015	0.001953125
1016	0.001953125
1017	0.001953125
1018	0.001953125
1019	0.001953125
1020	0.001953125
1021	0.001953125
1022	0.001953125
1023	0.0009765625
1024	0.0009765625
1025	0.0009765625
1026	0.0009765625
1027	0.0009765625
1028	0.0009765625
1029	0.0009765625
1030	0.0009765625
1031	0.0009765625
1032	0.0009765625
1033	0.0009765625
1034	0.0009765625
1035	0.0009765625
1036	0.0009765625
1037	0.0009765625
1038	0.0009765625
1039	0.0009765625
1040	0.0009765625
1041	0.0009765625
1042	0.0009765625
1043	0.0009765625
1044	0.0009765625
1045	0.0009765625
1046	0.0009765625
1047	0.0009765625
1048	0.0009765625
1049	0.0009765625
1050	0.0009765625
1051	0.0009765625
1052	0.0009765625
1053	0.0009765625
1054	0.0009765625
1055	0.0009765625
1056	0.0009765625
1057	0.0009765625
1058	0.0009765625
1059	0.0009765625
1060	0.0009765625
1061	0.0009765625
1062	0.0009765625
1063	0.0009765625
1064	0.0009765625
1065	0.0009765625
1066	0.0009765625
1067	0.0009765625
1068	0.0009765625
1069	0.0009765625
1070	0.0009765625
1071	0.0009765625
1072	0.0009765625
1073	0.0009765625
1074	0.0009765625
1075	0.0009765625
1076	0.0009765625
1077	0.0009765625
1078	0.0009765625
1079	0.0009765625
1080	0.0009765625
1081	0.0009765625
1082	0.0009765625
1083	0.0009765625
1084	0.0009765625
1085	0.0009765625
1086	0.0009765625
1087	0.0009765625
1088	0.0009765625
1089	0.0009765625
1090	0.0009765625
1091	0.0009765625
1092	0.0009765625
1093	0.0009765625
1094	0.0009765625
1095	0.0009765625
1096	0.0009765625
1097	0.0009765625
1098	0.0009765625
1099	0.0009765625
1100	0.0009765625
1101	0.0009765625
1102	0.0009765625
1103	0.0009765625
1104	0.0009765625
1105	0.0009765625
1106	0.0009765625
1107	0.0009765625
1108	0.0009765625
1109	0.0009765625
1110	0.0009765625
1111	0.0009765625
1112	0.0009765625
1113	0.0009765625
1114	0.0009765625
1115	0.0009765625
1116	0.0009765625
1117	0.0009765625
1118	0.0009765625
1119	0.0009765625
1120	0.0009765625
1121	0.0009765625
1122	0.0009765625
1123	0.0009765625
1124	0.0009765625
1125	0.0009765625
1126	0.0009765625
1127	0.0009765625
1128	0.0009765625
1129	0.0009765625
1130	0.0009765625
1131	0.0009765625
1132	0.0009765625
1133	0.0009765625
1134	0.0009765625
1135	0.0009765625
1136	0.0009765625
1137	0.0009765625
1138	0.0009765625
1139	0.0009765625
1140	0.0009765625
1141	0.0009765625
1142	0.0009765625
1143	0.0009765625
1144	0.0009765625
1145	0.0009765625
1146	0.0009765625
1147	0.0009765625
1148	0.0009765625
1149	0.0009765625
1150	0.0009765625
1151	0.0009765625
1152	0.0009765625
1153	0.0009765625
1154	0.0009765625
1155	0.0009765625
1156	0.0009765625
1157	0.0009765625
1158	0.0009765625
1159	0.0009765625
1160	0.0009765625
1161	0.0009765625
1162	0.0009765625
1163	0.0009765625
1164	0.0009765625
1165	0.0009765625
1166	0.0009765625
1167	0.0009765625
1168	0.0009765625
1169	0.0009765625
1170	0.0009765625
1171	0.0009765625
1172	0.0009765625
1173	0.0009765625
1174	0.0009765625
1175	0.0009765625
1176	0.0009765625
1177	0.0009765625
1178	0.0009765625
1179	0.0009765625
1180	0.0009765625
1181	0.0009765625
1182	0.0009765625
1183	0.0009765625
1184	0.0009765625
1185	0.0009765625
1186	0.0009765625
1187	0.0009765625
1188	0.0009765625
1189	0.0009765625
1190	0.0009765625
1191	0.0009765625
1192	0.0009765625
1193	0.0009765625
1194	0.0009765625
1195	0.0009765625
1196	0.0009765625
1197	0.0009765625
1198	0.0009765625
1199	0.0009765625
1200	0.0009765625
1201	0.0009765625
1202	0.0009765625
1203	0.0009765625
1204	0.0009765625
1205	0.0009765625
1206	0.0009765625
1207	0.0009765625
1208	0.0009765625
1209	0.0009765625
1210	0.0009765625
1211	0.0009765625
1212	0.0009765625
1213	0.0009765625
1214	0.0009765625
1215	0.0009765625
1216	0.0009765625
1217	0.0009765625
1218	0.0009765625
1219	0.0009765625
1220	0.0009765625
1221	0.0009765625
1222	0.0009765625
1223	0.0009765625
1224	0.0009765625
1225	0.0009765625
1226	0.0009765625
1227	0.0009765625
1228	0.0009765625
1229	0.0009765625
1230	0.0009765625
1231	0.0009765625
1232	0.0009765625
1233	0.0009765625
1234	0.0009765625
1235	0.0009765625
1236	0.0009765625
1237	0.0009765625
1238	0.0009765625
1239	0.0009765625
1240	0.0009765625
1241	0.0009765625
1242	0.0009765625
1243	0.0009765625
1244	0.0009765625
1245	0.0009765625
1246	0.0009765625
1247	0.0009765625
1248	0.0009765625
1249	0.0009765625
1250	0.0009765625
1251	0.0009765625
1252	0.0009765625
1253	0.0009765625
1254	0.0009765625
1255	0.0009765625
1256	0.0009765625
1257	0.0009765625
1258	0.0009765625
1259	0.0009765625
1260	0.0009765625
1261	0.0009765625
1262	0.0009765625
1263	0.0009765625
1264	0.0009765625
1265	0.0009765625
1266	0.0009765625
1267	0.0009765625
1268	0.0009765625
1269	0.0009765625
1270	0.0009765625
1271	0.0009765625
1272	0.0009765625
1273	0.0009765625
1274	0.0009765625
1275	0.0009765625
1276	0.0009765625
1277	0.0009765625
1278	0.0009765625
1279	0.0009765625
1280	0.0009765625
1281	0.0009765625
1282	0.0009765625
1283	0.0009765625
1284	0.0009765625
1285	0.0009765625
1286	0.0009765625
1287	0.0009765625
1288	0.0009765625
1289	0.0009765625
1290	0.0009765625
1291	0.0009765625
1292	0.0009765625
1293	0.0009765625
1294	0.0009765625
1295	0.0009765625
1296	0.0009765625
1297	0.0009765625
1298	0.0009765625
1299	0.0009765625
1300	0.0009765625
1301	0.0009765625
1302	0.0009765625
1303	0.0009765625
1304	0.0009765625
1305	0.0009765625
1306	0.0009765625
1307	0.0009765625
1308	0.0009765625
1309	0.0009765625
1310	0.0009765625
1311	0.0009765625
1312	0.0009765625
1313	0.0009765625
1314	0.0009765625
1315	0.0009765625
1316	0.0009765625
1317	0.0009765625
1318	0.0009765625
1319	0.0009765625
1320	0.0009765625
1321	0.0009765625
1322	0.0009765625
1323	0.0009765625
1324	0.0009765625
1325	0.0009765625
1326	0.0009765625
1327	0.0009765625
1328	0.0009765625
1329	0.0009765625
1330	0.0009765625
1331	0.0009765625
1332	0.0009765625
1333	0.0009765625
1334	0.0009765625
1335	0.0009765625
1336	0.0009765625
1337	0.0009765625
1338	0.0009765625
1339	0.0009765625
1340	0.0009765625
1341	0.0009765625
1342	0.0009765625
1343	0.0009765625
1344	0.0009765625
1345	0.0009765625
1346	0.0009765625
1347	0.0009765625
1348	0.0009765625
1349	0.0009765625
1350	0.0009765625
1351	0.0009765625
1352	0.0009765625
1353	0.0009765625
1354	0.0009765625
1355	0.0009765625
1356	0.0009765625
1357	0.0009765625
1358	0.0009765625
1359	0.0009765625
1360	0.0009765625
1361	0.0009765625
1362	0.0009765625
1363	0.0009765625
1364	0.0009765625
1365	0.0009765625
1366	0.0009765625
1367	0.0009765625
1368	0.0009765625
1369	0.0009765625
1370	0.0009765625
1371	0.0009765625
1372	0.0009765625
1373	0.0009765625
1374	0.0009765625
1375	0.0009765625
1376	0.0009765625
1377	0.0009765625
1378	0.0009765625
1379	0.0009765625
1380	0.0009765625
1381	0.0009765625
1382	0.0009765625
1383	0.0009765625
1384	0.0009765625
1385	0.0009765625
1386	0.0009765625
1387	0.0009765625
1388	0.0009765625
1389	0.0009765625
1390	0.0009765625
1391	0.0009765625
1392	0.0009765625
1393	0.0009765625
1394	0.0009765625
1395	0.0009765625
1396	0.0009765625
1397	0.0009765625
1398	0.0009765625
1399	0.0009765625
1400	0.0009765625
1401	0.0009765625
1402	0.0009765625
1403	0.0009765625
1404	0.0009765625
1405	0.0009765625
1406	0.0009765625
1407	0.0009765625
1408	0.0009765625
1409	0.0009765625
1410	0.0009765625
1411	0.0009765625
1412	0.0009765625
1413	0.0009765625
1414	0.0009765625
1415	0.0009765625
1416	0.0009765625
1417	0.0009765625
1418	0.0009765625
1419	0.0009765625
1420	0.0009765625
1421	0.0009765625
1422	0.0009765625
1423	0.0009765625
1424	0.0009765625
1425	0.0009765625
1426	0.0009765625
1427	0.0009765625
1428	0.0009765625
1429	0.0009765625
1430	0.0009765625
1431	0.0009765625
1432	0.0009765625
1433	0.0009765625
1434	0.0009765625
1435	0.0009765625
1436	0.0009765625
1437	0.0009765625
1438	0.0009765625
1439	0.0009765625
1440	0.0009765625
1441	0.0009765625
1442	0.0009765625
1443	0.0009765625
1444	0.0009765625
1445	0.0009765625
1446	0.0009765625
1447	0.0009765625
1448	0.0009765625
1449	0.0009765625
1450	0.0009765625
1451	0.0009765625
1452	0.0009765625
1453	0.0009765625
1454	0.0009765625
1455	0.0009765625
1456	0.0009765625
1457	0.0009765625
1458	0.0009765625
1459	0.0009765625
1460	0.0009765625
1461	0.0009765625
1462	0.0009765625
1463	0.0009765625
1464	0.0009765625
1465	0.0009765625
1466	0.0009765625
1467	0.0009765625
1468	0.0009765625
1469	0.0009765625
1470	0.0009765625
1471	0.0009765625
1472	0.0009765625
1473	0.0009765625
1474	0.0009765625
1475	0.0009765625
1476	0.0009765625
1477	0.0009765625
1478	0.0009765625
1479	0.0009765625
1480	0.0009765625
1481	0.0009765625
1482	0.0009765625
1483	0.0009765625
1484	0.0009765625
1485	0.0009765625
1486	0.0009765625
1487	0.0009765625
1488	0.0009765625
1489	0.0009765625
1490	0.0009765625
1491	0.0009765625
1492	0.0009765625
1493	0.0009765625
1494	0.0009765625
1495	0.0009765625
1496	0.0009765625
1497	0.0009765625
1498	0.0009765625
1499	0.0009765625
1500	0.0009765625
1501	0.0009765625
1502	0.0009765625
1503	0.0009765625
1504	0.0009765625
1505	0.0009765625
1506	0.0009765625
1507	0.0009765625
1508	0.0009765625
1509	0.0009765625
1510	0.0009765625
1511	0.0009765625
1512	0.0009765625
1513	0.0009765625
1514	0.0009765625
1515	0.0009765625
1516	0.0009765625
1517	0.0009765625
1518	0.0009765625
1519	0.0009765625
1520	0.0009765625
1521	0.0009765625
1522	0.0009765625
1523	0.0009765625
1524	0.0009765625
1525	0.0009765625
1526	0.0009765625
1527	0.0009765625
1528	0.0009765625
1529	0.0009765625
1530	0.0009765625
1531	0.0009765625
1532	0.0009765625
1533	0.0009765625
1534	0.0009765625
1535	0.0009765625
1536	0.0009765625
1537	0.0009765625
1538	0.0009765625
1539	0.0009765625
1540	0.0009765625
1541	0.0009765625
1542	0.0009765625
1543	0.0009765625
1544	0.0009765625
1545	0.0009765625
1546	0.0009765625
1547	0.0009765625
1548	0.0009765625
1549	0.0009765625
1550	0.0009765625
1551	0.0009765625
1552	0.0009765625
1553	0.0009765625
1554	0.0009765625
1555	0.0009765625
1556	0.0009765625
1557	0.0009765625
1558	0.0009765625
1559	0.0009765625
1560	0.0009765625
1561	0.0009765625
1562	0.0009765625
1563	0.0009765625
1564	0.0009765625
1565	0.0009765625
1566	0.0009765625
1567	0.0009765625
1568	0.0009765625
1569	0.0009765625
1570	0.0009765625
1571	0.0009765625
1572	0.0009765625
1573	0.0009765625
1574	0.0009765625
1575	0.0009765625
1576	0.0009765625
1577	0.0009765625
1578	0.0009765625
1579	0.0009765625
1580	0.0009765625
1581	0.0009765625
1582	0.0009765625
1583	0.0009765625
1584	0.0009765625
1585	0.0009765625
1586	0.0009765625
1587	0.0009765625
1588	0.0009765625
1589	0.0009765625
1590	0.0009765625
1591	0.0009765625
1592	0.0009765625
1593	0.0009765625
1594	0.0009765625
1595	0.0009765625
1596	0.0009765625
1597	0.0009765625
1598	0.0009765625
1599	0.0009765625
1600	0.0009765625
1601	0.0009765625
1602	0.0009765625
1603	0.0009765625
1604	0.0009765625
1605	0.0009765625
1606	0.0009765625
1607	0.0009765625
1608	0.0009765625
1609	0.0009765625
1610	0.0009765625
1611	0.0009765625
1612	0.0009765625
1613	0.0009765625
1614	0.0009765625
1615	0.0009765625
1616	0.0009765625
1617	0.0009765625
1618	0.0009765625
1619	0.0009765625
1620	0.0009765625
1621	0.0009765625
1622	0.0009765625
1623	0.0009765625
1624	0.0009765625
1625	0.0009765625
1626	0.0009765625
1627	0.0009765625
1628	0.0009765625
1629	0.0009765625
1630	0.0009765625
1631	0.0009765625
1632	0.0009765625
1633	0.0009765625
1634	0.0009765625
1635	0.0009765625
1636	0.0009765625
1637	0.0009765625
1638	0.0009765625
1639	0.0009765625
1640	0.0009765625
1641	0.0009765625
1642	0.0009765625
1643	0.0009765625
1644	0.0009765625
1645	0.0009765625
1646	0.0009765625
1647	0.0009765625
1648	0.0009765625
1649	0.0009765625
1650	0.0009765625
1651	0.0009765625
1652	0.0009765625
1653	0.0009765625
1654	0.0009765625
1655	0.0009765625
1656	0.0009765625
1657	0.0009765625
1658	0.0009765625
1659	0.0009765625
1660	0.0009765625
1661	0.0009765625
1662	0.0009765625
1663	0.0009765625
1664	0.0009765625
1665	0.0009765625
1666	0.0009765625
1667	0.0009765625
1668	0.0009765625
1669	0.0009765625
1670	0.0009765625
1671	0.0009765625
1672	0.0009765625
1673	0.0009765625
1674	0.0009765625
1675	0.0009765625
1676	0.0009765625
1677	0.0009765625
1678	0.0009765625
1679	0.0009765625
1680	0.0009765625
1681	0.0009765625
1682	0.0009765625
1683	0.0009765625
1684	0.0009765625
1685	0.0009765625
1686	0.0009765625
1687	0.0009765625
1688	0.0009765625
1689	0.0009765625
1690	0.0009765625
1691	0.0009765625
1692	0.0009765625
1693	0.0009765625
1694	0.0009765625
1695	0.0009765625
1696	0.0009765625
1697	0.0009765625
1698	0.0009765625
1699	0.0009765625
1700	0.0009765625
1701	0.0009765625
1702	0.0009765625
1703	0.0009765625
1704	0.0009765625
1705	0.0009765625
1706	0.0009765625
1707	0.0009765625
1708	0.0009765625
1709	0.0009765625
1710	0.0009765625
1711	0.0009765625
1712	0.0009765625
1713	0.0009765625
1714	0.0009765625
1715	0.0009765625
1716	0.0009765625
1717	0.0009765625
1718	0.0009765625
1719	0.0009765625
1720	0.0009765625
1721	0.0009765625
1722	0.0009765625
1723	0.0009765625
1724	0.0009765625
1725	0.0009765625
1726	0.0009765625
1727	0.0009765625
1728	0.0009765625
1729	0.0009765625
1730	0.0009765625
1731	0.0009765625
1732	0.0009765625
1733	0.0009765625
1734	0.0009765625
1735	0.0009765625
1736	0.0009765625
1737	0.0009765625
1738	0.0009765625
1739	0.0009765625
1740	0.0009765625
1741	0.0009765625
1742	0.0009765625
1743	0.0009765625
1744	0.0009765625
1745	0.0009765625
1746	0.0009765625
1747	0.0009765625
1748	0.0009765625
1749	0.0009765625
1750	0.0009765625
1751	0.0009765625
1752	0.0009765625
1753	0.0009765625
1754	0.0009765625
1755	0.0009765625
1756	0.0009765625
1757	0.0009765625
1758	0.0009765625
1759	0.0009765625
1760	0.0009765625
1761	0.0009765625
1762	0.0009765625
1763	0.0009765625
1764	0.0009765625
1765	0.0009765625
1766	0.0009765625
1767	0.0009765625
1768	0.0009765625
1769	0.0009765625
1770	0.0009765625
1771	0.0009765625
1772	0.0009765625
1773	0.0009765625
1774	0.0009765625
1775	0.0009765625
1776	0.0009765625
1777	0.0009765625
1778	0.0009765625
1779	0.0009765625
1780	0.0009765625
1781	0.0009765625
1782	0.0009765625
1783	0.0009765625
1784	0.0009765625
1785	0.0009765625
1786	0.0009765625
1787	0.0009765625
1788	0.0009765625
1789	0.0009765625
1790	0.0009765625
1791	0.0009765625
1792	0.0009765625
1793	0.0009765625
1794	0.0009765625
1795	0.0009765625
1796	0.0009765625
1797	0.0009765625
1798	0.0009765625
1799	0.0009765625
1800	0.0009765625
1801	0.0009765625
1802	0.0009765625
1803	0.0009765625
1804	0.0009765625
1805	0.0009765625
1806	0.0009765625
1807	0.0009765625
1808	0.0009765625
1809	0.0009765625
1810	0.0009765625
1811	0.0009765625
1812	0.0009765625
1813	0.0009765625
1814	0.0009765625
1815	0.0009765625
1816	0.0009765625
1817	0.0009765625
1818	0.0009765625
1819	0.0009765625
1820	0.0009765625
1821	0.0009765625
1822	0.0009765625
1823	0.0009765625
1824	0.0009765625
1825	0.0009765625
1826	0.0009765625
1827	0.0009765625
1828	0.0009765625
1829	0.0009765625
1830	0.0009765625
1831	0.0009765625
1832	0.0009765625
1833	0.0009765625
1834	0.0009765625
1835	0.0009765625
1836	0.0009765625
1837	0.0009765625
1838	0.0009765625
1839	0.0009765625
1840	0.0009765625
1841	0.0009765625
1842	0.0009765625
1843	0.0009765625
1844	0.0009765625
1845	0.0009765625
1846	0.0009765625
1847	0.0009765625
1848	0.0009765625
1849	0.0009765625
1850	0.0009765625
1851	0.0009765625
1852	0.0009765625
1853	0.0009765625
1854	0.0009765625
1855	0.0009765625
1856	0.0009765625
1857	0.0009765625
1858	0.0009765625
1859	0.0009765625
1860	0.0009765625
1861	0.0009765625
1862	0.0009765625
1863	0.0009765625
1864	0.0009765625
1865	0.0009765625
1866	0.0009765625
1867	0.0009765625
1868	0.0009765625
1869	0.0009765625
1870	0.0009765625
1871	0.0009765625
1872	0.0009765625
1873	0.0009765625
1874	0.0009765625
1875	0.0009765625
1876	0.0009765625
1877	0.0009765625
1878	0.0009765625
1879	0.0009765625
1880	0.0009765625
1881	0.0009765625
1882	0.0009765625
1883	0.0009765625
1884	0.0009765625
1885	0.0009765625
1886	0.0009765625
1887	0.0009765625
1888	0.0009765625
1889	0.0009765625
1890	0.0009765625
1891	0.0009765625
1892	0.0009765625
1893	0.0009765625
1894	0.0009765625
1895	0.0009765625
1896	0.0009765625
1897	0.0009765625
1898	0.0009765625
1899	0.0009765625
1900	0.0009765625
1901	0.0009765625
1902	0.0009765625
1903	0.0009765625
1904	0.0009765625
1905	0.0009765625
1906	0.0009765625
1907	0.0009765625
1908	0.0009765625
1909	0.0009765625
1910	0.0009765625
1911	0.0009765625
1912	0.0009765625
1913	0.0009765625
1914	0.0009765625
1915	0.0009765625
1916	0.0009765625
1917	0.0009765625
1918	0.0009765625
1919	0.0009765625
1920	0.0009765625
1921	0.0009765625
1922	0.0009765625
1923	0.0009765625
1924	0.0009765625
1925	0.0009765625
1926	0.0009765625
1927	0.0009765625
1928	0.0009765625
1929	0.0009765625
1930	0.0009765625
1931	0.0009765625
1932	0.0009765625
1933	0.0009765625
1934	0.0009765625
1935	0.0009765625
1936	0.0009765625
1937	0.0009765625
1938	0.0009765625
1939	0.0009765625
1940	0.0009765625
1941	0.0009765625
1942	0.0009765625
1943	0.0009765625
1944	0.0009765625
1945	0.0009765625
1946	0.0009765625
1947	0.0009765625
1948	0.0009765625
1949	0.0009765625
1950	0.0009765625
1951	0.0009765625
1952	0.0009765625
1953	0.0009765625
1954	0.0009765625
1955	0.0009765625
1956	0.0009765625
1957	0.0009765625
1958	0.0009765625
1959	0.0009765625
1960	0.0009765625
1961	0.0009765625
1962	0.0009765625
1963	0.0009765625
1964	0.0009765625
1965	0.0009765625
1966	0.0009765625
1967	0.0009765625
1968	0.0009765625
1969	0.0009765625
1970	0.0009765625
1971	0.0009765625
1972	0.0009765625
1973	0.0009765625
1974	0.0009765625
1975	0.0009765625
1976	0.0009765625
1977	0.0009765625
1978	0.0009765625
1979	0.0009765625
1980	0.0009765625
1981	0.0009765625
1982	0.0009765625
1983	0.0009765625
1984	0.0009765625
1985	0.0009765625
1986	0.0009765625
1987	0.0009765625
1988	0.0009765625
1989	0.0009765625
1990	0.0009765625
1991	0.0009765625
1992	0.0009765625
1993	0.0009765625
1994	0.0009765625
1995	0.0009765625
1996	0.0009765625
1997	0.0009765625
1998	0.0009765625
1999	0.0009765625
2000	0.0009765625
2001	0.0009765625
2002	0.0009765625
2003	0.0009765625
2004	0.0009765625
2005	0.0009765625
2006	0.0009765625
2007	0.0009765625
2008	0.0009765625
2009	0.0009765625
2010	0.0009765625
2011	0.0009765625
2012	0.0009765625
2013	0.0009765625
2014	0.0009765625
2015	0.0009765625
2016	0.0009765625
2017	0.0009765625
2018	0.0009765625
2019	0.0009765625
2020	0.0009765625
2021	0.0009765625
2022	0.0009765625
2023	0.0009765625
2024	0.0009765625
2025	0.0009765625
2026	0.0009765625
2027	0.0009765625
2028	0.0009765625
2029	0.0009765625
2030	0.0009765625
2031	0.0009765625
2032	0.0009765625
2033	0.0009765625
2034	0.0009765625
2035	0.0009765625
2036	0.0009765625
2037	0.0009765625
2038	0.0009765625
2039	0.0009765625
2040	0.0009765625
2041	0.0009765625
2042	0.0009765625
2043	0.0009765625
2044	0.0009765625
2045	0.0009765625
2046	0.0009765625
