Node	Time	ActivationDownPrice
3	1	0.0
3	2	-2.0
3	3	-4.0
3	4	-4.0
3	5	-7.0
3	6	-7.0
3	7	1.5
3	8	10.0
3	9	1.0
3	10	2.5
3	11	-2.0
3	12	3.27
3	13	1.5
3	14	1.4
3	15	11.4
3	16	21.79
3	17	33.94
3	18	37.71
3	19	43.22
3	20	46.522
3	21	43.71
3	22	40.06
3	23	36.48
3	24	33.43
4	1	31.0
4	2	30.5
4	3	27.0
4	4	26.0
4	5	27.0
4	6	31.5
4	7	39.5
4	8	39.83
4	9	43.0
4	10	39.0
4	11	34.0
4	12	31.0
4	13	25.0
4	14	27.0
4	15	33.52
4	16	28.0
4	17	25.48
4	18	25.78
4	19	46.22
4	20	45.08
4	21	42.97
4	22	42.26
4	23	40.43
4	24	36.89
5	1	1.41
5	2	1.01
5	3	1.01
5	4	2.06
5	5	3.04
5	6	6.78
5	7	13.49
5	8	18.71
5	9	15.36
5	10	14.9
5	11	14.49
5	12	5.5
5	13	5.5
5	14	9.47
5	15	14.76
5	16	17.93
5	17	14.5
5	18	14.5
5	19	17.0
5	20	20.46
5	21	10.0
5	22	7.0
5	23	7.0
5	24	10.0
6	1	36.5
6	2	36.5
6	3	40.5
6	4	47.16
6	5	44.0
6	6	44.0
6	7	49.47
6	8	46.5
6	9	48.37
6	10	39.85
6	11	7.0
6	12	0.0
6	13	0.0
6	14	12.0
6	15	10.966
6	16	34.0
6	17	49.17
6	18	49.82
6	19	50.48
6	20	50.5
6	21	49.99
6	22	49.92
6	23	48.57
6	24	43.84
7	1	21.5
7	2	21.5
7	3	31.52
7	4	31.52
7	5	32.02
7	6	32.37
7	7	33.83
7	8	65.0
7	9	57.41
7	10	56.08
7	11	37.07
7	12	34.45
7	13	33.54
7	14	34.45
7	15	33.12
7	16	32.25
7	17	32.02
7	18	32.02
7	19	32.01
7	20	31.32
7	21	32.01
7	22	32.25
7	23	31.52
7	24	30.34
8	1	67.53
8	2	67.33
8	3	67.27
8	4	67.15
8	5	67.39
8	6	68.54
8	7	170.64
8	8	131.92
8	9	64.5
8	10	59.0
8	11	59.0
8	12	64.0
8	13	66.0
8	14	66.0
8	15	62.188
8	16	62.5
8	17	64.0
8	18	70.63
8	19	69.99
8	20	62.0
8	21	64.0
8	22	62.0
8	23	62.0
8	24	64.0
9	1	56.09
9	2	55.26
9	3	55.45
9	4	53.86
9	5	46.0
9	6	44.0
9	7	48.0
9	8	58.91
9	9	59.72
9	10	59.48
9	11	59.38
9	12	57.13
9	13	56.53
9	14	55.5
9	15	54.0
9	16	54.0
9	17	56.0
9	18	56.0
9	19	56.0
9	20	56.0
9	21	60.06
9	22	59.87
9	23	59.53
9	24	59.11
10	1	39.55
10	2	37.75
10	3	32.0
10	4	30.2
10	5	38.95
10	6	42.21
10	7	43.53
10	8	44.44
10	9	43.79
10	10	42.09
10	11	38.0
10	12	31.58
10	13	19.9
10	14	28.75
10	15	37.18
10	16	37.18
10	17	38.23
10	18	39.48
10	19	38.64
10	20	37.92
10	21	36.44
10	22	32.99
10	23	32.63
10	24	34.71
11	1	32.0
11	2	30.0
11	3	29.73
11	4	27.5
11	5	27.5
11	6	36.0
11	7	81.12
11	8	55.0
11	9	55.0
11	10	47.5
11	11	35.0
11	12	30.0
11	13	28.0
11	14	34.5
11	15	37.0
11	16	45.0
11	17	45.0
11	18	53.68
11	19	53.32
11	20	51.11
11	21	46.99
11	22	43.09
11	23	40.0
11	24	37.5
12	1	22.43
12	2	21.82
12	3	16.88
12	4	16.77
12	5	18.29
12	6	21.71
12	7	24.37
12	8	26.02
12	9	26.99
12	10	28.23
12	11	28.31
12	12	28.24
12	13	28.14
12	14	28.36
12	15	29.61
12	16	32.07
12	17	32.23
12	18	32.03
12	19	30.88
12	20	29.84
12	21	28.33
12	22	26.58
12	23	25.37
12	24	23.79
13	1	40.09
13	2	39.37
13	3	39.27
13	4	39.56
13	5	40.04
13	6	40.76
13	7	41.39
13	8	41.79
13	9	41.71
13	10	41.67
13	11	41.6
13	12	41.55
13	13	41.35
13	14	41.17
13	15	41.17
13	16	41.16
13	17	41.47
13	18	41.71
13	19	38.0
13	20	38.0
13	21	38.0
13	22	41.01
13	23	39.0
13	24	39.0
14	1	35.0
14	2	33.0
14	3	32.0
14	4	33.0
14	5	32.0
14	6	32.0
14	7	40.0
14	8	53.28
14	9	52.49
14	10	49.53
14	11	40.0
14	12	38.5
14	13	36.0
14	14	36.0
14	15	36.0
14	16	36.0
14	17	39.5
14	18	41.0
14	19	53.47
14	20	47.73
14	21	41.5
14	22	37.0
14	23	35.0
14	24	37.5
15	1	5.0
15	2	5.0
15	3	5.0
15	4	5.0
15	5	5.0
15	6	5.0
15	7	11.0
15	8	12.5
15	9	23.86
15	10	19.16
15	11	12.0
15	12	5.0
15	13	5.0
15	14	-1.0
15	15	-2.0
15	16	10.0
15	17	17.62
15	18	17.72
15	19	13.5
15	20	13.5
15	21	11.5
15	22	13.52
15	23	11.47
15	24	7.5
16	1	0.0
16	2	-2.0
16	3	-4.0
16	4	-4.0
16	5	-7.0
16	6	-7.0
16	7	1.5
16	8	10.0
16	9	1.0
16	10	2.5
16	11	-2.0
16	12	3.27
16	13	1.5
16	14	1.4
16	15	11.4
16	16	21.79
16	17	33.94
16	18	37.71
16	19	43.22
16	20	46.522
16	21	43.71
16	22	40.06
16	23	36.48
16	24	33.43
17	1	19.57
17	2	19.43
17	3	19.73
17	4	19.51
17	5	17.0
17	6	17.0
17	7	20.78
17	8	22.25
17	9	20.0
17	10	14.0
17	11	4.97
17	12	4.26
17	13	-0.02
17	14	1.92
17	15	4.98
17	16	16.54
17	17	21.92
17	18	25.88
17	19	21.92
17	20	25.12
17	21	24.91
17	22	24.02
17	23	22.58
17	24	20.0
18	1	24.95
18	2	23.79
18	3	23.72
18	4	23.56
18	5	22.72
18	6	21.9
18	7	23.93
18	8	24.51
18	9	24.12
18	10	21.54
18	11	21.02
18	12	23.43
18	13	23.35
18	14	23.4
18	15	23.22
18	16	22.9
18	17	23.52
18	18	23.99
18	19	24.46
18	20	23.72
18	21	23.39
18	22	25.27
18	23	19.0
18	24	19.7
19	1	24.95
19	2	23.79
19	3	23.72
19	4	23.56
19	5	22.72
19	6	21.9
19	7	23.93
19	8	24.51
19	9	24.12
19	10	21.54
19	11	21.02
19	12	23.43
19	13	23.35
19	14	23.4
19	15	23.22
19	16	22.9
19	17	23.52
19	18	23.99
19	19	24.46
19	20	23.72
19	21	23.39
19	22	25.27
19	23	19.0
19	24	19.7
20	1	1.41
20	2	1.01
20	3	1.01
20	4	2.06
20	5	3.04
20	6	6.78
20	7	13.49
20	8	18.71
20	9	15.36
20	10	14.9
20	11	14.49
20	12	5.5
20	13	5.5
20	14	9.47
20	15	14.76
20	16	17.93
20	17	14.5
20	18	14.5
20	19	17.0
20	20	20.46
20	21	10.0
20	22	7.0
20	23	7.0
20	24	10.0
21	1	10.0
21	2	8.5
21	3	8.5
21	4	8.5
21	5	12.0
21	6	22.18
21	7	24.59
21	8	26.34
21	9	17.5
21	10	13.0
21	11	12.0
21	12	0.0
21	13	-2.0
21	14	-2.0
21	15	13.0
21	16	13.0
21	17	26.11
21	18	26.12
21	19	25.69
21	20	26.19
21	21	25.26
21	22	25.89
21	23	24.3
21	24	23.05
22	1	0.5
22	2	-1.57
22	3	-1.57
22	4	-2.0
22	5	-1.5
22	6	0.0
22	7	8.92
22	8	36.17
22	9	36.34
22	10	36.05
22	11	35.84
22	12	22.62
22	13	20.23
22	14	17.05
22	15	20.23
22	16	10.0
22	17	9.0
22	18	15.24
22	19	8.92
22	20	0.0
22	21	-0.5
22	22	-5.0
22	23	-4.0
22	24	-4.0
23	1	-8.0
23	2	-8.0
23	3	-8.0
23	4	-8.0
23	5	-5.0
23	6	-5.0
23	7	-3.8
23	8	-3.5
23	9	-3.5
23	10	-1.0
23	11	-1.0
23	12	-1.0
23	13	2.49
23	14	2.6
23	15	2.98
23	16	3.76
23	17	-1.0
23	18	3.52
23	19	3.29
23	20	3.31
23	21	2.46
23	22	-0.5
23	23	-0.5
23	24	0.0
24	1	23.21
24	2	22.98
24	3	22.85
24	4	22.74
24	5	22.75
24	6	24.18
24	7	24.34
24	8	25.38
24	9	25.18
24	10	25.25
24	11	24.98
24	12	24.57
24	13	24.66
24	14	24.22
24	15	24.39
24	16	21.95
24	17	18.0
24	18	18.0
24	19	21.0
24	20	23.66
24	21	23.16
24	22	23.76
24	23	23.36
24	24	22.11
25	1	29.59
25	2	29.34
25	3	29.42
25	4	29.34
25	5	20.0
25	6	26.67
25	7	49.49
25	8	54.68
25	9	35.38
25	10	31.87
25	11	31.41
25	12	28.23
25	13	29.16
25	14	20.24
25	15	26.5
25	16	26.5
25	17	31.14
25	18	33.83
25	19	33.83
25	20	30.69
25	21	30.2
25	22	30.31
25	23	2.0
25	24	0.0
26	1	27.0
26	2	19.0
26	3	9.0
26	4	10.19
26	5	19.0
26	6	29.0
26	7	47.21
26	8	64.09
26	9	47.5
26	10	29.5
26	11	13.0
26	12	13.0
26	13	4.98
26	14	0.0
26	15	-6.032
26	16	10.0
26	17	26.0
26	18	43.54
26	19	45.55
26	20	48.09
26	21	45.74
26	22	44.56
26	23	42.85
26	24	34.15
27	1	22.98
27	2	22.9
27	3	22.33
27	4	22.24
27	5	22.12
27	6	22.5
27	7	23.77
27	8	23.92
27	9	24.18
27	10	24.0
27	11	24.0
27	12	20.0
27	13	11.73
27	14	19.0
27	15	13.5
27	16	13.5
27	17	10.0
27	18	10.0
27	19	22.34
27	20	22.97
27	21	22.91
27	22	23.11
27	23	23.36
27	24	23.48
28	1	46.0
28	2	46.0
28	3	46.0
28	4	36.0
28	5	36.0
28	6	58.08
28	7	63.08
28	8	63.99
28	9	63.5
28	10	61.27
28	11	50.0
28	12	40.08
28	13	40.08
28	14	46.38
28	15	47.31
28	16	40.0
28	17	49.38
28	18	60.04
28	19	54.5
28	20	62.2
28	21	62.08
28	22	62.09
28	23	61.19
28	24	60.24
29	1	41.05
29	2	40.81
29	3	40.54
29	4	35.0
29	5	35.0
29	6	45.21
29	7	111.57
29	8	100.68
29	9	40.0
29	10	28.0
29	11	26.0
29	12	24.0
29	13	24.0
29	14	22.36
29	15	25.0
29	16	28.0
29	17	38.0
29	18	37.0
29	19	43.0
29	20	45.77
29	21	38.0
29	22	44.73
29	23	41.26
29	24	36.5
30	1	21.32
30	2	20.76
30	3	20.25
30	4	20.01
30	5	19.9
30	6	20.97
30	7	21.5
30	8	22.14
30	9	4.99
30	10	-10.0
30	11	-16.0
30	12	-50.0
30	13	-45.0
30	14	-49.69
30	15	-33.8
30	16	-13.78
30	17	1.0
30	18	21.33
30	19	19.0
30	20	21.5
30	21	21.88
30	22	22.38
30	23	21.81
30	24	10.0
31	1	4.94
31	2	4.58
31	3	4.3
31	4	4.29
31	5	4.6
31	6	4.86
31	7	5.1
31	8	6.34
31	9	7.93
31	10	8.14
31	11	3.0
31	12	-6.0
31	13	-8.0
31	14	-11.0
31	15	-9.0
31	16	0.97
31	17	11.47
31	18	7.0
31	19	11.29
31	20	10.47
31	21	8.88
31	22	7.94
31	23	7.04
31	24	9.27
32	1	30.0
32	2	32.59
32	3	32.33
32	4	32.01
32	5	31.33
32	6	32.0
32	7	20.0
32	8	20.0
32	9	28.0
32	10	20.0
32	11	10.0
32	12	9.0
32	13	10.0
32	14	18.39
32	15	25.99
32	16	31.7
32	17	29.0
32	18	29.0
32	19	32.64
32	20	32.68
32	21	32.55
32	22	32.5
32	23	32.8
32	24	29.34
33	1	42.23
33	2	41.45
33	3	40.83
33	4	40.82
33	5	40.59
33	6	41.79
33	7	47.57
33	8	36.13
33	9	22.21
33	10	0.268
33	11	0.0
33	12	-1.08
33	13	-6.0
33	14	-6.0
33	15	-6.0
33	16	-3.0
33	17	6.0
33	18	23.5
33	19	48.35
33	20	48.51
33	21	48.5
33	22	38.0
33	23	36.0
33	24	33.0
34	1	36.84
34	2	36.5
34	3	36.22
34	4	26.68
34	5	20.11
34	6	36.41
34	7	41.2
34	8	69.31
34	9	46.0
34	10	45.0
34	11	33.0
34	12	33.0
34	13	45.86
34	14	41.98
34	15	40.73
34	16	34.5
34	17	33.0
34	18	32.5
34	19	32.0
34	20	41.72
34	21	41.0
34	22	40.52
34	23	37.97
34	24	32.0
35	1	31.5
35	2	31.5
35	3	30.5
35	4	19.0
35	5	19.0
35	6	31.5
35	7	33.0
35	8	33.0
35	9	32.0
35	10	32.0
35	11	31.5
35	12	31.5
35	13	32.0
35	14	32.0
35	15	31.5
35	16	31.5
35	17	32.0
35	18	35.51
35	19	35.42
35	20	35.27
35	21	35.19
35	22	34.94
35	23	34.72
35	24	32.76
36	1	10.0
36	2	10.0
36	3	12.0
36	4	12.0
36	5	12.0
36	6	10.0
36	7	10.0
36	8	19.69
36	9	20.86
36	10	20.31
36	11	17.97
36	12	17.46
36	13	12.0
36	14	12.0
36	15	13.0
36	16	17.0
36	17	18.96
36	18	20.94
36	19	19.88
36	20	17.97
36	21	16.98
36	22	18.7
36	23	6.0
36	24	11.0
37	1	43.0
37	2	42.5
37	3	36.62
37	4	35.5
37	5	44.54
37	6	55.68
37	7	57.17
37	8	56.83
37	9	56.1
37	10	47.0
37	11	46.5
37	12	47.0
37	13	44.78
37	14	44.55
37	15	44.98
37	16	45.72
37	17	44.94
37	18	48.86
37	19	50.08
37	20	51.48
37	21	48.99
37	22	44.86
37	23	30.52
37	24	20.0
38	1	18.7
38	2	18.38
38	3	18.07
38	4	17.0
38	5	17.0
38	6	19.67
38	7	34.0
38	8	40.0
38	9	40.0
38	10	40.0
38	11	56.81
38	12	50.77
38	13	28.74
38	14	26.43
38	15	17.0
38	16	17.0
38	17	22.0
38	18	54.0
38	19	21.96
38	20	19.9
38	21	19.71
38	22	18.79
38	23	4.0
38	24	4.0
39	1	35.5
39	2	32.0
39	3	30.0
39	4	27.0
39	5	22.79
39	6	31.0
39	7	44.4
39	8	49.21
39	9	38.0
39	10	37.5
39	11	33.0
39	12	21.0
39	13	21.0
39	14	0.0
39	15	3.71
39	16	5.0
39	17	9.0
39	18	33.0
39	19	33.0
39	20	43.0
39	21	40.0
39	22	34.0
39	23	30.0
39	24	33.23
40	1	35.65
40	2	35.14
40	3	34.72
40	4	34.64
40	5	35.41
40	6	36.03
40	7	38.54
40	8	38.67
40	9	35.5
40	10	25.0
40	11	20.0
40	12	20.0
40	13	15.0
40	14	23.0
40	15	10.0
40	16	17.0
40	17	25.0
40	18	29.0
40	19	29.0
40	20	38.45
40	21	38.39
40	22	30.0
40	23	26.0
40	24	34.94
41	1	19.62
41	2	19.34
41	3	19.39
41	4	19.63
41	5	19.79
41	6	20.46
41	7	20.97
41	8	21.88
41	9	22.48
41	10	21.99
41	11	21.55
41	12	20.99
41	13	17.8
41	14	17.92
41	15	20.24
41	16	14.0
41	17	14.0
41	18	16.0
41	19	16.0
41	20	18.0
41	21	21.77
41	22	21.63
41	23	20.75
41	24	21.75
42	1	57.97
42	2	57.33
42	3	57.46
42	4	59.15
42	5	60.88
42	6	57.5
42	7	61.81
42	8	60.7
42	9	48.0
42	10	48.0
42	11	33.01
42	12	27.44
42	13	18.0
42	14	18.0
42	15	22.0
42	16	26.5
42	17	36.0
42	18	59.85
42	19	62.42
42	20	63.22
42	21	63.32
42	22	62.92
42	23	62.3
42	24	62.48
43	1	-2.0
43	2	-4.0
43	3	-4.0
43	4	-7.0
43	5	-7.0
43	6	-3.0
43	7	-0.5
43	8	-0.5
43	9	5.5
43	10	20.29
43	11	24.99
43	12	33.5
43	13	30.46
43	14	24.99
43	15	8.0
43	16	8.0
43	17	8.0
43	18	1.0
43	19	1.0
43	20	14.88
43	21	14.39
43	22	8.0
43	23	8.0
43	24	8.0
44	1	5.0
44	2	0.0
44	3	0.0
44	4	0.0
44	5	20.5
44	6	27.01
44	7	31.56
44	8	48.92
44	9	26.5
44	10	26.5
44	11	35.92
44	12	10.0
44	13	10.0
44	14	11.0
44	15	31.49
44	16	31.91
44	17	31.69
44	18	31.96
44	19	31.31
44	20	31.25
44	21	35.01
44	22	34.67
44	23	30.71
44	24	28.99
45	1	32.09
45	2	30.86
45	3	30.17
45	4	30.17
45	5	31.02
45	6	34.36
45	7	36.45
45	8	37.27
45	9	33.0
45	10	31.26
45	11	28.38
45	12	0.5
45	13	-3.89
45	14	-6.7
45	15	-6.7
45	16	3.0
45	17	34.52
45	18	35.42
45	19	35.34
45	20	35.03
45	21	34.18
45	22	32.94
45	23	32.84
45	24	30.64
46	1	32.99
46	2	30.03
46	3	28.73
46	4	30.0
46	5	32.68
46	6	36.49
46	7	22.0
46	8	22.0
46	9	28.39
46	10	38.06
46	11	34.5
46	12	34.5
46	13	37.2
46	14	36.87
46	15	36.46
46	16	37.27
46	17	38.36
46	18	38.16
46	19	38.03
46	20	18.0
46	21	18.0
46	22	33.5
46	23	33.5
46	24	31.0
47	1	65.0
47	2	61.137
47	3	60.793
47	4	60.793
47	5	59.41
47	6	64.0
47	7	101.04
47	8	93.08
47	9	67.0
47	10	51.0
47	11	50.0
47	12	49.97
47	13	49.0
47	14	49.0
47	15	57.0
47	16	58.7
47	17	67.037
47	18	90.66
47	19	124.49
47	20	132.19
47	21	105.14
47	22	81.13
47	23	78.56
47	24	73.06
48	1	59.0
48	2	59.0
48	3	58.0
48	4	55.0
48	5	54.94
48	6	56.0
48	7	74.95
48	8	113.82
48	9	94.04
48	10	79.32
48	11	74.63
48	12	70.57
48	13	70.38
48	14	66.39
48	15	66.11
48	16	67.51
48	17	59.0
48	18	68.53
48	19	68.01
48	20	68.89
48	21	67.69
48	22	67.1
48	23	66.21
48	24	67.76
49	1	30.0
49	2	32.59
49	3	32.33
49	4	32.01
49	5	31.33
49	6	32.0
49	7	20.0
49	8	20.0
49	9	28.0
49	10	20.0
49	11	10.0
49	12	9.0
49	13	10.0
49	14	18.39
49	15	25.99
49	16	31.7
49	17	29.0
49	18	29.0
49	19	32.64
49	20	32.68
49	21	32.55
49	22	32.5
49	23	32.8
49	24	29.34
50	1	23.52
50	2	23.04
50	3	16.0
50	4	16.0
50	5	16.0
50	6	21.93
50	7	23.15
50	8	23.57
50	9	25.41
50	10	23.52
50	11	11.71
50	12	0.0
50	13	-3.0
50	14	-3.0
50	15	-3.0
50	16	0.0
50	17	16.5
50	18	25.21
50	19	25.21
50	20	16.0
50	21	18.0
50	22	23.95
50	23	16.0
50	24	16.38
51	1	39.46
51	2	29.0
51	3	30.0
51	4	37.86
51	5	32.5
51	6	32.5
51	7	29.0
51	8	25.5
51	9	25.5
51	10	25.5
51	11	25.5
51	12	26.0
51	13	30.0
51	14	40.95
51	15	40.62
51	16	41.08
51	17	41.87
51	18	41.81
51	19	41.61
51	20	36.0
51	21	36.0
51	22	40.56
51	23	40.1
51	24	39.42
52	1	37.97
52	2	37.92
52	3	37.62
52	4	37.5
52	5	37.73
52	6	34.0
52	7	34.0
52	8	17.0
52	9	18.0
52	10	18.73
52	11	32.25
52	12	27.36
52	13	18.0
52	14	16.0
52	15	26.0
52	16	38.03
52	17	38.82
52	18	44.96
52	19	46.99
52	20	38.0
52	21	33.0
52	22	29.51
52	23	29.51
52	24	30.0
53	1	11.55
53	2	12.3
53	3	11.84
53	4	22.5
53	5	22.5
53	6	28.41
53	7	31.72
53	8	86.41
53	9	84.5
53	10	80.34
53	11	40.23
53	12	36.47
53	13	35.91
53	14	34.75
53	15	34.34
53	16	35.67
53	17	43.97
53	18	72.65
53	19	10.5
53	20	90.2
53	21	54.19
53	22	38.95
53	23	35.43
53	24	29.33
54	1	33.16
54	2	32.29
54	3	31.71
54	4	31.8
54	5	31.34
54	6	31.26
54	7	32.78
54	8	35.01
54	9	33.91
54	10	36.13
54	11	37.9
54	12	39.68
54	13	37.23
54	14	34.85
54	15	34.5
54	16	33.95
54	17	33.14
54	18	31.29
54	19	26.81
54	20	26.23
54	21	30.08
54	22	30.22
54	23	24.02
54	24	23.77
55	1	33.0
55	2	34.5
55	3	1.52
55	4	0.5
55	5	0.5
55	6	-3.0
55	7	0.0
55	8	0.0
55	9	36.0
55	10	44.675
55	11	48.0
55	12	49.09
55	13	39.0
55	14	37.0
55	15	38.0
55	16	36.5
55	17	40.0
55	18	43.0
55	19	43.0
55	20	46.5
55	21	46.5
55	22	46.5
55	23	40.0
55	24	42.37
56	1	29.27
56	2	15.95
56	3	14.61
56	4	10.35
56	5	14.18
56	6	12.48
56	7	8.84
56	8	9.51
56	9	13.0
56	10	14.66
56	11	21.64
56	12	25.66
56	13	28.26
56	14	28.23
56	15	28.36
56	16	31.75
56	17	33.23
56	18	34.51
56	19	36.25
56	20	34.65
56	21	33.61
56	22	29.15
56	23	22.62
56	24	11.56
57	1	33.0
57	2	33.0
57	3	33.0
57	4	38.53
57	5	38.84
57	6	38.83
57	7	39.18
57	8	39.92
57	9	40.43
57	10	40.93
57	11	40.86
57	12	33.0
57	13	33.0
57	14	33.0
57	15	33.0
57	16	41.4
57	17	43.24
57	18	43.81
57	19	35.0
57	20	35.0
57	21	33.0
57	22	33.0
57	23	33.0
57	24	35.14
58	1	84.88
58	2	83.2
58	3	82.03
58	4	82.18
58	5	82.53
58	6	84.13
58	7	84.48
58	8	87.43
58	9	90.87
58	10	82.0
58	11	82.0
58	12	103.65
58	13	102.33
58	14	97.75
58	15	95.51
58	16	98.5
58	17	110.0
58	18	118.27
58	19	106.94
58	20	102.27
58	21	94.98
58	22	90.63
58	23	89.34
58	24	82.8
59	1	28.85
59	2	28.71
59	3	28.57
59	4	28.47
59	5	29.06
59	6	28.9
59	7	30.6
59	8	36.74
59	9	37.68
59	10	35.93
59	11	32.6
59	12	31.11
59	13	31.6
59	14	33.95
59	15	32.87
59	16	29.74
59	17	34.9
59	18	29.29
59	19	30.82
59	20	31.69
59	21	31.55
59	22	30.96
59	23	30.95
59	24	29.63
60	1	2.85
60	2	2.59
60	3	2.52
60	4	2.39
60	5	2.25
60	6	2.38
60	7	2.93
60	8	7.55
60	9	12.72
60	10	13.25
60	11	13.14
60	12	24.65
60	13	25.18
60	14	26.15
60	15	27.66
60	16	30.39
60	17	44.68
60	18	39.41
60	19	34.49
60	20	26.93
60	21	12.6
60	22	6.74
60	23	5.35
60	24	5.35
61	1	-1.98
61	2	-1.98
61	3	-1.0
61	4	-1.0
61	5	-1.0
61	6	0.0
61	7	2.0
61	8	28.59
61	9	30.47
61	10	30.49
61	11	23.5
61	12	23.5
61	13	23.5
61	14	23.5
61	15	23.0
61	16	31.45
61	17	32.19
61	18	31.12
61	19	30.63
61	20	28.81
61	21	28.04
61	22	25.66
61	23	25.66
61	24	16.71
62	1	54.72
62	2	54.97
62	3	54.22
62	4	54.75
62	5	54.79
62	6	55.06
62	7	47.5
62	8	47.5
62	9	51.4
62	10	49.7
62	11	40.0
62	12	40.0
62	13	41.0
62	14	41.0
62	15	43.0
62	16	45.5
62	17	57.46
62	18	73.18
62	19	91.38
62	20	85.56
62	21	61.02
62	22	57.73
62	23	55.4
62	24	54.32
63	1	37.5
63	2	37.5
63	3	37.5
63	4	37.5
63	5	37.5
63	6	40.0
63	7	129.35
63	8	165.65
63	9	106.38
63	10	59.51
63	11	48.38
63	12	47.61
63	13	42.0
63	14	42.0
63	15	40.5
63	16	43.0
63	17	48.46
63	18	43.0
63	19	43.0
63	20	43.0
63	21	48.51
63	22	45.21
63	23	40.78
63	24	34.56
64	1	46.53
64	2	45.89
64	3	46.2
64	4	45.57
64	5	45.55
64	6	46.89
64	7	65.24
64	8	91.78
64	9	105.79
64	10	82.95
64	11	76.41
64	12	66.83
64	13	62.95
64	14	59.27
64	15	52.79
64	16	51.94
64	17	50.94
64	18	50.83
64	19	47.25
64	20	46.42
64	21	45.73
64	22	46.37
64	23	43.74
64	24	43.37
65	1	53.15
65	2	52.92
65	3	52.79
65	4	52.59
65	5	52.93
65	6	53.97
65	7	53.97
65	8	56.91
65	9	57.9
65	10	48.0
65	11	48.0
65	12	50.0
65	13	50.0
65	14	53.24
65	15	53.15
65	16	52.85
65	17	53.0
65	18	52.8
65	19	52.57
65	20	51.96
65	21	51.92
65	22	51.97
65	23	49.89
65	24	44.95
66	1	39.55
66	2	37.75
66	3	32.0
66	4	30.2
66	5	38.95
66	6	42.21
66	7	43.53
66	8	44.44
66	9	43.79
66	10	42.09
66	11	38.0
66	12	31.58
66	13	19.9
66	14	28.75
66	15	37.18
66	16	37.18
66	17	38.23
66	18	39.48
66	19	38.64
66	20	37.92
66	21	36.44
66	22	32.99
66	23	32.63
66	24	34.71
67	1	52.04
67	2	47.53
67	3	42.29
67	4	36.69
67	5	33.43
67	6	33.32
67	7	34.92
67	8	40.67
67	9	36.01
67	10	37.87
67	11	47.16
67	12	50.81
67	13	49.26
67	14	49.08
67	15	49.31
67	16	49.14
67	17	52.57
67	18	55.97
67	19	57.64
67	20	57.52
67	21	56.06
67	22	55.0
67	23	54.66
67	24	53.71
68	1	37.91
68	2	29.27
68	3	18.61
68	4	13.45
68	5	24.4
68	6	35.6
68	7	42.54
68	8	58.39
68	9	93.56
68	10	84.12
68	11	80.59
68	12	51.0
68	13	54.0
68	14	78.67
68	15	82.97
68	16	70.52
68	17	94.06
68	18	101.08
68	19	75.0
68	20	70.0
68	21	47.5
68	22	45.0
68	23	45.0
68	24	48.63
69	1	85.43
69	2	84.34
69	3	82.54
69	4	81.7
69	5	83.23
69	6	86.34
69	7	88.98
69	8	94.88
69	9	129.11
69	10	117.16
69	11	109.91
69	12	102.5
69	13	97.11
69	14	82.0
69	15	83.5
69	16	115.69
69	17	123.88
69	18	133.56
69	19	133.53
69	20	126.38
69	21	116.51
69	22	99.96
69	23	91.69
69	24	90.91
70	1	19.5
70	2	19.5
70	3	33.37
70	4	33.54
70	5	19.519
70	6	19.5
70	7	19.5
70	8	19.5
70	9	18.91
70	10	27.0
70	11	31.0
70	12	26.0
70	13	48.23
70	14	33.39
70	15	33.521
70	16	33.521
70	17	39.89
70	18	49.57
70	19	55.0
70	20	56.0
70	21	55.0
70	22	54.5
70	23	55.0
70	24	55.0
71	1	33.76
71	2	32.09
71	3	31.03
71	4	31.57
71	5	31.18
71	6	31.12
71	7	30.51
71	8	31.68
71	9	37.56
71	10	38.11
71	11	36.92
71	12	32.97
71	13	30.42
71	14	31.1
71	15	38.43
71	16	39.46
71	17	41.91
71	18	42.19
71	19	41.66
71	20	41.53
71	21	40.48
71	22	39.1
71	23	38.76
71	24	38.41
72	1	50.0
72	2	50.0
72	3	50.5
72	4	50.3
72	5	51.75
72	6	54.93
72	7	55.12
72	8	51.5
72	9	52.187
72	10	71.54
72	11	64.59
72	12	51.5
72	13	56.61
72	14	51.5
72	15	46.76
72	16	46.54
72	17	50.0
72	18	48.5
72	19	50.0
72	20	50.305
72	21	51.0
72	22	51.0
72	23	52.0
72	24	58.88
73	1	67.86
73	2	65.68
73	3	64.77
73	4	64.33
73	5	64.8
73	6	66.34
73	7	78.46
73	8	103.2
73	9	93.9
73	10	60.5
73	11	60.5
73	12	64.04
73	13	59.0
73	14	55.26
73	15	59.0
73	16	63.55
73	17	58.0
73	18	59.5
73	19	102.64
73	20	87.54
73	21	63.0
73	22	63.0
73	23	60.0
73	24	63.68
74	1	2.85
74	2	2.59
74	3	2.52
74	4	2.39
74	5	2.25
74	6	2.38
74	7	2.93
74	8	7.55
74	9	12.72
74	10	13.25
74	11	13.14
74	12	24.65
74	13	25.18
74	14	26.15
74	15	27.66
74	16	30.39
74	17	44.68
74	18	39.41
74	19	34.49
74	20	26.93
74	21	12.6
74	22	6.74
74	23	5.35
74	24	5.35
75	1	53.31
75	2	52.32
75	3	51.41
75	4	50.37
75	5	51.82
75	6	53.94
75	7	55.24
75	8	59.61
75	9	61.3
75	10	59.36
75	11	56.0
75	12	54.47
75	13	54.0
75	14	53.99
75	15	55.27
75	16	57.49
75	17	58.18
75	18	58.27
75	19	57.87
75	20	56.34
75	21	54.94
75	22	54.49
75	23	53.62
75	24	53.59
76	1	33.76
76	2	32.09
76	3	31.03
76	4	31.57
76	5	31.18
76	6	31.12
76	7	30.51
76	8	31.68
76	9	37.56
76	10	38.11
76	11	36.92
76	12	32.97
76	13	30.42
76	14	31.1
76	15	38.43
76	16	39.46
76	17	41.91
76	18	42.19
76	19	41.66
76	20	41.53
76	21	40.48
76	22	39.1
76	23	38.76
76	24	38.41
77	1	37.97
77	2	37.92
77	3	37.62
77	4	37.5
77	5	37.73
77	6	34.0
77	7	34.0
77	8	17.0
77	9	18.0
77	10	18.73
77	11	32.25
77	12	27.36
77	13	18.0
77	14	16.0
77	15	26.0
77	16	38.03
77	17	38.82
77	18	44.96
77	19	46.99
77	20	38.0
77	21	33.0
77	22	29.51
77	23	29.51
77	24	30.0
78	1	34.8
78	2	34.59
78	3	30.5
78	4	29.0
78	5	29.0
78	6	32.23
78	7	35.48
78	8	31.0
78	9	26.82
78	10	22.0
78	11	0.08
78	12	0.0
78	13	-0.98
78	14	-2.01
78	15	-3.0
78	16	26.56
78	17	33.99
78	18	38.19
78	19	18.88
78	20	-0.49
78	21	-2.0
78	22	-1.02
78	23	-2.5
78	24	-2.5
79	1	22.0
79	2	20.0
79	3	31.5
79	4	25.0
79	5	29.0
79	6	40.0
79	7	49.0
79	8	56.96
79	9	79.29
79	10	50.309
79	11	49.0
79	12	46.28
79	13	46.28
79	14	47.0
79	15	46.0
79	16	45.0
79	17	45.0
79	18	46.0
79	19	52.41
79	20	49.42
79	21	47.62
79	22	45.4
79	23	43.99
79	24	42.16
80	1	27.82
80	2	27.59
80	3	26.64
80	4	28.46
80	5	29.67
80	6	29.35
80	7	27.69
80	8	23.0
80	9	23.0
80	10	23.5
80	11	25.0
80	12	27.0
80	13	32.59
80	14	32.46
80	15	31.22
80	16	32.48
80	17	32.44
80	18	32.46
80	19	31.36
80	20	31.1
80	21	29.37
80	22	24.08
80	23	20.62
80	24	21.94
81	1	56.726
81	2	56.726
81	3	59.0
81	4	63.11
81	5	63.85
81	6	69.16
81	7	60.0
81	8	95.85
81	9	99.3
81	10	68.0
81	11	63.0
81	12	59.96
81	13	59.0
81	14	56.5
81	15	56.5
81	16	59.01
81	17	59.021
81	18	75.38
81	19	82.33
81	20	61.5
81	21	58.0
81	22	58.0
81	23	58.0
81	24	55.0
82	1	39.48
82	2	36.04
82	3	34.74
82	4	34.16
82	5	35.44
82	6	38.02
82	7	35.0
82	8	40.5
82	9	49.94
82	10	42.0
82	11	42.0
82	12	42.94
82	13	42.06
82	14	41.19
82	15	41.1
82	16	40.85
82	17	43.98
82	18	45.44
82	19	48.55
82	20	53.14
82	21	48.95
82	22	46.58
82	23	41.95
82	24	35.91
83	1	28.85
83	2	28.71
83	3	28.57
83	4	28.47
83	5	29.06
83	6	28.9
83	7	30.6
83	8	36.74
83	9	37.68
83	10	35.93
83	11	32.6
83	12	31.11
83	13	31.6
83	14	33.95
83	15	32.87
83	16	29.74
83	17	34.9
83	18	29.29
83	19	30.82
83	20	31.69
83	21	31.55
83	22	30.96
83	23	30.95
83	24	29.63
84	1	33.76
84	2	32.09
84	3	31.03
84	4	31.57
84	5	31.18
84	6	31.12
84	7	30.51
84	8	31.68
84	9	37.56
84	10	38.11
84	11	36.92
84	12	32.97
84	13	30.42
84	14	31.1
84	15	38.43
84	16	39.46
84	17	41.91
84	18	42.19
84	19	41.66
84	20	41.53
84	21	40.48
84	22	39.1
84	23	38.76
84	24	38.41
85	1	-2.0
85	2	-2.0
85	3	-2.5
85	4	-2.5
85	5	-2.5
85	6	-2.5
85	7	-1.5
85	8	0.5
85	9	-1.0
85	10	-2.26
85	11	-2.0
85	12	-2.5
85	13	-2.5
85	14	-2.0
85	15	-2.0
85	16	0.5
85	17	0.5
85	18	26.98
85	19	29.14
85	20	32.98
85	21	32.19
85	22	22.05
85	23	11.98
85	24	9.42
86	1	33.16
86	2	32.29
86	3	31.71
86	4	31.8
86	5	31.34
86	6	31.26
86	7	32.78
86	8	35.01
86	9	33.91
86	10	36.13
86	11	37.9
86	12	39.68
86	13	37.23
86	14	34.85
86	15	34.5
86	16	33.95
86	17	33.14
86	18	31.29
86	19	26.81
86	20	26.23
86	21	30.08
86	22	30.22
86	23	24.02
86	24	23.77
87	1	15.24
87	2	14.45
87	3	13.91
87	4	14.61
87	5	15.24
87	6	20.91
87	7	23.0
87	8	49.99
87	9	39.86
87	10	36.63
87	11	13.0
87	12	4.32
87	13	0.0
87	14	0.0
87	15	0.0
87	16	6.0
87	17	26.79
87	18	42.73
87	19	13.0
87	20	13.0
87	21	13.0
87	22	6.0
87	23	8.0
87	24	8.0
88	1	-4.0
88	2	-4.0
88	3	-4.0
88	4	-5.0
88	5	-5.0
88	6	-5.0
88	7	0.0
88	8	33.36
88	9	33.63
88	10	33.03
88	11	32.51
88	12	32.24
88	13	32.02
88	14	32.02
88	15	32.49
88	16	34.26
88	17	34.18
88	18	33.34
88	19	33.57
88	20	33.66
88	21	33.82
88	22	17.0
88	23	17.0
88	24	21.5
89	1	29.59
89	2	29.34
89	3	29.42
89	4	29.34
89	5	20.0
89	6	26.67
89	7	49.49
89	8	54.68
89	9	35.38
89	10	31.87
89	11	31.41
89	12	28.23
89	13	29.16
89	14	20.24
89	15	26.5
89	16	26.5
89	17	31.14
89	18	33.83
89	19	33.83
89	20	30.69
89	21	30.2
89	22	30.31
89	23	2.0
89	24	0.0
90	1	-1.0
90	2	-1.0
90	3	-1.0
90	4	-0.5
90	5	2.97
90	6	5.63
90	7	6.98
90	8	9.89
90	9	11.38
90	10	9.42
90	11	1.0
90	12	-0.5
90	13	-0.5
90	14	0.0
90	15	0.0
90	16	4.42
90	17	4.95
90	18	4.91
90	19	4.12
90	20	3.17
90	21	-1.0
90	22	-1.0
90	23	0.0
90	24	-0.01
91	1	0.983
91	2	3.0
91	3	4.0
91	4	4.0
91	5	7.373
91	6	37.59
91	7	41.06
91	8	41.55
91	9	40.28
91	10	38.91
91	11	39.09
91	12	8.0
91	13	11.5
91	14	23.0
91	15	30.0
91	16	33.5
91	17	45.61
91	18	37.0
91	19	40.5
91	20	41.0
91	21	59.81
91	22	41.5
91	23	34.0
91	24	33.51
92	1	35.65
92	2	35.14
92	3	34.72
92	4	34.64
92	5	35.41
92	6	36.03
92	7	38.54
92	8	38.67
92	9	35.5
92	10	25.0
92	11	20.0
92	12	20.0
92	13	15.0
92	14	23.0
92	15	10.0
92	16	17.0
92	17	25.0
92	18	29.0
92	19	29.0
92	20	38.45
92	21	38.39
92	22	30.0
92	23	26.0
92	24	34.94
93	1	43.0
93	2	42.5
93	3	36.62
93	4	35.5
93	5	44.54
93	6	55.68
93	7	57.17
93	8	56.83
93	9	56.1
93	10	47.0
93	11	46.5
93	12	47.0
93	13	44.78
93	14	44.55
93	15	44.98
93	16	45.72
93	17	44.94
93	18	48.86
93	19	50.08
93	20	51.48
93	21	48.99
93	22	44.86
93	23	30.52
93	24	20.0
94	1	1.61
94	2	1.06
94	3	1.01
94	4	1.01
94	5	1.12
94	6	1.1
94	7	2.03
94	8	2.29
94	9	2.96
94	10	1.23
94	11	-0.03
94	12	-2.55
94	13	-5.09
94	14	-5.09
94	15	-1.5
94	16	1.0
94	17	1.18
94	18	3.12
94	19	2.93
94	20	2.85
94	21	2.67
94	22	-0.5
94	23	-0.5
94	24	0.37
95	1	12.68
95	2	10.88
95	3	10.47
95	4	10.5
95	5	10.76
95	6	13.19
95	7	55.56
95	8	90.0
95	9	65.35
95	10	57.88
95	11	55.86
95	12	55.03
95	13	54.62
95	14	40.0
95	15	40.0
95	16	54.07
95	17	54.53
95	18	55.34
95	19	50.52
95	20	43.92
95	21	20.94
95	22	13.97
95	23	13.28
95	24	19.22
96	1	33.0
96	2	33.0
96	3	33.0
96	4	33.0
96	5	33.0
96	6	17.61
96	7	2.0
96	8	-7.0
96	9	-7.0
96	10	-8.0
96	11	-8.0
96	12	-8.0
96	13	-6.9
96	14	-6.0
96	15	-4.0
96	16	-7.0
96	17	-7.0
96	18	20.0
96	19	32.0
96	20	43.18
96	21	42.6
96	22	36.5
96	23	35.61
96	24	22.0
97	1	36.5
97	2	36.5
97	3	40.5
97	4	47.16
97	5	44.0
97	6	44.0
97	7	49.47
97	8	46.5
97	9	48.37
97	10	39.85
97	11	7.0
97	12	0.0
97	13	0.0
97	14	12.0
97	15	10.966
97	16	34.0
97	17	49.17
97	18	49.82
97	19	50.48
97	20	50.5
97	21	49.99
97	22	49.92
97	23	48.57
97	24	43.84
98	1	18.0
98	2	1.0
98	3	1.0
98	4	1.0
98	5	1.0
98	6	10.5
98	7	14.0
98	8	14.0
98	9	14.0
98	10	14.5
98	11	20.1
98	12	15.51
98	13	5.17
98	14	1.0
98	15	1.0
98	16	19.45
98	17	17.0
98	18	17.0
98	19	25.92
98	20	24.99
98	21	24.19
98	22	23.62
98	23	22.21
98	24	21.91
99	1	-2.0
99	2	-2.0
99	3	-5.0
99	4	-5.0
99	5	-10.0
99	6	-4.0
99	7	1.0
99	8	8.35
99	9	8.36
99	10	2.95
99	11	1.86
99	12	0.43
99	13	0.0
99	14	-0.07
99	15	-0.01
99	16	1.4
99	17	3.96
99	18	8.58
99	19	7.4
99	20	1.0
99	21	-3.0
99	22	-2.0
99	23	-2.0
99	24	-2.0
100	1	34.51
100	2	34.24
100	3	34.18
100	4	34.1
100	5	33.96
100	6	35.59
100	7	71.72
100	8	76.2
100	9	76.02
100	10	74.68
100	11	68.85
100	12	60.65
100	13	47.01
100	14	37.16
100	15	35.03
100	16	35.3
100	17	35.16
100	18	35.61
100	19	35.96
100	20	35.15
100	21	35.86
100	22	35.23
100	23	33.7
100	24	33.58
101	1	-0.02
101	2	-3.02
101	3	-4.0
101	4	-0.92
101	5	-3.0
101	6	-4.5
101	7	-3.0
101	8	-1.5
101	9	-1.54
101	10	-6.07
101	11	-10.1
101	12	-15.5
101	13	-20.41
101	14	-20.33
101	15	-10.15
101	16	-3.0
101	17	-2.0
101	18	-3.5
101	19	-3.0
101	20	1.15
101	21	1.01
101	22	1.01
101	23	-2.0
101	24	-2.0
102	1	33.93
102	2	33.44
102	3	33.22
102	4	33.12
102	5	33.25
102	6	38.29
102	7	45.69
102	8	47.09
102	9	45.25
102	10	42.91
102	11	33.6
102	12	10.5
102	13	6.7
102	14	7.0
102	15	22.5
102	16	22.5
102	17	41.0
102	18	29.0
102	19	38.5
102	20	43.12
102	21	42.0
102	22	42.0
102	23	38.25
102	24	39.12
103	1	43.0
103	2	43.0
103	3	54.78
103	4	55.24
103	5	49.5
103	6	54.0
103	7	79.99
103	8	95.77
103	9	62.63
103	10	49.0
103	11	48.5
103	12	38.57
103	13	36.73
103	14	39.17
103	15	47.06
103	16	53.6
103	17	47.06
103	18	63.92
103	19	48.0
103	20	51.0
103	21	51.0
103	22	61.12
103	23	55.93
103	24	51.88
104	1	27.97
104	2	27.9
104	3	27.77
104	4	27.78
104	5	27.87
104	6	28.84
104	7	30.15
104	8	30.62
104	9	31.47
104	10	15.0
104	11	-6.0
104	12	-6.0
104	13	-6.0
104	14	0.0
104	15	5.0
104	16	21.5
104	17	33.73
104	18	36.26
104	19	36.65
104	20	36.83
104	21	36.5
104	22	36.0
104	23	9.0
104	24	0.0
105	1	0.0
105	2	-1.0
105	3	-1.0
105	4	-1.0
105	5	2.0
105	6	2.0
105	7	24.0
105	8	43.04
105	9	42.72
105	10	34.0
105	11	4.0
105	12	-2.0
105	13	-5.0
105	14	-10.0
105	15	-10.0
105	16	-4.0
105	17	35.0
105	18	41.5
105	19	78.91
105	20	141.1
105	21	89.95
105	22	49.66
105	23	39.0
105	24	10.06
106	1	-2.0
106	2	-2.0
106	3	-2.0
106	4	-2.0
106	5	-7.0
106	6	-4.0
106	7	-2.0
106	8	8.04
106	9	6.71
106	10	9.82
106	11	3.0
106	12	-4.0
106	13	-3.0
106	14	-3.0
106	15	-3.0
106	16	0.0
106	17	1.5
106	18	19.92
106	19	21.95
106	20	10.0
106	21	8.04
106	22	-2.5
106	23	-1.0
106	24	3.78
107	1	3.89
107	2	3.8
107	3	3.79
107	4	3.99
107	5	4.14
107	6	2.5
107	7	2.0
107	8	2.0
107	9	3.5
107	10	7.71
107	11	2.0
107	12	2.0
107	13	2.0
107	14	1.0
107	15	1.0
107	16	6.0
107	17	6.57
107	18	3.0
107	19	2.5
107	20	5.06
107	21	3.59
107	22	1.0
107	23	1.0
107	24	-2.0
108	1	35.06
108	2	34.91
108	3	34.82
108	4	34.75
108	5	34.92
108	6	35.19
108	7	35.93
108	8	36.44
108	9	35.82
108	10	36.04
108	11	35.95
108	12	36.28
108	13	36.12
108	14	34.66
108	15	32.55
108	16	34.87
108	17	36.05
108	18	35.88
108	19	35.44
108	20	35.67
108	21	35.38
108	22	35.6
108	23	35.47
108	24	35.62
109	1	29.21
109	2	-10.0
109	3	-30.0
109	4	-30.0
109	5	-20.0
109	6	-3.0
109	7	30.01
109	8	29.5
109	9	29.38
109	10	25.94
109	11	6.36
109	12	2.48
109	13	0.01
109	14	0.02
109	15	7.68
109	16	29.03
109	17	29.86
109	18	31.78
109	19	33.97
109	20	33.97
109	21	32.5
109	22	32.49
109	23	31.17
109	24	32.49
110	1	19.67
110	2	11.0
110	3	11.0
110	4	11.0
110	5	10.0
110	6	12.0
110	7	26.0
110	8	35.0
110	9	26.75
110	10	16.8
110	11	8.93
110	12	-1.0
110	13	-1.0
110	14	-1.0
110	15	-1.0
110	16	10.0
110	17	17.28
110	18	17.54
110	19	10.0
110	20	10.0
110	21	10.0
110	22	12.0
110	23	12.0
110	24	19.59
111	1	41.05
111	2	40.81
111	3	40.54
111	4	35.0
111	5	35.0
111	6	45.21
111	7	111.57
111	8	100.68
111	9	40.0
111	10	28.0
111	11	26.0
111	12	24.0
111	13	24.0
111	14	22.36
111	15	25.0
111	16	28.0
111	17	38.0
111	18	37.0
111	19	43.0
111	20	45.77
111	21	38.0
111	22	44.73
111	23	41.26
111	24	36.5
112	1	-0.1
112	2	-0.8
112	3	-0.48
112	4	-0.33
112	5	-0.01
112	6	-0.01
112	7	-0.01
112	8	-3.0
112	9	-9.5
112	10	-9.98
112	11	-12.04
112	12	-13.49
112	13	-15.02
112	14	-19.9
112	15	1.0
112	16	17.92
112	17	29.0
112	18	33.0
112	19	33.0
112	20	36.29
112	21	36.4
112	22	36.44
112	23	36.35
112	24	35.0
113	1	23.21
113	2	22.98
113	3	22.85
113	4	22.74
113	5	22.75
113	6	24.18
113	7	24.34
113	8	25.38
113	9	25.18
113	10	25.25
113	11	24.98
113	12	24.57
113	13	24.66
113	14	24.22
113	15	24.39
113	16	21.95
113	17	18.0
113	18	18.0
113	19	21.0
113	20	23.66
113	21	23.16
113	22	23.76
113	23	23.36
113	24	22.11
114	1	38.26
114	2	27.0
114	3	27.0
114	4	28.5
114	5	17.0
114	6	28.0
114	7	45.68
114	8	40.22
114	9	39.0
114	10	32.0
114	11	29.5
114	12	6.0
114	13	6.0
114	14	2.0
114	15	-0.5
114	16	10.0
114	17	25.0
114	18	29.5
114	19	30.0
114	20	32.0
114	21	34.0
114	22	40.7
114	23	33.86
114	24	38.0
115	1	45.0
115	2	49.96
115	3	40.5
115	4	39.0
115	5	40.0
115	6	43.0
115	7	46.04
115	8	43.0
115	9	40.5
115	10	39.0
115	11	35.0
115	12	29.0
115	13	21.5
115	14	21.0
115	15	29.76
115	16	39.8
115	17	48.37
115	18	50.6
115	19	48.83
115	20	40.5
115	21	41.5
115	22	20.11
115	23	0.0
115	24	0.0
116	1	28.0
116	2	26.6
116	3	23.81
116	4	23.81
116	5	27.93
116	6	26.5
116	7	18.0
116	8	38.09
116	9	33.28
116	10	20.36
116	11	16.0
116	12	16.0
116	13	16.21
116	14	15.07
116	15	27.87
116	16	29.89
116	17	32.41
116	18	32.51
116	19	32.08
116	20	31.67
116	21	32.16
116	22	3.0
116	23	-1.5
116	24	0.0
117	1	32.58
117	2	32.03
117	3	31.77
117	4	22.0
117	5	22.0
117	6	26.68
117	7	34.14
117	8	36.61
117	9	36.35
117	10	36.21
117	11	35.32
117	12	32.15
117	13	29.96
117	14	27.08
117	15	29.08
117	16	31.05
117	17	33.86
117	18	34.49
117	19	34.1
117	20	34.04
117	21	33.12
117	22	32.99
117	23	33.28
117	24	32.73
118	1	65.0
118	2	61.137
118	3	60.793
118	4	60.793
118	5	59.41
118	6	64.0
118	7	101.04
118	8	93.08
118	9	67.0
118	10	51.0
118	11	50.0
118	12	49.97
118	13	49.0
118	14	49.0
118	15	57.0
118	16	58.7
118	17	67.037
118	18	90.66
118	19	124.49
118	20	132.19
118	21	105.14
118	22	81.13
118	23	78.56
118	24	73.06
119	1	21.5
119	2	21.5
119	3	31.52
119	4	31.52
119	5	32.02
119	6	32.37
119	7	33.83
119	8	65.0
119	9	57.41
119	10	56.08
119	11	37.07
119	12	34.45
119	13	33.54
119	14	34.45
119	15	33.12
119	16	32.25
119	17	32.02
119	18	32.02
119	19	32.01
119	20	31.32
119	21	32.01
119	22	32.25
119	23	31.52
119	24	30.34
120	1	1.0
120	2	-10.0
120	3	-10.0
120	4	-10.0
120	5	32.42
120	6	50.58
120	7	55.59
120	8	56.05
120	9	51.96
120	10	46.97
120	11	44.94
120	12	44.95
120	13	44.95
120	14	46.95
120	15	47.96
120	16	49.98
120	17	52.44
120	18	55.42
120	19	56.85
120	20	57.5
120	21	57.83
120	22	57.55
120	23	57.2
120	24	56.88
121	1	21.5
121	2	21.5
121	3	31.52
121	4	31.52
121	5	32.02
121	6	32.37
121	7	33.83
121	8	65.0
121	9	57.41
121	10	56.08
121	11	37.07
121	12	34.45
121	13	33.54
121	14	34.45
121	15	33.12
121	16	32.25
121	17	32.02
121	18	32.02
121	19	32.01
121	20	31.32
121	21	32.01
121	22	32.25
121	23	31.52
121	24	30.34
122	1	35.06
122	2	34.91
122	3	34.82
122	4	34.75
122	5	34.92
122	6	35.19
122	7	35.93
122	8	36.44
122	9	35.82
122	10	36.04
122	11	35.95
122	12	36.28
122	13	36.12
122	14	34.66
122	15	32.55
122	16	34.87
122	17	36.05
122	18	35.88
122	19	35.44
122	20	35.67
122	21	35.38
122	22	35.6
122	23	35.47
122	24	35.62
123	1	28.2
123	2	27.54
123	3	27.4
123	4	27.58
123	5	28.34
123	6	29.92
123	7	35.02
123	8	38.7
123	9	42.0
123	10	35.02
123	11	35.01
123	12	33.84
123	13	33.91
123	14	34.13
123	15	33.65
123	16	33.1
123	17	14.0
123	18	14.0
123	19	14.0
123	20	30.52
123	21	31.22
123	22	32.48
123	23	30.34
123	24	31.56
124	1	-2.5
124	2	-2.5
124	3	-2.5
124	4	-0.5
124	5	-0.5
124	6	-3.0
124	7	-5.0
124	8	-5.0
124	9	-3.0
124	10	0.0
124	11	-1.0
124	12	-3.0
124	13	-3.0
124	14	-2.0
124	15	-1.0
124	16	-0.5
124	17	5.61
124	18	5.9
124	19	5.13
124	20	-1.0
124	21	-3.0
124	22	3.85
124	23	-11.0
124	24	-15.0
125	1	32.58
125	2	32.03
125	3	31.77
125	4	22.0
125	5	22.0
125	6	26.68
125	7	34.14
125	8	36.61
125	9	36.35
125	10	36.21
125	11	35.32
125	12	32.15
125	13	29.96
125	14	27.08
125	15	29.08
125	16	31.05
125	17	33.86
125	18	34.49
125	19	34.1
125	20	34.04
125	21	33.12
125	22	32.99
125	23	33.28
125	24	32.73
126	1	0.0
126	2	-1.0
126	3	-2.3
126	4	-2.3
126	5	9.0
126	6	20.0
126	7	56.51
126	8	57.07
126	9	35.0
126	10	34.0
126	11	12.0
126	12	2.0
126	13	-2.0
126	14	-2.0
126	15	2.0
126	16	16.0
126	17	32.72
126	18	25.0
126	19	25.0
126	20	34.14
126	21	25.78
126	22	20.65
126	23	10.16
126	24	3.31
127	1	0.0
127	2	0.0
127	3	0.07
127	4	3.0
127	5	1.87
127	6	4.73
127	7	2.22
127	8	-1.0
127	9	-2.01
127	10	-7.6
127	11	-15.0
127	12	-24.77
127	13	-32.69
127	14	-37.13
127	15	-28.68
127	16	-4.99
127	17	-0.6
127	18	26.57
127	19	35.97
127	20	38.14
127	21	32.0
127	22	32.0
127	23	31.0
127	24	37.15
128	1	25.92
128	2	19.36
128	3	17.53
128	4	17.46
128	5	23.31
128	6	16.957
128	7	16.0
128	8	22.47
128	9	22.44
128	10	-0.02
128	11	-4.04
128	12	-8.26
128	13	-20.81
128	14	-30.2
128	15	-31.6
128	16	-10.07
128	17	12.49
128	18	8.0
128	19	11.5
128	20	37.32
128	21	34.65
128	22	20.6
128	23	7.26
128	24	-1.5
129	1	1.0
129	2	-10.0
129	3	-10.0
129	4	-10.0
129	5	32.42
129	6	50.58
129	7	55.59
129	8	56.05
129	9	51.96
129	10	46.97
129	11	44.94
129	12	44.95
129	13	44.95
129	14	46.95
129	15	47.96
129	16	49.98
129	17	52.44
129	18	55.42
129	19	56.85
129	20	57.5
129	21	57.83
129	22	57.55
129	23	57.2
129	24	56.88
130	1	-0.03
130	2	-0.06
130	3	-0.07
130	4	-0.05
130	5	0.09
130	6	1.95
130	7	3.68
130	8	-1.0
130	9	6.6
130	10	-2.0
130	11	-3.0
130	12	-4.0
130	13	-6.0
130	14	-6.0
130	15	-4.0
130	16	3.6
130	17	-1.0
130	18	0.0
130	19	0.5
130	20	-1.0
130	21	-2.0
130	22	-3.0
130	23	-6.0
130	24	-6.0
131	1	37.9
131	2	37.62
131	3	34.0
131	4	22.0
131	5	20.0
131	6	15.5
131	7	23.0
131	8	25.0
131	9	15.0
131	10	0.0
131	11	0.0
131	12	-2.5
131	13	-4.5
131	14	-5.0
131	15	-5.0
131	16	0.0
131	17	36.71
131	18	38.24
131	19	38.06
131	20	37.96
131	21	37.86
131	22	37.63
131	23	33.5
131	24	33.5
132	1	26.53
132	2	22.67
132	3	22.45
132	4	10.0
132	5	10.0
132	6	21.91
132	7	26.05
132	8	28.41
132	9	13.0
132	10	-3.7
132	11	-7.91
132	12	-10.0
132	13	-10.0
132	14	-6.0
132	15	-4.5
132	16	10.0
132	17	28.0
132	18	29.3
132	19	28.42
132	20	27.03
132	21	26.99
132	22	26.49
132	23	27.56
132	24	27.48
133	1	3.0
133	2	3.0
133	3	6.0
133	4	17.0
133	5	20.0
133	6	27.0
133	7	44.0
133	8	44.5
133	9	47.5
133	10	42.5
133	11	40.5
133	12	40.5
133	13	40.5
133	14	42.0
133	15	44.0
133	16	44.5
133	17	44.5
133	18	47.0
133	19	57.5
133	20	58.31
133	21	54.68
133	22	53.3
133	23	52.24
133	24	44.999
134	1	32.94
134	2	32.62
134	3	32.34
134	4	32.29
134	5	32.35
134	6	32.3
134	7	32.9
134	8	33.14
134	9	33.81
134	10	35.48
134	11	35.0
134	12	7.0
134	13	4.0
134	14	2.92
134	15	2.0
134	16	1.0
134	17	27.5
134	18	33.91
134	19	35.01
134	20	35.78
134	21	30.0
134	22	28.0
134	23	26.5
134	24	24.5
135	1	10.0
135	2	10.0
135	3	11.0
135	4	11.0
135	5	10.0
135	6	10.0
135	7	23.01
135	8	23.6
135	9	23.73
135	10	23.81
135	11	18.76
135	12	19.0
135	13	16.0
135	14	16.0
135	15	19.0
135	16	23.25
135	17	23.06
135	18	23.07
135	19	22.93
135	20	22.87
135	21	22.64
135	22	22.91
135	23	17.0
135	24	16.0
136	1	18.3
136	2	18.17
136	3	18.25
136	4	18.35
136	5	19.0
136	6	20.49
136	7	22.25
136	8	22.61
136	9	22.49
136	10	22.38
136	11	20.0
136	12	16.5
136	13	16.93
136	14	19.86
136	15	18.0
136	16	17.0
136	17	21.0
136	18	15.5
136	19	18.5
136	20	21.6
136	21	19.0
136	22	16.0
136	23	13.5
136	24	13.76
137	1	41.05
137	2	40.81
137	3	40.54
137	4	35.0
137	5	35.0
137	6	45.21
137	7	111.57
137	8	100.68
137	9	40.0
137	10	28.0
137	11	26.0
137	12	24.0
137	13	24.0
137	14	22.36
137	15	25.0
137	16	28.0
137	17	38.0
137	18	37.0
137	19	43.0
137	20	45.77
137	21	38.0
137	22	44.73
137	23	41.26
137	24	36.5
138	1	14.84
138	2	3.4
138	3	3.26
138	4	3.38
138	5	4.28
138	6	12.34
138	7	22.92
138	8	24.25
138	9	20.78
138	10	-2.0
138	11	-6.0
138	12	-6.0
138	13	-1.0
138	14	-4.0
138	15	-4.0
138	16	0.0
138	17	28.27
138	18	28.61
138	19	28.89
138	20	28.84
138	21	28.5
138	22	28.19
138	23	26.66
138	24	28.41
139	1	32.99
139	2	30.03
139	3	28.73
139	4	30.0
139	5	32.68
139	6	36.49
139	7	22.0
139	8	22.0
139	9	28.39
139	10	38.06
139	11	34.5
139	12	34.5
139	13	37.2
139	14	36.87
139	15	36.46
139	16	37.27
139	17	38.36
139	18	38.16
139	19	38.03
139	20	18.0
139	21	18.0
139	22	33.5
139	23	33.5
139	24	31.0
140	1	37.9
140	2	37.62
140	3	34.0
140	4	22.0
140	5	20.0
140	6	15.5
140	7	23.0
140	8	25.0
140	9	15.0
140	10	0.0
140	11	0.0
140	12	-2.5
140	13	-4.5
140	14	-5.0
140	15	-5.0
140	16	0.0
140	17	36.71
140	18	38.24
140	19	38.06
140	20	37.96
140	21	37.86
140	22	37.63
140	23	33.5
140	24	33.5
141	1	49.5
141	2	50.0
141	3	46.96
141	4	36.0
141	5	46.5
141	6	47.5
141	7	115.51
141	8	106.71
141	9	89.55
141	10	82.75
141	11	77.02
141	12	63.95
141	13	50.5
141	14	50.5
141	15	57.98
141	16	61.82
141	17	72.69
141	18	79.91
141	19	98.43
141	20	83.95
141	21	85.0
141	22	72.45
141	23	70.94
141	24	51.55
142	1	9.5
142	2	10.0
142	3	15.45
142	4	15.58
142	5	15.92
142	6	17.16
142	7	20.07
142	8	41.82
142	9	41.0
142	10	21.96
142	11	19.21
142	12	18.49
142	13	18.33
142	14	18.24
142	15	17.21
142	16	18.31
142	17	19.6
142	18	20.31
142	19	18.92
142	20	17.7
142	21	17.84
142	22	12.0
142	23	11.0
142	24	10.0
143	1	5.0
143	2	5.0
143	3	5.0
143	4	5.0
143	5	5.0
143	6	5.0
143	7	11.0
143	8	12.5
143	9	23.86
143	10	19.16
143	11	12.0
143	12	5.0
143	13	5.0
143	14	-1.0
143	15	-2.0
143	16	10.0
143	17	17.62
143	18	17.72
143	19	13.5
143	20	13.5
143	21	11.5
143	22	13.52
143	23	11.47
143	24	7.5
144	1	0.0
144	2	-1.0
144	3	-2.3
144	4	-2.3
144	5	9.0
144	6	20.0
144	7	56.51
144	8	57.07
144	9	35.0
144	10	34.0
144	11	12.0
144	12	2.0
144	13	-2.0
144	14	-2.0
144	15	2.0
144	16	16.0
144	17	32.72
144	18	25.0
144	19	25.0
144	20	34.14
144	21	25.78
144	22	20.65
144	23	10.16
144	24	3.31
145	1	27.5
145	2	27.5
145	3	27.5
145	4	25.0
145	5	25.0
145	6	25.0
145	7	34.0
145	8	35.55
145	9	35.14
145	10	35.31
145	11	33.8
145	12	24.0
145	13	10.0
145	14	10.0
145	15	32.65
145	16	36.08
145	17	34.91
145	18	34.93
145	19	34.96
145	20	34.61
145	21	33.7
145	22	33.12
145	23	32.41
145	24	31.95
146	1	10.04
146	2	8.02
146	3	7.03
146	4	7.04
146	5	10.53
146	6	17.91
146	7	49.42
146	8	28.0
146	9	18.0
146	10	18.0
146	11	18.0
146	12	12.99
146	13	12.0
146	14	0.0
146	15	2.0
146	16	18.0
146	17	42.08
146	18	47.81
146	19	49.93
146	20	49.27
146	21	19.28
146	22	18.52
146	23	15.02
146	24	16.02
147	1	-2.0
147	2	1.6
147	3	1.01
147	4	1.25
147	5	-2.0
147	6	-2.0
147	7	4.32
147	8	5.73
147	9	4.06
147	10	1.22
147	11	0.01
147	12	-0.07
147	13	-0.8
147	14	-1.76
147	15	-0.81
147	16	0.32
147	17	2.64
147	18	-2.0
147	19	-2.5
147	20	-3.89
147	21	-2.0
147	22	0.5
147	23	4.92
147	24	2.11
148	1	45.08
148	2	45.31
148	3	46.09
148	4	47.51
148	5	48.25
148	6	49.94
148	7	51.26
148	8	50.23
148	9	48.25
148	10	39.12
148	11	39.99
148	12	39.55
148	13	37.84
148	14	34.92
148	15	39.21
148	16	39.87
148	17	46.28
148	18	51.51
148	19	50.96
148	20	48.28
148	21	45.02
148	22	40.83
148	23	26.01
148	24	11.3
149	1	70.0
149	2	70.0
149	3	69.0
149	4	69.16
149	5	68.47
149	6	69.0
149	7	77.6
149	8	71.99
149	9	85.47
149	10	66.0
149	11	71.0
149	12	69.86
149	13	68.6
149	14	66.81
149	15	68.04
149	16	69.68
149	17	77.4
149	18	69.0
149	19	69.0
149	20	78.4
149	21	74.97
149	22	68.0
149	23	68.0
149	24	65.0
150	1	27.49
150	2	26.94
150	3	16.23
150	4	11.0
150	5	4.83
150	6	4.83
150	7	8.0
150	8	8.0
150	9	6.11
150	10	0.85
150	11	0.0
150	12	0.0
150	13	0.0
150	14	0.97
150	15	19.29
150	16	27.68
150	17	30.03
150	18	32.77
150	19	32.73
150	20	32.71
150	21	32.62
150	22	34.75
150	23	28.0
150	24	28.0
151	1	32.0
151	2	33.0
151	3	30.29
151	4	31.68
151	5	35.0
151	6	39.58
151	7	72.05
151	8	107.41
151	9	82.1
151	10	60.18
151	11	46.95
151	12	40.56
151	13	34.0
151	14	31.5
151	15	31.5
151	16	33.0
151	17	37.0
151	18	104.71
151	19	134.97
151	20	47.98
151	21	41.02
151	22	39.64
151	23	36.72
151	24	35.52
152	1	27.5
152	2	27.5
152	3	27.5
152	4	31.5
152	5	31.5
152	6	25.8
152	7	28.08
152	8	14.99
152	9	3.83
152	10	3.49
152	11	4.17
152	12	2.0
152	13	1.5
152	14	0.44
152	15	0.66
152	16	3.29
152	17	4.37
152	18	23.25
152	19	41.82
152	20	45.75
152	21	35.1
152	22	30.81
152	23	12.0
152	24	10.0
153	1	5.0
153	2	5.0
153	3	5.0
153	4	5.0
153	5	5.0
153	6	5.0
153	7	11.0
153	8	12.5
153	9	23.86
153	10	19.16
153	11	12.0
153	12	5.0
153	13	5.0
153	14	-1.0
153	15	-2.0
153	16	10.0
153	17	17.62
153	18	17.72
153	19	13.5
153	20	13.5
153	21	11.5
153	22	13.52
153	23	11.47
153	24	7.5
154	1	4.0
154	2	4.0
154	3	4.0
154	4	10.0
154	5	26.88
154	6	34.37
154	7	36.61
154	8	37.89
154	9	36.01
154	10	18.53
154	11	-4.021
154	12	-4.021
154	13	-4.021
154	14	-4.021
154	15	0.83
154	16	6.68
154	17	5.0
154	18	14.0
154	19	34.37
154	20	36.08
154	21	34.19
154	22	34.38
154	23	32.02
154	24	20.39
155	1	31.0
155	2	30.5
155	3	27.0
155	4	26.0
155	5	27.0
155	6	31.5
155	7	39.5
155	8	39.83
155	9	43.0
155	10	39.0
155	11	34.0
155	12	31.0
155	13	25.0
155	14	27.0
155	15	33.52
155	16	28.0
155	17	25.48
155	18	25.78
155	19	46.22
155	20	45.08
155	21	42.97
155	22	42.26
155	23	40.43
155	24	36.89
156	1	33.0
156	2	33.0
156	3	33.0
156	4	33.0
156	5	33.0
156	6	17.61
156	7	2.0
156	8	-7.0
156	9	-7.0
156	10	-8.0
156	11	-8.0
156	12	-8.0
156	13	-6.9
156	14	-6.0
156	15	-4.0
156	16	-7.0
156	17	-7.0
156	18	20.0
156	19	32.0
156	20	43.18
156	21	42.6
156	22	36.5
156	23	35.61
156	24	22.0
157	1	33.93
157	2	33.44
157	3	33.22
157	4	33.12
157	5	33.25
157	6	38.29
157	7	45.69
157	8	47.09
157	9	45.25
157	10	42.91
157	11	33.6
157	12	10.5
157	13	6.7
157	14	7.0
157	15	22.5
157	16	22.5
157	17	41.0
157	18	29.0
157	19	38.5
157	20	43.12
157	21	42.0
157	22	42.0
157	23	38.25
157	24	39.12
158	1	12.5
158	2	4.0
158	3	-2.0
158	4	-2.5
158	5	-2.5
158	6	-4.0
158	7	1.0
158	8	10.0
158	9	10.0
158	10	0.0
158	11	0.0
158	12	-0.45
158	13	-0.16
158	14	-0.83
158	15	-4.0
158	16	-9.0
158	17	-4.8
158	18	-3.5
158	19	0.0
158	20	-1.0
158	21	-1.0
158	22	0.0
158	23	0.0
158	24	-1.0
159	1	47.0
159	2	45.0
159	3	44.0
159	4	36.221
159	5	36.221
159	6	45.5
159	7	54.19
159	8	57.82
159	9	59.84
159	10	58.1
159	11	56.74
159	12	55.63
159	13	55.12
159	14	44.0
159	15	43.0
159	16	43.0
159	17	43.0
159	18	47.5
159	19	48.5
159	20	46.0
159	21	53.29
159	22	46.5
159	23	45.0
159	24	34.0
160	1	86.15
160	2	82.46
160	3	79.22
160	4	77.53
160	5	76.89
160	6	77.42
160	7	78.45
160	8	80.37
160	9	84.21
160	10	87.57
160	11	89.75
160	12	91.99
160	13	91.5
160	14	87.52
160	15	87.23
160	16	90.64
160	17	96.21
160	18	104.27
160	19	106.09
160	20	103.55
160	21	100.5
160	22	93.31
160	23	91.17
160	24	83.86
161	1	-2.0
161	2	-2.0
161	3	-2.5
161	4	-2.5
161	5	-2.5
161	6	-2.5
161	7	-1.5
161	8	0.5
161	9	-1.0
161	10	-2.26
161	11	-2.0
161	12	-2.5
161	13	-2.5
161	14	-2.0
161	15	-2.0
161	16	0.5
161	17	0.5
161	18	26.98
161	19	29.14
161	20	32.98
161	21	32.19
161	22	22.05
161	23	11.98
161	24	9.42
162	1	59.92
162	2	59.36
162	3	58.55
162	4	58.4
162	5	51.0
162	6	51.5
162	7	61.9
162	8	79.04
162	9	59.5
162	10	76.17
162	11	72.03
162	12	67.79
162	13	64.84
162	14	64.41
162	15	58.0
162	16	56.0
162	17	58.0
162	18	59.0
162	19	62.0
162	20	62.0
162	21	66.73
162	22	61.29
162	23	60.21
162	24	58.01
163	1	56.726
163	2	56.726
163	3	59.0
163	4	63.11
163	5	63.85
163	6	69.16
163	7	60.0
163	8	95.85
163	9	99.3
163	10	68.0
163	11	63.0
163	12	59.96
163	13	59.0
163	14	56.5
163	15	56.5
163	16	59.01
163	17	59.021
163	18	75.38
163	19	82.33
163	20	61.5
163	21	58.0
163	22	58.0
163	23	58.0
163	24	55.0
164	1	19.45
164	2	20.31
164	3	19.71
164	4	21.45
164	5	22.32
164	6	26.22
164	7	30.96
164	8	35.67
164	9	40.71
164	10	41.25
164	11	41.32
164	12	40.61
164	13	39.43
164	14	41.66
164	15	55.11
164	16	67.88
164	17	62.32
164	18	85.87
164	19	61.42
164	20	56.52
164	21	69.53
164	22	54.66
164	23	41.58
164	24	37.47
165	1	53.23
165	2	51.17
165	3	51.01
165	4	50.01
165	5	50.44
165	6	50.28
165	7	49.3
165	8	44.78
165	9	37.72
165	10	23.93
165	11	11.6
165	12	2.0
165	13	2.0
165	14	2.0
165	15	2.0
165	16	9.0
165	17	38.37
165	18	48.29
165	19	54.89
165	20	58.64
165	21	52.94
165	22	48.01
165	23	40.28
165	24	31.22
166	1	85.43
166	2	84.34
166	3	82.54
166	4	81.7
166	5	83.23
166	6	86.34
166	7	88.98
166	8	94.88
166	9	129.11
166	10	117.16
166	11	109.91
166	12	102.5
166	13	97.11
166	14	82.0
166	15	83.5
166	16	115.69
166	17	123.88
166	18	133.56
166	19	133.53
166	20	126.38
166	21	116.51
166	22	99.96
166	23	91.69
166	24	90.91
167	1	84.88
167	2	83.2
167	3	82.03
167	4	82.18
167	5	82.53
167	6	84.13
167	7	84.48
167	8	87.43
167	9	90.87
167	10	82.0
167	11	82.0
167	12	103.65
167	13	102.33
167	14	97.75
167	15	95.51
167	16	98.5
167	17	110.0
167	18	118.27
167	19	106.94
167	20	102.27
167	21	94.98
167	22	90.63
167	23	89.34
167	24	82.8
168	1	37.07
168	2	32.73
168	3	31.18
168	4	30.39
168	5	31.63
168	6	41.14
168	7	46.46
168	8	61.73
168	9	69.51
168	10	74.8
168	11	96.95
168	12	64.65
168	13	62.0
168	14	41.0
168	15	41.0
168	16	43.5
168	17	75.09
168	18	99.5
168	19	100.0
168	20	90.0
168	21	109.49
168	22	102.15
168	23	90.6
168	24	51.21
169	1	28.85
169	2	28.71
169	3	28.57
169	4	28.47
169	5	29.06
169	6	28.9
169	7	30.6
169	8	36.74
169	9	37.68
169	10	35.93
169	11	32.6
169	12	31.11
169	13	31.6
169	14	33.95
169	15	32.87
169	16	29.74
169	17	34.9
169	18	29.29
169	19	30.82
169	20	31.69
169	21	31.55
169	22	30.96
169	23	30.95
169	24	29.63
170	1	86.15
170	2	82.46
170	3	79.22
170	4	77.53
170	5	76.89
170	6	77.42
170	7	78.45
170	8	80.37
170	9	84.21
170	10	87.57
170	11	89.75
170	12	91.99
170	13	91.5
170	14	87.52
170	15	87.23
170	16	90.64
170	17	96.21
170	18	104.27
170	19	106.09
170	20	103.55
170	21	100.5
170	22	93.31
170	23	91.17
170	24	83.86
171	1	53.31
171	2	52.32
171	3	51.41
171	4	50.37
171	5	51.82
171	6	53.94
171	7	55.24
171	8	59.61
171	9	61.3
171	10	59.36
171	11	56.0
171	12	54.47
171	13	54.0
171	14	53.99
171	15	55.27
171	16	57.49
171	17	58.18
171	18	58.27
171	19	57.87
171	20	56.34
171	21	54.94
171	22	54.49
171	23	53.62
171	24	53.59
172	1	34.72
172	2	35.09
172	3	35.88
172	4	35.91
172	5	36.76
172	6	37.0
172	7	46.44
172	8	48.99
172	9	46.44
172	10	46.62
172	11	43.57
172	12	42.43
172	13	41.59
172	14	40.13
172	15	39.97
172	16	40.97
172	17	43.94
172	18	43.72
172	19	43.58
172	20	39.0
172	21	38.21
172	22	38.0
172	23	40.0
172	24	37.93
173	1	86.53
173	2	72.414
173	3	66.0
173	4	64.0
173	5	64.0
173	6	64.0
173	7	70.0
173	8	85.0
173	9	87.5
173	10	130.78
173	11	118.22
173	12	111.41
173	13	103.67
173	14	99.88
173	15	101.3
173	16	106.81
173	17	83.0
173	18	83.0
173	19	90.0
173	20	116.01
173	21	104.03
173	22	88.77
173	23	72.0
173	24	72.0
174	1	50.0
174	2	50.0
174	3	50.0
174	4	51.0
174	5	51.0
174	6	51.0
174	7	56.5
174	8	57.5
174	9	55.86
174	10	54.0
174	11	49.0
174	12	48.5
174	13	48.5
174	14	47.0
174	15	48.5
174	16	53.26
174	17	60.42
174	18	72.33
174	19	72.33
174	20	62.78
174	21	60.89
174	22	59.24
174	23	58.24
174	24	49.0
175	1	33.76
175	2	32.09
175	3	31.03
175	4	31.57
175	5	31.18
175	6	31.12
175	7	30.51
175	8	31.68
175	9	37.56
175	10	38.11
175	11	36.92
175	12	32.97
175	13	30.42
175	14	31.1
175	15	38.43
175	16	39.46
175	17	41.91
175	18	42.19
175	19	41.66
175	20	41.53
175	21	40.48
175	22	39.1
175	23	38.76
175	24	38.41
176	1	49.21
176	2	49.48
176	3	49.46
176	4	49.36
176	5	56.47
176	6	57.39
176	7	50.0
176	8	53.27
176	9	52.42
176	10	50.5
176	11	50.0
176	12	48.0
176	13	48.0
176	14	48.0
176	15	48.0
176	16	48.299
176	17	56.0
176	18	55.0
176	19	56.5
176	20	55.5
176	21	55.5
176	22	56.5
176	23	61.98
176	24	56.58
177	1	33.0
177	2	33.0
177	3	30.0
177	4	30.0
177	5	30.0
177	6	30.0
177	7	30.0
177	8	30.0
177	9	30.0
177	10	29.0
177	11	30.0
177	12	30.5
177	13	31.0
177	14	32.0
177	15	30.5
177	16	31.5
177	17	38.84
177	18	38.93
177	19	38.7
177	20	35.8
177	21	34.0
177	22	30.84
177	23	30.84
177	24	35.0
178	1	39.55
178	2	37.75
178	3	32.0
178	4	30.2
178	5	38.95
178	6	42.21
178	7	43.53
178	8	44.44
178	9	43.79
178	10	42.09
178	11	38.0
178	12	31.58
178	13	19.9
178	14	28.75
178	15	37.18
178	16	37.18
178	17	38.23
178	18	39.48
178	19	38.64
178	20	37.92
178	21	36.44
178	22	32.99
178	23	32.63
178	24	34.71
179	1	53.0
179	2	52.0
179	3	51.68
179	4	50.0
179	5	48.0
179	6	48.41
179	7	50.0
179	8	68.65
179	9	87.12
179	10	74.62
179	11	65.43
179	12	60.98
179	13	59.9
179	14	57.68
179	15	56.94
179	16	56.77
179	17	59.07
179	18	63.04
179	19	63.01
179	20	59.69
179	21	55.87
179	22	54.56
179	23	53.77
179	24	53.33
180	1	33.0
180	2	33.0
180	3	33.0
180	4	38.53
180	5	38.84
180	6	38.83
180	7	39.18
180	8	39.92
180	9	40.43
180	10	40.93
180	11	40.86
180	12	33.0
180	13	33.0
180	14	33.0
180	15	33.0
180	16	41.4
180	17	43.24
180	18	43.81
180	19	35.0
180	20	35.0
180	21	33.0
180	22	33.0
180	23	33.0
180	24	35.14
181	1	53.79
181	2	48.98
181	3	27.45
181	4	24.48
181	5	24.01
181	6	21.23
181	7	22.62
181	8	25.04
181	9	26.24
181	10	32.21
181	11	47.71
181	12	52.51
181	13	56.57
181	14	59.82
181	15	62.06
181	16	62.52
181	17	63.19
181	18	64.99
181	19	63.58
181	20	63.1
181	21	62.15
181	22	58.27
181	23	52.58
181	24	44.03
182	1	57.79
182	2	57.5
182	3	57.31
182	4	57.29
182	5	57.4
182	6	57.94
182	7	53.5
182	8	57.0
182	9	95.97
182	10	68.92
182	11	64.09
182	12	63.36
182	13	59.96
182	14	61.97
182	15	55.0
182	16	55.0
182	17	73.52
182	18	112.29
182	19	158.48
182	20	98.1
182	21	65.02
182	22	61.19
182	23	59.31
182	24	58.09
183	1	86.53
183	2	72.414
183	3	66.0
183	4	64.0
183	5	64.0
183	6	64.0
183	7	70.0
183	8	85.0
183	9	87.5
183	10	130.78
183	11	118.22
183	12	111.41
183	13	103.67
183	14	99.88
183	15	101.3
183	16	106.81
183	17	83.0
183	18	83.0
183	19	90.0
183	20	116.01
183	21	104.03
183	22	88.77
183	23	72.0
183	24	72.0
184	1	22.0
184	2	20.0
184	3	31.5
184	4	25.0
184	5	29.0
184	6	40.0
184	7	49.0
184	8	56.96
184	9	79.29
184	10	50.309
184	11	49.0
184	12	46.28
184	13	46.28
184	14	47.0
184	15	46.0
184	16	45.0
184	17	45.0
184	18	46.0
184	19	52.41
184	20	49.42
184	21	47.62
184	22	45.4
184	23	43.99
184	24	42.16
185	1	1.71
185	2	-0.97
185	3	-0.97
185	4	-0.98
185	5	0.88
185	6	0.99
185	7	1.92
185	8	0.0
185	9	-2.0
185	10	-2.0
185	11	-2.0
185	12	-1.5
185	13	0.0
185	14	0.0
185	15	0.0
185	16	0.0
185	17	6.4
185	18	9.13
185	19	12.11
185	20	7.82
185	21	8.39
185	22	1.98
185	23	1.86
185	24	1.65
186	1	5.02
186	2	4.02
186	3	3.25
186	4	4.02
186	5	5.06
186	6	22.06
186	7	31.32
186	8	40.17
186	9	34.51
186	10	31.67
186	11	28.98
186	12	27.51
186	13	25.31
186	14	23.96
186	15	22.9
186	16	25.91
186	17	27.49
186	18	30.2
186	19	15.0
186	20	15.0
186	21	15.0
186	22	15.0
186	23	15.0
186	24	12.91
187	1	33.0
187	2	33.0
187	3	33.0
187	4	38.53
187	5	38.84
187	6	38.83
187	7	39.18
187	8	39.92
187	9	40.43
187	10	40.93
187	11	40.86
187	12	33.0
187	13	33.0
187	14	33.0
187	15	33.0
187	16	41.4
187	17	43.24
187	18	43.81
187	19	35.0
187	20	35.0
187	21	33.0
187	22	33.0
187	23	33.0
187	24	35.14
188	1	61.48
188	2	59.04
188	3	56.46
188	4	52.98
188	5	50.06
188	6	48.97
188	7	46.99
188	8	45.37
188	9	53.0
188	10	56.09
188	11	57.2
188	12	58.1
188	13	58.31
188	14	58.05
188	15	58.02
188	16	58.77
188	17	59.96
188	18	60.38
188	19	61.49
188	20	60.39
188	21	57.98
188	22	56.7
188	23	56.06
188	24	55.03
189	1	37.07
189	2	32.73
189	3	31.18
189	4	30.39
189	5	31.63
189	6	41.14
189	7	46.46
189	8	61.73
189	9	69.51
189	10	74.8
189	11	96.95
189	12	64.65
189	13	62.0
189	14	41.0
189	15	41.0
189	16	43.5
189	17	75.09
189	18	99.5
189	19	100.0
189	20	90.0
189	21	109.49
189	22	102.15
189	23	90.6
189	24	51.21
190	1	31.47
190	2	28.62
190	3	19.22
190	4	18.0
190	5	15.0
190	6	15.0
190	7	17.0
190	8	26.81
190	9	27.0
190	10	26.81
190	11	26.82
190	12	26.82
190	13	31.45
190	14	24.5
190	15	22.0
190	16	22.0
190	17	22.0
190	18	22.0
190	19	18.5
190	20	16.5
190	21	16.5
190	22	16.5
190	23	17.0
190	24	10.0
191	1	51.95
191	2	50.91
191	3	51.82
191	4	51.15
191	5	53.32
191	6	54.95
191	7	57.93
191	8	62.27
191	9	64.79
191	10	56.0
191	11	48.16
191	12	48.0
191	13	48.0
191	14	48.0
191	15	48.0
191	16	51.0
191	17	61.61
191	18	65.32
191	19	73.01
191	20	70.01
191	21	67.19
191	22	65.59
191	23	63.45
191	24	63.23
192	1	38.0
192	2	33.56
192	3	32.03
192	4	32.29
192	5	20.0
192	6	20.0
192	7	49.18
192	8	62.04
192	9	65.67
192	10	66.8
192	11	71.08
192	12	73.54
192	13	78.16
192	14	78.87
192	15	79.24
192	16	79.96
192	17	81.46
192	18	80.92
192	19	74.95
192	20	66.77
192	21	64.92
192	22	64.43
192	23	62.61
192	24	59.16
193	1	95.73
193	2	68.0
193	3	59.01
193	4	59.02
193	5	60.61
193	6	68.0
193	7	70.0
193	8	133.66
193	9	145.69
193	10	145.98
193	11	144.3
193	12	141.13
193	13	135.78
193	14	132.17
193	15	128.21
193	16	117.96
193	17	121.92
193	18	131.42
193	19	80.5
193	20	68.38
193	21	110.67
193	22	98.88
193	23	94.62
193	24	66.52
194	1	87.02
194	2	84.32
194	3	81.82
194	4	80.63
194	5	79.04
194	6	82.1
194	7	94.3
194	8	111.22
194	9	121.11
194	10	120.73
194	11	113.9
194	12	105.54
194	13	97.84
194	14	93.0
194	15	102.46
194	16	91.18
194	17	90.0
194	18	132.31
194	19	130.01
194	20	122.12
194	21	114.21
194	22	99.85
194	23	97.08
194	24	88.83
195	1	61.84
195	2	55.79
195	3	53.69
195	4	54.29
195	5	55.93
195	6	64.13
195	7	86.06
195	8	114.74
195	9	134.23
195	10	162.35
195	11	159.25
195	12	162.09
195	13	141.86
195	14	150.13
195	15	168.91
195	16	183.47
195	17	187.78
195	18	162.76
195	19	140.11
195	20	129.35
195	21	106.22
195	22	88.3
195	23	67.14
195	24	59.47
196	1	37.0
196	2	37.0
196	3	39.0
196	4	29.5
196	5	29.5
196	6	36.0
196	7	42.5
196	8	74.0
196	9	55.0
196	10	50.06
196	11	40.0
196	12	40.0
196	13	35.0
196	14	37.0
196	15	40.0
196	16	40.0
196	17	42.5
196	18	58.83
196	19	60.0
196	20	65.55
196	21	53.0
196	22	49.88
196	23	46.11
196	24	44.96
197	1	44.0
197	2	44.0
197	3	44.0
197	4	44.0
197	5	41.5
197	6	41.5
197	7	47.4
197	8	48.97
197	9	47.28
197	10	44.99
197	11	43.86
197	12	44.23
197	13	45.22
197	14	47.49
197	15	50.16
197	16	51.78
197	17	53.63
197	18	50.488
197	19	54.0
197	20	54.0
197	21	52.0
197	22	47.5
197	23	44.0
197	24	40.5
198	1	6.0
198	2	6.0
198	3	5.34
198	4	9.74
198	5	28.97
198	6	22.0
198	7	29.0
198	8	26.0
198	9	22.0
198	10	12.0
198	11	6.0
198	12	10.0
198	13	10.0
198	14	23.0
198	15	30.5
198	16	39.69
198	17	30.0
198	18	30.0
198	19	24.5
198	20	23.0
198	21	23.0
198	22	20.0
198	23	15.0
198	24	30.0
199	1	25.0
199	2	36.49
199	3	27.5
199	4	27.5
199	5	27.5
199	6	27.5
199	7	41.01
199	8	32.0
199	9	32.0
199	10	30.0
199	11	28.5
199	12	28.5
199	13	28.0
199	14	25.0
199	15	28.0
199	16	42.0
199	17	45.65
199	18	46.09
199	19	41.0
199	20	41.0
199	21	36.0
199	22	36.5
199	23	44.89
199	24	44.79
200	1	17.67
200	2	14.78
200	3	14.49
200	4	14.77
200	5	15.06
200	6	14.0
200	7	29.25
200	8	152.84
200	9	140.07
200	10	68.5
200	11	75.0
200	12	105.2
200	13	69.5
200	14	50.13
200	15	30.06
200	16	23.27
200	17	22.8
200	18	23.27
200	19	22.4
200	20	14.0
200	21	14.0
200	22	21.06
200	23	5.0
200	24	5.0
201	1	-0.01
201	2	-0.07
201	3	-0.37
201	4	-0.51
201	5	-0.09
201	6	-0.01
201	7	1.77
201	8	18.5
201	9	10.15
201	10	5.06
201	11	6.4
201	12	6.57
201	13	7.31
201	14	8.16
201	15	13.06
201	16	25.44
201	17	31.21
201	18	34.97
201	19	40.2
201	20	39.51
201	21	38.43
201	22	38.4
201	23	36.81
201	24	38.4
202	1	49.5
202	2	51.0
202	3	52.0
202	4	52.0
202	5	49.0
202	6	48.0
202	7	48.0
202	8	45.17
202	9	43.6
202	10	46.18
202	11	41.47
202	12	25.83
202	13	26.51
202	14	24.52
202	15	39.96
202	16	47.11
202	17	52.75
202	18	56.66
202	19	57.49
202	20	50.0
202	21	48.0
202	22	47.0
202	23	48.0
202	24	48.0
203	1	58.94
203	2	57.98
203	3	48.0
203	4	48.0
203	5	55.74
203	6	56.46
203	7	57.66
203	8	59.0
203	9	50.0
203	10	50.0
203	11	45.0
203	12	46.0
203	13	45.99
203	14	44.61
203	15	40.96
203	16	42.47
203	17	46.46
203	18	52.46
203	19	55.13
203	20	50.0
203	21	44.0
203	22	40.22
203	23	42.0
203	24	45.0
204	1	66.07
204	2	64.1
204	3	64.95
204	4	56.324
204	5	56.324
204	6	56.324
204	7	63.5
204	8	64.0
204	9	70.0
204	10	81.14
204	11	80.63
204	12	81.84
204	13	80.39
204	14	77.04
204	15	71.0
204	16	74.0
204	17	75.0
204	18	91.86
204	19	76.0
204	20	73.46
204	21	74.0
204	22	78.41
204	23	74.67
204	24	69.34
205	1	50.0
205	2	50.0
205	3	47.0
205	4	46.5
205	5	44.5
205	6	43.349
205	7	44.5
205	8	42.0
205	9	42.0
205	10	42.0
205	11	42.931
205	12	43.0
205	13	43.0
205	14	43.0
205	15	43.0
205	16	47.0
205	17	47.0
205	18	52.0
205	19	54.0
205	20	51.0
205	21	51.0
205	22	51.0
205	23	51.0
205	24	50.0
206	1	59.0
206	2	59.0
206	3	59.0
206	4	59.0
206	5	64.92
206	6	58.5
206	7	58.5
206	8	103.55
206	9	105.33
206	10	84.68
206	11	73.39
206	12	60.0
206	13	60.0
206	14	58.5
206	15	58.5
206	16	58.5
206	17	58.0
206	18	58.0
206	19	115.87
206	20	115.55
206	21	90.5
206	22	59.0
206	23	72.88
206	24	65.55
207	1	46.93
207	2	45.61
207	3	43.57
207	4	37.0
207	5	37.0
207	6	39.41
207	7	40.24
207	8	42.4
207	9	45.18
207	10	37.5
207	11	37.5
207	12	38.5
207	13	45.94
207	14	46.21
207	15	47.94
207	16	49.27
207	17	50.81
207	18	52.42
207	19	51.74
207	20	51.28
207	21	48.54
207	22	48.09
207	23	48.46
207	24	43.71
208	1	11.04
208	2	9.07
208	3	6.76
208	4	5.0
208	5	1.0
208	6	5.0
208	7	28.91
208	8	36.0
208	9	33.0
208	10	26.5
208	11	32.5
208	12	32.5
208	13	34.0
208	14	35.0
208	15	35.0
208	16	35.0
208	17	32.0
208	18	32.0
208	19	32.0
208	20	30.0
208	21	30.0
208	22	30.5
208	23	23.0
208	24	23.0
209	1	53.52
209	2	52.58
209	3	52.23
209	4	51.82
209	5	48.0
209	6	48.0
209	7	48.0
209	8	53.32
209	9	85.66
209	10	54.5
209	11	53.0
209	12	53.0
209	13	53.52
209	14	51.42
209	15	51.79
209	16	54.81
209	17	55.93
209	18	66.77
209	19	65.53
209	20	55.65
209	21	52.57
209	22	51.54
209	23	50.53
209	24	43.0
210	1	57.36
210	2	54.96
210	3	54.34
210	4	53.88
210	5	53.37
210	6	54.25
210	7	54.97
210	8	57.1
210	9	58.02
210	10	58.67
210	11	58.34
210	12	56.85
210	13	45.0
210	14	45.0
210	15	49.0
210	16	58.58
210	17	59.19
210	18	63.07
210	19	63.93
210	20	60.42
210	21	58.55
210	22	58.24
210	23	57.34
210	24	54.99
211	1	29.12
211	2	29.17
211	3	29.47
211	4	28.96
211	5	29.14
211	6	30.68
211	7	32.48
211	8	36.91
211	9	37.23
211	10	38.91
211	11	37.45
211	12	34.27
211	13	33.57
211	14	33.7
211	15	33.37
211	16	32.6
211	17	33.51
211	18	34.47
211	19	35.25
211	20	32.82
211	21	34.35
211	22	34.35
211	23	32.09
211	24	31.58
212	1	48.5
212	2	41.0
212	3	41.5
212	4	41.5
212	5	49.5
212	6	55.96
212	7	46.5
212	8	45.5
212	9	39.0
212	10	39.0
212	11	32.5
212	12	32.5
212	13	6.57
212	14	6.57
212	15	51.93
212	16	55.13
212	17	57.93
212	18	57.86
212	19	57.33
212	20	56.61
212	21	55.96
212	22	55.39
212	23	55.31
212	24	54.26
213	1	34.72
213	2	35.09
213	3	35.88
213	4	35.91
213	5	36.76
213	6	37.0
213	7	46.44
213	8	48.99
213	9	46.44
213	10	46.62
213	11	43.57
213	12	42.43
213	13	41.59
213	14	40.13
213	15	39.97
213	16	40.97
213	17	43.94
213	18	43.72
213	19	43.58
213	20	39.0
213	21	38.21
213	22	38.0
213	23	40.0
213	24	37.93
214	1	11.04
214	2	9.07
214	3	6.76
214	4	5.0
214	5	1.0
214	6	5.0
214	7	28.91
214	8	36.0
214	9	33.0
214	10	26.5
214	11	32.5
214	12	32.5
214	13	34.0
214	14	35.0
214	15	35.0
214	16	35.0
214	17	32.0
214	18	32.0
214	19	32.0
214	20	30.0
214	21	30.0
214	22	30.5
214	23	23.0
214	24	23.0
215	1	3.32
215	2	3.45
215	3	4.09
215	4	3.0
215	5	3.0
215	6	6.25
215	7	10.0
215	8	19.0
215	9	15.0
215	10	20.0
215	11	18.95
215	12	15.5
215	13	10.56
215	14	9.78
215	15	9.74
215	16	9.54
215	17	9.61
215	18	11.19
215	19	9.71
215	20	7.0
215	21	7.89
215	22	5.59
215	23	4.48
215	24	3.49
216	1	54.5
216	2	53.63
216	3	53.8
216	4	46.284
216	5	46.284
216	6	54.21
216	7	54.66
216	8	47.0
216	9	46.0
216	10	44.0
216	11	46.955
216	12	47.0
216	13	48.93
216	14	41.0
216	15	50.26
216	16	54.34
216	17	50.0
216	18	54.0
216	19	54.0
216	20	49.5
216	21	49.5
216	22	48.0
216	23	48.0
216	24	48.5
217	1	19.5
217	2	20.0
217	3	15.66
217	4	9.44
217	5	6.47
217	6	10.0
217	7	22.0
217	8	22.0
217	9	24.0
217	10	27.0
217	11	27.0
217	12	27.0
217	13	27.0
217	14	27.0
217	15	28.5
217	16	32.5
217	17	66.67
217	18	78.18
217	19	48.0
217	20	39.54
217	21	40.0
217	22	40.0
217	23	40.0
217	24	39.15
218	1	77.11
218	2	72.41
218	3	71.0
218	4	71.0
218	5	79.57
218	6	76.0
218	7	86.74
218	8	83.0
218	9	85.0
218	10	88.0
218	11	80.46
218	12	85.0
218	13	96.3
218	14	95.93
218	15	102.69
218	16	85.0
218	17	81.0
218	18	81.0
218	19	132.45
218	20	128.21
218	21	114.22
218	22	103.76
218	23	94.49
218	24	85.74
219	1	51.0
219	2	50.0
219	3	48.0
219	4	46.0
219	5	46.0
219	6	46.0
219	7	47.0
219	8	51.5
219	9	51.5
219	10	56.0
219	11	66.58
219	12	62.92
219	13	57.42
219	14	57.41
219	15	56.01
219	16	57.01
219	17	59.25
219	18	59.96
219	19	59.96
219	20	58.67
219	21	56.13
219	22	56.81
219	23	56.05
219	24	55.18
220	1	40.09
220	2	39.37
220	3	39.27
220	4	39.56
220	5	40.04
220	6	40.76
220	7	41.39
220	8	41.79
220	9	41.71
220	10	41.67
220	11	41.6
220	12	41.55
220	13	41.35
220	14	41.17
220	15	41.17
220	16	41.16
220	17	41.47
220	18	41.71
220	19	38.0
220	20	38.0
220	21	38.0
220	22	41.01
220	23	39.0
220	24	39.0
221	1	41.26
221	2	40.67
221	3	40.32
221	4	40.0
221	5	40.34
221	6	41.2
221	7	45.9
221	8	49.55
221	9	51.96
221	10	50.5
221	11	47.25
221	12	45.18
221	13	43.45
221	14	43.86
221	15	45.91
221	16	48.15
221	17	45.0
221	18	53.28
221	19	54.66
221	20	53.61
221	21	53.22
221	22	53.16
221	23	53.28
221	24	53.25
222	1	53.23
222	2	51.17
222	3	51.01
222	4	50.01
222	5	50.44
222	6	50.28
222	7	49.3
222	8	44.78
222	9	37.72
222	10	23.93
222	11	11.6
222	12	2.0
222	13	2.0
222	14	2.0
222	15	2.0
222	16	9.0
222	17	38.37
222	18	48.29
222	19	54.89
222	20	58.64
222	21	52.94
222	22	48.01
222	23	40.28
222	24	31.22
223	1	75.67
223	2	64.21
223	3	64.42
223	4	64.26
223	5	64.08
223	6	68.21
223	7	103.59
223	8	122.44
223	9	131.14
223	10	129.89
223	11	122.61
223	12	105.53
223	13	95.13
223	14	85.54
223	15	85.63
223	16	69.56
223	17	72.47
223	18	78.77
223	19	109.25
223	20	107.14
223	21	75.06
223	22	74.97
223	23	65.69
223	24	58.24
224	1	87.02
224	2	84.32
224	3	81.82
224	4	80.63
224	5	79.04
224	6	82.1
224	7	94.3
224	8	111.22
224	9	121.11
224	10	120.73
224	11	113.9
224	12	105.54
224	13	97.84
224	14	93.0
224	15	102.46
224	16	91.18
224	17	90.0
224	18	132.31
224	19	130.01
224	20	122.12
224	21	114.21
224	22	99.85
224	23	97.08
224	24	88.83
225	1	70.66
225	2	64.08
225	3	63.76
225	4	63.89
225	5	61.99
225	6	65.12
225	7	72.92
225	8	79.2
225	9	69.79
225	10	59.48
225	11	54.85
225	12	52.22
225	13	49.92
225	14	47.99
225	15	49.56
225	16	55.14
225	17	58.95
225	18	55.0
225	19	55.0
225	20	57.0
225	21	58.36
225	22	58.01
225	23	56.65
225	24	55.17
226	1	52.23
226	2	48.05
226	3	46.88
226	4	46.12
226	5	46.36
226	6	47.1
226	7	48.34
226	8	53.31
226	9	57.54
226	10	60.89
226	11	61.93
226	12	61.21
226	13	61.5
226	14	61.77
226	15	62.82
226	16	51.62
226	17	42.0
226	18	40.0
226	19	37.5
226	20	33.5
226	21	33.5
226	22	30.0
226	23	30.0
226	24	30.92
227	1	38.0
227	2	33.56
227	3	32.03
227	4	32.29
227	5	20.0
227	6	20.0
227	7	49.18
227	8	62.04
227	9	65.67
227	10	66.8
227	11	71.08
227	12	73.54
227	13	78.16
227	14	78.87
227	15	79.24
227	16	79.96
227	17	81.46
227	18	80.92
227	19	74.95
227	20	66.77
227	21	64.92
227	22	64.43
227	23	62.61
227	24	59.16
228	1	42.82
228	2	42.34
228	3	42.49
228	4	42.5
228	5	43.39
228	6	44.34
228	7	48.1
228	8	67.21
228	9	71.77
228	10	70.18
228	11	72.32
228	12	70.97
228	13	73.34
228	14	68.65
228	15	55.83
228	16	55.0
228	17	55.0
228	18	73.5
228	19	61.81
228	20	61.81
228	21	55.0
228	22	49.0
228	23	47.5
228	24	42.0
229	1	52.23
229	2	48.05
229	3	46.88
229	4	46.12
229	5	46.36
229	6	47.1
229	7	48.34
229	8	53.31
229	9	57.54
229	10	60.89
229	11	61.93
229	12	61.21
229	13	61.5
229	14	61.77
229	15	62.82
229	16	51.62
229	17	42.0
229	18	40.0
229	19	37.5
229	20	33.5
229	21	33.5
229	22	30.0
229	23	30.0
229	24	30.92
230	1	40.96
230	2	38.7
230	3	31.89
230	4	30.82
230	5	30.84
230	6	39.29
230	7	43.12
230	8	45.71
230	9	47.16
230	10	50.0
230	11	46.98
230	12	44.98
230	13	44.9
230	14	43.64
230	15	42.91
230	16	42.04
230	17	42.19
230	18	42.09
230	19	34.0
230	20	39.15
230	21	39.55
230	22	39.06
230	23	32.0
230	24	30.0
