Node	Time	ActivationFactorID_Dwn_Reg
3	1	0
3	2	0
3	3	1
3	4	0
3	5	0
3	6	0
3	7	0
3	8	1
3	9	0
3	10	0
3	11	0
3	12	1
3	13	0
3	14	0
3	15	0
3	16	1
3	17	0
3	18	0
3	19	0
3	20	0
3	21	0
3	22	0
3	23	0
3	24	0
4	1	1
4	2	0
4	3	1
4	4	0
4	5	0
4	6	1
4	7	0
4	8	0
4	9	0
4	10	0
4	11	0
4	12	1
4	13	1
4	14	1
4	15	0
4	16	0
4	17	0
4	18	0
4	19	0
4	20	1
4	21	0
4	22	1
4	23	1
4	24	1
5	1	0
5	2	0
5	3	0
5	4	0
5	5	0
5	6	0
5	7	0
5	8	1
5	9	1
5	10	1
5	11	0
5	12	0
5	13	0
5	14	1
5	15	0
5	16	0
5	17	0
5	18	0
5	19	0
5	20	0
5	21	0
5	22	0
5	23	0
5	24	0
6	1	0
6	2	0
6	3	0
6	4	0
6	5	0
6	6	0
6	7	0
6	8	0
6	9	1
6	10	0
6	11	0
6	12	0
6	13	1
6	14	0
6	15	0
6	16	0
6	17	0
6	18	0
6	19	0
6	20	1
6	21	0
6	22	0
6	23	1
6	24	0
7	1	0
7	2	0
7	3	0
7	4	0
7	5	1
7	6	0
7	7	0
7	8	0
7	9	1
7	10	0
7	11	1
7	12	1
7	13	0
7	14	0
7	15	0
7	16	0
7	17	0
7	18	0
7	19	0
7	20	0
7	21	0
7	22	0
7	23	0
7	24	0
8	1	0
8	2	0
8	3	1
8	4	0
8	5	1
8	6	0
8	7	0
8	8	0
8	9	1
8	10	0
8	11	0
8	12	0
8	13	0
8	14	0
8	15	0
8	16	0
8	17	0
8	18	0
8	19	0
8	20	0
8	21	0
8	22	1
8	23	0
8	24	0
9	1	0
9	2	0
9	3	1
9	4	1
9	5	0
9	6	0
9	7	0
9	8	1
9	9	0
9	10	0
9	11	0
9	12	0
9	13	0
9	14	0
9	15	0
9	16	0
9	17	0
9	18	0
9	19	0
9	20	0
9	21	0
9	22	0
9	23	0
9	24	0
10	1	0
10	2	0
10	3	0
10	4	1
10	5	0
10	6	1
10	7	0
10	8	0
10	9	0
10	10	0
10	11	0
10	12	1
10	13	0
10	14	1
10	15	0
10	16	0
10	17	0
10	18	0
10	19	1
10	20	0
10	21	0
10	22	0
10	23	0
10	24	0
11	1	0
11	2	0
11	3	0
11	4	0
11	5	0
11	6	0
11	7	0
11	8	0
11	9	1
11	10	1
11	11	0
11	12	0
11	13	0
11	14	0
11	15	0
11	16	1
11	17	0
11	18	0
11	19	0
11	20	0
11	21	0
11	22	0
11	23	0
11	24	1
12	1	0
12	2	0
12	3	0
12	4	1
12	5	0
12	6	0
12	7	0
12	8	0
12	9	0
12	10	0
12	11	0
12	12	1
12	13	1
12	14	0
12	15	0
12	16	0
12	17	0
12	18	0
12	19	0
12	20	0
12	21	1
12	22	0
12	23	0
12	24	1
13	1	0
13	2	0
13	3	0
13	4	0
13	5	0
13	6	0
13	7	0
13	8	0
13	9	0
13	10	0
13	11	0
13	12	0
13	13	0
13	14	0
13	15	1
13	16	1
13	17	0
13	18	1
13	19	0
13	20	0
13	21	0
13	22	0
13	23	0
13	24	1
14	1	1
14	2	0
14	3	1
14	4	0
14	5	0
14	6	0
14	7	0
14	8	0
14	9	1
14	10	0
14	11	0
14	12	1
14	13	0
14	14	0
14	15	0
14	16	0
14	17	0
14	18	0
14	19	0
14	20	1
14	21	0
14	22	0
14	23	0
14	24	0
15	1	0
15	2	0
15	3	1
15	4	0
15	5	0
15	6	1
15	7	0
15	8	0
15	9	0
15	10	1
15	11	0
15	12	0
15	13	0
15	14	0
15	15	0
15	16	0
15	17	1
15	18	0
15	19	1
15	20	0
15	21	0
15	22	0
15	23	0
15	24	1
16	1	0
16	2	0
16	3	0
16	4	1
16	5	1
16	6	0
16	7	0
16	8	0
16	9	0
16	10	0
16	11	0
16	12	0
16	13	0
16	14	0
16	15	1
16	16	0
16	17	0
16	18	0
16	19	0
16	20	0
16	21	0
16	22	0
16	23	0
16	24	1
17	1	0
17	2	1
17	3	0
17	4	0
17	5	0
17	6	1
17	7	0
17	8	0
17	9	0
17	10	0
17	11	0
17	12	0
17	13	0
17	14	0
17	15	0
17	16	0
17	17	0
17	18	0
17	19	0
17	20	0
17	21	0
17	22	0
17	23	1
17	24	0
18	1	0
18	2	0
18	3	0
18	4	0
18	5	0
18	6	0
18	7	0
18	8	0
18	9	0
18	10	1
18	11	1
18	12	0
18	13	0
18	14	0
18	15	0
18	16	0
18	17	0
18	18	1
18	19	0
18	20	0
18	21	1
18	22	0
18	23	0
18	24	0
19	1	0
19	2	0
19	3	0
19	4	0
19	5	0
19	6	0
19	7	1
19	8	0
19	9	0
19	10	0
19	11	0
19	12	0
19	13	0
19	14	0
19	15	0
19	16	0
19	17	0
19	18	1
19	19	0
19	20	0
19	21	0
19	22	0
19	23	1
19	24	0
20	1	0
20	2	0
20	3	0
20	4	0
20	5	0
20	6	0
20	7	0
20	8	0
20	9	0
20	10	0
20	11	0
20	12	0
20	13	0
20	14	0
20	15	0
20	16	0
20	17	0
20	18	0
20	19	0
20	20	0
20	21	0
20	22	0
20	23	1
20	24	0
21	1	1
21	2	0
21	3	0
21	4	0
21	5	1
21	6	1
21	7	0
21	8	0
21	9	0
21	10	0
21	11	0
21	12	0
21	13	0
21	14	1
21	15	0
21	16	1
21	17	1
21	18	1
21	19	1
21	20	0
21	21	0
21	22	0
21	23	0
21	24	0
22	1	0
22	2	1
22	3	0
22	4	0
22	5	0
22	6	1
22	7	0
22	8	1
22	9	0
22	10	1
22	11	0
22	12	1
22	13	0
22	14	0
22	15	0
22	16	0
22	17	0
22	18	0
22	19	0
22	20	0
22	21	0
22	22	0
22	23	0
22	24	0
23	1	0
23	2	0
23	3	0
23	4	0
23	5	0
23	6	1
23	7	0
23	8	0
23	9	0
23	10	1
23	11	1
23	12	1
23	13	0
23	14	0
23	15	0
23	16	0
23	17	0
23	18	0
23	19	0
23	20	1
23	21	0
23	22	0
23	23	1
23	24	0
24	1	0
24	2	1
24	3	0
24	4	1
24	5	0
24	6	0
24	7	0
24	8	1
24	9	0
24	10	0
24	11	0
24	12	0
24	13	0
24	14	0
24	15	0
24	16	0
24	17	0
24	18	1
24	19	0
24	20	0
24	21	0
24	22	0
24	23	0
24	24	0
25	1	0
25	2	1
25	3	0
25	4	1
25	5	0
25	6	0
25	7	0
25	8	0
25	9	1
25	10	0
25	11	1
25	12	0
25	13	0
25	14	1
25	15	0
25	16	0
25	17	0
25	18	0
25	19	1
25	20	0
25	21	0
25	22	0
25	23	1
25	24	0
26	1	0
26	2	0
26	3	1
26	4	1
26	5	0
26	6	0
26	7	0
26	8	1
26	9	0
26	10	0
26	11	0
26	12	0
26	13	0
26	14	0
26	15	1
26	16	0
26	17	0
26	18	0
26	19	0
26	20	0
26	21	1
26	22	0
26	23	0
26	24	0
27	1	1
27	2	0
27	3	0
27	4	0
27	5	0
27	6	0
27	7	0
27	8	0
27	9	0
27	10	0
27	11	0
27	12	0
27	13	0
27	14	0
27	15	0
27	16	0
27	17	1
27	18	1
27	19	0
27	20	1
27	21	0
27	22	0
27	23	1
27	24	0
28	1	0
28	2	0
28	3	0
28	4	0
28	5	1
28	6	1
28	7	0
28	8	0
28	9	1
28	10	0
28	11	1
28	12	0
28	13	0
28	14	0
28	15	0
28	16	1
28	17	0
28	18	1
28	19	0
28	20	1
28	21	0
28	22	0
28	23	0
28	24	0
29	1	1
29	2	0
29	3	0
29	4	0
29	5	0
29	6	0
29	7	1
29	8	0
29	9	0
29	10	0
29	11	0
29	12	0
29	13	0
29	14	0
29	15	1
29	16	0
29	17	0
29	18	0
29	19	1
29	20	0
29	21	1
29	22	0
29	23	1
29	24	1
30	1	0
30	2	0
30	3	0
30	4	0
30	5	0
30	6	1
30	7	0
30	8	1
30	9	0
30	10	1
30	11	0
30	12	0
30	13	1
30	14	0
30	15	0
30	16	0
30	17	1
30	18	0
30	19	0
30	20	1
30	21	1
30	22	0
30	23	0
30	24	1
31	1	0
31	2	0
31	3	1
31	4	0
31	5	0
31	6	0
31	7	1
31	8	0
31	9	0
31	10	0
31	11	0
31	12	0
31	13	0
31	14	0
31	15	0
31	16	0
31	17	1
31	18	0
31	19	1
31	20	0
31	21	0
31	22	0
31	23	0
31	24	0
32	1	1
32	2	1
32	3	0
32	4	0
32	5	1
32	6	0
32	7	0
32	8	0
32	9	0
32	10	0
32	11	0
32	12	0
32	13	0
32	14	0
32	15	0
32	16	0
32	17	0
32	18	0
32	19	0
32	20	0
32	21	0
32	22	0
32	23	0
32	24	0
33	1	0
33	2	0
33	3	0
33	4	0
33	5	0
33	6	0
33	7	0
33	8	0
33	9	0
33	10	0
33	11	1
33	12	0
33	13	0
33	14	0
33	15	0
33	16	0
33	17	0
33	18	0
33	19	0
33	20	1
33	21	0
33	22	0
33	23	0
33	24	0
34	1	0
34	2	1
34	3	1
34	4	0
34	5	0
34	6	1
34	7	0
34	8	0
34	9	0
34	10	0
34	11	0
34	12	0
34	13	0
34	14	1
34	15	1
34	16	0
34	17	0
34	18	0
34	19	1
34	20	1
34	21	0
34	22	0
34	23	0
34	24	0
35	1	0
35	2	0
35	3	1
35	4	0
35	5	0
35	6	0
35	7	0
35	8	0
35	9	0
35	10	0
35	11	1
35	12	1
35	13	0
35	14	0
35	15	0
35	16	0
35	17	0
35	18	1
35	19	0
35	20	0
35	21	0
35	22	0
35	23	0
35	24	0
36	1	0
36	2	0
36	3	0
36	4	0
36	5	0
36	6	0
36	7	0
36	8	0
36	9	0
36	10	0
36	11	0
36	12	0
36	13	0
36	14	0
36	15	1
36	16	0
36	17	0
36	18	0
36	19	0
36	20	0
36	21	0
36	22	1
36	23	0
36	24	0
37	1	0
37	2	0
37	3	0
37	4	0
37	5	1
37	6	0
37	7	0
37	8	0
37	9	0
37	10	0
37	11	0
37	12	1
37	13	0
37	14	0
37	15	0
37	16	0
37	17	0
37	18	0
37	19	0
37	20	0
37	21	0
37	22	0
37	23	1
37	24	0
38	1	0
38	2	0
38	3	0
38	4	0
38	5	0
38	6	0
38	7	0
38	8	0
38	9	0
38	10	0
38	11	0
38	12	0
38	13	0
38	14	1
38	15	0
38	16	0
38	17	0
38	18	0
38	19	1
38	20	0
38	21	0
38	22	0
38	23	0
38	24	0
39	1	1
39	2	1
39	3	0
39	4	0
39	5	0
39	6	0
39	7	1
39	8	1
39	9	0
39	10	0
39	11	0
39	12	0
39	13	0
39	14	0
39	15	0
39	16	0
39	17	1
39	18	0
39	19	1
39	20	0
39	21	1
39	22	0
39	23	0
39	24	0
40	1	0
40	2	1
40	3	0
40	4	1
40	5	0
40	6	0
40	7	0
40	8	0
40	9	0
40	10	0
40	11	1
40	12	0
40	13	1
40	14	0
40	15	0
40	16	0
40	17	1
40	18	0
40	19	0
40	20	0
40	21	0
40	22	1
40	23	0
40	24	0
41	1	0
41	2	0
41	3	1
41	4	0
41	5	0
41	6	0
41	7	0
41	8	0
41	9	0
41	10	1
41	11	1
41	12	0
41	13	0
41	14	0
41	15	0
41	16	0
41	17	0
41	18	0
41	19	1
41	20	0
41	21	1
41	22	0
41	23	0
41	24	0
42	1	0
42	2	0
42	3	1
42	4	1
42	5	1
42	6	0
42	7	0
42	8	0
42	9	0
42	10	0
42	11	1
42	12	1
42	13	0
42	14	0
42	15	0
42	16	0
42	17	0
42	18	0
42	19	1
42	20	0
42	21	0
42	22	0
42	23	0
42	24	1
43	1	1
43	2	0
43	3	1
43	4	0
43	5	0
43	6	0
43	7	1
43	8	0
43	9	0
43	10	1
43	11	0
43	12	0
43	13	0
43	14	0
43	15	1
43	16	0
43	17	0
43	18	0
43	19	1
43	20	1
43	21	0
43	22	0
43	23	0
43	24	0
44	1	1
44	2	0
44	3	0
44	4	1
44	5	0
44	6	0
44	7	1
44	8	0
44	9	0
44	10	0
44	11	0
44	12	0
44	13	0
44	14	0
44	15	0
44	16	0
44	17	0
44	18	0
44	19	0
44	20	0
44	21	0
44	22	0
44	23	0
44	24	0
45	1	1
45	2	0
45	3	0
45	4	0
45	5	1
45	6	0
45	7	0
45	8	0
45	9	1
45	10	0
45	11	0
45	12	0
45	13	0
45	14	0
45	15	0
45	16	0
45	17	0
45	18	0
45	19	0
45	20	0
45	21	0
45	22	0
45	23	1
45	24	0
46	1	0
46	2	0
46	3	0
46	4	0
46	5	0
46	6	0
46	7	0
46	8	0
46	9	0
46	10	1
46	11	1
46	12	0
46	13	0
46	14	0
46	15	0
46	16	0
46	17	1
46	18	0
46	19	0
46	20	0
46	21	0
46	22	0
46	23	0
46	24	1
47	1	0
47	2	0
47	3	0
47	4	1
47	5	0
47	6	0
47	7	0
47	8	0
47	9	1
47	10	0
47	11	0
47	12	1
47	13	1
47	14	0
47	15	1
47	16	0
47	17	0
47	18	1
47	19	0
47	20	0
47	21	0
47	22	0
47	23	0
47	24	1
48	1	1
48	2	0
48	3	1
48	4	0
48	5	0
48	6	1
48	7	0
48	8	1
48	9	0
48	10	0
48	11	1
48	12	0
48	13	0
48	14	0
48	15	0
48	16	0
48	17	1
48	18	1
48	19	0
48	20	0
48	21	0
48	22	0
48	23	0
48	24	0
49	1	0
49	2	0
49	3	0
49	4	0
49	5	0
49	6	0
49	7	0
49	8	0
49	9	0
49	10	0
49	11	0
49	12	0
49	13	0
49	14	0
49	15	0
49	16	1
49	17	0
49	18	0
49	19	0
49	20	0
49	21	0
49	22	0
49	23	0
49	24	0
50	1	0
50	2	1
50	3	0
50	4	0
50	5	1
50	6	0
50	7	1
50	8	0
50	9	0
50	10	1
50	11	0
50	12	1
50	13	1
50	14	0
50	15	0
50	16	0
50	17	0
50	18	0
50	19	0
50	20	1
50	21	1
50	22	1
50	23	0
50	24	0
51	1	0
51	2	0
51	3	0
51	4	0
51	5	1
51	6	0
51	7	0
51	8	0
51	9	1
51	10	0
51	11	0
51	12	0
51	13	0
51	14	0
51	15	0
51	16	0
51	17	1
51	18	0
51	19	0
51	20	1
51	21	0
51	22	1
51	23	0
51	24	0
52	1	0
52	2	0
52	3	0
52	4	0
52	5	0
52	6	0
52	7	0
52	8	0
52	9	0
52	10	0
52	11	0
52	12	0
52	13	0
52	14	0
52	15	0
52	16	0
52	17	0
52	18	0
52	19	1
52	20	0
52	21	0
52	22	1
52	23	0
52	24	1
53	1	1
53	2	0
53	3	0
53	4	0
53	5	0
53	6	1
53	7	0
53	8	0
53	9	0
53	10	0
53	11	0
53	12	0
53	13	0
53	14	0
53	15	0
53	16	0
53	17	0
53	18	1
53	19	0
53	20	0
53	21	0
53	22	0
53	23	0
53	24	0
54	1	0
54	2	0
54	3	0
54	4	0
54	5	1
54	6	1
54	7	1
54	8	0
54	9	0
54	10	1
54	11	0
54	12	1
54	13	1
54	14	1
54	15	0
54	16	1
54	17	0
54	18	1
54	19	0
54	20	0
54	21	0
54	22	1
54	23	0
54	24	0
55	1	0
55	2	0
55	3	0
55	4	1
55	5	0
55	6	0
55	7	0
55	8	0
55	9	1
55	10	0
55	11	0
55	12	0
55	13	0
55	14	0
55	15	0
55	16	0
55	17	1
55	18	0
55	19	0
55	20	0
55	21	0
55	22	1
55	23	0
55	24	0
56	1	0
56	2	0
56	3	0
56	4	0
56	5	1
56	6	0
56	7	0
56	8	0
56	9	0
56	10	0
56	11	0
56	12	1
56	13	1
56	14	0
56	15	0
56	16	1
56	17	0
56	18	0
56	19	1
56	20	0
56	21	0
56	22	0
56	23	0
56	24	0
57	1	1
57	2	0
57	3	0
57	4	0
57	5	0
57	6	0
57	7	1
57	8	0
57	9	0
57	10	0
57	11	0
57	12	0
57	13	0
57	14	0
57	15	0
57	16	0
57	17	1
57	18	1
57	19	0
57	20	1
57	21	0
57	22	1
57	23	0
57	24	1
58	1	1
58	2	1
58	3	0
58	4	0
58	5	0
58	6	0
58	7	0
58	8	1
58	9	0
58	10	0
58	11	0
58	12	1
58	13	0
58	14	0
58	15	0
58	16	1
58	17	0
58	18	0
58	19	0
58	20	0
58	21	0
58	22	0
58	23	0
58	24	0
59	1	0
59	2	0
59	3	0
59	4	0
59	5	0
59	6	1
59	7	0
59	8	0
59	9	1
59	10	0
59	11	0
59	12	0
59	13	0
59	14	0
59	15	0
59	16	0
59	17	0
59	18	1
59	19	0
59	20	0
59	21	1
59	22	1
59	23	0
59	24	0
60	1	0
60	2	0
60	3	0
60	4	0
60	5	0
60	6	0
60	7	0
60	8	0
60	9	0
60	10	1
60	11	1
60	12	1
60	13	0
60	14	0
60	15	1
60	16	0
60	17	0
60	18	0
60	19	0
60	20	1
60	21	1
60	22	0
60	23	0
60	24	0
61	1	1
61	2	1
61	3	0
61	4	0
61	5	0
61	6	1
61	7	0
61	8	0
61	9	0
61	10	0
61	11	0
61	12	0
61	13	0
61	14	0
61	15	0
61	16	0
61	17	0
61	18	0
61	19	0
61	20	0
61	21	0
61	22	0
61	23	0
61	24	1
62	1	1
62	2	0
62	3	0
62	4	0
62	5	0
62	6	1
62	7	0
62	8	0
62	9	0
62	10	0
62	11	0
62	12	0
62	13	0
62	14	0
62	15	1
62	16	0
62	17	0
62	18	1
62	19	0
62	20	0
62	21	0
62	22	0
62	23	0
62	24	0
63	1	0
63	2	0
63	3	0
63	4	0
63	5	0
63	6	0
63	7	0
63	8	0
63	9	0
63	10	0
63	11	0
63	12	0
63	13	0
63	14	0
63	15	0
63	16	0
63	17	1
63	18	0
63	19	0
63	20	0
63	21	0
63	22	0
63	23	0
63	24	0
64	1	0
64	2	1
64	3	0
64	4	0
64	5	0
64	6	1
64	7	0
64	8	0
64	9	0
64	10	0
64	11	0
64	12	0
64	13	0
64	14	0
64	15	0
64	16	0
64	17	0
64	18	0
64	19	0
64	20	0
64	21	0
64	22	0
64	23	0
64	24	0
65	1	0
65	2	0
65	3	1
65	4	0
65	5	0
65	6	0
65	7	0
65	8	0
65	9	0
65	10	0
65	11	0
65	12	0
65	13	0
65	14	0
65	15	0
65	16	0
65	17	0
65	18	0
65	19	0
65	20	0
65	21	0
65	22	0
65	23	1
65	24	1
66	1	0
66	2	0
66	3	0
66	4	0
66	5	0
66	6	1
66	7	0
66	8	0
66	9	0
66	10	0
66	11	0
66	12	0
66	13	0
66	14	1
66	15	1
66	16	0
66	17	0
66	18	1
66	19	0
66	20	1
66	21	0
66	22	0
66	23	0
66	24	0
67	1	0
67	2	0
67	3	1
67	4	0
67	5	0
67	6	0
67	7	1
67	8	0
67	9	1
67	10	0
67	11	1
67	12	0
67	13	0
67	14	0
67	15	0
67	16	0
67	17	0
67	18	0
67	19	0
67	20	0
67	21	0
67	22	0
67	23	0
67	24	0
68	1	0
68	2	1
68	3	0
68	4	1
68	5	0
68	6	0
68	7	1
68	8	0
68	9	0
68	10	0
68	11	0
68	12	0
68	13	0
68	14	0
68	15	0
68	16	0
68	17	0
68	18	0
68	19	0
68	20	0
68	21	0
68	22	0
68	23	1
68	24	0
69	1	0
69	2	0
69	3	0
69	4	0
69	5	0
69	6	0
69	7	1
69	8	1
69	9	0
69	10	0
69	11	0
69	12	1
69	13	0
69	14	0
69	15	0
69	16	1
69	17	0
69	18	1
69	19	1
69	20	0
69	21	0
69	22	0
69	23	1
69	24	0
70	1	0
70	2	0
70	3	0
70	4	0
70	5	0
70	6	0
70	7	0
70	8	0
70	9	0
70	10	1
70	11	0
70	12	0
70	13	0
70	14	0
70	15	0
70	16	1
70	17	0
70	18	0
70	19	0
70	20	0
70	21	1
70	22	0
70	23	0
70	24	0
71	1	0
71	2	0
71	3	1
71	4	0
71	5	0
71	6	0
71	7	1
71	8	0
71	9	0
71	10	0
71	11	0
71	12	0
71	13	0
71	14	0
71	15	1
71	16	0
71	17	0
71	18	0
71	19	0
71	20	0
71	21	0
71	22	0
71	23	1
71	24	0
72	1	0
72	2	0
72	3	0
72	4	0
72	5	0
72	6	0
72	7	0
72	8	0
72	9	1
72	10	0
72	11	0
72	12	1
72	13	0
72	14	1
72	15	1
72	16	0
72	17	0
72	18	0
72	19	0
72	20	1
72	21	0
72	22	0
72	23	0
72	24	1
73	1	0
73	2	0
73	3	0
73	4	0
73	5	1
73	6	1
73	7	0
73	8	0
73	9	0
73	10	0
73	11	0
73	12	0
73	13	0
73	14	0
73	15	1
73	16	0
73	17	1
73	18	0
73	19	1
73	20	0
73	21	0
73	22	0
73	23	0
73	24	0
74	1	1
74	2	0
74	3	0
74	4	0
74	5	0
74	6	0
74	7	0
74	8	0
74	9	1
74	10	0
74	11	0
74	12	0
74	13	0
74	14	0
74	15	0
74	16	0
74	17	0
74	18	0
74	19	0
74	20	0
74	21	0
74	22	0
74	23	0
74	24	0
75	1	0
75	2	0
75	3	0
75	4	0
75	5	0
75	6	0
75	7	0
75	8	1
75	9	1
75	10	0
75	11	0
75	12	0
75	13	0
75	14	0
75	15	0
75	16	1
75	17	0
75	18	0
75	19	0
75	20	1
75	21	0
75	22	0
75	23	0
75	24	0
76	1	0
76	2	0
76	3	0
76	4	0
76	5	1
76	6	1
76	7	0
76	8	0
76	9	0
76	10	0
76	11	0
76	12	1
76	13	0
76	14	0
76	15	0
76	16	0
76	17	0
76	18	0
76	19	0
76	20	0
76	21	0
76	22	0
76	23	1
76	24	0
77	1	0
77	2	1
77	3	0
77	4	0
77	5	0
77	6	0
77	7	0
77	8	0
77	9	0
77	10	0
77	11	0
77	12	0
77	13	0
77	14	0
77	15	0
77	16	0
77	17	0
77	18	0
77	19	0
77	20	0
77	21	0
77	22	0
77	23	0
77	24	0
78	1	0
78	2	0
78	3	1
78	4	1
78	5	0
78	6	0
78	7	0
78	8	0
78	9	0
78	10	0
78	11	0
78	12	1
78	13	0
78	14	1
78	15	0
78	16	1
78	17	0
78	18	0
78	19	1
78	20	0
78	21	1
78	22	1
78	23	0
78	24	0
79	1	0
79	2	1
79	3	0
79	4	0
79	5	0
79	6	0
79	7	0
79	8	0
79	9	0
79	10	0
79	11	1
79	12	0
79	13	0
79	14	1
79	15	0
79	16	0
79	17	0
79	18	0
79	19	1
79	20	0
79	21	1
79	22	0
79	23	0
79	24	0
80	1	1
80	2	0
80	3	1
80	4	0
80	5	1
80	6	0
80	7	0
80	8	0
80	9	1
80	10	1
80	11	1
80	12	1
80	13	0
80	14	1
80	15	0
80	16	0
80	17	0
80	18	0
80	19	0
80	20	1
80	21	0
80	22	0
80	23	0
80	24	1
81	1	0
81	2	1
81	3	0
81	4	0
81	5	0
81	6	0
81	7	0
81	8	0
81	9	1
81	10	1
81	11	0
81	12	0
81	13	0
81	14	0
81	15	0
81	16	0
81	17	0
81	18	0
81	19	0
81	20	1
81	21	0
81	22	1
81	23	1
81	24	1
82	1	0
82	2	0
82	3	1
82	4	0
82	5	0
82	6	0
82	7	0
82	8	1
82	9	0
82	10	0
82	11	0
82	12	0
82	13	0
82	14	0
82	15	0
82	16	0
82	17	0
82	18	0
82	19	0
82	20	0
82	21	0
82	22	0
82	23	0
82	24	0
83	1	0
83	2	0
83	3	0
83	4	0
83	5	0
83	6	0
83	7	0
83	8	0
83	9	1
83	10	0
83	11	0
83	12	0
83	13	0
83	14	1
83	15	1
83	16	0
83	17	0
83	18	0
83	19	0
83	20	0
83	21	0
83	22	1
83	23	0
83	24	0
84	1	0
84	2	0
84	3	0
84	4	0
84	5	0
84	6	0
84	7	0
84	8	1
84	9	0
84	10	0
84	11	1
84	12	0
84	13	0
84	14	0
84	15	0
84	16	0
84	17	1
84	18	0
84	19	0
84	20	0
84	21	0
84	22	0
84	23	0
84	24	0
85	1	1
85	2	0
85	3	0
85	4	0
85	5	1
85	6	0
85	7	0
85	8	0
85	9	0
85	10	0
85	11	0
85	12	1
85	13	0
85	14	0
85	15	0
85	16	1
85	17	0
85	18	1
85	19	0
85	20	0
85	21	1
85	22	0
85	23	0
85	24	0
86	1	1
86	2	1
86	3	0
86	4	1
86	5	0
86	6	0
86	7	0
86	8	0
86	9	0
86	10	0
86	11	0
86	12	0
86	13	0
86	14	1
86	15	1
86	16	0
86	17	0
86	18	0
86	19	1
86	20	0
86	21	0
86	22	0
86	23	1
86	24	0
87	1	0
87	2	0
87	3	0
87	4	0
87	5	0
87	6	0
87	7	0
87	8	0
87	9	0
87	10	0
87	11	0
87	12	0
87	13	0
87	14	0
87	15	0
87	16	0
87	17	1
87	18	1
87	19	1
87	20	0
87	21	0
87	22	0
87	23	0
87	24	0
88	1	0
88	2	0
88	3	0
88	4	0
88	5	0
88	6	1
88	7	0
88	8	0
88	9	0
88	10	0
88	11	0
88	12	0
88	13	0
88	14	0
88	15	0
88	16	0
88	17	0
88	18	0
88	19	0
88	20	1
88	21	0
88	22	0
88	23	0
88	24	0
89	1	0
89	2	0
89	3	0
89	4	0
89	5	1
89	6	0
89	7	0
89	8	0
89	9	1
89	10	0
89	11	0
89	12	0
89	13	0
89	14	0
89	15	1
89	16	0
89	17	0
89	18	0
89	19	0
89	20	0
89	21	0
89	22	0
89	23	0
89	24	1
90	1	0
90	2	0
90	3	0
90	4	1
90	5	1
90	6	0
90	7	0
90	8	1
90	9	1
90	10	1
90	11	0
90	12	0
90	13	0
90	14	0
90	15	1
90	16	0
90	17	0
90	18	0
90	19	0
90	20	1
90	21	0
90	22	1
90	23	0
90	24	0
91	1	0
91	2	1
91	3	0
91	4	0
91	5	1
91	6	1
91	7	0
91	8	0
91	9	0
91	10	0
91	11	0
91	12	0
91	13	0
91	14	0
91	15	0
91	16	0
91	17	0
91	18	0
91	19	0
91	20	0
91	21	0
91	22	0
91	23	1
91	24	0
92	1	0
92	2	0
92	3	0
92	4	0
92	5	0
92	6	1
92	7	0
92	8	0
92	9	0
92	10	0
92	11	0
92	12	0
92	13	1
92	14	0
92	15	1
92	16	0
92	17	0
92	18	1
92	19	0
92	20	0
92	21	0
92	22	0
92	23	0
92	24	0
93	1	0
93	2	0
93	3	0
93	4	0
93	5	0
93	6	0
93	7	0
93	8	1
93	9	0
93	10	0
93	11	0
93	12	1
93	13	0
93	14	0
93	15	0
93	16	0
93	17	0
93	18	0
93	19	0
93	20	0
93	21	0
93	22	0
93	23	0
93	24	0
94	1	0
94	2	0
94	3	0
94	4	0
94	5	0
94	6	0
94	7	1
94	8	0
94	9	0
94	10	1
94	11	0
94	12	1
94	13	0
94	14	0
94	15	0
94	16	0
94	17	0
94	18	0
94	19	0
94	20	0
94	21	0
94	22	0
94	23	1
94	24	0
95	1	0
95	2	0
95	3	0
95	4	0
95	5	0
95	6	0
95	7	0
95	8	0
95	9	0
95	10	0
95	11	1
95	12	0
95	13	0
95	14	0
95	15	0
95	16	0
95	17	0
95	18	0
95	19	0
95	20	0
95	21	1
95	22	0
95	23	0
95	24	0
96	1	0
96	2	0
96	3	1
96	4	0
96	5	0
96	6	0
96	7	0
96	8	0
96	9	0
96	10	0
96	11	0
96	12	0
96	13	0
96	14	0
96	15	0
96	16	0
96	17	0
96	18	1
96	19	0
96	20	0
96	21	1
96	22	0
96	23	0
96	24	0
97	1	0
97	2	0
97	3	0
97	4	0
97	5	0
97	6	0
97	7	0
97	8	0
97	9	0
97	10	1
97	11	1
97	12	0
97	13	1
97	14	0
97	15	0
97	16	1
97	17	1
97	18	1
97	19	0
97	20	0
97	21	0
97	22	0
97	23	0
97	24	0
98	1	1
98	2	0
98	3	0
98	4	0
98	5	1
98	6	0
98	7	0
98	8	0
98	9	1
98	10	0
98	11	0
98	12	0
98	13	0
98	14	0
98	15	0
98	16	0
98	17	0
98	18	0
98	19	1
98	20	0
98	21	0
98	22	0
98	23	0
98	24	0
99	1	0
99	2	0
99	3	0
99	4	0
99	5	0
99	6	0
99	7	0
99	8	0
99	9	0
99	10	0
99	11	0
99	12	0
99	13	0
99	14	0
99	15	0
99	16	0
99	17	0
99	18	0
99	19	1
99	20	1
99	21	0
99	22	0
99	23	0
99	24	0
100	1	0
100	2	0
100	3	0
100	4	0
100	5	0
100	6	0
100	7	0
100	8	0
100	9	0
100	10	0
100	11	0
100	12	0
100	13	0
100	14	0
100	15	1
100	16	0
100	17	0
100	18	0
100	19	0
100	20	1
100	21	0
100	22	0
100	23	0
100	24	0
101	1	0
101	2	0
101	3	0
101	4	0
101	5	1
101	6	1
101	7	0
101	8	1
101	9	0
101	10	1
101	11	0
101	12	0
101	13	0
101	14	0
101	15	0
101	16	0
101	17	0
101	18	0
101	19	1
101	20	0
101	21	0
101	22	0
101	23	0
101	24	0
102	1	1
102	2	0
102	3	0
102	4	1
102	5	0
102	6	0
102	7	1
102	8	0
102	9	0
102	10	0
102	11	0
102	12	0
102	13	1
102	14	0
102	15	0
102	16	1
102	17	0
102	18	0
102	19	0
102	20	0
102	21	1
102	22	1
102	23	0
102	24	0
103	1	0
103	2	1
103	3	0
103	4	0
103	5	0
103	6	0
103	7	0
103	8	0
103	9	0
103	10	0
103	11	1
103	12	0
103	13	1
103	14	0
103	15	1
103	16	0
103	17	1
103	18	0
103	19	0
103	20	0
103	21	0
103	22	1
103	23	1
103	24	0
104	1	0
104	2	0
104	3	0
104	4	0
104	5	0
104	6	0
104	7	0
104	8	0
104	9	0
104	10	0
104	11	0
104	12	0
104	13	0
104	14	0
104	15	0
104	16	0
104	17	0
104	18	0
104	19	1
104	20	1
104	21	0
104	22	0
104	23	0
104	24	0
105	1	0
105	2	0
105	3	1
105	4	1
105	5	0
105	6	0
105	7	1
105	8	1
105	9	0
105	10	0
105	11	0
105	12	1
105	13	1
105	14	1
105	15	0
105	16	0
105	17	0
105	18	0
105	19	1
105	20	0
105	21	0
105	22	0
105	23	0
105	24	1
106	1	0
106	2	0
106	3	1
106	4	1
106	5	0
106	6	0
106	7	1
106	8	1
106	9	0
106	10	0
106	11	0
106	12	1
106	13	0
106	14	0
106	15	0
106	16	0
106	17	0
106	18	0
106	19	0
106	20	0
106	21	0
106	22	0
106	23	0
106	24	0
107	1	0
107	2	0
107	3	0
107	4	0
107	5	0
107	6	0
107	7	0
107	8	0
107	9	0
107	10	1
107	11	0
107	12	0
107	13	0
107	14	1
107	15	0
107	16	0
107	17	0
107	18	1
107	19	0
107	20	1
107	21	1
107	22	0
107	23	1
107	24	0
108	1	0
108	2	0
108	3	0
108	4	0
108	5	0
108	6	0
108	7	0
108	8	1
108	9	0
108	10	0
108	11	0
108	12	1
108	13	1
108	14	0
108	15	1
108	16	0
108	17	1
108	18	0
108	19	0
108	20	0
108	21	1
108	22	1
108	23	1
108	24	0
109	1	0
109	2	0
109	3	0
109	4	0
109	5	0
109	6	1
109	7	0
109	8	0
109	9	1
109	10	0
109	11	0
109	12	0
109	13	0
109	14	0
109	15	1
109	16	1
109	17	1
109	18	0
109	19	0
109	20	0
109	21	0
109	22	0
109	23	0
109	24	0
110	1	0
110	2	0
110	3	0
110	4	0
110	5	0
110	6	0
110	7	1
110	8	0
110	9	0
110	10	0
110	11	0
110	12	0
110	13	0
110	14	0
110	15	1
110	16	0
110	17	0
110	18	1
110	19	1
110	20	0
110	21	0
110	22	0
110	23	1
110	24	0
111	1	0
111	2	0
111	3	0
111	4	0
111	5	0
111	6	1
111	7	1
111	8	1
111	9	0
111	10	0
111	11	0
111	12	1
111	13	0
111	14	0
111	15	0
111	16	0
111	17	0
111	18	0
111	19	0
111	20	0
111	21	0
111	22	0
111	23	1
111	24	0
112	1	0
112	2	0
112	3	0
112	4	0
112	5	0
112	6	0
112	7	1
112	8	1
112	9	0
112	10	0
112	11	0
112	12	0
112	13	0
112	14	1
112	15	1
112	16	0
112	17	0
112	18	0
112	19	0
112	20	0
112	21	0
112	22	0
112	23	0
112	24	0
113	1	0
113	2	0
113	3	0
113	4	1
113	5	0
113	6	0
113	7	0
113	8	0
113	9	0
113	10	0
113	11	0
113	12	1
113	13	0
113	14	1
113	15	0
113	16	0
113	17	0
113	18	0
113	19	1
113	20	1
113	21	0
113	22	0
113	23	1
113	24	0
114	1	1
114	2	0
114	3	0
114	4	0
114	5	1
114	6	0
114	7	0
114	8	1
114	9	0
114	10	1
114	11	1
114	12	0
114	13	0
114	14	0
114	15	0
114	16	0
114	17	0
114	18	0
114	19	0
114	20	0
114	21	0
114	22	0
114	23	0
114	24	0
115	1	0
115	2	0
115	3	0
115	4	0
115	5	0
115	6	0
115	7	1
115	8	0
115	9	0
115	10	1
115	11	1
115	12	0
115	13	0
115	14	0
115	15	1
115	16	0
115	17	0
115	18	0
115	19	0
115	20	0
115	21	0
115	22	0
115	23	1
115	24	0
116	1	1
116	2	0
116	3	0
116	4	1
116	5	1
116	6	0
116	7	0
116	8	0
116	9	0
116	10	0
116	11	0
116	12	0
116	13	0
116	14	0
116	15	1
116	16	0
116	17	0
116	18	0
116	19	0
116	20	0
116	21	0
116	22	0
116	23	0
116	24	0
117	1	0
117	2	0
117	3	0
117	4	0
117	5	1
117	6	1
117	7	0
117	8	0
117	9	0
117	10	0
117	11	0
117	12	0
117	13	1
117	14	0
117	15	0
117	16	1
117	17	0
117	18	0
117	19	1
117	20	0
117	21	0
117	22	0
117	23	0
117	24	1
118	1	0
118	2	0
118	3	0
118	4	0
118	5	0
118	6	1
118	7	0
118	8	0
118	9	1
118	10	0
118	11	1
118	12	0
118	13	0
118	14	0
118	15	0
118	16	1
118	17	0
118	18	0
118	19	0
118	20	0
118	21	0
118	22	0
118	23	0
118	24	0
119	1	0
119	2	0
119	3	0
119	4	0
119	5	0
119	6	0
119	7	0
119	8	0
119	9	0
119	10	0
119	11	0
119	12	0
119	13	0
119	14	0
119	15	0
119	16	0
119	17	0
119	18	0
119	19	0
119	20	0
119	21	0
119	22	0
119	23	0
119	24	0
120	1	0
120	2	0
120	3	1
120	4	1
120	5	0
120	6	0
120	7	0
120	8	0
120	9	0
120	10	0
120	11	0
120	12	0
120	13	0
120	14	0
120	15	0
120	16	0
120	17	0
120	18	0
120	19	0
120	20	0
120	21	0
120	22	1
120	23	0
120	24	0
121	1	0
121	2	0
121	3	0
121	4	0
121	5	0
121	6	0
121	7	0
121	8	1
121	9	0
121	10	0
121	11	0
121	12	1
121	13	0
121	14	0
121	15	0
121	16	0
121	17	0
121	18	0
121	19	0
121	20	0
121	21	1
121	22	0
121	23	0
121	24	0
122	1	0
122	2	0
122	3	0
122	4	0
122	5	0
122	6	0
122	7	0
122	8	0
122	9	0
122	10	0
122	11	0
122	12	0
122	13	0
122	14	0
122	15	1
122	16	0
122	17	0
122	18	0
122	19	0
122	20	0
122	21	0
122	22	0
122	23	0
122	24	0
123	1	0
123	2	1
123	3	0
123	4	0
123	5	0
123	6	1
123	7	0
123	8	0
123	9	0
123	10	0
123	11	0
123	12	0
123	13	0
123	14	0
123	15	0
123	16	0
123	17	1
123	18	0
123	19	0
123	20	0
123	21	0
123	22	0
123	23	0
123	24	1
124	1	1
124	2	1
124	3	0
124	4	0
124	5	0
124	6	0
124	7	0
124	8	0
124	9	0
124	10	0
124	11	0
124	12	0
124	13	0
124	14	0
124	15	0
124	16	0
124	17	0
124	18	1
124	19	0
124	20	0
124	21	0
124	22	0
124	23	0
124	24	0
125	1	0
125	2	0
125	3	0
125	4	0
125	5	1
125	6	0
125	7	0
125	8	0
125	9	0
125	10	0
125	11	0
125	12	1
125	13	0
125	14	0
125	15	0
125	16	0
125	17	1
125	18	0
125	19	0
125	20	0
125	21	0
125	22	1
125	23	1
125	24	0
126	1	1
126	2	0
126	3	1
126	4	0
126	5	0
126	6	0
126	7	0
126	8	1
126	9	0
126	10	1
126	11	1
126	12	0
126	13	0
126	14	0
126	15	1
126	16	0
126	17	1
126	18	1
126	19	0
126	20	0
126	21	0
126	22	0
126	23	0
126	24	1
127	1	0
127	2	0
127	3	0
127	4	0
127	5	0
127	6	0
127	7	0
127	8	0
127	9	0
127	10	1
127	11	0
127	12	0
127	13	0
127	14	0
127	15	0
127	16	1
127	17	0
127	18	0
127	19	1
127	20	0
127	21	0
127	22	0
127	23	0
127	24	1
128	1	0
128	2	1
128	3	0
128	4	0
128	5	0
128	6	0
128	7	0
128	8	0
128	9	0
128	10	1
128	11	1
128	12	0
128	13	0
128	14	0
128	15	0
128	16	0
128	17	0
128	18	0
128	19	1
128	20	0
128	21	0
128	22	0
128	23	1
128	24	0
129	1	1
129	2	0
129	3	0
129	4	0
129	5	0
129	6	0
129	7	0
129	8	1
129	9	0
129	10	0
129	11	0
129	12	0
129	13	1
129	14	0
129	15	0
129	16	0
129	17	0
129	18	0
129	19	0
129	20	0
129	21	0
129	22	0
129	23	0
129	24	0
130	1	0
130	2	0
130	3	0
130	4	0
130	5	0
130	6	1
130	7	0
130	8	0
130	9	0
130	10	0
130	11	1
130	12	0
130	13	0
130	14	0
130	15	1
130	16	0
130	17	0
130	18	0
130	19	0
130	20	0
130	21	0
130	22	0
130	23	0
130	24	0
131	1	0
131	2	0
131	3	0
131	4	0
131	5	1
131	6	1
131	7	0
131	8	0
131	9	0
131	10	0
131	11	1
131	12	0
131	13	1
131	14	0
131	15	0
131	16	0
131	17	1
131	18	0
131	19	0
131	20	0
131	21	0
131	22	0
131	23	0
131	24	0
132	1	1
132	2	0
132	3	0
132	4	0
132	5	0
132	6	1
132	7	0
132	8	0
132	9	0
132	10	0
132	11	0
132	12	0
132	13	0
132	14	0
132	15	1
132	16	0
132	17	0
132	18	0
132	19	0
132	20	0
132	21	0
132	22	0
132	23	0
132	24	0
133	1	0
133	2	1
133	3	0
133	4	0
133	5	0
133	6	1
133	7	0
133	8	0
133	9	0
133	10	0
133	11	0
133	12	0
133	13	0
133	14	0
133	15	1
133	16	0
133	17	1
133	18	1
133	19	0
133	20	0
133	21	0
133	22	0
133	23	0
133	24	0
134	1	0
134	2	0
134	3	1
134	4	0
134	5	0
134	6	0
134	7	0
134	8	0
134	9	0
134	10	0
134	11	1
134	12	0
134	13	0
134	14	0
134	15	0
134	16	0
134	17	1
134	18	0
134	19	0
134	20	0
134	21	1
134	22	0
134	23	0
134	24	0
135	1	0
135	2	0
135	3	0
135	4	0
135	5	0
135	6	0
135	7	1
135	8	1
135	9	0
135	10	0
135	11	0
135	12	1
135	13	0
135	14	0
135	15	0
135	16	0
135	17	0
135	18	0
135	19	0
135	20	0
135	21	1
135	22	0
135	23	0
135	24	1
136	1	1
136	2	0
136	3	0
136	4	0
136	5	0
136	6	0
136	7	0
136	8	0
136	9	0
136	10	0
136	11	0
136	12	0
136	13	1
136	14	0
136	15	0
136	16	1
136	17	0
136	18	0
136	19	0
136	20	1
136	21	0
136	22	0
136	23	1
136	24	0
137	1	0
137	2	0
137	3	0
137	4	0
137	5	0
137	6	1
137	7	1
137	8	1
137	9	0
137	10	0
137	11	0
137	12	0
137	13	1
137	14	0
137	15	0
137	16	0
137	17	1
137	18	1
137	19	0
137	20	0
137	21	0
137	22	0
137	23	1
137	24	1
138	1	1
138	2	1
138	3	0
138	4	0
138	5	0
138	6	0
138	7	1
138	8	1
138	9	1
138	10	0
138	11	0
138	12	0
138	13	0
138	14	0
138	15	1
138	16	1
138	17	0
138	18	0
138	19	0
138	20	0
138	21	0
138	22	0
138	23	0
138	24	0
139	1	0
139	2	1
139	3	0
139	4	0
139	5	0
139	6	0
139	7	0
139	8	0
139	9	0
139	10	0
139	11	1
139	12	0
139	13	0
139	14	0
139	15	0
139	16	0
139	17	0
139	18	1
139	19	1
139	20	0
139	21	0
139	22	0
139	23	1
139	24	1
140	1	0
140	2	0
140	3	1
140	4	0
140	5	0
140	6	0
140	7	1
140	8	0
140	9	0
140	10	0
140	11	0
140	12	0
140	13	0
140	14	0
140	15	0
140	16	0
140	17	0
140	18	0
140	19	0
140	20	0
140	21	0
140	22	1
140	23	0
140	24	0
141	1	1
141	2	0
141	3	0
141	4	0
141	5	0
141	6	0
141	7	1
141	8	0
141	9	0
141	10	0
141	11	1
141	12	0
141	13	0
141	14	1
141	15	1
141	16	0
141	17	0
141	18	0
141	19	0
141	20	0
141	21	0
141	22	0
141	23	0
141	24	0
142	1	0
142	2	0
142	3	0
142	4	0
142	5	0
142	6	0
142	7	0
142	8	1
142	9	0
142	10	0
142	11	1
142	12	1
142	13	0
142	14	0
142	15	0
142	16	0
142	17	1
142	18	1
142	19	0
142	20	1
142	21	0
142	22	0
142	23	0
142	24	0
143	1	0
143	2	1
143	3	0
143	4	0
143	5	1
143	6	0
143	7	0
143	8	0
143	9	1
143	10	0
143	11	0
143	12	0
143	13	0
143	14	0
143	15	0
143	16	0
143	17	0
143	18	0
143	19	0
143	20	0
143	21	1
143	22	0
143	23	0
143	24	1
144	1	0
144	2	1
144	3	0
144	4	0
144	5	1
144	6	0
144	7	0
144	8	1
144	9	0
144	10	0
144	11	1
144	12	0
144	13	0
144	14	0
144	15	1
144	16	0
144	17	0
144	18	0
144	19	0
144	20	0
144	21	1
144	22	0
144	23	0
144	24	0
145	1	1
145	2	1
145	3	0
145	4	0
145	5	1
145	6	0
145	7	0
145	8	1
145	9	1
145	10	0
145	11	0
145	12	0
145	13	0
145	14	1
145	15	0
145	16	0
145	17	1
145	18	0
145	19	0
145	20	0
145	21	0
145	22	0
145	23	1
145	24	0
146	1	0
146	2	0
146	3	0
146	4	1
146	5	0
146	6	1
146	7	0
146	8	1
146	9	0
146	10	0
146	11	0
146	12	0
146	13	0
146	14	1
146	15	0
146	16	1
146	17	0
146	18	0
146	19	1
146	20	0
146	21	0
146	22	0
146	23	0
146	24	0
147	1	0
147	2	0
147	3	0
147	4	1
147	5	0
147	6	0
147	7	0
147	8	1
147	9	1
147	10	1
147	11	0
147	12	0
147	13	0
147	14	0
147	15	0
147	16	0
147	17	0
147	18	0
147	19	1
147	20	0
147	21	0
147	22	0
147	23	0
147	24	1
148	1	0
148	2	0
148	3	1
148	4	1
148	5	0
148	6	0
148	7	0
148	8	1
148	9	0
148	10	0
148	11	0
148	12	0
148	13	0
148	14	1
148	15	0
148	16	0
148	17	0
148	18	0
148	19	0
148	20	0
148	21	1
148	22	0
148	23	0
148	24	0
149	1	1
149	2	0
149	3	0
149	4	0
149	5	1
149	6	0
149	7	0
149	8	0
149	9	1
149	10	0
149	11	0
149	12	0
149	13	0
149	14	0
149	15	0
149	16	0
149	17	0
149	18	1
149	19	0
149	20	0
149	21	0
149	22	0
149	23	1
149	24	0
150	1	0
150	2	0
150	3	0
150	4	0
150	5	0
150	6	0
150	7	1
150	8	0
150	9	1
150	10	0
150	11	1
150	12	0
150	13	1
150	14	0
150	15	0
150	16	0
150	17	0
150	18	0
150	19	0
150	20	0
150	21	0
150	22	0
150	23	0
150	24	1
151	1	0
151	2	0
151	3	1
151	4	1
151	5	1
151	6	0
151	7	0
151	8	0
151	9	1
151	10	0
151	11	0
151	12	0
151	13	0
151	14	0
151	15	0
151	16	0
151	17	0
151	18	0
151	19	1
151	20	0
151	21	0
151	22	0
151	23	0
151	24	0
152	1	1
152	2	1
152	3	0
152	4	1
152	5	1
152	6	1
152	7	1
152	8	0
152	9	1
152	10	0
152	11	0
152	12	0
152	13	1
152	14	1
152	15	0
152	16	0
152	17	0
152	18	1
152	19	0
152	20	0
152	21	1
152	22	0
152	23	0
152	24	1
153	1	0
153	2	1
153	3	0
153	4	0
153	5	0
153	6	0
153	7	0
153	8	0
153	9	0
153	10	0
153	11	1
153	12	0
153	13	0
153	14	1
153	15	0
153	16	0
153	17	0
153	18	0
153	19	0
153	20	1
153	21	0
153	22	0
153	23	0
153	24	0
154	1	0
154	2	1
154	3	0
154	4	0
154	5	0
154	6	0
154	7	0
154	8	0
154	9	0
154	10	0
154	11	1
154	12	0
154	13	0
154	14	0
154	15	0
154	16	0
154	17	0
154	18	0
154	19	1
154	20	0
154	21	0
154	22	0
154	23	1
154	24	0
155	1	0
155	2	1
155	3	0
155	4	0
155	5	0
155	6	0
155	7	1
155	8	0
155	9	0
155	10	0
155	11	0
155	12	1
155	13	0
155	14	0
155	15	1
155	16	0
155	17	1
155	18	0
155	19	0
155	20	0
155	21	0
155	22	0
155	23	0
155	24	0
156	1	0
156	2	1
156	3	1
156	4	1
156	5	0
156	6	1
156	7	0
156	8	0
156	9	1
156	10	0
156	11	0
156	12	0
156	13	0
156	14	0
156	15	0
156	16	0
156	17	0
156	18	0
156	19	0
156	20	0
156	21	0
156	22	0
156	23	0
156	24	0
157	1	0
157	2	0
157	3	0
157	4	0
157	5	0
157	6	0
157	7	0
157	8	0
157	9	0
157	10	1
157	11	0
157	12	1
157	13	0
157	14	0
157	15	0
157	16	0
157	17	0
157	18	0
157	19	0
157	20	1
157	21	0
157	22	0
157	23	0
157	24	0
158	1	0
158	2	0
158	3	0
158	4	0
158	5	1
158	6	0
158	7	0
158	8	0
158	9	1
158	10	0
158	11	0
158	12	0
158	13	0
158	14	0
158	15	0
158	16	0
158	17	0
158	18	0
158	19	0
158	20	0
158	21	0
158	22	0
158	23	0
158	24	0
159	1	0
159	2	0
159	3	0
159	4	0
159	5	0
159	6	0
159	7	0
159	8	0
159	9	1
159	10	0
159	11	1
159	12	0
159	13	0
159	14	0
159	15	0
159	16	0
159	17	0
159	18	0
159	19	1
159	20	0
159	21	0
159	22	0
159	23	0
159	24	1
160	1	0
160	2	0
160	3	0
160	4	0
160	5	0
160	6	0
160	7	0
160	8	0
160	9	0
160	10	1
160	11	0
160	12	1
160	13	0
160	14	0
160	15	0
160	16	0
160	17	0
160	18	0
160	19	1
160	20	0
160	21	0
160	22	1
160	23	0
160	24	0
161	1	1
161	2	0
161	3	1
161	4	0
161	5	0
161	6	1
161	7	1
161	8	0
161	9	0
161	10	1
161	11	0
161	12	0
161	13	0
161	14	0
161	15	0
161	16	0
161	17	1
161	18	0
161	19	0
161	20	0
161	21	0
161	22	0
161	23	0
161	24	1
162	1	0
162	2	0
162	3	1
162	4	0
162	5	0
162	6	0
162	7	0
162	8	0
162	9	0
162	10	0
162	11	1
162	12	0
162	13	0
162	14	0
162	15	0
162	16	1
162	17	0
162	18	0
162	19	0
162	20	0
162	21	0
162	22	0
162	23	0
162	24	0
163	1	0
163	2	0
163	3	1
163	4	1
163	5	0
163	6	0
163	7	0
163	8	0
163	9	0
163	10	0
163	11	0
163	12	1
163	13	0
163	14	0
163	15	0
163	16	0
163	17	0
163	18	0
163	19	1
163	20	0
163	21	0
163	22	0
163	23	0
163	24	0
164	1	0
164	2	0
164	3	1
164	4	1
164	5	0
164	6	0
164	7	0
164	8	0
164	9	0
164	10	0
164	11	1
164	12	0
164	13	0
164	14	0
164	15	0
164	16	1
164	17	0
164	18	1
164	19	0
164	20	0
164	21	0
164	22	1
164	23	0
164	24	1
165	1	0
165	2	1
165	3	1
165	4	0
165	5	0
165	6	1
165	7	0
165	8	0
165	9	0
165	10	1
165	11	0
165	12	0
165	13	0
165	14	1
165	15	0
165	16	0
165	17	0
165	18	0
165	19	1
165	20	0
165	21	0
165	22	0
165	23	0
165	24	0
166	1	0
166	2	0
166	3	1
166	4	0
166	5	0
166	6	0
166	7	0
166	8	0
166	9	0
166	10	0
166	11	1
166	12	0
166	13	0
166	14	0
166	15	0
166	16	0
166	17	0
166	18	0
166	19	0
166	20	0
166	21	0
166	22	0
166	23	0
166	24	0
167	1	0
167	2	0
167	3	0
167	4	0
167	5	1
167	6	0
167	7	0
167	8	0
167	9	1
167	10	0
167	11	0
167	12	0
167	13	0
167	14	0
167	15	0
167	16	1
167	17	0
167	18	0
167	19	0
167	20	0
167	21	0
167	22	0
167	23	0
167	24	1
168	1	0
168	2	0
168	3	0
168	4	1
168	5	0
168	6	0
168	7	0
168	8	0
168	9	1
168	10	0
168	11	0
168	12	0
168	13	0
168	14	0
168	15	0
168	16	0
168	17	0
168	18	0
168	19	0
168	20	0
168	21	0
168	22	0
168	23	0
168	24	1
169	1	0
169	2	0
169	3	0
169	4	0
169	5	0
169	6	1
169	7	0
169	8	0
169	9	1
169	10	0
169	11	0
169	12	0
169	13	0
169	14	0
169	15	0
169	16	0
169	17	0
169	18	0
169	19	0
169	20	1
169	21	0
169	22	1
169	23	1
169	24	0
170	1	0
170	2	1
170	3	0
170	4	0
170	5	0
170	6	0
170	7	0
170	8	0
170	9	1
170	10	0
170	11	0
170	12	1
170	13	0
170	14	0
170	15	0
170	16	0
170	17	0
170	18	0
170	19	0
170	20	0
170	21	1
170	22	0
170	23	1
170	24	0
171	1	0
171	2	1
171	3	0
171	4	0
171	5	0
171	6	0
171	7	1
171	8	0
171	9	0
171	10	0
171	11	0
171	12	0
171	13	0
171	14	1
171	15	0
171	16	0
171	17	0
171	18	0
171	19	0
171	20	0
171	21	0
171	22	0
171	23	0
171	24	0
172	1	0
172	2	0
172	3	0
172	4	0
172	5	0
172	6	0
172	7	0
172	8	1
172	9	0
172	10	0
172	11	1
172	12	0
172	13	0
172	14	0
172	15	0
172	16	0
172	17	0
172	18	0
172	19	0
172	20	0
172	21	0
172	22	0
172	23	0
172	24	0
173	1	0
173	2	0
173	3	1
173	4	1
173	5	0
173	6	1
173	7	0
173	8	0
173	9	0
173	10	0
173	11	0
173	12	0
173	13	0
173	14	1
173	15	0
173	16	0
173	17	0
173	18	0
173	19	0
173	20	0
173	21	0
173	22	0
173	23	1
173	24	1
174	1	0
174	2	1
174	3	0
174	4	0
174	5	0
174	6	0
174	7	0
174	8	1
174	9	1
174	10	0
174	11	0
174	12	0
174	13	0
174	14	1
174	15	0
174	16	0
174	17	1
174	18	0
174	19	1
174	20	0
174	21	0
174	22	0
174	23	1
174	24	0
175	1	0
175	2	0
175	3	0
175	4	1
175	5	0
175	6	1
175	7	0
175	8	0
175	9	0
175	10	0
175	11	1
175	12	1
175	13	0
175	14	0
175	15	0
175	16	0
175	17	0
175	18	0
175	19	0
175	20	1
175	21	0
175	22	0
175	23	0
175	24	0
176	1	1
176	2	0
176	3	1
176	4	0
176	5	0
176	6	0
176	7	0
176	8	0
176	9	0
176	10	0
176	11	0
176	12	0
176	13	0
176	14	0
176	15	0
176	16	0
176	17	0
176	18	0
176	19	0
176	20	0
176	21	1
176	22	0
176	23	0
176	24	0
177	1	0
177	2	0
177	3	1
177	4	1
177	5	0
177	6	0
177	7	0
177	8	0
177	9	1
177	10	0
177	11	0
177	12	0
177	13	1
177	14	0
177	15	0
177	16	0
177	17	0
177	18	1
177	19	0
177	20	0
177	21	0
177	22	0
177	23	0
177	24	1
178	1	1
178	2	0
178	3	0
178	4	1
178	5	0
178	6	0
178	7	0
178	8	0
178	9	0
178	10	0
178	11	0
178	12	1
178	13	0
178	14	1
178	15	0
178	16	0
178	17	0
178	18	0
178	19	0
178	20	0
178	21	0
178	22	0
178	23	0
178	24	0
179	1	0
179	2	0
179	3	0
179	4	1
179	5	0
179	6	1
179	7	1
179	8	1
179	9	0
179	10	0
179	11	0
179	12	0
179	13	0
179	14	0
179	15	1
179	16	0
179	17	0
179	18	0
179	19	0
179	20	0
179	21	0
179	22	0
179	23	0
179	24	0
180	1	0
180	2	0
180	3	0
180	4	1
180	5	0
180	6	0
180	7	1
180	8	0
180	9	0
180	10	0
180	11	0
180	12	1
180	13	0
180	14	0
180	15	1
180	16	0
180	17	0
180	18	0
180	19	0
180	20	0
180	21	0
180	22	0
180	23	0
180	24	0
181	1	0
181	2	0
181	3	1
181	4	0
181	5	0
181	6	0
181	7	0
181	8	0
181	9	0
181	10	0
181	11	1
181	12	0
181	13	0
181	14	0
181	15	0
181	16	0
181	17	0
181	18	1
181	19	0
181	20	0
181	21	0
181	22	0
181	23	0
181	24	0
182	1	0
182	2	0
182	3	0
182	4	0
182	5	0
182	6	1
182	7	0
182	8	1
182	9	0
182	10	0
182	11	0
182	12	0
182	13	0
182	14	0
182	15	1
182	16	0
182	17	0
182	18	1
182	19	0
182	20	0
182	21	0
182	22	1
182	23	0
182	24	0
183	1	0
183	2	0
183	3	1
183	4	1
183	5	1
183	6	0
183	7	1
183	8	0
183	9	1
183	10	1
183	11	1
183	12	1
183	13	1
183	14	0
183	15	0
183	16	0
183	17	0
183	18	0
183	19	0
183	20	0
183	21	0
183	22	0
183	23	0
183	24	0
184	1	0
184	2	0
184	3	0
184	4	0
184	5	0
184	6	0
184	7	0
184	8	1
184	9	0
184	10	0
184	11	1
184	12	0
184	13	0
184	14	0
184	15	1
184	16	0
184	17	0
184	18	0
184	19	0
184	20	0
184	21	1
184	22	0
184	23	0
184	24	0
185	1	1
185	2	0
185	3	0
185	4	0
185	5	0
185	6	0
185	7	0
185	8	0
185	9	0
185	10	1
185	11	1
185	12	0
185	13	0
185	14	0
185	15	0
185	16	0
185	17	0
185	18	0
185	19	0
185	20	1
185	21	0
185	22	0
185	23	0
185	24	0
186	1	0
186	2	0
186	3	0
186	4	1
186	5	0
186	6	0
186	7	0
186	8	0
186	9	0
186	10	0
186	11	1
186	12	0
186	13	0
186	14	0
186	15	0
186	16	0
186	17	0
186	18	0
186	19	0
186	20	1
186	21	0
186	22	0
186	23	0
186	24	0
187	1	0
187	2	1
187	3	0
187	4	0
187	5	0
187	6	0
187	7	0
187	8	0
187	9	0
187	10	0
187	11	0
187	12	0
187	13	0
187	14	0
187	15	0
187	16	0
187	17	0
187	18	1
187	19	0
187	20	0
187	21	0
187	22	1
187	23	1
187	24	1
188	1	0
188	2	0
188	3	1
188	4	0
188	5	0
188	6	0
188	7	0
188	8	0
188	9	0
188	10	1
188	11	0
188	12	0
188	13	1
188	14	1
188	15	0
188	16	1
188	17	0
188	18	0
188	19	1
188	20	0
188	21	0
188	22	0
188	23	1
188	24	0
189	1	0
189	2	0
189	3	1
189	4	0
189	5	0
189	6	0
189	7	1
189	8	1
189	9	0
189	10	0
189	11	0
189	12	0
189	13	0
189	14	0
189	15	1
189	16	0
189	17	1
189	18	0
189	19	0
189	20	0
189	21	0
189	22	0
189	23	0
189	24	0
190	1	1
190	2	1
190	3	0
190	4	0
190	5	0
190	6	0
190	7	0
190	8	0
190	9	0
190	10	1
190	11	0
190	12	0
190	13	0
190	14	1
190	15	0
190	16	0
190	17	0
190	18	0
190	19	1
190	20	1
190	21	0
190	22	1
190	23	0
190	24	0
191	1	0
191	2	0
191	3	0
191	4	0
191	5	0
191	6	0
191	7	0
191	8	0
191	9	0
191	10	0
191	11	0
191	12	1
191	13	0
191	14	0
191	15	0
191	16	0
191	17	1
191	18	0
191	19	0
191	20	0
191	21	0
191	22	1
191	23	1
191	24	0
192	1	0
192	2	0
192	3	0
192	4	0
192	5	0
192	6	1
192	7	0
192	8	0
192	9	0
192	10	0
192	11	0
192	12	0
192	13	0
192	14	1
192	15	0
192	16	0
192	17	0
192	18	0
192	19	1
192	20	0
192	21	0
192	22	0
192	23	0
192	24	0
193	1	0
193	2	0
193	3	0
193	4	1
193	5	0
193	6	0
193	7	1
193	8	0
193	9	1
193	10	0
193	11	0
193	12	0
193	13	0
193	14	1
193	15	0
193	16	0
193	17	0
193	18	0
193	19	0
193	20	0
193	21	0
193	22	0
193	23	0
193	24	0
194	1	0
194	2	0
194	3	0
194	4	0
194	5	0
194	6	1
194	7	0
194	8	0
194	9	0
194	10	0
194	11	0
194	12	0
194	13	0
194	14	0
194	15	1
194	16	1
194	17	0
194	18	0
194	19	0
194	20	0
194	21	0
194	22	0
194	23	0
194	24	0
195	1	0
195	2	0
195	3	0
195	4	0
195	5	1
195	6	0
195	7	1
195	8	0
195	9	0
195	10	0
195	11	0
195	12	1
195	13	0
195	14	0
195	15	1
195	16	1
195	17	0
195	18	0
195	19	1
195	20	0
195	21	1
195	22	0
195	23	1
195	24	0
196	1	0
196	2	0
196	3	0
196	4	0
196	5	0
196	6	0
196	7	0
196	8	0
196	9	0
196	10	1
196	11	0
196	12	1
196	13	0
196	14	0
196	15	0
196	16	0
196	17	1
196	18	0
196	19	0
196	20	0
196	21	0
196	22	0
196	23	0
196	24	0
197	1	0
197	2	0
197	3	0
197	4	0
197	5	0
197	6	1
197	7	0
197	8	0
197	9	1
197	10	0
197	11	1
197	12	0
197	13	0
197	14	0
197	15	1
197	16	1
197	17	0
197	18	0
197	19	1
197	20	1
197	21	0
197	22	1
197	23	0
197	24	0
198	1	0
198	2	0
198	3	1
198	4	0
198	5	0
198	6	0
198	7	0
198	8	0
198	9	0
198	10	1
198	11	1
198	12	1
198	13	0
198	14	0
198	15	0
198	16	0
198	17	0
198	18	0
198	19	0
198	20	0
198	21	1
198	22	1
198	23	1
198	24	0
199	1	0
199	2	0
199	3	1
199	4	0
199	5	0
199	6	1
199	7	0
199	8	0
199	9	0
199	10	0
199	11	0
199	12	0
199	13	0
199	14	0
199	15	0
199	16	0
199	17	0
199	18	0
199	19	0
199	20	0
199	21	0
199	22	1
199	23	1
199	24	0
200	1	0
200	2	1
200	3	0
200	4	0
200	5	0
200	6	0
200	7	0
200	8	0
200	9	0
200	10	0
200	11	0
200	12	0
200	13	0
200	14	0
200	15	0
200	16	1
200	17	0
200	18	0
200	19	0
200	20	0
200	21	0
200	22	1
200	23	0
200	24	0
201	1	0
201	2	0
201	3	0
201	4	0
201	5	0
201	6	0
201	7	0
201	8	1
201	9	0
201	10	0
201	11	0
201	12	0
201	13	0
201	14	0
201	15	0
201	16	0
201	17	1
201	18	0
201	19	0
201	20	0
201	21	0
201	22	1
201	23	0
201	24	0
202	1	0
202	2	1
202	3	0
202	4	0
202	5	0
202	6	0
202	7	0
202	8	1
202	9	0
202	10	0
202	11	1
202	12	0
202	13	0
202	14	0
202	15	0
202	16	0
202	17	0
202	18	1
202	19	1
202	20	1
202	21	0
202	22	1
202	23	0
202	24	0
203	1	0
203	2	0
203	3	0
203	4	0
203	5	0
203	6	0
203	7	1
203	8	0
203	9	0
203	10	1
203	11	0
203	12	0
203	13	0
203	14	0
203	15	0
203	16	0
203	17	1
203	18	0
203	19	1
203	20	0
203	21	1
203	22	0
203	23	0
203	24	0
204	1	1
204	2	0
204	3	0
204	4	0
204	5	0
204	6	0
204	7	0
204	8	1
204	9	0
204	10	0
204	11	0
204	12	0
204	13	0
204	14	0
204	15	0
204	16	0
204	17	0
204	18	0
204	19	0
204	20	1
204	21	0
204	22	0
204	23	0
204	24	0
205	1	0
205	2	0
205	3	0
205	4	0
205	5	0
205	6	1
205	7	1
205	8	0
205	9	0
205	10	0
205	11	0
205	12	1
205	13	1
205	14	0
205	15	0
205	16	0
205	17	0
205	18	0
205	19	0
205	20	0
205	21	0
205	22	0
205	23	0
205	24	0
206	1	1
206	2	0
206	3	0
206	4	0
206	5	0
206	6	0
206	7	0
206	8	1
206	9	0
206	10	0
206	11	0
206	12	0
206	13	0
206	14	0
206	15	0
206	16	0
206	17	0
206	18	1
206	19	0
206	20	0
206	21	0
206	22	0
206	23	1
206	24	0
207	1	1
207	2	0
207	3	1
207	4	0
207	5	0
207	6	0
207	7	0
207	8	1
207	9	0
207	10	0
207	11	0
207	12	0
207	13	0
207	14	1
207	15	0
207	16	0
207	17	0
207	18	0
207	19	0
207	20	0
207	21	0
207	22	0
207	23	0
207	24	0
208	1	1
208	2	0
208	3	0
208	4	0
208	5	1
208	6	0
208	7	0
208	8	0
208	9	0
208	10	0
208	11	0
208	12	0
208	13	0
208	14	0
208	15	1
208	16	0
208	17	0
208	18	0
208	19	1
208	20	1
208	21	0
208	22	0
208	23	0
208	24	0
209	1	1
209	2	0
209	3	1
209	4	0
209	5	0
209	6	0
209	7	0
209	8	0
209	9	1
209	10	0
209	11	0
209	12	0
209	13	1
209	14	0
209	15	0
209	16	0
209	17	1
209	18	0
209	19	0
209	20	0
209	21	0
209	22	0
209	23	0
209	24	0
210	1	0
210	2	1
210	3	0
210	4	0
210	5	0
210	6	0
210	7	0
210	8	0
210	9	0
210	10	0
210	11	1
210	12	0
210	13	0
210	14	0
210	15	0
210	16	0
210	17	0
210	18	0
210	19	0
210	20	0
210	21	0
210	22	0
210	23	0
210	24	1
211	1	0
211	2	0
211	3	0
211	4	1
211	5	0
211	6	1
211	7	0
211	8	0
211	9	0
211	10	0
211	11	0
211	12	0
211	13	1
211	14	0
211	15	0
211	16	0
211	17	0
211	18	0
211	19	0
211	20	0
211	21	0
211	22	0
211	23	0
211	24	1
212	1	0
212	2	0
212	3	0
212	4	0
212	5	0
212	6	0
212	7	0
212	8	0
212	9	0
212	10	0
212	11	0
212	12	0
212	13	1
212	14	0
212	15	0
212	16	0
212	17	0
212	18	0
212	19	0
212	20	0
212	21	0
212	22	0
212	23	0
212	24	0
213	1	0
213	2	0
213	3	0
213	4	0
213	5	0
213	6	0
213	7	0
213	8	0
213	9	0
213	10	0
213	11	0
213	12	0
213	13	0
213	14	0
213	15	0
213	16	1
213	17	1
213	18	0
213	19	1
213	20	0
213	21	0
213	22	0
213	23	0
213	24	0
214	1	0
214	2	0
214	3	0
214	4	0
214	5	0
214	6	0
214	7	1
214	8	0
214	9	0
214	10	0
214	11	1
214	12	0
214	13	1
214	14	0
214	15	0
214	16	0
214	17	1
214	18	0
214	19	0
214	20	0
214	21	1
214	22	1
214	23	1
214	24	0
215	1	0
215	2	0
215	3	0
215	4	0
215	5	0
215	6	0
215	7	1
215	8	0
215	9	0
215	10	0
215	11	1
215	12	0
215	13	0
215	14	0
215	15	0
215	16	1
215	17	0
215	18	0
215	19	0
215	20	0
215	21	0
215	22	0
215	23	0
215	24	0
216	1	0
216	2	0
216	3	0
216	4	0
216	5	0
216	6	1
216	7	0
216	8	0
216	9	0
216	10	0
216	11	1
216	12	0
216	13	0
216	14	0
216	15	0
216	16	0
216	17	0
216	18	0
216	19	0
216	20	1
216	21	1
216	22	0
216	23	0
216	24	0
217	1	0
217	2	1
217	3	0
217	4	0
217	5	0
217	6	0
217	7	0
217	8	0
217	9	0
217	10	0
217	11	0
217	12	1
217	13	0
217	14	0
217	15	0
217	16	0
217	17	0
217	18	0
217	19	0
217	20	0
217	21	0
217	22	0
217	23	0
217	24	0
218	1	0
218	2	0
218	3	0
218	4	0
218	5	0
218	6	0
218	7	1
218	8	0
218	9	0
218	10	0
218	11	0
218	12	0
218	13	0
218	14	0
218	15	0
218	16	0
218	17	0
218	18	0
218	19	1
218	20	0
218	21	0
218	22	0
218	23	0
218	24	0
219	1	0
219	2	0
219	3	0
219	4	0
219	5	0
219	6	0
219	7	0
219	8	0
219	9	0
219	10	0
219	11	0
219	12	0
219	13	0
219	14	0
219	15	0
219	16	0
219	17	0
219	18	0
219	19	1
219	20	0
219	21	0
219	22	1
219	23	0
219	24	0
220	1	1
220	2	0
220	3	0
220	4	0
220	5	0
220	6	0
220	7	0
220	8	0
220	9	0
220	10	1
220	11	0
220	12	0
220	13	0
220	14	0
220	15	0
220	16	1
220	17	0
220	18	0
220	19	0
220	20	0
220	21	1
220	22	0
220	23	0
220	24	0
221	1	0
221	2	1
221	3	0
221	4	0
221	5	0
221	6	0
221	7	1
221	8	1
221	9	0
221	10	1
221	11	1
221	12	0
221	13	1
221	14	0
221	15	0
221	16	0
221	17	0
221	18	0
221	19	0
221	20	0
221	21	0
221	22	0
221	23	0
221	24	0
222	1	0
222	2	0
222	3	0
222	4	0
222	5	1
222	6	0
222	7	0
222	8	0
222	9	0
222	10	0
222	11	0
222	12	0
222	13	0
222	14	0
222	15	0
222	16	0
222	17	0
222	18	1
222	19	0
222	20	0
222	21	1
222	22	0
222	23	0
222	24	0
223	1	0
223	2	0
223	3	0
223	4	0
223	5	0
223	6	1
223	7	0
223	8	0
223	9	0
223	10	0
223	11	0
223	12	0
223	13	0
223	14	0
223	15	0
223	16	0
223	17	0
223	18	0
223	19	0
223	20	0
223	21	1
223	22	0
223	23	1
223	24	0
224	1	0
224	2	0
224	3	0
224	4	0
224	5	0
224	6	1
224	7	0
224	8	0
224	9	0
224	10	0
224	11	0
224	12	1
224	13	0
224	14	0
224	15	0
224	16	0
224	17	1
224	18	0
224	19	0
224	20	0
224	21	0
224	22	0
224	23	0
224	24	0
225	1	0
225	2	0
225	3	0
225	4	0
225	5	0
225	6	0
225	7	0
225	8	0
225	9	0
225	10	0
225	11	0
225	12	0
225	13	1
225	14	1
225	15	0
225	16	1
225	17	1
225	18	1
225	19	0
225	20	0
225	21	1
225	22	0
225	23	0
225	24	0
226	1	0
226	2	0
226	3	0
226	4	0
226	5	1
226	6	0
226	7	0
226	8	1
226	9	0
226	10	0
226	11	0
226	12	0
226	13	0
226	14	0
226	15	0
226	16	0
226	17	0
226	18	0
226	19	0
226	20	0
226	21	0
226	22	0
226	23	0
226	24	0
227	1	0
227	2	0
227	3	0
227	4	0
227	5	0
227	6	0
227	7	0
227	8	0
227	9	1
227	10	1
227	11	0
227	12	0
227	13	0
227	14	0
227	15	0
227	16	0
227	17	0
227	18	0
227	19	0
227	20	0
227	21	0
227	22	1
227	23	1
227	24	0
228	1	1
228	2	0
228	3	0
228	4	0
228	5	0
228	6	0
228	7	0
228	8	0
228	9	0
228	10	1
228	11	0
228	12	0
228	13	0
228	14	0
228	15	0
228	16	0
228	17	0
228	18	0
228	19	0
228	20	0
228	21	0
228	22	1
228	23	1
228	24	0
229	1	0
229	2	1
229	3	0
229	4	0
229	5	1
229	6	0
229	7	0
229	8	0
229	9	0
229	10	0
229	11	1
229	12	1
229	13	0
229	14	0
229	15	0
229	16	0
229	17	0
229	18	0
229	19	0
229	20	0
229	21	0
229	22	0
229	23	0
229	24	0
230	1	0
230	2	0
230	3	0
230	4	0
230	5	1
230	6	0
230	7	0
230	8	1
230	9	1
230	10	0
230	11	0
230	12	0
230	13	0
230	14	1
230	15	0
230	16	0
230	17	0
230	18	0
230	19	0
230	20	0
230	21	0
230	22	0
230	23	1
230	24	0
