Node	Parent
3	1
4	1
5	1
6	1
7	1
8	1
9	1
10	1
11	1
12	1
13	1
14	1
15	1
16	1
17	1
18	1
19	1
20	1
21	1
22	1
23	1
24	1
25	1
26	1
27	1
28	1
29	1
30	1
31	1
32	1
33	1
34	1
35	1
36	1
37	1
38	1
39	1
40	1
41	1
42	1
43	1
44	1
45	1
46	1
47	1
48	1
49	1
50	1
51	1
52	1
53	2
54	2
55	2
56	2
57	2
58	2
59	2
60	2
61	2
62	2
63	2
64	2
65	2
66	2
67	2
68	2
69	2
70	2
71	2
72	2
73	2
74	2
75	2
76	2
77	2
78	2
79	2
80	2
81	2
82	2
83	2
84	2
85	2
86	2
87	2
88	2
89	2
90	2
91	2
92	2
93	2
94	2
95	2
96	2
97	2
98	2
99	2
100	2
101	2
102	2
103	3
104	3
105	3
106	3
107	3
108	3
109	3
110	3
111	3
112	3
113	3
114	3
115	3
116	3
117	3
118	3
119	3
120	3
121	3
122	3
123	3
124	3
125	3
126	3
127	3
128	3
129	3
130	3
131	3
132	3
133	3
134	3
135	3
136	3
137	3
138	3
139	3
140	3
141	3
142	3
143	3
144	3
145	3
146	3
147	3
148	3
149	3
150	3
151	3
152	3
153	4
154	4
155	4
156	4
157	4
158	4
159	4
160	4
161	4
162	4
163	4
164	4
165	4
166	4
167	4
168	4
169	4
170	4
171	4
172	4
173	4
174	4
175	4
176	4
177	4
178	4
179	4
180	4
181	4
182	4
183	4
184	4
185	4
186	4
187	4
188	4
189	4
190	4
191	4
192	4
193	4
194	4
195	4
196	4
197	4
198	4
199	4
200	4
201	4
202	4
203	5
204	5
205	5
206	5
207	5
208	5
209	5
210	5
211	5
212	5
213	5
214	5
215	5
216	5
217	5
218	5
219	5
220	5
221	5
222	5
223	5
224	5
225	5
226	5
227	5
228	5
229	5
230	5
231	5
232	5
233	5
234	5
235	5
236	5
237	5
238	5
239	5
240	5
241	5
242	5
243	5
244	5
245	5
246	5
247	5
248	5
249	5
250	5
251	5
252	5
253	6
254	6
255	6
256	6
257	6
258	6
259	6
260	6
261	6
262	6
263	6
264	6
265	6
266	6
267	6
268	6
269	6
270	6
271	6
272	6
273	6
274	6
275	6
276	6
277	6
278	6
279	6
280	6
281	6
282	6
283	6
284	6
285	6
286	6
287	6
288	6
289	6
290	6
291	6
292	6
293	6
294	6
295	6
296	6
297	6
298	6
299	6
300	6
301	6
302	6
303	7
304	7
305	7
306	7
307	7
308	7
309	7
310	7
311	7
312	7
313	7
314	7
315	7
316	7
317	7
318	7
319	7
320	7
321	7
322	7
323	7
324	7
325	7
326	7
327	7
328	7
329	7
330	7
331	7
332	7
333	7
334	7
335	7
336	7
337	7
338	7
339	7
340	7
341	7
342	7
343	7
344	7
345	7
346	7
347	7
348	7
349	7
350	7
351	7
352	7
353	8
354	8
355	8
356	8
357	8
358	8
359	8
360	8
361	8
362	8
363	8
364	8
365	8
366	8
367	8
368	8
369	8
370	8
371	8
372	8
373	8
374	8
375	8
376	8
377	8
378	8
379	8
380	8
381	8
382	8
383	8
384	8
385	8
386	8
387	8
388	8
389	8
390	8
391	8
392	8
393	8
394	8
395	8
396	8
397	8
398	8
399	8
400	8
401	8
402	8
403	9
404	9
405	9
406	9
407	9
408	9
409	9
410	9
411	9
412	9
413	9
414	9
415	9
416	9
417	9
418	9
419	9
420	9
421	9
422	9
423	9
424	9
425	9
426	9
427	9
428	9
429	9
430	9
431	9
432	9
433	9
434	9
435	9
436	9
437	9
438	9
439	9
440	9
441	9
442	9
443	9
444	9
445	9
446	9
447	9
448	9
449	9
450	9
451	9
452	9
453	10
454	10
455	10
456	10
457	10
458	10
459	10
460	10
461	10
462	10
463	10
464	10
465	10
466	10
467	10
468	10
469	10
470	10
471	10
472	10
473	10
474	10
475	10
476	10
477	10
478	10
479	10
480	10
481	10
482	10
483	10
484	10
485	10
486	10
487	10
488	10
489	10
490	10
491	10
492	10
493	10
494	10
495	10
496	10
497	10
498	10
499	10
500	10
501	10
502	10
503	11
504	11
505	11
506	11
507	11
508	11
509	11
510	11
511	11
512	11
513	11
514	11
515	11
516	11
517	11
518	11
519	11
520	11
521	11
522	11
523	11
524	11
525	11
526	11
527	11
528	11
529	11
530	11
531	11
532	11
533	11
534	11
535	11
536	11
537	11
538	11
539	11
540	11
541	11
542	11
543	11
544	11
545	11
546	11
547	11
548	11
549	11
550	11
551	11
552	11
553	12
554	12
555	12
556	12
557	12
558	12
559	12
560	12
561	12
562	12
563	12
564	12
565	12
566	12
567	12
568	12
569	12
570	12
571	12
572	12
573	12
574	12
575	12
576	12
577	12
578	12
579	12
580	12
581	12
582	12
583	12
584	12
585	12
586	12
587	12
588	12
589	12
590	12
591	12
592	12
593	12
594	12
595	12
596	12
597	12
598	12
599	12
600	12
601	12
602	12
603	13
604	13
605	13
606	13
607	13
608	13
609	13
610	13
611	13
612	13
613	13
614	13
615	13
616	13
617	13
618	13
619	13
620	13
621	13
622	13
623	13
624	13
625	13
626	13
627	13
628	13
629	13
630	13
631	13
632	13
633	13
634	13
635	13
636	13
637	13
638	13
639	13
640	13
641	13
642	13
643	13
644	13
645	13
646	13
647	13
648	13
649	13
650	13
651	13
652	13
653	14
654	14
655	14
656	14
657	14
658	14
659	14
660	14
661	14
662	14
663	14
664	14
665	14
666	14
667	14
668	14
669	14
670	14
671	14
672	14
673	14
674	14
675	14
676	14
677	14
678	14
679	14
680	14
681	14
682	14
683	14
684	14
685	14
686	14
687	14
688	14
689	14
690	14
691	14
692	14
693	14
694	14
695	14
696	14
697	14
698	14
699	14
700	14
701	14
702	14
703	15
704	15
705	15
706	15
707	15
708	15
709	15
710	15
711	15
712	15
713	15
714	15
715	15
716	15
717	15
718	15
719	15
720	15
721	15
722	15
723	15
724	15
725	15
726	15
727	15
728	15
729	15
730	15
731	15
732	15
733	15
734	15
735	15
736	15
737	15
738	15
739	15
740	15
741	15
742	15
743	15
744	15
745	15
746	15
747	15
748	15
749	15
750	15
751	15
752	15
753	16
754	16
755	16
756	16
757	16
758	16
759	16
760	16
761	16
762	16
763	16
764	16
765	16
766	16
767	16
768	16
769	16
770	16
771	16
772	16
773	16
774	16
775	16
776	16
777	16
778	16
779	16
780	16
781	16
782	16
783	16
784	16
785	16
786	16
787	16
788	16
789	16
790	16
791	16
792	16
793	16
794	16
795	16
796	16
797	16
798	16
799	16
800	16
801	16
802	16
803	17
804	17
805	17
806	17
807	17
808	17
809	17
810	17
811	17
812	17
813	17
814	17
815	17
816	17
817	17
818	17
819	17
820	17
821	17
822	17
823	17
824	17
825	17
826	17
827	17
828	17
829	17
830	17
831	17
832	17
833	17
834	17
835	17
836	17
837	17
838	17
839	17
840	17
841	17
842	17
843	17
844	17
845	17
846	17
847	17
848	17
849	17
850	17
851	17
852	17
853	18
854	18
855	18
856	18
857	18
858	18
859	18
860	18
861	18
862	18
863	18
864	18
865	18
866	18
867	18
868	18
869	18
870	18
871	18
872	18
873	18
874	18
875	18
876	18
877	18
878	18
879	18
880	18
881	18
882	18
883	18
884	18
885	18
886	18
887	18
888	18
889	18
890	18
891	18
892	18
893	18
894	18
895	18
896	18
897	18
898	18
899	18
900	18
901	18
902	18
903	19
904	19
905	19
906	19
907	19
908	19
909	19
910	19
911	19
912	19
913	19
914	19
915	19
916	19
917	19
918	19
919	19
920	19
921	19
922	19
923	19
924	19
925	19
926	19
927	19
928	19
929	19
930	19
931	19
932	19
933	19
934	19
935	19
936	19
937	19
938	19
939	19
940	19
941	19
942	19
943	19
944	19
945	19
946	19
947	19
948	19
949	19
950	19
951	19
952	19
953	20
954	20
955	20
956	20
957	20
958	20
959	20
960	20
961	20
962	20
963	20
964	20
965	20
966	20
967	20
968	20
969	20
970	20
971	20
972	20
973	20
974	20
975	20
976	20
977	20
978	20
979	20
980	20
981	20
982	20
983	20
984	20
985	20
986	20
987	20
988	20
989	20
990	20
991	20
992	20
993	20
994	20
995	20
996	20
997	20
998	20
999	20
1000	20
1001	20
1002	20
1003	21
1004	21
1005	21
1006	21
1007	21
1008	21
1009	21
1010	21
1011	21
1012	21
1013	21
1014	21
1015	21
1016	21
1017	21
1018	21
1019	21
1020	21
1021	21
1022	21
1023	21
1024	21
1025	21
1026	21
1027	21
1028	21
1029	21
1030	21
1031	21
1032	21
1033	21
1034	21
1035	21
1036	21
1037	21
1038	21
1039	21
1040	21
1041	21
1042	21
1043	21
1044	21
1045	21
1046	21
1047	21
1048	21
1049	21
1050	21
1051	21
1052	21
1053	22
1054	22
1055	22
1056	22
1057	22
1058	22
1059	22
1060	22
1061	22
1062	22
1063	22
1064	22
1065	22
1066	22
1067	22
1068	22
1069	22
1070	22
1071	22
1072	22
1073	22
1074	22
1075	22
1076	22
1077	22
1078	22
1079	22
1080	22
1081	22
1082	22
1083	22
1084	22
1085	22
1086	22
1087	22
1088	22
1089	22
1090	22
1091	22
1092	22
1093	22
1094	22
1095	22
1096	22
1097	22
1098	22
1099	22
1100	22
1101	22
1102	22
1103	23
1104	23
1105	23
1106	23
1107	23
1108	23
1109	23
1110	23
1111	23
1112	23
1113	23
1114	23
1115	23
1116	23
1117	23
1118	23
1119	23
1120	23
1121	23
1122	23
1123	23
1124	23
1125	23
1126	23
1127	23
1128	23
1129	23
1130	23
1131	23
1132	23
1133	23
1134	23
1135	23
1136	23
1137	23
1138	23
1139	23
1140	23
1141	23
1142	23
1143	23
1144	23
1145	23
1146	23
1147	23
1148	23
1149	23
1150	23
1151	23
1152	23
1153	24
1154	24
1155	24
1156	24
1157	24
1158	24
1159	24
1160	24
1161	24
1162	24
1163	24
1164	24
1165	24
1166	24
1167	24
1168	24
1169	24
1170	24
1171	24
1172	24
1173	24
1174	24
1175	24
1176	24
1177	24
1178	24
1179	24
1180	24
1181	24
1182	24
1183	24
1184	24
1185	24
1186	24
1187	24
1188	24
1189	24
1190	24
1191	24
1192	24
1193	24
1194	24
1195	24
1196	24
1197	24
1198	24
1199	24
1200	24
1201	24
1202	24
1203	25
1204	25
1205	25
1206	25
1207	25
1208	25
1209	25
1210	25
1211	25
1212	25
1213	25
1214	25
1215	25
1216	25
1217	25
1218	25
1219	25
1220	25
1221	25
1222	25
1223	25
1224	25
1225	25
1226	25
1227	25
1228	25
1229	25
1230	25
1231	25
1232	25
1233	25
1234	25
1235	25
1236	25
1237	25
1238	25
1239	25
1240	25
1241	25
1242	25
1243	25
1244	25
1245	25
1246	25
1247	25
1248	25
1249	25
1250	25
1251	25
1252	25
1253	26
1254	26
1255	26
1256	26
1257	26
1258	26
1259	26
1260	26
1261	26
1262	26
1263	26
1264	26
1265	26
1266	26
1267	26
1268	26
1269	26
1270	26
1271	26
1272	26
1273	26
1274	26
1275	26
1276	26
1277	26
1278	26
1279	26
1280	26
1281	26
1282	26
1283	26
1284	26
1285	26
1286	26
1287	26
1288	26
1289	26
1290	26
1291	26
1292	26
1293	26
1294	26
1295	26
1296	26
1297	26
1298	26
1299	26
1300	26
1301	26
1302	26
1303	27
1304	27
1305	27
1306	27
1307	27
1308	27
1309	27
1310	27
1311	27
1312	27
1313	27
1314	27
1315	27
1316	27
1317	27
1318	27
1319	27
1320	27
1321	27
1322	27
1323	27
1324	27
1325	27
1326	27
1327	27
1328	27
1329	27
1330	27
1331	27
1332	27
1333	27
1334	27
1335	27
1336	27
1337	27
1338	27
1339	27
1340	27
1341	27
1342	27
1343	27
1344	27
1345	27
1346	27
1347	27
1348	27
1349	27
1350	27
1351	27
1352	27
1353	28
1354	28
1355	28
1356	28
1357	28
1358	28
1359	28
1360	28
1361	28
1362	28
1363	28
1364	28
1365	28
1366	28
1367	28
1368	28
1369	28
1370	28
1371	28
1372	28
1373	28
1374	28
1375	28
1376	28
1377	28
1378	28
1379	28
1380	28
1381	28
1382	28
1383	28
1384	28
1385	28
1386	28
1387	28
1388	28
1389	28
1390	28
1391	28
1392	28
1393	28
1394	28
1395	28
1396	28
1397	28
1398	28
1399	28
1400	28
1401	28
1402	28
1403	29
1404	29
1405	29
1406	29
1407	29
1408	29
1409	29
1410	29
1411	29
1412	29
1413	29
1414	29
1415	29
1416	29
1417	29
1418	29
1419	29
1420	29
1421	29
1422	29
1423	29
1424	29
1425	29
1426	29
1427	29
1428	29
1429	29
1430	29
1431	29
1432	29
1433	29
1434	29
1435	29
1436	29
1437	29
1438	29
1439	29
1440	29
1441	29
1442	29
1443	29
1444	29
1445	29
1446	29
1447	29
1448	29
1449	29
1450	29
1451	29
1452	29
1453	30
1454	30
1455	30
1456	30
1457	30
1458	30
1459	30
1460	30
1461	30
1462	30
1463	30
1464	30
1465	30
1466	30
1467	30
1468	30
1469	30
1470	30
1471	30
1472	30
1473	30
1474	30
1475	30
1476	30
1477	30
1478	30
1479	30
1480	30
1481	30
1482	30
1483	30
1484	30
1485	30
1486	30
1487	30
1488	30
1489	30
1490	30
1491	30
1492	30
1493	30
1494	30
1495	30
1496	30
1497	30
1498	30
1499	30
1500	30
1501	30
1502	30
1503	31
1504	31
1505	31
1506	31
1507	31
1508	31
1509	31
1510	31
1511	31
1512	31
1513	31
1514	31
1515	31
1516	31
1517	31
1518	31
1519	31
1520	31
1521	31
1522	31
1523	31
1524	31
1525	31
1526	31
1527	31
1528	31
1529	31
1530	31
1531	31
1532	31
1533	31
1534	31
1535	31
1536	31
1537	31
1538	31
1539	31
1540	31
1541	31
1542	31
1543	31
1544	31
1545	31
1546	31
1547	31
1548	31
1549	31
1550	31
1551	31
1552	31
1553	32
1554	32
1555	32
1556	32
1557	32
1558	32
1559	32
1560	32
1561	32
1562	32
1563	32
1564	32
1565	32
1566	32
1567	32
1568	32
1569	32
1570	32
1571	32
1572	32
1573	32
1574	32
1575	32
1576	32
1577	32
1578	32
1579	32
1580	32
1581	32
1582	32
1583	32
1584	32
1585	32
1586	32
1587	32
1588	32
1589	32
1590	32
1591	32
1592	32
1593	32
1594	32
1595	32
1596	32
1597	32
1598	32
1599	32
1600	32
1601	32
1602	32
1603	33
1604	33
1605	33
1606	33
1607	33
1608	33
1609	33
1610	33
1611	33
1612	33
1613	33
1614	33
1615	33
1616	33
1617	33
1618	33
1619	33
1620	33
1621	33
1622	33
1623	33
1624	33
1625	33
1626	33
1627	33
1628	33
1629	33
1630	33
1631	33
1632	33
1633	33
1634	33
1635	33
1636	33
1637	33
1638	33
1639	33
1640	33
1641	33
1642	33
1643	33
1644	33
1645	33
1646	33
1647	33
1648	33
1649	33
1650	33
1651	33
1652	33
1653	34
1654	34
1655	34
1656	34
1657	34
1658	34
1659	34
1660	34
1661	34
1662	34
1663	34
1664	34
1665	34
1666	34
1667	34
1668	34
1669	34
1670	34
1671	34
1672	34
1673	34
1674	34
1675	34
1676	34
1677	34
1678	34
1679	34
1680	34
1681	34
1682	34
1683	34
1684	34
1685	34
1686	34
1687	34
1688	34
1689	34
1690	34
1691	34
1692	34
1693	34
1694	34
1695	34
1696	34
1697	34
1698	34
1699	34
1700	34
1701	34
1702	34
1703	35
1704	35
1705	35
1706	35
1707	35
1708	35
1709	35
1710	35
1711	35
1712	35
1713	35
1714	35
1715	35
1716	35
1717	35
1718	35
1719	35
1720	35
1721	35
1722	35
1723	35
1724	35
1725	35
1726	35
1727	35
1728	35
1729	35
1730	35
1731	35
1732	35
1733	35
1734	35
1735	35
1736	35
1737	35
1738	35
1739	35
1740	35
1741	35
1742	35
1743	35
1744	35
1745	35
1746	35
1747	35
1748	35
1749	35
1750	35
1751	35
1752	35
1753	36
1754	36
1755	36
1756	36
1757	36
1758	36
1759	36
1760	36
1761	36
1762	36
1763	36
1764	36
1765	36
1766	36
1767	36
1768	36
1769	36
1770	36
1771	36
1772	36
1773	36
1774	36
1775	36
1776	36
1777	36
1778	36
1779	36
1780	36
1781	36
1782	36
1783	36
1784	36
1785	36
1786	36
1787	36
1788	36
1789	36
1790	36
1791	36
1792	36
1793	36
1794	36
1795	36
1796	36
1797	36
1798	36
1799	36
1800	36
1801	36
1802	36
1803	37
1804	37
1805	37
1806	37
1807	37
1808	37
1809	37
1810	37
1811	37
1812	37
1813	37
1814	37
1815	37
1816	37
1817	37
1818	37
1819	37
1820	37
1821	37
1822	37
1823	37
1824	37
1825	37
1826	37
1827	37
1828	37
1829	37
1830	37
1831	37
1832	37
1833	37
1834	37
1835	37
1836	37
1837	37
1838	37
1839	37
1840	37
1841	37
1842	37
1843	37
1844	37
1845	37
1846	37
1847	37
1848	37
1849	37
1850	37
1851	37
1852	37
1853	38
1854	38
1855	38
1856	38
1857	38
1858	38
1859	38
1860	38
1861	38
1862	38
1863	38
1864	38
1865	38
1866	38
1867	38
1868	38
1869	38
1870	38
1871	38
1872	38
1873	38
1874	38
1875	38
1876	38
1877	38
1878	38
1879	38
1880	38
1881	38
1882	38
1883	38
1884	38
1885	38
1886	38
1887	38
1888	38
1889	38
1890	38
1891	38
1892	38
1893	38
1894	38
1895	38
1896	38
1897	38
1898	38
1899	38
1900	38
1901	38
1902	38
1903	39
1904	39
1905	39
1906	39
1907	39
1908	39
1909	39
1910	39
1911	39
1912	39
1913	39
1914	39
1915	39
1916	39
1917	39
1918	39
1919	39
1920	39
1921	39
1922	39
1923	39
1924	39
1925	39
1926	39
1927	39
1928	39
1929	39
1930	39
1931	39
1932	39
1933	39
1934	39
1935	39
1936	39
1937	39
1938	39
1939	39
1940	39
1941	39
1942	39
1943	39
1944	39
1945	39
1946	39
1947	39
1948	39
1949	39
1950	39
1951	39
1952	39
1953	40
1954	40
1955	40
1956	40
1957	40
1958	40
1959	40
1960	40
1961	40
1962	40
1963	40
1964	40
1965	40
1966	40
1967	40
1968	40
1969	40
1970	40
1971	40
1972	40
1973	40
1974	40
1975	40
1976	40
1977	40
1978	40
1979	40
1980	40
1981	40
1982	40
1983	40
1984	40
1985	40
1986	40
1987	40
1988	40
1989	40
1990	40
1991	40
1992	40
1993	40
1994	40
1995	40
1996	40
1997	40
1998	40
1999	40
2000	40
2001	40
2002	40
2003	41
2004	41
2005	41
2006	41
2007	41
2008	41
2009	41
2010	41
2011	41
2012	41
2013	41
2014	41
2015	41
2016	41
2017	41
2018	41
2019	41
2020	41
2021	41
2022	41
2023	41
2024	41
2025	41
2026	41
2027	41
2028	41
2029	41
2030	41
2031	41
2032	41
2033	41
2034	41
2035	41
2036	41
2037	41
2038	41
2039	41
2040	41
2041	41
2042	41
2043	41
2044	41
2045	41
2046	41
2047	41
2048	41
2049	41
2050	41
2051	41
2052	41
2053	42
2054	42
2055	42
2056	42
2057	42
2058	42
2059	42
2060	42
2061	42
2062	42
2063	42
2064	42
2065	42
2066	42
2067	42
2068	42
2069	42
2070	42
2071	42
2072	42
2073	42
2074	42
2075	42
2076	42
2077	42
2078	42
2079	42
2080	42
2081	42
2082	42
2083	42
2084	42
2085	42
2086	42
2087	42
2088	42
2089	42
2090	42
2091	42
2092	42
2093	42
2094	42
2095	42
2096	42
2097	42
2098	42
2099	42
2100	42
2101	42
2102	42
2103	43
2104	43
2105	43
2106	43
2107	43
2108	43
2109	43
2110	43
2111	43
2112	43
2113	43
2114	43
2115	43
2116	43
2117	43
2118	43
2119	43
2120	43
2121	43
2122	43
2123	43
2124	43
2125	43
2126	43
2127	43
2128	43
2129	43
2130	43
2131	43
2132	43
2133	43
2134	43
2135	43
2136	43
2137	43
2138	43
2139	43
2140	43
2141	43
2142	43
2143	43
2144	43
2145	43
2146	43
2147	43
2148	43
2149	43
2150	43
2151	43
2152	43
2153	44
2154	44
2155	44
2156	44
2157	44
2158	44
2159	44
2160	44
2161	44
2162	44
2163	44
2164	44
2165	44
2166	44
2167	44
2168	44
2169	44
2170	44
2171	44
2172	44
2173	44
2174	44
2175	44
2176	44
2177	44
2178	44
2179	44
2180	44
2181	44
2182	44
2183	44
2184	44
2185	44
2186	44
2187	44
2188	44
2189	44
2190	44
2191	44
2192	44
2193	44
2194	44
2195	44
2196	44
2197	44
2198	44
2199	44
2200	44
2201	44
2202	44
2203	45
2204	45
2205	45
2206	45
2207	45
2208	45
2209	45
2210	45
2211	45
2212	45
2213	45
2214	45
2215	45
2216	45
2217	45
2218	45
2219	45
2220	45
2221	45
2222	45
2223	45
2224	45
2225	45
2226	45
2227	45
2228	45
2229	45
2230	45
2231	45
2232	45
2233	45
2234	45
2235	45
2236	45
2237	45
2238	45
2239	45
2240	45
2241	45
2242	45
2243	45
2244	45
2245	45
2246	45
2247	45
2248	45
2249	45
2250	45
2251	45
2252	45
2253	46
2254	46
2255	46
2256	46
2257	46
2258	46
2259	46
2260	46
2261	46
2262	46
2263	46
2264	46
2265	46
2266	46
2267	46
2268	46
2269	46
2270	46
2271	46
2272	46
2273	46
2274	46
2275	46
2276	46
2277	46
2278	46
2279	46
2280	46
2281	46
2282	46
2283	46
2284	46
2285	46
2286	46
2287	46
2288	46
2289	46
2290	46
2291	46
2292	46
2293	46
2294	46
2295	46
2296	46
2297	46
2298	46
2299	46
2300	46
2301	46
2302	46
2303	47
2304	47
2305	47
2306	47
2307	47
2308	47
2309	47
2310	47
2311	47
2312	47
2313	47
2314	47
2315	47
2316	47
2317	47
2318	47
2319	47
2320	47
2321	47
2322	47
2323	47
2324	47
2325	47
2326	47
2327	47
2328	47
2329	47
2330	47
2331	47
2332	47
2333	47
2334	47
2335	47
2336	47
2337	47
2338	47
2339	47
2340	47
2341	47
2342	47
2343	47
2344	47
2345	47
2346	47
2347	47
2348	47
2349	47
2350	47
2351	47
2352	47
2353	48
2354	48
2355	48
2356	48
2357	48
2358	48
2359	48
2360	48
2361	48
2362	48
2363	48
2364	48
2365	48
2366	48
2367	48
2368	48
2369	48
2370	48
2371	48
2372	48
2373	48
2374	48
2375	48
2376	48
2377	48
2378	48
2379	48
2380	48
2381	48
2382	48
2383	48
2384	48
2385	48
2386	48
2387	48
2388	48
2389	48
2390	48
2391	48
2392	48
2393	48
2394	48
2395	48
2396	48
2397	48
2398	48
2399	48
2400	48
2401	48
2402	48
2403	49
2404	49
2405	49
2406	49
2407	49
2408	49
2409	49
2410	49
2411	49
2412	49
2413	49
2414	49
2415	49
2416	49
2417	49
2418	49
2419	49
2420	49
2421	49
2422	49
2423	49
2424	49
2425	49
2426	49
2427	49
2428	49
2429	49
2430	49
2431	49
2432	49
2433	49
2434	49
2435	49
2436	49
2437	49
2438	49
2439	49
2440	49
2441	49
2442	49
2443	49
2444	49
2445	49
2446	49
2447	49
2448	49
2449	49
2450	49
2451	49
2452	49
2453	50
2454	50
2455	50
2456	50
2457	50
2458	50
2459	50
2460	50
2461	50
2462	50
2463	50
2464	50
2465	50
2466	50
2467	50
2468	50
2469	50
2470	50
2471	50
2472	50
2473	50
2474	50
2475	50
2476	50
2477	50
2478	50
2479	50
2480	50
2481	50
2482	50
2483	50
2484	50
2485	50
2486	50
2487	50
2488	50
2489	50
2490	50
2491	50
2492	50
2493	50
2494	50
2495	50
2496	50
2497	50
2498	50
2499	50
2500	50
2501	50
2502	50
2503	51
2504	51
2505	51
2506	51
2507	51
2508	51
2509	51
2510	51
2511	51
2512	51
2513	51
2514	51
2515	51
2516	51
2517	51
2518	51
2519	51
2520	51
2521	51
2522	51
2523	51
2524	51
2525	51
2526	51
2527	51
2528	51
2529	51
2530	51
2531	51
2532	51
2533	51
2534	51
2535	51
2536	51
2537	51
2538	51
2539	51
2540	51
2541	51
2542	51
2543	51
2544	51
2545	51
2546	51
2547	51
2548	51
2549	51
2550	51
2551	51
2552	51
2553	52
2554	52
2555	52
2556	52
2557	52
2558	52
2559	52
2560	52
2561	52
2562	52
2563	52
2564	52
2565	52
2566	52
2567	52
2568	52
2569	52
2570	52
2571	52
2572	52
2573	52
2574	52
2575	52
2576	52
2577	52
2578	52
2579	52
2580	52
2581	52
2582	52
2583	52
2584	52
2585	52
2586	52
2587	52
2588	52
2589	52
2590	52
2591	52
2592	52
2593	52
2594	52
2595	52
2596	52
2597	52
2598	52
2599	52
2600	52
2601	52
2602	52
2603	53
2604	53
2605	53
2606	53
2607	53
2608	53
2609	53
2610	53
2611	53
2612	53
2613	53
2614	53
2615	53
2616	53
2617	53
2618	53
2619	53
2620	53
2621	53
2622	53
2623	53
2624	53
2625	53
2626	53
2627	53
2628	53
2629	53
2630	53
2631	53
2632	53
2633	53
2634	53
2635	53
2636	53
2637	53
2638	53
2639	53
2640	53
2641	53
2642	53
2643	53
2644	53
2645	53
2646	53
2647	53
2648	53
2649	53
2650	53
2651	53
2652	53
2653	54
2654	54
2655	54
2656	54
2657	54
2658	54
2659	54
2660	54
2661	54
2662	54
2663	54
2664	54
2665	54
2666	54
2667	54
2668	54
2669	54
2670	54
2671	54
2672	54
2673	54
2674	54
2675	54
2676	54
2677	54
2678	54
2679	54
2680	54
2681	54
2682	54
2683	54
2684	54
2685	54
2686	54
2687	54
2688	54
2689	54
2690	54
2691	54
2692	54
2693	54
2694	54
2695	54
2696	54
2697	54
2698	54
2699	54
2700	54
2701	54
2702	54
2703	55
2704	55
2705	55
2706	55
2707	55
2708	55
2709	55
2710	55
2711	55
2712	55
2713	55
2714	55
2715	55
2716	55
2717	55
2718	55
2719	55
2720	55
2721	55
2722	55
2723	55
2724	55
2725	55
2726	55
2727	55
2728	55
2729	55
2730	55
2731	55
2732	55
2733	55
2734	55
2735	55
2736	55
2737	55
2738	55
2739	55
2740	55
2741	55
2742	55
2743	55
2744	55
2745	55
2746	55
2747	55
2748	55
2749	55
2750	55
2751	55
2752	55
2753	56
2754	56
2755	56
2756	56
2757	56
2758	56
2759	56
2760	56
2761	56
2762	56
2763	56
2764	56
2765	56
2766	56
2767	56
2768	56
2769	56
2770	56
2771	56
2772	56
2773	56
2774	56
2775	56
2776	56
2777	56
2778	56
2779	56
2780	56
2781	56
2782	56
2783	56
2784	56
2785	56
2786	56
2787	56
2788	56
2789	56
2790	56
2791	56
2792	56
2793	56
2794	56
2795	56
2796	56
2797	56
2798	56
2799	56
2800	56
2801	56
2802	56
2803	57
2804	57
2805	57
2806	57
2807	57
2808	57
2809	57
2810	57
2811	57
2812	57
2813	57
2814	57
2815	57
2816	57
2817	57
2818	57
2819	57
2820	57
2821	57
2822	57
2823	57
2824	57
2825	57
2826	57
2827	57
2828	57
2829	57
2830	57
2831	57
2832	57
2833	57
2834	57
2835	57
2836	57
2837	57
2838	57
2839	57
2840	57
2841	57
2842	57
2843	57
2844	57
2845	57
2846	57
2847	57
2848	57
2849	57
2850	57
2851	57
2852	57
2853	58
2854	58
2855	58
2856	58
2857	58
2858	58
2859	58
2860	58
2861	58
2862	58
2863	58
2864	58
2865	58
2866	58
2867	58
2868	58
2869	58
2870	58
2871	58
2872	58
2873	58
2874	58
2875	58
2876	58
2877	58
2878	58
2879	58
2880	58
2881	58
2882	58
2883	58
2884	58
2885	58
2886	58
2887	58
2888	58
2889	58
2890	58
2891	58
2892	58
2893	58
2894	58
2895	58
2896	58
2897	58
2898	58
2899	58
2900	58
2901	58
2902	58
2903	59
2904	59
2905	59
2906	59
2907	59
2908	59
2909	59
2910	59
2911	59
2912	59
2913	59
2914	59
2915	59
2916	59
2917	59
2918	59
2919	59
2920	59
2921	59
2922	59
2923	59
2924	59
2925	59
2926	59
2927	59
2928	59
2929	59
2930	59
2931	59
2932	59
2933	59
2934	59
2935	59
2936	59
2937	59
2938	59
2939	59
2940	59
2941	59
2942	59
2943	59
2944	59
2945	59
2946	59
2947	59
2948	59
2949	59
2950	59
2951	59
2952	59
2953	60
2954	60
2955	60
2956	60
2957	60
2958	60
2959	60
2960	60
2961	60
2962	60
2963	60
2964	60
2965	60
2966	60
2967	60
2968	60
2969	60
2970	60
2971	60
2972	60
2973	60
2974	60
2975	60
2976	60
2977	60
2978	60
2979	60
2980	60
2981	60
2982	60
2983	60
2984	60
2985	60
2986	60
2987	60
2988	60
2989	60
2990	60
2991	60
2992	60
2993	60
2994	60
2995	60
2996	60
2997	60
2998	60
2999	60
3000	60
3001	60
3002	60
3003	61
3004	61
3005	61
3006	61
3007	61
3008	61
3009	61
3010	61
3011	61
3012	61
3013	61
3014	61
3015	61
3016	61
3017	61
3018	61
3019	61
3020	61
3021	61
3022	61
3023	61
3024	61
3025	61
3026	61
3027	61
3028	61
3029	61
3030	61
3031	61
3032	61
3033	61
3034	61
3035	61
3036	61
3037	61
3038	61
3039	61
3040	61
3041	61
3042	61
3043	61
3044	61
3045	61
3046	61
3047	61
3048	61
3049	61
3050	61
3051	61
3052	61
3053	62
3054	62
3055	62
3056	62
3057	62
3058	62
3059	62
3060	62
3061	62
3062	62
3063	62
3064	62
3065	62
3066	62
3067	62
3068	62
3069	62
3070	62
3071	62
3072	62
3073	62
3074	62
3075	62
3076	62
3077	62
3078	62
3079	62
3080	62
3081	62
3082	62
3083	62
3084	62
3085	62
3086	62
3087	62
3088	62
3089	62
3090	62
3091	62
3092	62
3093	62
3094	62
3095	62
3096	62
3097	62
3098	62
3099	62
3100	62
3101	62
3102	62
3103	63
3104	63
3105	63
3106	63
3107	63
3108	63
3109	63
3110	63
3111	63
3112	63
3113	63
3114	63
3115	63
3116	63
3117	63
3118	63
3119	63
3120	63
3121	63
3122	63
3123	63
3124	63
3125	63
3126	63
3127	63
3128	63
3129	63
3130	63
3131	63
3132	63
3133	63
3134	63
3135	63
3136	63
3137	63
3138	63
3139	63
3140	63
3141	63
3142	63
3143	63
3144	63
3145	63
3146	63
3147	63
3148	63
3149	63
3150	63
3151	63
3152	63
3153	64
3154	64
3155	64
3156	64
3157	64
3158	64
3159	64
3160	64
3161	64
3162	64
3163	64
3164	64
3165	64
3166	64
3167	64
3168	64
3169	64
3170	64
3171	64
3172	64
3173	64
3174	64
3175	64
3176	64
3177	64
3178	64
3179	64
3180	64
3181	64
3182	64
3183	64
3184	64
3185	64
3186	64
3187	64
3188	64
3189	64
3190	64
3191	64
3192	64
3193	64
3194	64
3195	64
3196	64
3197	64
3198	64
3199	64
3200	64
3201	64
3202	64
3203	65
3204	65
3205	65
3206	65
3207	65
3208	65
3209	65
3210	65
3211	65
3212	65
3213	65
3214	65
3215	65
3216	65
3217	65
3218	65
3219	65
3220	65
3221	65
3222	65
3223	65
3224	65
3225	65
3226	65
3227	65
3228	65
3229	65
3230	65
3231	65
3232	65
3233	65
3234	65
3235	65
3236	65
3237	65
3238	65
3239	65
3240	65
3241	65
3242	65
3243	65
3244	65
3245	65
3246	65
3247	65
3248	65
3249	65
3250	65
3251	65
3252	65
3253	66
3254	66
3255	66
3256	66
3257	66
3258	66
3259	66
3260	66
3261	66
3262	66
3263	66
3264	66
3265	66
3266	66
3267	66
3268	66
3269	66
3270	66
3271	66
3272	66
3273	66
3274	66
3275	66
3276	66
3277	66
3278	66
3279	66
3280	66
3281	66
3282	66
3283	66
3284	66
3285	66
3286	66
3287	66
3288	66
3289	66
3290	66
3291	66
3292	66
3293	66
3294	66
3295	66
3296	66
3297	66
3298	66
3299	66
3300	66
3301	66
3302	66
3303	67
3304	67
3305	67
3306	67
3307	67
3308	67
3309	67
3310	67
3311	67
3312	67
3313	67
3314	67
3315	67
3316	67
3317	67
3318	67
3319	67
3320	67
3321	67
3322	67
3323	67
3324	67
3325	67
3326	67
3327	67
3328	67
3329	67
3330	67
3331	67
3332	67
3333	67
3334	67
3335	67
3336	67
3337	67
3338	67
3339	67
3340	67
3341	67
3342	67
3343	67
3344	67
3345	67
3346	67
3347	67
3348	67
3349	67
3350	67
3351	67
3352	67
3353	68
3354	68
3355	68
3356	68
3357	68
3358	68
3359	68
3360	68
3361	68
3362	68
3363	68
3364	68
3365	68
3366	68
3367	68
3368	68
3369	68
3370	68
3371	68
3372	68
3373	68
3374	68
3375	68
3376	68
3377	68
3378	68
3379	68
3380	68
3381	68
3382	68
3383	68
3384	68
3385	68
3386	68
3387	68
3388	68
3389	68
3390	68
3391	68
3392	68
3393	68
3394	68
3395	68
3396	68
3397	68
3398	68
3399	68
3400	68
3401	68
3402	68
3403	69
3404	69
3405	69
3406	69
3407	69
3408	69
3409	69
3410	69
3411	69
3412	69
3413	69
3414	69
3415	69
3416	69
3417	69
3418	69
3419	69
3420	69
3421	69
3422	69
3423	69
3424	69
3425	69
3426	69
3427	69
3428	69
3429	69
3430	69
3431	69
3432	69
3433	69
3434	69
3435	69
3436	69
3437	69
3438	69
3439	69
3440	69
3441	69
3442	69
3443	69
3444	69
3445	69
3446	69
3447	69
3448	69
3449	69
3450	69
3451	69
3452	69
3453	70
3454	70
3455	70
3456	70
3457	70
3458	70
3459	70
3460	70
3461	70
3462	70
3463	70
3464	70
3465	70
3466	70
3467	70
3468	70
3469	70
3470	70
3471	70
3472	70
3473	70
3474	70
3475	70
3476	70
3477	70
3478	70
3479	70
3480	70
3481	70
3482	70
3483	70
3484	70
3485	70
3486	70
3487	70
3488	70
3489	70
3490	70
3491	70
3492	70
3493	70
3494	70
3495	70
3496	70
3497	70
3498	70
3499	70
3500	70
3501	70
3502	70
3503	71
3504	71
3505	71
3506	71
3507	71
3508	71
3509	71
3510	71
3511	71
3512	71
3513	71
3514	71
3515	71
3516	71
3517	71
3518	71
3519	71
3520	71
3521	71
3522	71
3523	71
3524	71
3525	71
3526	71
3527	71
3528	71
3529	71
3530	71
3531	71
3532	71
3533	71
3534	71
3535	71
3536	71
3537	71
3538	71
3539	71
3540	71
3541	71
3542	71
3543	71
3544	71
3545	71
3546	71
3547	71
3548	71
3549	71
3550	71
3551	71
3552	71
3553	72
3554	72
3555	72
3556	72
3557	72
3558	72
3559	72
3560	72
3561	72
3562	72
3563	72
3564	72
3565	72
3566	72
3567	72
3568	72
3569	72
3570	72
3571	72
3572	72
3573	72
3574	72
3575	72
3576	72
3577	72
3578	72
3579	72
3580	72
3581	72
3582	72
3583	72
3584	72
3585	72
3586	72
3587	72
3588	72
3589	72
3590	72
3591	72
3592	72
3593	72
3594	72
3595	72
3596	72
3597	72
3598	72
3599	72
3600	72
3601	72
3602	72
3603	73
3604	73
3605	73
3606	73
3607	73
3608	73
3609	73
3610	73
3611	73
3612	73
3613	73
3614	73
3615	73
3616	73
3617	73
3618	73
3619	73
3620	73
3621	73
3622	73
3623	73
3624	73
3625	73
3626	73
3627	73
3628	73
3629	73
3630	73
3631	73
3632	73
3633	73
3634	73
3635	73
3636	73
3637	73
3638	73
3639	73
3640	73
3641	73
3642	73
3643	73
3644	73
3645	73
3646	73
3647	73
3648	73
3649	73
3650	73
3651	73
3652	73
3653	74
3654	74
3655	74
3656	74
3657	74
3658	74
3659	74
3660	74
3661	74
3662	74
3663	74
3664	74
3665	74
3666	74
3667	74
3668	74
3669	74
3670	74
3671	74
3672	74
3673	74
3674	74
3675	74
3676	74
3677	74
3678	74
3679	74
3680	74
3681	74
3682	74
3683	74
3684	74
3685	74
3686	74
3687	74
3688	74
3689	74
3690	74
3691	74
3692	74
3693	74
3694	74
3695	74
3696	74
3697	74
3698	74
3699	74
3700	74
3701	74
3702	74
3703	75
3704	75
3705	75
3706	75
3707	75
3708	75
3709	75
3710	75
3711	75
3712	75
3713	75
3714	75
3715	75
3716	75
3717	75
3718	75
3719	75
3720	75
3721	75
3722	75
3723	75
3724	75
3725	75
3726	75
3727	75
3728	75
3729	75
3730	75
3731	75
3732	75
3733	75
3734	75
3735	75
3736	75
3737	75
3738	75
3739	75
3740	75
3741	75
3742	75
3743	75
3744	75
3745	75
3746	75
3747	75
3748	75
3749	75
3750	75
3751	75
3752	75
3753	76
3754	76
3755	76
3756	76
3757	76
3758	76
3759	76
3760	76
3761	76
3762	76
3763	76
3764	76
3765	76
3766	76
3767	76
3768	76
3769	76
3770	76
3771	76
3772	76
3773	76
3774	76
3775	76
3776	76
3777	76
3778	76
3779	76
3780	76
3781	76
3782	76
3783	76
3784	76
3785	76
3786	76
3787	76
3788	76
3789	76
3790	76
3791	76
3792	76
3793	76
3794	76
3795	76
3796	76
3797	76
3798	76
3799	76
3800	76
3801	76
3802	76
3803	77
3804	77
3805	77
3806	77
3807	77
3808	77
3809	77
3810	77
3811	77
3812	77
3813	77
3814	77
3815	77
3816	77
3817	77
3818	77
3819	77
3820	77
3821	77
3822	77
3823	77
3824	77
3825	77
3826	77
3827	77
3828	77
3829	77
3830	77
3831	77
3832	77
3833	77
3834	77
3835	77
3836	77
3837	77
3838	77
3839	77
3840	77
3841	77
3842	77
3843	77
3844	77
3845	77
3846	77
3847	77
3848	77
3849	77
3850	77
3851	77
3852	77
3853	78
3854	78
3855	78
3856	78
3857	78
3858	78
3859	78
3860	78
3861	78
3862	78
3863	78
3864	78
3865	78
3866	78
3867	78
3868	78
3869	78
3870	78
3871	78
3872	78
3873	78
3874	78
3875	78
3876	78
3877	78
3878	78
3879	78
3880	78
3881	78
3882	78
3883	78
3884	78
3885	78
3886	78
3887	78
3888	78
3889	78
3890	78
3891	78
3892	78
3893	78
3894	78
3895	78
3896	78
3897	78
3898	78
3899	78
3900	78
3901	78
3902	78
3903	79
3904	79
3905	79
3906	79
3907	79
3908	79
3909	79
3910	79
3911	79
3912	79
3913	79
3914	79
3915	79
3916	79
3917	79
3918	79
3919	79
3920	79
3921	79
3922	79
3923	79
3924	79
3925	79
3926	79
3927	79
3928	79
3929	79
3930	79
3931	79
3932	79
3933	79
3934	79
3935	79
3936	79
3937	79
3938	79
3939	79
3940	79
3941	79
3942	79
3943	79
3944	79
3945	79
3946	79
3947	79
3948	79
3949	79
3950	79
3951	79
3952	79
3953	80
3954	80
3955	80
3956	80
3957	80
3958	80
3959	80
3960	80
3961	80
3962	80
3963	80
3964	80
3965	80
3966	80
3967	80
3968	80
3969	80
3970	80
3971	80
3972	80
3973	80
3974	80
3975	80
3976	80
3977	80
3978	80
3979	80
3980	80
3981	80
3982	80
3983	80
3984	80
3985	80
3986	80
3987	80
3988	80
3989	80
3990	80
3991	80
3992	80
3993	80
3994	80
3995	80
3996	80
3997	80
3998	80
3999	80
4000	80
4001	80
4002	80
4003	81
4004	81
4005	81
4006	81
4007	81
4008	81
4009	81
4010	81
4011	81
4012	81
4013	81
4014	81
4015	81
4016	81
4017	81
4018	81
4019	81
4020	81
4021	81
4022	81
4023	81
4024	81
4025	81
4026	81
4027	81
4028	81
4029	81
4030	81
4031	81
4032	81
4033	81
4034	81
4035	81
4036	81
4037	81
4038	81
4039	81
4040	81
4041	81
4042	81
4043	81
4044	81
4045	81
4046	81
4047	81
4048	81
4049	81
4050	81
4051	81
4052	81
4053	82
4054	82
4055	82
4056	82
4057	82
4058	82
4059	82
4060	82
4061	82
4062	82
4063	82
4064	82
4065	82
4066	82
4067	82
4068	82
4069	82
4070	82
4071	82
4072	82
4073	82
4074	82
4075	82
4076	82
4077	82
4078	82
4079	82
4080	82
4081	82
4082	82
4083	82
4084	82
4085	82
4086	82
4087	82
4088	82
4089	82
4090	82
4091	82
4092	82
4093	82
4094	82
4095	82
4096	82
4097	82
4098	82
4099	82
4100	82
4101	82
4102	82
4103	83
4104	83
4105	83
4106	83
4107	83
4108	83
4109	83
4110	83
4111	83
4112	83
4113	83
4114	83
4115	83
4116	83
4117	83
4118	83
4119	83
4120	83
4121	83
4122	83
4123	83
4124	83
4125	83
4126	83
4127	83
4128	83
4129	83
4130	83
4131	83
4132	83
4133	83
4134	83
4135	83
4136	83
4137	83
4138	83
4139	83
4140	83
4141	83
4142	83
4143	83
4144	83
4145	83
4146	83
4147	83
4148	83
4149	83
4150	83
4151	83
4152	83
4153	84
4154	84
4155	84
4156	84
4157	84
4158	84
4159	84
4160	84
4161	84
4162	84
4163	84
4164	84
4165	84
4166	84
4167	84
4168	84
4169	84
4170	84
4171	84
4172	84
4173	84
4174	84
4175	84
4176	84
4177	84
4178	84
4179	84
4180	84
4181	84
4182	84
4183	84
4184	84
4185	84
4186	84
4187	84
4188	84
4189	84
4190	84
4191	84
4192	84
4193	84
4194	84
4195	84
4196	84
4197	84
4198	84
4199	84
4200	84
4201	84
4202	84
4203	85
4204	85
4205	85
4206	85
4207	85
4208	85
4209	85
4210	85
4211	85
4212	85
4213	85
4214	85
4215	85
4216	85
4217	85
4218	85
4219	85
4220	85
4221	85
4222	85
4223	85
4224	85
4225	85
4226	85
4227	85
4228	85
4229	85
4230	85
4231	85
4232	85
4233	85
4234	85
4235	85
4236	85
4237	85
4238	85
4239	85
4240	85
4241	85
4242	85
4243	85
4244	85
4245	85
4246	85
4247	85
4248	85
4249	85
4250	85
4251	85
4252	85
4253	86
4254	86
4255	86
4256	86
4257	86
4258	86
4259	86
4260	86
4261	86
4262	86
4263	86
4264	86
4265	86
4266	86
4267	86
4268	86
4269	86
4270	86
4271	86
4272	86
4273	86
4274	86
4275	86
4276	86
4277	86
4278	86
4279	86
4280	86
4281	86
4282	86
4283	86
4284	86
4285	86
4286	86
4287	86
4288	86
4289	86
4290	86
4291	86
4292	86
4293	86
4294	86
4295	86
4296	86
4297	86
4298	86
4299	86
4300	86
4301	86
4302	86
4303	87
4304	87
4305	87
4306	87
4307	87
4308	87
4309	87
4310	87
4311	87
4312	87
4313	87
4314	87
4315	87
4316	87
4317	87
4318	87
4319	87
4320	87
4321	87
4322	87
4323	87
4324	87
4325	87
4326	87
4327	87
4328	87
4329	87
4330	87
4331	87
4332	87
4333	87
4334	87
4335	87
4336	87
4337	87
4338	87
4339	87
4340	87
4341	87
4342	87
4343	87
4344	87
4345	87
4346	87
4347	87
4348	87
4349	87
4350	87
4351	87
4352	87
4353	88
4354	88
4355	88
4356	88
4357	88
4358	88
4359	88
4360	88
4361	88
4362	88
4363	88
4364	88
4365	88
4366	88
4367	88
4368	88
4369	88
4370	88
4371	88
4372	88
4373	88
4374	88
4375	88
4376	88
4377	88
4378	88
4379	88
4380	88
4381	88
4382	88
4383	88
4384	88
4385	88
4386	88
4387	88
4388	88
4389	88
4390	88
4391	88
4392	88
4393	88
4394	88
4395	88
4396	88
4397	88
4398	88
4399	88
4400	88
4401	88
4402	88
4403	89
4404	89
4405	89
4406	89
4407	89
4408	89
4409	89
4410	89
4411	89
4412	89
4413	89
4414	89
4415	89
4416	89
4417	89
4418	89
4419	89
4420	89
4421	89
4422	89
4423	89
4424	89
4425	89
4426	89
4427	89
4428	89
4429	89
4430	89
4431	89
4432	89
4433	89
4434	89
4435	89
4436	89
4437	89
4438	89
4439	89
4440	89
4441	89
4442	89
4443	89
4444	89
4445	89
4446	89
4447	89
4448	89
4449	89
4450	89
4451	89
4452	89
4453	90
4454	90
4455	90
4456	90
4457	90
4458	90
4459	90
4460	90
4461	90
4462	90
4463	90
4464	90
4465	90
4466	90
4467	90
4468	90
4469	90
4470	90
4471	90
4472	90
4473	90
4474	90
4475	90
4476	90
4477	90
4478	90
4479	90
4480	90
4481	90
4482	90
4483	90
4484	90
4485	90
4486	90
4487	90
4488	90
4489	90
4490	90
4491	90
4492	90
4493	90
4494	90
4495	90
4496	90
4497	90
4498	90
4499	90
4500	90
4501	90
4502	90
4503	91
4504	91
4505	91
4506	91
4507	91
4508	91
4509	91
4510	91
4511	91
4512	91
4513	91
4514	91
4515	91
4516	91
4517	91
4518	91
4519	91
4520	91
4521	91
4522	91
4523	91
4524	91
4525	91
4526	91
4527	91
4528	91
4529	91
4530	91
4531	91
4532	91
4533	91
4534	91
4535	91
4536	91
4537	91
4538	91
4539	91
4540	91
4541	91
4542	91
4543	91
4544	91
4545	91
4546	91
4547	91
4548	91
4549	91
4550	91
4551	91
4552	91
4553	92
4554	92
4555	92
4556	92
4557	92
4558	92
4559	92
4560	92
4561	92
4562	92
4563	92
4564	92
4565	92
4566	92
4567	92
4568	92
4569	92
4570	92
4571	92
4572	92
4573	92
4574	92
4575	92
4576	92
4577	92
4578	92
4579	92
4580	92
4581	92
4582	92
4583	92
4584	92
4585	92
4586	92
4587	92
4588	92
4589	92
4590	92
4591	92
4592	92
4593	92
4594	92
4595	92
4596	92
4597	92
4598	92
4599	92
4600	92
4601	92
4602	92
4603	93
4604	93
4605	93
4606	93
4607	93
4608	93
4609	93
4610	93
4611	93
4612	93
4613	93
4614	93
4615	93
4616	93
4617	93
4618	93
4619	93
4620	93
4621	93
4622	93
4623	93
4624	93
4625	93
4626	93
4627	93
4628	93
4629	93
4630	93
4631	93
4632	93
4633	93
4634	93
4635	93
4636	93
4637	93
4638	93
4639	93
4640	93
4641	93
4642	93
4643	93
4644	93
4645	93
4646	93
4647	93
4648	93
4649	93
4650	93
4651	93
4652	93
4653	94
4654	94
4655	94
4656	94
4657	94
4658	94
4659	94
4660	94
4661	94
4662	94
4663	94
4664	94
4665	94
4666	94
4667	94
4668	94
4669	94
4670	94
4671	94
4672	94
4673	94
4674	94
4675	94
4676	94
4677	94
4678	94
4679	94
4680	94
4681	94
4682	94
4683	94
4684	94
4685	94
4686	94
4687	94
4688	94
4689	94
4690	94
4691	94
4692	94
4693	94
4694	94
4695	94
4696	94
4697	94
4698	94
4699	94
4700	94
4701	94
4702	94
4703	95
4704	95
4705	95
4706	95
4707	95
4708	95
4709	95
4710	95
4711	95
4712	95
4713	95
4714	95
4715	95
4716	95
4717	95
4718	95
4719	95
4720	95
4721	95
4722	95
4723	95
4724	95
4725	95
4726	95
4727	95
4728	95
4729	95
4730	95
4731	95
4732	95
4733	95
4734	95
4735	95
4736	95
4737	95
4738	95
4739	95
4740	95
4741	95
4742	95
4743	95
4744	95
4745	95
4746	95
4747	95
4748	95
4749	95
4750	95
4751	95
4752	95
4753	96
4754	96
4755	96
4756	96
4757	96
4758	96
4759	96
4760	96
4761	96
4762	96
4763	96
4764	96
4765	96
4766	96
4767	96
4768	96
4769	96
4770	96
4771	96
4772	96
4773	96
4774	96
4775	96
4776	96
4777	96
4778	96
4779	96
4780	96
4781	96
4782	96
4783	96
4784	96
4785	96
4786	96
4787	96
4788	96
4789	96
4790	96
4791	96
4792	96
4793	96
4794	96
4795	96
4796	96
4797	96
4798	96
4799	96
4800	96
4801	96
4802	96
4803	97
4804	97
4805	97
4806	97
4807	97
4808	97
4809	97
4810	97
4811	97
4812	97
4813	97
4814	97
4815	97
4816	97
4817	97
4818	97
4819	97
4820	97
4821	97
4822	97
4823	97
4824	97
4825	97
4826	97
4827	97
4828	97
4829	97
4830	97
4831	97
4832	97
4833	97
4834	97
4835	97
4836	97
4837	97
4838	97
4839	97
4840	97
4841	97
4842	97
4843	97
4844	97
4845	97
4846	97
4847	97
4848	97
4849	97
4850	97
4851	97
4852	97
4853	98
4854	98
4855	98
4856	98
4857	98
4858	98
4859	98
4860	98
4861	98
4862	98
4863	98
4864	98
4865	98
4866	98
4867	98
4868	98
4869	98
4870	98
4871	98
4872	98
4873	98
4874	98
4875	98
4876	98
4877	98
4878	98
4879	98
4880	98
4881	98
4882	98
4883	98
4884	98
4885	98
4886	98
4887	98
4888	98
4889	98
4890	98
4891	98
4892	98
4893	98
4894	98
4895	98
4896	98
4897	98
4898	98
4899	98
4900	98
4901	98
4902	98
4903	99
4904	99
4905	99
4906	99
4907	99
4908	99
4909	99
4910	99
4911	99
4912	99
4913	99
4914	99
4915	99
4916	99
4917	99
4918	99
4919	99
4920	99
4921	99
4922	99
4923	99
4924	99
4925	99
4926	99
4927	99
4928	99
4929	99
4930	99
4931	99
4932	99
4933	99
4934	99
4935	99
4936	99
4937	99
4938	99
4939	99
4940	99
4941	99
4942	99
4943	99
4944	99
4945	99
4946	99
4947	99
4948	99
4949	99
4950	99
4951	99
4952	99
4953	100
4954	100
4955	100
4956	100
4957	100
4958	100
4959	100
4960	100
4961	100
4962	100
4963	100
4964	100
4965	100
4966	100
4967	100
4968	100
4969	100
4970	100
4971	100
4972	100
4973	100
4974	100
4975	100
4976	100
4977	100
4978	100
4979	100
4980	100
4981	100
4982	100
4983	100
4984	100
4985	100
4986	100
4987	100
4988	100
4989	100
4990	100
4991	100
4992	100
4993	100
4994	100
4995	100
4996	100
4997	100
4998	100
4999	100
5000	100
5001	100
5002	100
5003	101
5004	101
5005	101
5006	101
5007	101
5008	101
5009	101
5010	101
5011	101
5012	101
5013	101
5014	101
5015	101
5016	101
5017	101
5018	101
5019	101
5020	101
5021	101
5022	101
5023	101
5024	101
5025	101
5026	101
5027	101
5028	101
5029	101
5030	101
5031	101
5032	101
5033	101
5034	101
5035	101
5036	101
5037	101
5038	101
5039	101
5040	101
5041	101
5042	101
5043	101
5044	101
5045	101
5046	101
5047	101
5048	101
5049	101
5050	101
5051	101
5052	101
5053	102
5054	102
5055	102
5056	102
5057	102
5058	102
5059	102
5060	102
5061	102
5062	102
5063	102
5064	102
5065	102
5066	102
5067	102
5068	102
5069	102
5070	102
5071	102
5072	102
5073	102
5074	102
5075	102
5076	102
5077	102
5078	102
5079	102
5080	102
5081	102
5082	102
5083	102
5084	102
5085	102
5086	102
5087	102
5088	102
5089	102
5090	102
5091	102
5092	102
5093	102
5094	102
5095	102
5096	102
5097	102
5098	102
5099	102
5100	102
5101	102
5102	102
