Node	Time	EnergyCarrier	ReferenceDemand
3	1	Electricity	32.20474532182015
3	2	Electricity	31.509516230884696
3	3	Electricity	31.51037882427496
3	4	Electricity	31.899453644240374
3	5	Electricity	33.58918174290748
3	6	Electricity	38.58728735541377
3	7	Electricity	46.96223875926774
3	8	Electricity	58.57637162349289
3	9	Electricity	73.44361465870622
3	10	Electricity	85.99575688702386
3	11	Electricity	91.35880373254994
3	12	Electricity	92.54426728565481
3	13	Electricity	85.65122829506335
3	14	Electricity	86.77891795511879
3	15	Electricity	94.66068137906204
3	16	Electricity	95.26058747747973
3	17	Electricity	93.65644389591607
3	18	Electricity	88.87293127475571
3	19	Electricity	81.0757814594502
3	20	Electricity	66.5408359258575
3	21	Electricity	49.47695175912804
3	22	Electricity	42.21898742172789
3	23	Electricity	40.33447045741347
3	24	Electricity	38.58332915517272
3	1	LT	1.4364982890608642
3	2	LT	1.4364982890608642
3	3	LT	1.4364982890608642
3	4	LT	1.4364982890608642
3	5	LT	1.4364982890608642
3	6	LT	1.4364982890608642
3	7	LT	1.4364982890608642
3	8	LT	6.24876755741476
3	9	LT	7.0298635020916045
3	10	LT	7.8109594467684484
3	11	LT	7.8109594467684484
3	12	LT	9.373151336122138
3	13	LT	9.373151336122138
3	14	LT	6.24876755741476
3	15	LT	9.373151336122138
3	16	LT	9.373151336122138
3	17	LT	7.8109594467684484
3	18	LT	6.284680014641281
3	19	LT	2.2445285766576006
3	20	LT	2.2445285766576006
3	21	LT	2.2445285766576006
3	22	LT	2.2445285766576006
3	23	LT	2.2445285766576006
3	24	LT	2.2445285766576006
3	1	MT	36.953338576029196
3	2	MT	36.953338576029196
3	3	MT	36.953338576029196
3	4	MT	36.953338576029196
3	5	MT	36.953338576029196
3	6	MT	36.953338576029196
3	7	MT	36.953338576029196
3	8	MT	157.56128091706782
3	9	MT	177.25644103170129
3	10	MT	196.95160114633475
3	11	MT	196.95160114633475
3	12	MT	236.34192137560166
3	13	MT	236.34192137560166
3	14	MT	157.56128091706782
3	15	MT	236.34192137560166
3	16	MT	236.34192137560166
3	17	MT	140.40468262263406
3	18	MT	44.50634903166185
3	19	MT	39.59856132573632
3	20	MT	39.59856132573632
3	21	MT	39.59856132573632
3	22	MT	39.59856132573632
3	23	MT	39.59856132573632
3	24	MT	39.59856132573632
3	1	H2	0.0
3	2	H2	0.0
3	3	H2	0.0
3	4	H2	0.0
3	5	H2	0.0
3	6	H2	0.0
3	7	H2	0.0
3	8	H2	0.0
3	9	H2	0.0
3	10	H2	0.0
3	11	H2	0.0
3	12	H2	0.0
3	13	H2	0.0
3	14	H2	0.0
3	15	H2	0.0
3	16	H2	0.0
3	17	H2	0.0
3	18	H2	0.0
3	19	H2	0.0
3	20	H2	0.0
3	21	H2	0.0
3	22	H2	0.0
3	23	H2	0.0
3	24	H2	0.0
3	1	CH4	0.0
3	2	CH4	0.0
3	3	CH4	0.0
3	4	CH4	0.0
3	5	CH4	0.0
3	6	CH4	0.0
3	7	CH4	0.0
3	8	CH4	0.0
3	9	CH4	0.0
3	10	CH4	0.0
3	11	CH4	0.0
3	12	CH4	0.0
3	13	CH4	0.0
3	14	CH4	0.0
3	15	CH4	0.0
3	16	CH4	0.0
3	17	CH4	0.0
3	18	CH4	0.0
3	19	CH4	0.0
3	20	CH4	0.0
3	21	CH4	0.0
3	22	CH4	0.0
3	23	CH4	0.0
3	24	CH4	0.0
3	1	Biogas	0.0
3	2	Biogas	0.0
3	3	Biogas	0.0
3	4	Biogas	0.0
3	5	Biogas	0.0
3	6	Biogas	0.0
3	7	Biogas	0.0
3	8	Biogas	0.0
3	9	Biogas	0.0
3	10	Biogas	0.0
3	11	Biogas	0.0
3	12	Biogas	0.0
3	13	Biogas	0.0
3	14	Biogas	0.0
3	15	Biogas	0.0
3	16	Biogas	0.0
3	17	Biogas	0.0
3	18	Biogas	0.0
3	19	Biogas	0.0
3	20	Biogas	0.0
3	21	Biogas	0.0
3	22	Biogas	0.0
3	23	Biogas	0.0
3	24	Biogas	0.0
3	1	CH4_H2_Mix	0.0
3	2	CH4_H2_Mix	0.0
3	3	CH4_H2_Mix	0.0
3	4	CH4_H2_Mix	0.0
3	5	CH4_H2_Mix	0.0
3	6	CH4_H2_Mix	0.0
3	7	CH4_H2_Mix	0.0
3	8	CH4_H2_Mix	0.0
3	9	CH4_H2_Mix	0.0
3	10	CH4_H2_Mix	0.0
3	11	CH4_H2_Mix	0.0
3	12	CH4_H2_Mix	0.0
3	13	CH4_H2_Mix	0.0
3	14	CH4_H2_Mix	0.0
3	15	CH4_H2_Mix	0.0
3	16	CH4_H2_Mix	0.0
3	17	CH4_H2_Mix	0.0
3	18	CH4_H2_Mix	0.0
3	19	CH4_H2_Mix	0.0
3	20	CH4_H2_Mix	0.0
3	21	CH4_H2_Mix	0.0
3	22	CH4_H2_Mix	0.0
3	23	CH4_H2_Mix	0.0
3	24	CH4_H2_Mix	0.0
4	1	Electricity	33.74594484674394
4	2	Electricity	33.35982486203654
4	3	Electricity	32.57390169617574
4	4	Electricity	32.39623026095579
4	5	Electricity	33.930325482426255
4	6	Electricity	38.11142624041315
4	7	Electricity	47.485293044011584
4	8	Electricity	59.010739424730716
4	9	Electricity	74.02428622936938
4	10	Electricity	84.9139149587851
4	11	Electricity	90.66163401551549
4	12	Electricity	91.07713439475972
4	13	Electricity	82.73957340562147
4	14	Electricity	84.16282635191253
4	15	Electricity	91.73135096418302
4	16	Electricity	91.48155075931562
4	17	Electricity	89.8320546295223
4	18	Electricity	84.56550812971292
4	19	Electricity	76.06485651073116
4	20	Electricity	60.9686207106584
4	21	Electricity	45.48110266738801
4	22	Electricity	38.48444326809975
4	23	Electricity	36.993092773232114
4	24	Electricity	35.10356139100414
4	1	LT	2.3308264159432652
4	2	LT	2.3308264159432652
4	3	LT	2.3308264159432652
4	4	LT	2.3308264159432652
4	5	LT	2.3308264159432652
4	6	LT	2.3308264159432652
4	7	LT	2.3308264159432652
4	8	LT	6.714283836894631
4	9	LT	7.491727228535063
4	10	LT	8.269170620175492
4	11	LT	8.269170620175492
4	12	LT	9.894734075423667
4	13	LT	9.894734075423667
4	14	LT	6.5729304929600065
4	15	LT	9.894734075423667
4	16	LT	9.894734075423667
4	17	LT	8.270674379153522
4	18	LT	6.57142673398198
4	19	LT	2.3308264159432652
4	20	LT	2.3308264159432652
4	21	LT	2.3308264159432652
4	22	LT	2.3308264159432652
4	23	LT	2.3308264159432652
4	24	LT	2.3308264159432652
4	1	MT	27.295468877062394
4	2	MT	40.27044393377807
4	3	MT	40.27044393377807
4	4	MT	40.27044393377807
4	5	MT	40.27044393377807
4	6	MT	40.27044393377807
4	7	MT	40.27044393377807
4	8	MT	166.39418341278227
4	9	MT	185.66087833426235
4	10	MT	204.92757325574237
4	11	MT	204.92757325574237
4	12	MT	245.21248081883704
4	13	MT	245.21248081883704
4	14	MT	162.89114797251315
4	15	MT	245.21248081883704
4	16	MT	245.21248081883704
4	17	MT	147.14338159810487
4	18	MT	66.09620497718808
4	19	MT	41.44998712075222
4	20	MT	41.44998712075222
4	21	MT	41.44998712075222
4	22	MT	41.44998712075222
4	23	MT	41.44998712075222
4	24	MT	41.44998712075222
4	1	H2	0.0
4	2	H2	0.0
4	3	H2	0.0
4	4	H2	0.0
4	5	H2	0.0
4	6	H2	0.0
4	7	H2	0.0
4	8	H2	0.0
4	9	H2	0.0
4	10	H2	0.0
4	11	H2	0.0
4	12	H2	0.0
4	13	H2	0.0
4	14	H2	0.0
4	15	H2	0.0
4	16	H2	0.0
4	17	H2	0.0
4	18	H2	0.0
4	19	H2	0.0
4	20	H2	0.0
4	21	H2	0.0
4	22	H2	0.0
4	23	H2	0.0
4	24	H2	0.0
4	1	CH4	0.0
4	2	CH4	0.0
4	3	CH4	0.0
4	4	CH4	0.0
4	5	CH4	0.0
4	6	CH4	0.0
4	7	CH4	0.0
4	8	CH4	0.0
4	9	CH4	0.0
4	10	CH4	0.0
4	11	CH4	0.0
4	12	CH4	0.0
4	13	CH4	0.0
4	14	CH4	0.0
4	15	CH4	0.0
4	16	CH4	0.0
4	17	CH4	0.0
4	18	CH4	0.0
4	19	CH4	0.0
4	20	CH4	0.0
4	21	CH4	0.0
4	22	CH4	0.0
4	23	CH4	0.0
4	24	CH4	0.0
4	1	Biogas	0.0
4	2	Biogas	0.0
4	3	Biogas	0.0
4	4	Biogas	0.0
4	5	Biogas	0.0
4	6	Biogas	0.0
4	7	Biogas	0.0
4	8	Biogas	0.0
4	9	Biogas	0.0
4	10	Biogas	0.0
4	11	Biogas	0.0
4	12	Biogas	0.0
4	13	Biogas	0.0
4	14	Biogas	0.0
4	15	Biogas	0.0
4	16	Biogas	0.0
4	17	Biogas	0.0
4	18	Biogas	0.0
4	19	Biogas	0.0
4	20	Biogas	0.0
4	21	Biogas	0.0
4	22	Biogas	0.0
4	23	Biogas	0.0
4	24	Biogas	0.0
4	1	CH4_H2_Mix	0.0
4	2	CH4_H2_Mix	0.0
4	3	CH4_H2_Mix	0.0
4	4	CH4_H2_Mix	0.0
4	5	CH4_H2_Mix	0.0
4	6	CH4_H2_Mix	0.0
4	7	CH4_H2_Mix	0.0
4	8	CH4_H2_Mix	0.0
4	9	CH4_H2_Mix	0.0
4	10	CH4_H2_Mix	0.0
4	11	CH4_H2_Mix	0.0
4	12	CH4_H2_Mix	0.0
4	13	CH4_H2_Mix	0.0
4	14	CH4_H2_Mix	0.0
4	15	CH4_H2_Mix	0.0
4	16	CH4_H2_Mix	0.0
4	17	CH4_H2_Mix	0.0
4	18	CH4_H2_Mix	0.0
4	19	CH4_H2_Mix	0.0
4	20	CH4_H2_Mix	0.0
4	21	CH4_H2_Mix	0.0
4	22	CH4_H2_Mix	0.0
4	23	CH4_H2_Mix	0.0
4	24	CH4_H2_Mix	0.0
5	1	Electricity	34.577559492007325
5	2	Electricity	34.07783087776219
5	3	Electricity	33.27488947527995
5	4	Electricity	33.50769533618464
5	5	Electricity	34.629605709204334
5	6	Electricity	40.053715957618316
5	7	Electricity	50.516242204993304
5	8	Electricity	62.347832215201365
5	9	Electricity	75.99749145077001
5	10	Electricity	86.57543160427693
5	11	Electricity	90.01095026579488
5	12	Electricity	89.2396268066079
5	13	Electricity	79.8779771327396
5	14	Electricity	80.35177146941653
5	15	Electricity	88.16832166756053
5	16	Electricity	88.22787177582602
5	17	Electricity	86.2894409890454
5	18	Electricity	80.20090992830096
5	19	Electricity	72.71508072169009
5	20	Electricity	61.70287489982704
5	21	Electricity	47.646549462567066
5	22	Electricity	40.347782038137474
5	23	Electricity	37.00149602147436
5	24	Electricity	35.55709371425301
5	1	LT	7.2694037546767225
5	2	LT	7.2694037546767225
5	3	LT	7.2694037546767225
5	4	LT	7.2694037546767225
5	5	LT	7.2694037546767225
5	6	LT	7.2694037546767225
5	7	LT	7.2694037546767225
5	8	LT	20.02720734413437
5	9	LT	22.346147141876244
5	10	LT	24.665086939618117
5	11	LT	24.665086939618117
5	12	LT	29.513779243987486
5	13	LT	29.513779243987486
5	14	LT	19.60558192636312
5	15	LT	29.513779243987486
5	16	LT	29.513779243987486
5	17	LT	24.66145223774078
5	18	LT	19.609216628240457
5	19	LT	7.2694037546767225
5	20	LT	7.2694037546767225
5	21	LT	7.2694037546767225
5	22	LT	7.2694037546767225
5	23	LT	7.2694037546767225
5	24	LT	7.2694037546767225
5	1	MT	52.28553602243308
5	2	MT	52.28553602243308
5	3	MT	52.28553602243308
5	4	MT	52.28553602243308
5	5	MT	52.28553602243308
5	6	MT	52.28553602243308
5	7	MT	52.28553602243308
5	8	MT	203.2402633817468
5	9	MT	226.77334651015957
5	10	MT	250.30642963857235
5	11	MT	250.30642963857235
5	12	MT	299.51196708889
5	13	MT	299.51196708889
5	14	MT	198.96152099476262
5	15	MT	299.51196708889
5	16	MT	299.51196708889
5	17	MT	184.37331086399573
5	18	MT	88.53172501625033
5	19	MT	52.28553602243308
5	20	MT	52.28553602243308
5	21	MT	52.28553602243308
5	22	MT	52.28553602243308
5	23	MT	52.28553602243308
5	24	MT	52.28553602243308
5	1	H2	0.0
5	2	H2	0.0
5	3	H2	0.0
5	4	H2	0.0
5	5	H2	0.0
5	6	H2	0.0
5	7	H2	0.0
5	8	H2	0.0
5	9	H2	0.0
5	10	H2	0.0
5	11	H2	0.0
5	12	H2	0.0
5	13	H2	0.0
5	14	H2	0.0
5	15	H2	0.0
5	16	H2	0.0
5	17	H2	0.0
5	18	H2	0.0
5	19	H2	0.0
5	20	H2	0.0
5	21	H2	0.0
5	22	H2	0.0
5	23	H2	0.0
5	24	H2	0.0
5	1	CH4	0.0
5	2	CH4	0.0
5	3	CH4	0.0
5	4	CH4	0.0
5	5	CH4	0.0
5	6	CH4	0.0
5	7	CH4	0.0
5	8	CH4	0.0
5	9	CH4	0.0
5	10	CH4	0.0
5	11	CH4	0.0
5	12	CH4	0.0
5	13	CH4	0.0
5	14	CH4	0.0
5	15	CH4	0.0
5	16	CH4	0.0
5	17	CH4	0.0
5	18	CH4	0.0
5	19	CH4	0.0
5	20	CH4	0.0
5	21	CH4	0.0
5	22	CH4	0.0
5	23	CH4	0.0
5	24	CH4	0.0
5	1	Biogas	0.0
5	2	Biogas	0.0
5	3	Biogas	0.0
5	4	Biogas	0.0
5	5	Biogas	0.0
5	6	Biogas	0.0
5	7	Biogas	0.0
5	8	Biogas	0.0
5	9	Biogas	0.0
5	10	Biogas	0.0
5	11	Biogas	0.0
5	12	Biogas	0.0
5	13	Biogas	0.0
5	14	Biogas	0.0
5	15	Biogas	0.0
5	16	Biogas	0.0
5	17	Biogas	0.0
5	18	Biogas	0.0
5	19	Biogas	0.0
5	20	Biogas	0.0
5	21	Biogas	0.0
5	22	Biogas	0.0
5	23	Biogas	0.0
5	24	Biogas	0.0
5	1	CH4_H2_Mix	0.0
5	2	CH4_H2_Mix	0.0
5	3	CH4_H2_Mix	0.0
5	4	CH4_H2_Mix	0.0
5	5	CH4_H2_Mix	0.0
5	6	CH4_H2_Mix	0.0
5	7	CH4_H2_Mix	0.0
5	8	CH4_H2_Mix	0.0
5	9	CH4_H2_Mix	0.0
5	10	CH4_H2_Mix	0.0
5	11	CH4_H2_Mix	0.0
5	12	CH4_H2_Mix	0.0
5	13	CH4_H2_Mix	0.0
5	14	CH4_H2_Mix	0.0
5	15	CH4_H2_Mix	0.0
5	16	CH4_H2_Mix	0.0
5	17	CH4_H2_Mix	0.0
5	18	CH4_H2_Mix	0.0
5	19	CH4_H2_Mix	0.0
5	20	CH4_H2_Mix	0.0
5	21	CH4_H2_Mix	0.0
5	22	CH4_H2_Mix	0.0
5	23	CH4_H2_Mix	0.0
5	24	CH4_H2_Mix	0.0
6	1	Electricity	37.139232562501135
6	2	Electricity	37.01987031216659
6	3	Electricity	36.69650058245882
6	4	Electricity	36.725337222648484
6	5	Electricity	38.48945728062354
6	6	Electricity	44.43174560843777
6	7	Electricity	56.32758840010248
6	8	Electricity	69.6373380545909
6	9	Electricity	83.78444763931262
6	10	Electricity	94.23608983049644
6	11	Electricity	95.77954491868596
6	12	Electricity	95.12652739081356
6	13	Electricity	86.40708803532216
6	14	Electricity	86.93922026354659
6	15	Electricity	92.92019371960987
6	16	Electricity	91.31038154775074
6	17	Electricity	90.4572935591314
6	18	Electricity	87.3731962049115
6	19	Electricity	80.25801036761818
6	20	Electricity	64.24687862707749
6	21	Electricity	49.30184329929318
6	22	Electricity	41.984701457487056
6	23	Electricity	39.94511265006148
6	24	Electricity	38.39278203456394
6	1	LT	30.211485344386148
6	2	LT	30.211485344386148
6	3	LT	30.211485344386148
6	4	LT	30.211485344386148
6	5	LT	30.211485344386148
6	6	LT	30.211485344386148
6	7	LT	30.211485344386148
6	8	LT	83.23264212378382
6	9	LT	92.87010594864302
6	10	LT	102.5075697735022
6	11	LT	102.5075697735022
6	12	LT	122.65863049820774
6	13	LT	122.65863049820774
6	14	LT	81.48037597380943
6	15	LT	122.65863049820774
6	16	LT	122.65863049820774
6	17	LT	102.49246403083002
6	18	LT	81.49548171648165
6	19	LT	30.211485344386148
6	20	LT	30.211485344386148
6	21	LT	30.211485344386148
6	22	LT	30.211485344386148
6	23	LT	30.211485344386148
6	24	LT	30.211485344386148
6	1	MT	98.28016924215744
6	2	MT	98.28016924215744
6	3	MT	98.28016924215744
6	4	MT	98.28016924215744
6	5	MT	98.28016924215744
6	6	MT	98.28016924215744
6	7	MT	98.28016924215744
6	8	MT	358.1334838178225
6	9	MT	399.6015714177809
6	10	MT	441.06965901773935
6	11	MT	441.06965901773935
6	12	MT	527.7756603631069
6	13	MT	527.7756603631069
6	14	MT	350.593831526921
6	15	MT	527.7756603631069
6	16	MT	527.7756603631069
6	17	MT	343.73976612277306
6	18	MT	187.6065599187225
6	19	MT	98.28016924215744
6	20	MT	98.28016924215744
6	21	MT	98.28016924215744
6	22	MT	98.28016924215744
6	23	MT	98.28016924215744
6	24	MT	98.28016924215744
6	1	H2	0.0
6	2	H2	0.0
6	3	H2	0.0
6	4	H2	0.0
6	5	H2	0.0
6	6	H2	0.0
6	7	H2	0.0
6	8	H2	0.0
6	9	H2	0.0
6	10	H2	0.0
6	11	H2	0.0
6	12	H2	0.0
6	13	H2	0.0
6	14	H2	0.0
6	15	H2	0.0
6	16	H2	0.0
6	17	H2	0.0
6	18	H2	0.0
6	19	H2	0.0
6	20	H2	0.0
6	21	H2	0.0
6	22	H2	0.0
6	23	H2	0.0
6	24	H2	0.0
6	1	CH4	0.0
6	2	CH4	0.0
6	3	CH4	0.0
6	4	CH4	0.0
6	5	CH4	0.0
6	6	CH4	0.0
6	7	CH4	0.0
6	8	CH4	0.0
6	9	CH4	0.0
6	10	CH4	0.0
6	11	CH4	0.0
6	12	CH4	0.0
6	13	CH4	0.0
6	14	CH4	0.0
6	15	CH4	0.0
6	16	CH4	0.0
6	17	CH4	0.0
6	18	CH4	0.0
6	19	CH4	0.0
6	20	CH4	0.0
6	21	CH4	0.0
6	22	CH4	0.0
6	23	CH4	0.0
6	24	CH4	0.0
6	1	Biogas	0.0
6	2	Biogas	0.0
6	3	Biogas	0.0
6	4	Biogas	0.0
6	5	Biogas	0.0
6	6	Biogas	0.0
6	7	Biogas	0.0
6	8	Biogas	0.0
6	9	Biogas	0.0
6	10	Biogas	0.0
6	11	Biogas	0.0
6	12	Biogas	0.0
6	13	Biogas	0.0
6	14	Biogas	0.0
6	15	Biogas	0.0
6	16	Biogas	0.0
6	17	Biogas	0.0
6	18	Biogas	0.0
6	19	Biogas	0.0
6	20	Biogas	0.0
6	21	Biogas	0.0
6	22	Biogas	0.0
6	23	Biogas	0.0
6	24	Biogas	0.0
6	1	CH4_H2_Mix	0.0
6	2	CH4_H2_Mix	0.0
6	3	CH4_H2_Mix	0.0
6	4	CH4_H2_Mix	0.0
6	5	CH4_H2_Mix	0.0
6	6	CH4_H2_Mix	0.0
6	7	CH4_H2_Mix	0.0
6	8	CH4_H2_Mix	0.0
6	9	CH4_H2_Mix	0.0
6	10	CH4_H2_Mix	0.0
6	11	CH4_H2_Mix	0.0
6	12	CH4_H2_Mix	0.0
6	13	CH4_H2_Mix	0.0
6	14	CH4_H2_Mix	0.0
6	15	CH4_H2_Mix	0.0
6	16	CH4_H2_Mix	0.0
6	17	CH4_H2_Mix	0.0
6	18	CH4_H2_Mix	0.0
6	19	CH4_H2_Mix	0.0
6	20	CH4_H2_Mix	0.0
6	21	CH4_H2_Mix	0.0
6	22	CH4_H2_Mix	0.0
6	23	CH4_H2_Mix	0.0
6	24	CH4_H2_Mix	0.0
7	1	Electricity	32.122100767238045
7	2	Electricity	31.51168633292247
7	3	Electricity	30.984604399604986
7	4	Electricity	30.940470503655668
7	5	Electricity	31.80637825921436
7	6	Electricity	35.50758977222667
7	7	Electricity	44.70002446652272
7	8	Electricity	53.94605771673909
7	9	Electricity	66.29580079886682
7	10	Electricity	78.13315973333498
7	11	Electricity	83.0462158672052
7	12	Electricity	84.25848703409707
7	13	Electricity	76.21340160410702
7	14	Electricity	78.17809822660257
7	15	Electricity	84.22343113230205
7	16	Electricity	84.60717738262986
7	17	Electricity	82.63772660244415
7	18	Electricity	78.88020505879146
7	19	Electricity	72.14347744116398
7	20	Electricity	57.5927965775065
7	21	Electricity	43.39467614102467
7	22	Electricity	37.11586123498115
7	23	Electricity	34.69268921992026
7	24	Electricity	33.02324489904376
7	1	LT	2.2005076020267462
7	2	LT	2.2005076020267462
7	3	LT	2.2005076020267462
7	4	LT	2.2005076020267462
7	5	LT	2.2005076020267462
7	6	LT	2.2005076020267462
7	7	LT	2.2005076020267462
7	8	LT	6.062398443583686
7	9	LT	6.764360368630219
7	10	LT	7.4663222936767495
7	11	LT	7.4663222936767495
7	12	LT	8.934060864228588
7	13	LT	8.934060864228588
7	14	LT	5.934769002666134
7	15	LT	8.934060864228588
7	16	LT	8.934060864228588
7	17	LT	7.465222039875737
7	18	LT	5.935869256467147
7	19	LT	2.2005076020267462
7	20	LT	2.2005076020267462
7	21	LT	2.2005076020267462
7	22	LT	2.2005076020267462
7	23	LT	2.2005076020267462
7	24	LT	2.2005076020267462
7	1	MT	39.44292703167079
7	2	MT	39.44292703167079
7	3	MT	39.44292703167079
7	4	MT	39.44292703167079
7	5	MT	39.44292703167079
7	6	MT	39.44292703167079
7	7	MT	39.44292703167079
7	8	MT	158.06047734720147
7	9	MT	176.362216829509
7	10	MT	194.66395631181655
7	11	MT	194.66395631181655
7	12	MT	232.9312297748232
7	13	MT	232.9312297748232
7	14	MT	154.73288835041828
7	15	MT	232.9312297748232
7	16	MT	232.9312297748232
7	17	MT	139.6469293528355
7	18	MT	62.58059138563005
7	19	MT	39.44292703167079
7	20	MT	39.44292703167079
7	21	MT	39.44292703167079
7	22	MT	39.44292703167079
7	23	MT	39.44292703167079
7	24	MT	39.44292703167079
7	1	H2	0.0
7	2	H2	0.0
7	3	H2	0.0
7	4	H2	0.0
7	5	H2	0.0
7	6	H2	0.0
7	7	H2	0.0
7	8	H2	0.0
7	9	H2	0.0
7	10	H2	0.0
7	11	H2	0.0
7	12	H2	0.0
7	13	H2	0.0
7	14	H2	0.0
7	15	H2	0.0
7	16	H2	0.0
7	17	H2	0.0
7	18	H2	0.0
7	19	H2	0.0
7	20	H2	0.0
7	21	H2	0.0
7	22	H2	0.0
7	23	H2	0.0
7	24	H2	0.0
7	1	CH4	0.0
7	2	CH4	0.0
7	3	CH4	0.0
7	4	CH4	0.0
7	5	CH4	0.0
7	6	CH4	0.0
7	7	CH4	0.0
7	8	CH4	0.0
7	9	CH4	0.0
7	10	CH4	0.0
7	11	CH4	0.0
7	12	CH4	0.0
7	13	CH4	0.0
7	14	CH4	0.0
7	15	CH4	0.0
7	16	CH4	0.0
7	17	CH4	0.0
7	18	CH4	0.0
7	19	CH4	0.0
7	20	CH4	0.0
7	21	CH4	0.0
7	22	CH4	0.0
7	23	CH4	0.0
7	24	CH4	0.0
7	1	Biogas	0.0
7	2	Biogas	0.0
7	3	Biogas	0.0
7	4	Biogas	0.0
7	5	Biogas	0.0
7	6	Biogas	0.0
7	7	Biogas	0.0
7	8	Biogas	0.0
7	9	Biogas	0.0
7	10	Biogas	0.0
7	11	Biogas	0.0
7	12	Biogas	0.0
7	13	Biogas	0.0
7	14	Biogas	0.0
7	15	Biogas	0.0
7	16	Biogas	0.0
7	17	Biogas	0.0
7	18	Biogas	0.0
7	19	Biogas	0.0
7	20	Biogas	0.0
7	21	Biogas	0.0
7	22	Biogas	0.0
7	23	Biogas	0.0
7	24	Biogas	0.0
7	1	CH4_H2_Mix	0.0
7	2	CH4_H2_Mix	0.0
7	3	CH4_H2_Mix	0.0
7	4	CH4_H2_Mix	0.0
7	5	CH4_H2_Mix	0.0
7	6	CH4_H2_Mix	0.0
7	7	CH4_H2_Mix	0.0
7	8	CH4_H2_Mix	0.0
7	9	CH4_H2_Mix	0.0
7	10	CH4_H2_Mix	0.0
7	11	CH4_H2_Mix	0.0
7	12	CH4_H2_Mix	0.0
7	13	CH4_H2_Mix	0.0
7	14	CH4_H2_Mix	0.0
7	15	CH4_H2_Mix	0.0
7	16	CH4_H2_Mix	0.0
7	17	CH4_H2_Mix	0.0
7	18	CH4_H2_Mix	0.0
7	19	CH4_H2_Mix	0.0
7	20	CH4_H2_Mix	0.0
7	21	CH4_H2_Mix	0.0
7	22	CH4_H2_Mix	0.0
7	23	CH4_H2_Mix	0.0
7	24	CH4_H2_Mix	0.0
8	1	Electricity	33.10415702050346
8	2	Electricity	32.011988370977505
8	3	Electricity	31.31911325167105
8	4	Electricity	30.972374500097516
8	5	Electricity	31.10989595652185
8	6	Electricity	32.45347129450777
8	7	Electricity	36.41414015648199
8	8	Electricity	42.303108557822625
8	9	Electricity	50.76122483401056
8	10	Electricity	61.08130664777453
8	11	Electricity	66.57552852242051
8	12	Electricity	67.41497116786233
8	13	Electricity	63.574581142461035
8	14	Electricity	62.90320637560303
8	15	Electricity	65.59117317716434
8	16	Electricity	66.43673290065611
8	17	Electricity	66.29568625092388
8	18	Electricity	65.27916773848746
8	19	Electricity	62.19872279394824
8	20	Electricity	51.2764167364573
8	21	Electricity	37.35479291515242
8	22	Electricity	32.56953663664078
8	23	Electricity	31.851553728131222
8	24	Electricity	30.476766647385606
8	1	LT	4.514637483611409
8	2	LT	8.814292229907991
8	3	LT	8.814292229907991
8	4	LT	8.814292229907991
8	5	LT	8.814292229907991
8	6	LT	10.964119603056282
8	7	LT	13.758895188149058
8	8	LT	15.693739823982519
8	9	LT	15.693739823982519
8	10	LT	15.693739823982519
8	11	LT	15.693739823982519
8	12	LT	15.693739823982519
8	13	LT	15.693739823982519
8	14	LT	15.693739823982519
8	15	LT	15.693739823982519
8	16	LT	14.188860662778715
8	17	LT	12.898964238889741
8	18	LT	11.609067815000769
8	19	LT	11.17910234037111
8	20	LT	9.029274967222818
8	21	LT	6.664464856759699
8	22	LT	6.664464856759699
8	23	LT	6.664464856759699
8	24	LT	6.664464856759699
8	1	MT	50.657051206782135
8	2	MT	47.59916774880381
8	3	MT	47.59916774880381
8	4	MT	47.59916774880381
8	5	MT	47.59916774880381
8	6	MT	47.688743889351656
8	7	MT	47.805192872063856
8	8	MT	47.88581139855691
8	9	MT	47.88581139855691
8	10	MT	47.88581139855691
8	11	MT	47.88581139855691
8	12	MT	47.88581139855691
8	13	MT	47.88581139855691
8	14	MT	47.88581139855691
8	15	MT	47.88581139855691
8	16	MT	47.82310810017342
8	17	MT	47.76936241584472
8	18	MT	47.71561673151601
8	19	MT	47.69770150340644
8	20	MT	47.608125362858594
8	21	MT	47.50959160825597
8	22	MT	47.50959160825597
8	23	MT	47.50959160825597
8	24	MT	47.50959160825597
8	1	H2	0.0
8	2	H2	0.0
8	3	H2	0.0
8	4	H2	0.0
8	5	H2	0.0
8	6	H2	0.0
8	7	H2	0.0
8	8	H2	0.0
8	9	H2	0.0
8	10	H2	0.0
8	11	H2	0.0
8	12	H2	0.0
8	13	H2	0.0
8	14	H2	0.0
8	15	H2	0.0
8	16	H2	0.0
8	17	H2	0.0
8	18	H2	0.0
8	19	H2	0.0
8	20	H2	0.0
8	21	H2	0.0
8	22	H2	0.0
8	23	H2	0.0
8	24	H2	0.0
8	1	CH4	0.0
8	2	CH4	0.0
8	3	CH4	0.0
8	4	CH4	0.0
8	5	CH4	0.0
8	6	CH4	0.0
8	7	CH4	0.0
8	8	CH4	0.0
8	9	CH4	0.0
8	10	CH4	0.0
8	11	CH4	0.0
8	12	CH4	0.0
8	13	CH4	0.0
8	14	CH4	0.0
8	15	CH4	0.0
8	16	CH4	0.0
8	17	CH4	0.0
8	18	CH4	0.0
8	19	CH4	0.0
8	20	CH4	0.0
8	21	CH4	0.0
8	22	CH4	0.0
8	23	CH4	0.0
8	24	CH4	0.0
8	1	Biogas	0.0
8	2	Biogas	0.0
8	3	Biogas	0.0
8	4	Biogas	0.0
8	5	Biogas	0.0
8	6	Biogas	0.0
8	7	Biogas	0.0
8	8	Biogas	0.0
8	9	Biogas	0.0
8	10	Biogas	0.0
8	11	Biogas	0.0
8	12	Biogas	0.0
8	13	Biogas	0.0
8	14	Biogas	0.0
8	15	Biogas	0.0
8	16	Biogas	0.0
8	17	Biogas	0.0
8	18	Biogas	0.0
8	19	Biogas	0.0
8	20	Biogas	0.0
8	21	Biogas	0.0
8	22	Biogas	0.0
8	23	Biogas	0.0
8	24	Biogas	0.0
8	1	CH4_H2_Mix	0.0
8	2	CH4_H2_Mix	0.0
8	3	CH4_H2_Mix	0.0
8	4	CH4_H2_Mix	0.0
8	5	CH4_H2_Mix	0.0
8	6	CH4_H2_Mix	0.0
8	7	CH4_H2_Mix	0.0
8	8	CH4_H2_Mix	0.0
8	9	CH4_H2_Mix	0.0
8	10	CH4_H2_Mix	0.0
8	11	CH4_H2_Mix	0.0
8	12	CH4_H2_Mix	0.0
8	13	CH4_H2_Mix	0.0
8	14	CH4_H2_Mix	0.0
8	15	CH4_H2_Mix	0.0
8	16	CH4_H2_Mix	0.0
8	17	CH4_H2_Mix	0.0
8	18	CH4_H2_Mix	0.0
8	19	CH4_H2_Mix	0.0
8	20	CH4_H2_Mix	0.0
8	21	CH4_H2_Mix	0.0
8	22	CH4_H2_Mix	0.0
8	23	CH4_H2_Mix	0.0
8	24	CH4_H2_Mix	0.0
9	1	Electricity	33.81697067754953
9	2	Electricity	32.30125866534593
9	3	Electricity	31.996583838953683
9	4	Electricity	31.85322352853633
9	5	Electricity	33.494933235938085
9	6	Electricity	37.75270074717519
9	7	Electricity	47.2307781056078
9	8	Electricity	58.38183306068306
9	9	Electricity	71.82800683219995
9	10	Electricity	83.55997834003531
9	11	Electricity	88.56501649742266
9	12	Electricity	88.61255265223636
9	13	Electricity	80.89330729577995
9	14	Electricity	82.61016222733008
9	15	Electricity	89.66422653897918
9	16	Electricity	89.87346339418411
9	17	Electricity	88.44664737597984
9	18	Electricity	83.66234295261538
9	19	Electricity	75.40877697268401
9	20	Electricity	60.66091937103189
9	21	Electricity	44.17382349581883
9	22	Electricity	38.4183658273512
9	23	Electricity	36.79005625299828
9	24	Electricity	34.53480825383154
9	1	LT	1.5957726244414654
9	2	LT	1.5957726244414654
9	3	LT	1.5957726244414654
9	4	LT	1.5957726244414654
9	5	LT	1.5957726244414654
9	6	LT	1.5957726244414654
9	7	LT	1.5957726244414654
9	8	LT	4.396353580336236
9	9	LT	4.905405047533065
9	10	LT	5.414456514729891
9	11	LT	5.414456514729891
9	12	LT	6.478836855232347
9	13	LT	6.478836855232347
9	14	LT	4.303798768118632
9	15	LT	6.478836855232347
9	16	LT	6.478836855232347
9	17	LT	5.4136586284176715
9	18	LT	4.304596654430853
9	19	LT	1.5957726244414654
9	20	LT	1.5957726244414654
9	21	LT	1.5957726244414654
9	22	LT	1.5957726244414654
9	23	LT	1.5957726244414654
9	24	LT	1.5957726244414654
9	1	MT	34.342822461918246
9	2	MT	34.342822461918246
9	3	MT	34.342822461918246
9	4	MT	34.342822461918246
9	5	MT	34.342822461918246
9	6	MT	34.342822461918246
9	7	MT	34.342822461918246
9	8	MT	138.08507635311744
9	9	MT	154.07387466768895
9	10	MT	170.06267298226047
9	11	MT	170.06267298226047
9	12	MT	203.4937967309099
9	13	MT	203.4937967309099
9	14	MT	135.17802211410444
9	15	MT	203.4937967309099
9	16	MT	203.4937967309099
9	17	MT	121.64474103576447
9	18	MT	54.07856877781524
9	19	MT	34.342822461918246
9	20	MT	34.342822461918246
9	21	MT	34.342822461918246
9	22	MT	34.342822461918246
9	23	MT	34.342822461918246
9	24	MT	34.342822461918246
9	1	H2	0.0
9	2	H2	0.0
9	3	H2	0.0
9	4	H2	0.0
9	5	H2	0.0
9	6	H2	0.0
9	7	H2	0.0
9	8	H2	0.0
9	9	H2	0.0
9	10	H2	0.0
9	11	H2	0.0
9	12	H2	0.0
9	13	H2	0.0
9	14	H2	0.0
9	15	H2	0.0
9	16	H2	0.0
9	17	H2	0.0
9	18	H2	0.0
9	19	H2	0.0
9	20	H2	0.0
9	21	H2	0.0
9	22	H2	0.0
9	23	H2	0.0
9	24	H2	0.0
9	1	CH4	0.0
9	2	CH4	0.0
9	3	CH4	0.0
9	4	CH4	0.0
9	5	CH4	0.0
9	6	CH4	0.0
9	7	CH4	0.0
9	8	CH4	0.0
9	9	CH4	0.0
9	10	CH4	0.0
9	11	CH4	0.0
9	12	CH4	0.0
9	13	CH4	0.0
9	14	CH4	0.0
9	15	CH4	0.0
9	16	CH4	0.0
9	17	CH4	0.0
9	18	CH4	0.0
9	19	CH4	0.0
9	20	CH4	0.0
9	21	CH4	0.0
9	22	CH4	0.0
9	23	CH4	0.0
9	24	CH4	0.0
9	1	Biogas	0.0
9	2	Biogas	0.0
9	3	Biogas	0.0
9	4	Biogas	0.0
9	5	Biogas	0.0
9	6	Biogas	0.0
9	7	Biogas	0.0
9	8	Biogas	0.0
9	9	Biogas	0.0
9	10	Biogas	0.0
9	11	Biogas	0.0
9	12	Biogas	0.0
9	13	Biogas	0.0
9	14	Biogas	0.0
9	15	Biogas	0.0
9	16	Biogas	0.0
9	17	Biogas	0.0
9	18	Biogas	0.0
9	19	Biogas	0.0
9	20	Biogas	0.0
9	21	Biogas	0.0
9	22	Biogas	0.0
9	23	Biogas	0.0
9	24	Biogas	0.0
9	1	CH4_H2_Mix	0.0
9	2	CH4_H2_Mix	0.0
9	3	CH4_H2_Mix	0.0
9	4	CH4_H2_Mix	0.0
9	5	CH4_H2_Mix	0.0
9	6	CH4_H2_Mix	0.0
9	7	CH4_H2_Mix	0.0
9	8	CH4_H2_Mix	0.0
9	9	CH4_H2_Mix	0.0
9	10	CH4_H2_Mix	0.0
9	11	CH4_H2_Mix	0.0
9	12	CH4_H2_Mix	0.0
9	13	CH4_H2_Mix	0.0
9	14	CH4_H2_Mix	0.0
9	15	CH4_H2_Mix	0.0
9	16	CH4_H2_Mix	0.0
9	17	CH4_H2_Mix	0.0
9	18	CH4_H2_Mix	0.0
9	19	CH4_H2_Mix	0.0
9	20	CH4_H2_Mix	0.0
9	21	CH4_H2_Mix	0.0
9	22	CH4_H2_Mix	0.0
9	23	CH4_H2_Mix	0.0
9	24	CH4_H2_Mix	0.0
10	1	Electricity	31.11936307416823
10	2	Electricity	30.519338171215168
10	3	Electricity	30.317659199926858
10	4	Electricity	30.164065509213646
10	5	Electricity	30.009645634177637
10	6	Electricity	29.972839132731778
10	7	Electricity	29.698480315096408
10	8	Electricity	30.50657168769187
10	9	Electricity	33.098935575108875
10	10	Electricity	34.871503803578506
10	11	Electricity	37.61190310810061
10	12	Electricity	39.02878494898583
10	13	Electricity	39.57810808453092
10	14	Electricity	39.603612851652606
10	15	Electricity	40.34981995777791
10	16	Electricity	40.47436861262999
10	17	Electricity	40.9241604806105
10	18	Electricity	40.98431408753843
10	19	Electricity	39.94266721236879
10	20	Electricity	36.58679694575666
10	21	Electricity	33.649616183588904
10	22	Electricity	32.751099129423444
10	23	Electricity	32.46315217923988
10	24	Electricity	31.782573189992277
10	1	LT	1.797804522714795
10	2	LT	2.087772994120407
10	3	LT	2.087772994120407
10	4	LT	2.087772994120407
10	5	LT	2.087772994120407
10	6	LT	2.6097162426505083
10	7	LT	3.073665796899488
10	8	LT	3.6536027397107125
10	9	LT	3.6536027397107125
10	10	LT	3.6536027397107125
10	11	LT	3.6536027397107125
10	12	LT	3.6536027397107125
10	13	LT	3.6536027397107125
10	14	LT	3.6536027397107125
10	15	LT	3.6536027397107125
10	16	LT	3.2476468797428555
10	17	LT	3.1896531854617325
10	18	LT	2.725703631212754
10	19	LT	2.551722548369386
10	20	LT	2.1457666884015296
10	21	LT	1.797804522714795
10	22	LT	1.5658297455903054
10	23	LT	1.5658297455903054
10	24	LT	1.5658297455903054
10	1	MT	23.74826582260423
10	2	MT	23.760347842246127
10	3	MT	23.760347842246127
10	4	MT	23.760347842246127
10	5	MT	23.760347842246127
10	6	MT	23.782095477601548
10	7	MT	23.80142670902859
10	8	MT	23.82559074831239
10	9	MT	23.82559074831239
10	10	MT	23.82559074831239
10	11	MT	23.82559074831239
10	12	MT	23.82559074831239
10	13	MT	23.82559074831239
10	14	MT	23.82559074831239
10	15	MT	23.82559074831239
10	16	MT	23.80867592081373
10	17	MT	23.806259516885348
10	18	MT	23.78692828545831
10	19	MT	23.77967907367317
10	20	MT	23.76276424617451
10	21	MT	23.74826582260423
10	22	MT	23.73860020689071
10	23	MT	23.73860020689071
10	24	MT	23.73860020689071
10	1	H2	0.0
10	2	H2	0.0
10	3	H2	0.0
10	4	H2	0.0
10	5	H2	0.0
10	6	H2	0.0
10	7	H2	0.0
10	8	H2	0.0
10	9	H2	0.0
10	10	H2	0.0
10	11	H2	0.0
10	12	H2	0.0
10	13	H2	0.0
10	14	H2	0.0
10	15	H2	0.0
10	16	H2	0.0
10	17	H2	0.0
10	18	H2	0.0
10	19	H2	0.0
10	20	H2	0.0
10	21	H2	0.0
10	22	H2	0.0
10	23	H2	0.0
10	24	H2	0.0
10	1	CH4	0.0
10	2	CH4	0.0
10	3	CH4	0.0
10	4	CH4	0.0
10	5	CH4	0.0
10	6	CH4	0.0
10	7	CH4	0.0
10	8	CH4	0.0
10	9	CH4	0.0
10	10	CH4	0.0
10	11	CH4	0.0
10	12	CH4	0.0
10	13	CH4	0.0
10	14	CH4	0.0
10	15	CH4	0.0
10	16	CH4	0.0
10	17	CH4	0.0
10	18	CH4	0.0
10	19	CH4	0.0
10	20	CH4	0.0
10	21	CH4	0.0
10	22	CH4	0.0
10	23	CH4	0.0
10	24	CH4	0.0
10	1	Biogas	0.0
10	2	Biogas	0.0
10	3	Biogas	0.0
10	4	Biogas	0.0
10	5	Biogas	0.0
10	6	Biogas	0.0
10	7	Biogas	0.0
10	8	Biogas	0.0
10	9	Biogas	0.0
10	10	Biogas	0.0
10	11	Biogas	0.0
10	12	Biogas	0.0
10	13	Biogas	0.0
10	14	Biogas	0.0
10	15	Biogas	0.0
10	16	Biogas	0.0
10	17	Biogas	0.0
10	18	Biogas	0.0
10	19	Biogas	0.0
10	20	Biogas	0.0
10	21	Biogas	0.0
10	22	Biogas	0.0
10	23	Biogas	0.0
10	24	Biogas	0.0
10	1	CH4_H2_Mix	0.0
10	2	CH4_H2_Mix	0.0
10	3	CH4_H2_Mix	0.0
10	4	CH4_H2_Mix	0.0
10	5	CH4_H2_Mix	0.0
10	6	CH4_H2_Mix	0.0
10	7	CH4_H2_Mix	0.0
10	8	CH4_H2_Mix	0.0
10	9	CH4_H2_Mix	0.0
10	10	CH4_H2_Mix	0.0
10	11	CH4_H2_Mix	0.0
10	12	CH4_H2_Mix	0.0
10	13	CH4_H2_Mix	0.0
10	14	CH4_H2_Mix	0.0
10	15	CH4_H2_Mix	0.0
10	16	CH4_H2_Mix	0.0
10	17	CH4_H2_Mix	0.0
10	18	CH4_H2_Mix	0.0
10	19	CH4_H2_Mix	0.0
10	20	CH4_H2_Mix	0.0
10	21	CH4_H2_Mix	0.0
10	22	CH4_H2_Mix	0.0
10	23	CH4_H2_Mix	0.0
10	24	CH4_H2_Mix	0.0
11	1	Electricity	44.82692630756114
11	2	Electricity	45.11054240297041
11	3	Electricity	45.64085486191687
11	4	Electricity	46.116474567317766
11	5	Electricity	48.23832415191078
11	6	Electricity	53.98986844104226
11	7	Electricity	64.75672741652912
11	8	Electricity	78.74476246637292
11	9	Electricity	94.85217592086754
11	10	Electricity	105.16826804067377
11	11	Electricity	109.50507479803454
11	12	Electricity	107.7284944524863
11	13	Electricity	97.40083007670434
11	14	Electricity	96.21527401872454
11	15	Electricity	103.25684667576807
11	16	Electricity	102.2501564579138
11	17	Electricity	100.41592540712824
11	18	Electricity	95.96493690046212
11	19	Electricity	87.77594912861406
11	20	Electricity	71.20540197320439
11	21	Electricity	55.33350109100493
11	22	Electricity	48.74094116816766
11	23	Electricity	46.87714005111318
11	24	Electricity	46.49431373148925
11	1	LT	14.081695824085607
11	2	LT	14.081695824085607
11	3	LT	14.081695824085607
11	4	LT	14.081695824085607
11	5	LT	14.081695824085607
11	6	LT	14.081695824085607
11	7	LT	14.081695824085607
11	8	LT	61.25537683477238
11	9	LT	68.91229893911894
11	10	LT	76.56922104346548
11	11	LT	76.56922104346548
11	12	LT	91.88306525215856
11	13	LT	91.88306525215856
11	14	LT	61.25537683477238
11	15	LT	91.88306525215856
11	16	LT	91.88306525215856
11	17	LT	76.56922104346548
11	18	LT	61.607419230374525
11	19	LT	22.002649725133757
11	20	LT	22.002649725133757
11	21	LT	22.002649725133757
11	22	LT	22.002649725133757
11	23	LT	22.002649725133757
11	24	LT	22.002649725133757
11	1	MT	69.84622897075937
11	2	MT	69.84622897075937
11	3	MT	69.84622897075937
11	4	MT	69.84622897075937
11	5	MT	69.84622897075937
11	6	MT	69.84622897075937
11	7	MT	69.84622897075937
11	8	MT	298.9179007582833
11	9	MT	336.2826383530687
11	10	MT	373.647375947854
11	11	MT	373.647375947854
11	12	MT	448.37685113742486
11	13	MT	448.37685113742486
11	14	MT	298.9179007582833
11	15	MT	448.37685113742486
11	16	MT	448.37685113742486
11	17	MT	286.4381600026241
11	18	MT	124.88084812972575
11	19	MT	81.15681528829487
11	20	MT	81.15681528829487
11	21	MT	81.15681528829487
11	22	MT	81.15681528829487
11	23	MT	81.15681528829487
11	24	MT	81.15681528829487
11	1	H2	0.0
11	2	H2	0.0
11	3	H2	0.0
11	4	H2	0.0
11	5	H2	0.0
11	6	H2	0.0
11	7	H2	0.0
11	8	H2	0.0
11	9	H2	0.0
11	10	H2	0.0
11	11	H2	0.0
11	12	H2	0.0
11	13	H2	0.0
11	14	H2	0.0
11	15	H2	0.0
11	16	H2	0.0
11	17	H2	0.0
11	18	H2	0.0
11	19	H2	0.0
11	20	H2	0.0
11	21	H2	0.0
11	22	H2	0.0
11	23	H2	0.0
11	24	H2	0.0
11	1	CH4	0.0
11	2	CH4	0.0
11	3	CH4	0.0
11	4	CH4	0.0
11	5	CH4	0.0
11	6	CH4	0.0
11	7	CH4	0.0
11	8	CH4	0.0
11	9	CH4	0.0
11	10	CH4	0.0
11	11	CH4	0.0
11	12	CH4	0.0
11	13	CH4	0.0
11	14	CH4	0.0
11	15	CH4	0.0
11	16	CH4	0.0
11	17	CH4	0.0
11	18	CH4	0.0
11	19	CH4	0.0
11	20	CH4	0.0
11	21	CH4	0.0
11	22	CH4	0.0
11	23	CH4	0.0
11	24	CH4	0.0
11	1	Biogas	0.0
11	2	Biogas	0.0
11	3	Biogas	0.0
11	4	Biogas	0.0
11	5	Biogas	0.0
11	6	Biogas	0.0
11	7	Biogas	0.0
11	8	Biogas	0.0
11	9	Biogas	0.0
11	10	Biogas	0.0
11	11	Biogas	0.0
11	12	Biogas	0.0
11	13	Biogas	0.0
11	14	Biogas	0.0
11	15	Biogas	0.0
11	16	Biogas	0.0
11	17	Biogas	0.0
11	18	Biogas	0.0
11	19	Biogas	0.0
11	20	Biogas	0.0
11	21	Biogas	0.0
11	22	Biogas	0.0
11	23	Biogas	0.0
11	24	Biogas	0.0
11	1	CH4_H2_Mix	0.0
11	2	CH4_H2_Mix	0.0
11	3	CH4_H2_Mix	0.0
11	4	CH4_H2_Mix	0.0
11	5	CH4_H2_Mix	0.0
11	6	CH4_H2_Mix	0.0
11	7	CH4_H2_Mix	0.0
11	8	CH4_H2_Mix	0.0
11	9	CH4_H2_Mix	0.0
11	10	CH4_H2_Mix	0.0
11	11	CH4_H2_Mix	0.0
11	12	CH4_H2_Mix	0.0
11	13	CH4_H2_Mix	0.0
11	14	CH4_H2_Mix	0.0
11	15	CH4_H2_Mix	0.0
11	16	CH4_H2_Mix	0.0
11	17	CH4_H2_Mix	0.0
11	18	CH4_H2_Mix	0.0
11	19	CH4_H2_Mix	0.0
11	20	CH4_H2_Mix	0.0
11	21	CH4_H2_Mix	0.0
11	22	CH4_H2_Mix	0.0
11	23	CH4_H2_Mix	0.0
11	24	CH4_H2_Mix	0.0
12	1	Electricity	32.79057760542504
12	2	Electricity	32.984211287625676
12	3	Electricity	32.88617372929094
12	4	Electricity	34.03779387602422
12	5	Electricity	35.588939385243705
12	6	Electricity	42.012420210087605
12	7	Electricity	52.23922361456835
12	8	Electricity	65.18677328156727
12	9	Electricity	80.82226502135238
12	10	Electricity	89.45102514931828
12	11	Electricity	92.31477361107804
12	12	Electricity	91.78999421556426
12	13	Electricity	83.53026846497428
12	14	Electricity	82.80832753358166
12	15	Electricity	88.43618816825303
12	16	Electricity	87.85960538400607
12	17	Electricity	85.99961472796345
12	18	Electricity	81.06448542591949
12	19	Electricity	73.94997767900372
12	20	Electricity	62.833950020408814
12	21	Electricity	47.77657632655045
12	22	Electricity	40.17338584810396
12	23	Electricity	38.46232026232289
12	24	Electricity	37.26424227219012
12	1	LT	2.125010150700937
12	2	LT	2.125010150700937
12	3	LT	2.125010150700937
12	4	LT	2.125010150700937
12	5	LT	2.125010150700937
12	6	LT	2.125010150700937
12	7	LT	2.125010150700937
12	8	LT	9.243794155549075
12	9	LT	10.399268424992709
12	10	LT	11.554742694436342
12	11	LT	11.554742694436342
12	12	LT	13.865691233323608
12	13	LT	13.865691233323608
12	14	LT	9.243794155549075
12	15	LT	13.865691233323608
12	16	LT	13.865691233323608
12	17	LT	11.554742694436342
12	18	LT	9.2969194093166
12	19	LT	3.320328360470213
12	20	LT	3.320328360470213
12	21	LT	3.320328360470213
12	22	LT	3.320328360470213
12	23	LT	3.320328360470213
12	24	LT	3.320328360470213
12	1	MT	41.472391444638646
12	2	MT	41.472391444638646
12	3	MT	41.472391444638646
12	4	MT	41.472391444638646
12	5	MT	41.472391444638646
12	6	MT	41.472391444638646
12	7	MT	41.472391444638646
12	8	MT	176.879576043854
12	9	MT	198.98952304933573
12	10	MT	221.0994700548175
12	11	MT	221.0994700548175
12	12	MT	265.3193640657809
12	13	MT	265.3193640657809
12	14	MT	176.879576043854
12	15	MT	265.3193640657809
12	16	MT	265.3193640657809
12	17	MT	158.52492041406404
12	18	MT	51.78802912059528
12	19	MT	44.72583436095766
12	20	MT	44.72583436095766
12	21	MT	44.72583436095766
12	22	MT	44.72583436095766
12	23	MT	44.72583436095766
12	24	MT	44.72583436095766
12	1	H2	0.0
12	2	H2	0.0
12	3	H2	0.0
12	4	H2	0.0
12	5	H2	0.0
12	6	H2	0.0
12	7	H2	0.0
12	8	H2	0.0
12	9	H2	0.0
12	10	H2	0.0
12	11	H2	0.0
12	12	H2	0.0
12	13	H2	0.0
12	14	H2	0.0
12	15	H2	0.0
12	16	H2	0.0
12	17	H2	0.0
12	18	H2	0.0
12	19	H2	0.0
12	20	H2	0.0
12	21	H2	0.0
12	22	H2	0.0
12	23	H2	0.0
12	24	H2	0.0
12	1	CH4	0.0
12	2	CH4	0.0
12	3	CH4	0.0
12	4	CH4	0.0
12	5	CH4	0.0
12	6	CH4	0.0
12	7	CH4	0.0
12	8	CH4	0.0
12	9	CH4	0.0
12	10	CH4	0.0
12	11	CH4	0.0
12	12	CH4	0.0
12	13	CH4	0.0
12	14	CH4	0.0
12	15	CH4	0.0
12	16	CH4	0.0
12	17	CH4	0.0
12	18	CH4	0.0
12	19	CH4	0.0
12	20	CH4	0.0
12	21	CH4	0.0
12	22	CH4	0.0
12	23	CH4	0.0
12	24	CH4	0.0
12	1	Biogas	0.0
12	2	Biogas	0.0
12	3	Biogas	0.0
12	4	Biogas	0.0
12	5	Biogas	0.0
12	6	Biogas	0.0
12	7	Biogas	0.0
12	8	Biogas	0.0
12	9	Biogas	0.0
12	10	Biogas	0.0
12	11	Biogas	0.0
12	12	Biogas	0.0
12	13	Biogas	0.0
12	14	Biogas	0.0
12	15	Biogas	0.0
12	16	Biogas	0.0
12	17	Biogas	0.0
12	18	Biogas	0.0
12	19	Biogas	0.0
12	20	Biogas	0.0
12	21	Biogas	0.0
12	22	Biogas	0.0
12	23	Biogas	0.0
12	24	Biogas	0.0
12	1	CH4_H2_Mix	0.0
12	2	CH4_H2_Mix	0.0
12	3	CH4_H2_Mix	0.0
12	4	CH4_H2_Mix	0.0
12	5	CH4_H2_Mix	0.0
12	6	CH4_H2_Mix	0.0
12	7	CH4_H2_Mix	0.0
12	8	CH4_H2_Mix	0.0
12	9	CH4_H2_Mix	0.0
12	10	CH4_H2_Mix	0.0
12	11	CH4_H2_Mix	0.0
12	12	CH4_H2_Mix	0.0
12	13	CH4_H2_Mix	0.0
12	14	CH4_H2_Mix	0.0
12	15	CH4_H2_Mix	0.0
12	16	CH4_H2_Mix	0.0
12	17	CH4_H2_Mix	0.0
12	18	CH4_H2_Mix	0.0
12	19	CH4_H2_Mix	0.0
12	20	CH4_H2_Mix	0.0
12	21	CH4_H2_Mix	0.0
12	22	CH4_H2_Mix	0.0
12	23	CH4_H2_Mix	0.0
12	24	CH4_H2_Mix	0.0
13	1	Electricity	45.80915685308479
13	2	Electricity	45.78719868891747
13	3	Electricity	45.8626532254497
13	4	Electricity	46.34915967274889
13	5	Electricity	47.777736982758825
13	6	Electricity	52.80354895814126
13	7	Electricity	63.979819966821346
13	8	Electricity	77.67595972227898
13	9	Electricity	92.37784610026
13	10	Electricity	103.04939348481598
13	11	Electricity	107.06687217232607
13	12	Electricity	105.89383226969521
13	13	Electricity	95.26805209641559
13	14	Electricity	94.1063955888079
13	15	Electricity	100.90503574884102
13	16	Electricity	99.79144334019365
13	17	Electricity	96.98678020734407
13	18	Electricity	92.02197470292568
13	19	Electricity	85.48543619855936
13	20	Electricity	71.58024662459549
13	21	Electricity	55.856027786318165
13	22	Electricity	48.98995385276024
13	23	Electricity	47.30766579627505
13	24	Electricity	46.54858295408719
13	1	LT	24.18625103964977
13	2	LT	24.18625103964977
13	3	LT	24.18625103964977
13	4	LT	24.18625103964977
13	5	LT	24.18625103964977
13	6	LT	24.18625103964977
13	7	LT	24.18625103964977
13	8	LT	69.67200702712015
13	9	LT	77.73929205131302
13	10	LT	85.80657707550587
13	11	LT	85.80657707550587
13	12	LT	102.6745366715455
13	13	LT	102.6745366715455
13	14	LT	68.20522793181235
13	15	LT	102.6745366715455
13	16	LT	102.6745366715455
13	17	LT	85.82218110843468
13	18	LT	68.18962389888354
13	19	LT	24.18625103964977
13	20	LT	24.18625103964977
13	21	LT	24.18625103964977
13	22	LT	24.18625103964977
13	23	LT	24.18625103964977
13	24	LT	24.18625103964977
13	1	MT	64.98650259893094
13	2	MT	85.30231388618876
13	3	MT	85.30231388618876
13	4	MT	85.30231388618876
13	5	MT	85.30231388618876
13	6	MT	85.30231388618876
13	7	MT	85.30231388618876
13	8	MT	324.6237296719023
13	9	MT	362.21174047601744
13	10	MT	399.79975128013245
13	11	MT	399.79975128013245
13	12	MT	478.3928647796456
13	13	MT	478.3928647796456
13	14	MT	317.78954588933595
13	15	MT	478.3928647796456
13	16	MT	478.3928647796456
13	17	MT	309.3374197434332
13	18	MT	166.21668931738662
13	19	MT	87.14920582139399
13	20	MT	87.14920582139399
13	21	MT	87.14920582139399
13	22	MT	87.14920582139399
13	23	MT	87.14920582139399
13	24	MT	87.14920582139399
13	1	H2	0.0
13	2	H2	0.0
13	3	H2	0.0
13	4	H2	0.0
13	5	H2	0.0
13	6	H2	0.0
13	7	H2	0.0
13	8	H2	0.0
13	9	H2	0.0
13	10	H2	0.0
13	11	H2	0.0
13	12	H2	0.0
13	13	H2	0.0
13	14	H2	0.0
13	15	H2	0.0
13	16	H2	0.0
13	17	H2	0.0
13	18	H2	0.0
13	19	H2	0.0
13	20	H2	0.0
13	21	H2	0.0
13	22	H2	0.0
13	23	H2	0.0
13	24	H2	0.0
13	1	CH4	0.0
13	2	CH4	0.0
13	3	CH4	0.0
13	4	CH4	0.0
13	5	CH4	0.0
13	6	CH4	0.0
13	7	CH4	0.0
13	8	CH4	0.0
13	9	CH4	0.0
13	10	CH4	0.0
13	11	CH4	0.0
13	12	CH4	0.0
13	13	CH4	0.0
13	14	CH4	0.0
13	15	CH4	0.0
13	16	CH4	0.0
13	17	CH4	0.0
13	18	CH4	0.0
13	19	CH4	0.0
13	20	CH4	0.0
13	21	CH4	0.0
13	22	CH4	0.0
13	23	CH4	0.0
13	24	CH4	0.0
13	1	Biogas	0.0
13	2	Biogas	0.0
13	3	Biogas	0.0
13	4	Biogas	0.0
13	5	Biogas	0.0
13	6	Biogas	0.0
13	7	Biogas	0.0
13	8	Biogas	0.0
13	9	Biogas	0.0
13	10	Biogas	0.0
13	11	Biogas	0.0
13	12	Biogas	0.0
13	13	Biogas	0.0
13	14	Biogas	0.0
13	15	Biogas	0.0
13	16	Biogas	0.0
13	17	Biogas	0.0
13	18	Biogas	0.0
13	19	Biogas	0.0
13	20	Biogas	0.0
13	21	Biogas	0.0
13	22	Biogas	0.0
13	23	Biogas	0.0
13	24	Biogas	0.0
13	1	CH4_H2_Mix	0.0
13	2	CH4_H2_Mix	0.0
13	3	CH4_H2_Mix	0.0
13	4	CH4_H2_Mix	0.0
13	5	CH4_H2_Mix	0.0
13	6	CH4_H2_Mix	0.0
13	7	CH4_H2_Mix	0.0
13	8	CH4_H2_Mix	0.0
13	9	CH4_H2_Mix	0.0
13	10	CH4_H2_Mix	0.0
13	11	CH4_H2_Mix	0.0
13	12	CH4_H2_Mix	0.0
13	13	CH4_H2_Mix	0.0
13	14	CH4_H2_Mix	0.0
13	15	CH4_H2_Mix	0.0
13	16	CH4_H2_Mix	0.0
13	17	CH4_H2_Mix	0.0
13	18	CH4_H2_Mix	0.0
13	19	CH4_H2_Mix	0.0
13	20	CH4_H2_Mix	0.0
13	21	CH4_H2_Mix	0.0
13	22	CH4_H2_Mix	0.0
13	23	CH4_H2_Mix	0.0
13	24	CH4_H2_Mix	0.0
14	1	Electricity	43.46002638856148
14	2	Electricity	43.86125915135267
14	3	Electricity	43.659714592105345
14	4	Electricity	43.904764971885584
14	5	Electricity	45.50533689234057
14	6	Electricity	51.0415963418337
14	7	Electricity	62.73061130691871
14	8	Electricity	77.84762850070761
14	9	Electricity	92.47548318418951
14	10	Electricity	103.13559272481072
14	11	Electricity	106.17468834496113
14	12	Electricity	104.69056176886171
14	13	Electricity	94.36632706642635
14	14	Electricity	94.00217905447484
14	15	Electricity	101.91360945817556
14	16	Electricity	101.46891534104032
14	17	Electricity	99.9068075607436
14	18	Electricity	96.37696792883737
14	19	Electricity	87.14031408005893
14	20	Electricity	70.29554842254319
14	21	Electricity	53.881309954390325
14	22	Electricity	46.50261162906865
14	23	Electricity	44.40282079597617
14	24	Electricity	43.25789077104985
14	1	LT	11.692795522741894
14	2	LT	11.692795522741894
14	3	LT	11.692795522741894
14	4	LT	11.692795522741894
14	5	LT	11.692795522741894
14	6	LT	11.692795522741894
14	7	LT	11.692795522741894
14	8	LT	33.682794844543594
14	9	LT	37.58290793180653
14	10	LT	41.48302101906947
14	11	LT	41.48302101906947
14	12	LT	49.63780292880109
14	13	LT	49.63780292880109
14	14	LT	32.973683374132136
14	15	LT	49.63780292880109
14	16	LT	49.63780292880109
14	17	LT	41.490564758116406
14	18	LT	32.96613963508521
14	19	LT	11.692795522741894
14	20	LT	11.692795522741894
14	21	LT	11.692795522741894
14	22	LT	11.692795522741894
14	23	LT	11.692795522741894
14	24	LT	11.692795522741894
14	1	MT	43.91081401164717
14	2	MT	60.27651912984294
14	3	MT	60.27651912984294
14	4	MT	60.27651912984294
14	5	MT	60.27651912984294
14	6	MT	60.27651912984294
14	7	MT	60.27651912984294
14	8	MT	237.19275081897763
14	9	MT	264.65717459801715
14	10	MT	292.12159837705667
14	11	MT	292.12159837705667
14	12	MT	349.5472117332302
14	13	MT	349.5472117332302
14	14	MT	232.19921922278857
14	15	MT	349.5472117332302
14	16	MT	349.5472117332302
14	17	MT	219.24287133007772
14	18	MT	110.10288665708067
14	19	MT	61.76431050422437
14	20	MT	61.76431050422437
14	21	MT	61.76431050422437
14	22	MT	61.76431050422437
14	23	MT	61.76431050422437
14	24	MT	61.76431050422437
14	1	H2	0.0
14	2	H2	0.0
14	3	H2	0.0
14	4	H2	0.0
14	5	H2	0.0
14	6	H2	0.0
14	7	H2	0.0
14	8	H2	0.0
14	9	H2	0.0
14	10	H2	0.0
14	11	H2	0.0
14	12	H2	0.0
14	13	H2	0.0
14	14	H2	0.0
14	15	H2	0.0
14	16	H2	0.0
14	17	H2	0.0
14	18	H2	0.0
14	19	H2	0.0
14	20	H2	0.0
14	21	H2	0.0
14	22	H2	0.0
14	23	H2	0.0
14	24	H2	0.0
14	1	CH4	0.0
14	2	CH4	0.0
14	3	CH4	0.0
14	4	CH4	0.0
14	5	CH4	0.0
14	6	CH4	0.0
14	7	CH4	0.0
14	8	CH4	0.0
14	9	CH4	0.0
14	10	CH4	0.0
14	11	CH4	0.0
14	12	CH4	0.0
14	13	CH4	0.0
14	14	CH4	0.0
14	15	CH4	0.0
14	16	CH4	0.0
14	17	CH4	0.0
14	18	CH4	0.0
14	19	CH4	0.0
14	20	CH4	0.0
14	21	CH4	0.0
14	22	CH4	0.0
14	23	CH4	0.0
14	24	CH4	0.0
14	1	Biogas	0.0
14	2	Biogas	0.0
14	3	Biogas	0.0
14	4	Biogas	0.0
14	5	Biogas	0.0
14	6	Biogas	0.0
14	7	Biogas	0.0
14	8	Biogas	0.0
14	9	Biogas	0.0
14	10	Biogas	0.0
14	11	Biogas	0.0
14	12	Biogas	0.0
14	13	Biogas	0.0
14	14	Biogas	0.0
14	15	Biogas	0.0
14	16	Biogas	0.0
14	17	Biogas	0.0
14	18	Biogas	0.0
14	19	Biogas	0.0
14	20	Biogas	0.0
14	21	Biogas	0.0
14	22	Biogas	0.0
14	23	Biogas	0.0
14	24	Biogas	0.0
14	1	CH4_H2_Mix	0.0
14	2	CH4_H2_Mix	0.0
14	3	CH4_H2_Mix	0.0
14	4	CH4_H2_Mix	0.0
14	5	CH4_H2_Mix	0.0
14	6	CH4_H2_Mix	0.0
14	7	CH4_H2_Mix	0.0
14	8	CH4_H2_Mix	0.0
14	9	CH4_H2_Mix	0.0
14	10	CH4_H2_Mix	0.0
14	11	CH4_H2_Mix	0.0
14	12	CH4_H2_Mix	0.0
14	13	CH4_H2_Mix	0.0
14	14	CH4_H2_Mix	0.0
14	15	CH4_H2_Mix	0.0
14	16	CH4_H2_Mix	0.0
14	17	CH4_H2_Mix	0.0
14	18	CH4_H2_Mix	0.0
14	19	CH4_H2_Mix	0.0
14	20	CH4_H2_Mix	0.0
14	21	CH4_H2_Mix	0.0
14	22	CH4_H2_Mix	0.0
14	23	CH4_H2_Mix	0.0
14	24	CH4_H2_Mix	0.0
