Node	Time	EnergyCarrier	ReferenceDemand
3	1	Electricity	33.211631165568576
3	2	Electricity	32.78919066572221
3	3	Electricity	31.40829978344115
3	4	Electricity	31.554633374350413
3	5	Electricity	32.79112523631173
3	6	Electricity	36.59208472305007
3	7	Electricity	46.38856147941288
3	8	Electricity	56.28623917706108
3	9	Electricity	70.28693363685888
3	10	Electricity	81.24372551680041
3	11	Electricity	86.86541419378354
3	12	Electricity	86.9312980609236
3	13	Electricity	80.60244673340918
3	14	Electricity	80.69750847756605
3	15	Electricity	87.65893213402877
3	16	Electricity	87.69853648354962
3	17	Electricity	85.61132960724278
3	18	Electricity	80.29370055236024
3	19	Electricity	72.9930291642677
3	20	Electricity	58.19403324111407
3	21	Electricity	43.10919654491749
3	22	Electricity	37.058053567897666
3	23	Electricity	35.46789968277242
3	24	Electricity	33.72397849877093
3	1	LT	1.2034986104976997
3	2	LT	1.2034986104976997
3	3	LT	1.2034986104976997
3	4	LT	1.2034986104976997
3	5	LT	1.2034986104976997
3	6	LT	1.2034986104976997
3	7	LT	1.2034986104976997
3	8	LT	3.261093009090541
3	9	LT	4.076366261363176
3	10	LT	4.484002887499495
3	11	LT	4.484002887499495
3	12	LT	5.299276139772129
3	13	LT	5.299276139772129
3	14	LT	3.668729635226859
3	15	LT	5.299276139772129
3	16	LT	4.484002887499495
3	17	LT	3.8822535822506445
3	18	LT	3.261093009090541
3	19	LT	1.2034986104976997
3	20	LT	1.2034986104976997
3	21	LT	1.2034986104976997
3	22	LT	1.2034986104976997
3	23	LT	1.2034986104976997
3	24	LT	1.2034986104976997
3	1	MT	49.99331586854738
3	2	MT	30.81259362026637
3	3	MT	30.81259362026637
3	4	MT	30.81259362026637
3	5	MT	30.81259362026637
3	6	MT	30.81259362026637
3	7	MT	30.81259362026637
3	8	MT	129.24035349473593
3	9	MT	161.5504418684199
3	10	MT	177.7054860552619
3	11	MT	177.7054860552619
3	12	MT	210.01557442894585
3	13	MT	210.01557442894585
3	14	MT	145.39539768157792
3	15	MT	210.01557442894585
3	16	MT	161.99204821340092
3	17	MT	77.9777833613395
3	18	MT	52.222376467022954
3	19	MT	32.288033793211056
3	20	MT	30.81259362026637
3	21	MT	30.81259362026637
3	22	MT	30.81259362026637
3	23	MT	30.81259362026637
3	24	MT	30.81259362026637
3	1	H2	0.0
3	2	H2	0.0
3	3	H2	0.0
3	4	H2	0.0
3	5	H2	0.0
3	6	H2	0.0
3	7	H2	0.0
3	8	H2	0.0
3	9	H2	0.0
3	10	H2	0.0
3	11	H2	0.0
3	12	H2	0.0
3	13	H2	0.0
3	14	H2	0.0
3	15	H2	0.0
3	16	H2	0.0
3	17	H2	0.0
3	18	H2	0.0
3	19	H2	0.0
3	20	H2	0.0
3	21	H2	0.0
3	22	H2	0.0
3	23	H2	0.0
3	24	H2	0.0
3	1	CH4	0.0
3	2	CH4	0.0
3	3	CH4	0.0
3	4	CH4	0.0
3	5	CH4	0.0
3	6	CH4	0.0
3	7	CH4	0.0
3	8	CH4	0.0
3	9	CH4	0.0
3	10	CH4	0.0
3	11	CH4	0.0
3	12	CH4	0.0
3	13	CH4	0.0
3	14	CH4	0.0
3	15	CH4	0.0
3	16	CH4	0.0
3	17	CH4	0.0
3	18	CH4	0.0
3	19	CH4	0.0
3	20	CH4	0.0
3	21	CH4	0.0
3	22	CH4	0.0
3	23	CH4	0.0
3	24	CH4	0.0
3	1	Biogas	0.0
3	2	Biogas	0.0
3	3	Biogas	0.0
3	4	Biogas	0.0
3	5	Biogas	0.0
3	6	Biogas	0.0
3	7	Biogas	0.0
3	8	Biogas	0.0
3	9	Biogas	0.0
3	10	Biogas	0.0
3	11	Biogas	0.0
3	12	Biogas	0.0
3	13	Biogas	0.0
3	14	Biogas	0.0
3	15	Biogas	0.0
3	16	Biogas	0.0
3	17	Biogas	0.0
3	18	Biogas	0.0
3	19	Biogas	0.0
3	20	Biogas	0.0
3	21	Biogas	0.0
3	22	Biogas	0.0
3	23	Biogas	0.0
3	24	Biogas	0.0
3	1	CH4_H2_Mix	0.0
3	2	CH4_H2_Mix	0.0
3	3	CH4_H2_Mix	0.0
3	4	CH4_H2_Mix	0.0
3	5	CH4_H2_Mix	0.0
3	6	CH4_H2_Mix	0.0
3	7	CH4_H2_Mix	0.0
3	8	CH4_H2_Mix	0.0
3	9	CH4_H2_Mix	0.0
3	10	CH4_H2_Mix	0.0
3	11	CH4_H2_Mix	0.0
3	12	CH4_H2_Mix	0.0
3	13	CH4_H2_Mix	0.0
3	14	CH4_H2_Mix	0.0
3	15	CH4_H2_Mix	0.0
3	16	CH4_H2_Mix	0.0
3	17	CH4_H2_Mix	0.0
3	18	CH4_H2_Mix	0.0
3	19	CH4_H2_Mix	0.0
3	20	CH4_H2_Mix	0.0
3	21	CH4_H2_Mix	0.0
3	22	CH4_H2_Mix	0.0
3	23	CH4_H2_Mix	0.0
3	24	CH4_H2_Mix	0.0
3	1	DummyFuel	0.0
3	2	DummyFuel	0.0
3	3	DummyFuel	0.0
3	4	DummyFuel	0.0
3	5	DummyFuel	0.0
3	6	DummyFuel	0.0
3	7	DummyFuel	0.0
3	8	DummyFuel	0.0
3	9	DummyFuel	0.0
3	10	DummyFuel	0.0
3	11	DummyFuel	0.0
3	12	DummyFuel	0.0
3	13	DummyFuel	0.0
3	14	DummyFuel	0.0
3	15	DummyFuel	0.0
3	16	DummyFuel	0.0
3	17	DummyFuel	0.0
3	18	DummyFuel	0.0
3	19	DummyFuel	0.0
3	20	DummyFuel	0.0
3	21	DummyFuel	0.0
3	22	DummyFuel	0.0
3	23	DummyFuel	0.0
3	24	DummyFuel	0.0
4	1	Electricity	33.92758775871945
4	2	Electricity	33.20375520271463
4	3	Electricity	32.61978976427313
4	4	Electricity	32.563776757639616
4	5	Electricity	33.63018395231771
4	6	Electricity	37.940081444410175
4	7	Electricity	48.01174363345777
4	8	Electricity	58.919241487255995
4	9	Electricity	72.79432273870238
4	10	Electricity	84.63815519016347
4	11	Electricity	88.8173695682681
4	12	Electricity	89.8434176537102
4	13	Electricity	81.55566817073881
4	14	Electricity	83.29908314961932
4	15	Electricity	91.27737539790968
4	16	Electricity	91.56290146181765
4	17	Electricity	88.61032566894846
4	18	Electricity	83.8766212601632
4	19	Electricity	75.6653382932394
4	20	Electricity	61.61665364210116
4	21	Electricity	46.198531712143385
4	22	Electricity	38.96886368106183
4	23	Electricity	37.0213399260428
4	24	Electricity	35.6616020785367
4	1	LT	3.606382324386978
4	2	LT	3.606382324386978
4	3	LT	3.606382324386978
4	4	LT	3.606382324386978
4	5	LT	3.606382324386978
4	6	LT	3.606382324386978
4	7	LT	3.606382324386978
4	8	LT	9.935583303686125
4	9	LT	11.086019265165572
4	10	LT	12.236455226645017
4	11	LT	12.236455226645017
4	12	LT	14.641912237011129
4	13	LT	14.641912237011129
4	14	LT	9.726413128871679
4	15	LT	14.641912237011129
4	16	LT	14.641912237011129
4	17	LT	12.234652035482824
4	18	LT	9.728216320033873
4	19	LT	3.606382324386978
4	20	LT	3.606382324386978
4	21	LT	3.606382324386978
4	22	LT	3.606382324386978
4	23	LT	3.606382324386978
4	24	LT	3.606382324386978
4	1	MT	45.06901183692683
4	2	MT	45.06901183692683
4	3	MT	45.06901183692683
4	4	MT	45.06901183692683
4	5	MT	45.06901183692683
4	6	MT	45.06901183692683
4	7	MT	45.06901183692683
4	8	MT	179.02921443591174
4	9	MT	199.75891294954363
4	10	MT	220.48861146317554
4	11	MT	220.48861146317554
4	12	MT	263.83252653713305
4	13	MT	263.83252653713305
4	14	MT	175.2601783425241
4	15	MT	263.83252653713305
4	16	MT	263.83252653713305
4	17	MT	159.37965303699173
4	18	MT	72.90571563787651
4	19	MT	45.06901183692683
4	20	MT	45.06901183692683
4	21	MT	45.06901183692683
4	22	MT	45.06901183692683
4	23	MT	45.06901183692683
4	24	MT	45.06901183692683
4	1	H2	0.0
4	2	H2	0.0
4	3	H2	0.0
4	4	H2	0.0
4	5	H2	0.0
4	6	H2	0.0
4	7	H2	0.0
4	8	H2	0.0
4	9	H2	0.0
4	10	H2	0.0
4	11	H2	0.0
4	12	H2	0.0
4	13	H2	0.0
4	14	H2	0.0
4	15	H2	0.0
4	16	H2	0.0
4	17	H2	0.0
4	18	H2	0.0
4	19	H2	0.0
4	20	H2	0.0
4	21	H2	0.0
4	22	H2	0.0
4	23	H2	0.0
4	24	H2	0.0
4	1	CH4	0.0
4	2	CH4	0.0
4	3	CH4	0.0
4	4	CH4	0.0
4	5	CH4	0.0
4	6	CH4	0.0
4	7	CH4	0.0
4	8	CH4	0.0
4	9	CH4	0.0
4	10	CH4	0.0
4	11	CH4	0.0
4	12	CH4	0.0
4	13	CH4	0.0
4	14	CH4	0.0
4	15	CH4	0.0
4	16	CH4	0.0
4	17	CH4	0.0
4	18	CH4	0.0
4	19	CH4	0.0
4	20	CH4	0.0
4	21	CH4	0.0
4	22	CH4	0.0
4	23	CH4	0.0
4	24	CH4	0.0
4	1	Biogas	0.0
4	2	Biogas	0.0
4	3	Biogas	0.0
4	4	Biogas	0.0
4	5	Biogas	0.0
4	6	Biogas	0.0
4	7	Biogas	0.0
4	8	Biogas	0.0
4	9	Biogas	0.0
4	10	Biogas	0.0
4	11	Biogas	0.0
4	12	Biogas	0.0
4	13	Biogas	0.0
4	14	Biogas	0.0
4	15	Biogas	0.0
4	16	Biogas	0.0
4	17	Biogas	0.0
4	18	Biogas	0.0
4	19	Biogas	0.0
4	20	Biogas	0.0
4	21	Biogas	0.0
4	22	Biogas	0.0
4	23	Biogas	0.0
4	24	Biogas	0.0
4	1	CH4_H2_Mix	0.0
4	2	CH4_H2_Mix	0.0
4	3	CH4_H2_Mix	0.0
4	4	CH4_H2_Mix	0.0
4	5	CH4_H2_Mix	0.0
4	6	CH4_H2_Mix	0.0
4	7	CH4_H2_Mix	0.0
4	8	CH4_H2_Mix	0.0
4	9	CH4_H2_Mix	0.0
4	10	CH4_H2_Mix	0.0
4	11	CH4_H2_Mix	0.0
4	12	CH4_H2_Mix	0.0
4	13	CH4_H2_Mix	0.0
4	14	CH4_H2_Mix	0.0
4	15	CH4_H2_Mix	0.0
4	16	CH4_H2_Mix	0.0
4	17	CH4_H2_Mix	0.0
4	18	CH4_H2_Mix	0.0
4	19	CH4_H2_Mix	0.0
4	20	CH4_H2_Mix	0.0
4	21	CH4_H2_Mix	0.0
4	22	CH4_H2_Mix	0.0
4	23	CH4_H2_Mix	0.0
4	24	CH4_H2_Mix	0.0
4	1	DummyFuel	0.0
4	2	DummyFuel	0.0
4	3	DummyFuel	0.0
4	4	DummyFuel	0.0
4	5	DummyFuel	0.0
4	6	DummyFuel	0.0
4	7	DummyFuel	0.0
4	8	DummyFuel	0.0
4	9	DummyFuel	0.0
4	10	DummyFuel	0.0
4	11	DummyFuel	0.0
4	12	DummyFuel	0.0
4	13	DummyFuel	0.0
4	14	DummyFuel	0.0
4	15	DummyFuel	0.0
4	16	DummyFuel	0.0
4	17	DummyFuel	0.0
4	18	DummyFuel	0.0
4	19	DummyFuel	0.0
4	20	DummyFuel	0.0
4	21	DummyFuel	0.0
4	22	DummyFuel	0.0
4	23	DummyFuel	0.0
4	24	DummyFuel	0.0
5	1	Electricity	47.68422813473618
5	2	Electricity	47.69098970648765
5	3	Electricity	47.478584046244094
5	4	Electricity	48.015145562942955
5	5	Electricity	49.307334835612714
5	6	Electricity	54.506996130247764
5	7	Electricity	64.917653341086
5	8	Electricity	79.53831534614774
5	9	Electricity	98.90837199044913
5	10	Electricity	109.98391608515294
5	11	Electricity	113.5106239038358
5	12	Electricity	112.55415268486378
5	13	Electricity	100.38920163301016
5	14	Electricity	99.60103364671218
5	15	Electricity	106.57893023990076
5	16	Electricity	105.29547133966952
5	17	Electricity	103.4541046437351
5	18	Electricity	99.76191414227951
5	19	Electricity	90.85275146883728
5	20	Electricity	76.31534757575342
5	21	Electricity	60.549052625265254
5	22	Electricity	51.86915954721214
5	23	Electricity	49.01026045906147
5	24	Electricity	47.53476610040589
5	1	LT	50.47844847075441
5	2	LT	50.47844847075441
5	3	LT	50.47844847075441
5	4	LT	50.47844847075441
5	5	LT	50.47844847075441
5	6	LT	50.47844847075441
5	7	LT	50.47844847075441
5	8	LT	145.4104983367216
5	9	LT	162.24750340728932
5	10	LT	179.0845084778571
5	11	LT	179.0845084778571
5	12	LT	214.28915544358972
5	13	LT	214.28915544358972
5	14	LT	142.34922468752742
5	15	LT	214.28915544358972
5	16	LT	214.28915544358972
5	17	LT	179.11707521880598
5	18	LT	142.31665794657857
5	19	LT	50.47844847075441
5	20	LT	50.47844847075441
5	21	LT	50.47844847075441
5	22	LT	50.47844847075441
5	23	LT	50.47844847075441
5	24	LT	50.47844847075441
5	1	MT	110.61552352372917
5	2	MT	139.91247183251633
5	3	MT	139.91247183251633
5	4	MT	139.91247183251633
5	5	MT	139.91247183251633
5	6	MT	139.91247183251633
5	7	MT	139.91247183251633
5	8	MT	516.8151604879988
5	9	MT	576.6569159129251
5	10	MT	636.4986713378514
5	11	MT	636.4986713378514
5	12	MT	761.6223417717879
5	13	MT	761.6223417717879
5	14	MT	505.9348413198304
5	15	MT	761.6223417717879
5	16	MT	761.6223417717879
5	17	MT	506.05599764228987
5	18	MT	287.3443263002504
5	19	MT	142.57583076967882
5	20	MT	142.57583076967882
5	21	MT	142.57583076967882
5	22	MT	142.57583076967882
5	23	MT	142.57583076967882
5	24	MT	142.57583076967882
5	1	H2	0.0
5	2	H2	0.0
5	3	H2	0.0
5	4	H2	0.0
5	5	H2	0.0
5	6	H2	0.0
5	7	H2	0.0
5	8	H2	0.0
5	9	H2	0.0
5	10	H2	0.0
5	11	H2	0.0
5	12	H2	0.0
5	13	H2	0.0
5	14	H2	0.0
5	15	H2	0.0
5	16	H2	0.0
5	17	H2	0.0
5	18	H2	0.0
5	19	H2	0.0
5	20	H2	0.0
5	21	H2	0.0
5	22	H2	0.0
5	23	H2	0.0
5	24	H2	0.0
5	1	CH4	0.0
5	2	CH4	0.0
5	3	CH4	0.0
5	4	CH4	0.0
5	5	CH4	0.0
5	6	CH4	0.0
5	7	CH4	0.0
5	8	CH4	0.0
5	9	CH4	0.0
5	10	CH4	0.0
5	11	CH4	0.0
5	12	CH4	0.0
5	13	CH4	0.0
5	14	CH4	0.0
5	15	CH4	0.0
5	16	CH4	0.0
5	17	CH4	0.0
5	18	CH4	0.0
5	19	CH4	0.0
5	20	CH4	0.0
5	21	CH4	0.0
5	22	CH4	0.0
5	23	CH4	0.0
5	24	CH4	0.0
5	1	Biogas	0.0
5	2	Biogas	0.0
5	3	Biogas	0.0
5	4	Biogas	0.0
5	5	Biogas	0.0
5	6	Biogas	0.0
5	7	Biogas	0.0
5	8	Biogas	0.0
5	9	Biogas	0.0
5	10	Biogas	0.0
5	11	Biogas	0.0
5	12	Biogas	0.0
5	13	Biogas	0.0
5	14	Biogas	0.0
5	15	Biogas	0.0
5	16	Biogas	0.0
5	17	Biogas	0.0
5	18	Biogas	0.0
5	19	Biogas	0.0
5	20	Biogas	0.0
5	21	Biogas	0.0
5	22	Biogas	0.0
5	23	Biogas	0.0
5	24	Biogas	0.0
5	1	CH4_H2_Mix	0.0
5	2	CH4_H2_Mix	0.0
5	3	CH4_H2_Mix	0.0
5	4	CH4_H2_Mix	0.0
5	5	CH4_H2_Mix	0.0
5	6	CH4_H2_Mix	0.0
5	7	CH4_H2_Mix	0.0
5	8	CH4_H2_Mix	0.0
5	9	CH4_H2_Mix	0.0
5	10	CH4_H2_Mix	0.0
5	11	CH4_H2_Mix	0.0
5	12	CH4_H2_Mix	0.0
5	13	CH4_H2_Mix	0.0
5	14	CH4_H2_Mix	0.0
5	15	CH4_H2_Mix	0.0
5	16	CH4_H2_Mix	0.0
5	17	CH4_H2_Mix	0.0
5	18	CH4_H2_Mix	0.0
5	19	CH4_H2_Mix	0.0
5	20	CH4_H2_Mix	0.0
5	21	CH4_H2_Mix	0.0
5	22	CH4_H2_Mix	0.0
5	23	CH4_H2_Mix	0.0
5	24	CH4_H2_Mix	0.0
5	1	DummyFuel	0.0
5	2	DummyFuel	0.0
5	3	DummyFuel	0.0
5	4	DummyFuel	0.0
5	5	DummyFuel	0.0
5	6	DummyFuel	0.0
5	7	DummyFuel	0.0
5	8	DummyFuel	0.0
5	9	DummyFuel	0.0
5	10	DummyFuel	0.0
5	11	DummyFuel	0.0
5	12	DummyFuel	0.0
5	13	DummyFuel	0.0
5	14	DummyFuel	0.0
5	15	DummyFuel	0.0
5	16	DummyFuel	0.0
5	17	DummyFuel	0.0
5	18	DummyFuel	0.0
5	19	DummyFuel	0.0
5	20	DummyFuel	0.0
5	21	DummyFuel	0.0
5	22	DummyFuel	0.0
5	23	DummyFuel	0.0
5	24	DummyFuel	0.0
6	1	Electricity	37.99981787994228
6	2	Electricity	38.42724809426392
6	3	Electricity	38.97919975165027
6	4	Electricity	39.99724992793244
6	5	Electricity	42.30112488439892
6	6	Electricity	48.07530215962034
6	7	Electricity	58.68820535533126
6	8	Electricity	70.23788788660428
6	9	Electricity	85.18154182345806
6	10	Electricity	94.5501372680482
6	11	Electricity	97.47081529734305
6	12	Electricity	95.81899772844862
6	13	Electricity	85.35342738405873
6	14	Electricity	84.58984012960728
6	15	Electricity	91.39954378147232
6	16	Electricity	90.54646727045046
6	17	Electricity	86.94421534943615
6	18	Electricity	81.9127127153534
6	19	Electricity	74.89896299607769
6	20	Electricity	63.72801044762817
6	21	Electricity	50.12651055227567
6	22	Electricity	43.08224620859949
6	23	Electricity	41.483586663644886
6	24	Electricity	40.98520528624335
6	1	LT	14.972087310401486
6	2	LT	14.972087310401486
6	3	LT	14.972087310401486
6	4	LT	14.972087310401486
6	5	LT	14.972087310401486
6	6	LT	14.972087310401486
6	7	LT	14.972087310401486
6	8	LT	65.12857980024646
6	9	LT	73.26965227527728
6	10	LT	81.41072475030808
6	11	LT	81.41072475030808
6	12	LT	97.69286970036967
6	13	LT	97.69286970036967
6	14	LT	65.12857980024646
6	15	LT	97.69286970036967
6	16	LT	97.69286970036967
6	17	LT	81.41072475030808
6	18	LT	65.5028819830065
6	19	LT	23.393886422502323
6	20	LT	23.393886422502323
6	21	LT	23.393886422502323
6	22	LT	23.393886422502323
6	23	LT	23.393886422502323
6	24	LT	23.393886422502323
6	1	MT	72.03026395579079
6	2	MT	72.03026395579079
6	3	MT	72.03026395579079
6	4	MT	72.03026395579079
6	5	MT	72.03026395579079
6	6	MT	72.03026395579079
6	7	MT	72.03026395579079
6	8	MT	308.3087029644329
6	9	MT	346.847290834987
6	10	MT	385.38587870554113
6	11	MT	385.38587870554113
6	12	MT	462.46305444664927
6	13	MT	462.46305444664927
6	14	MT	308.3087029644329
6	15	MT	462.46305444664927
6	16	MT	462.46305444664927
6	17	MT	296.2286006377289
6	18	MT	130.3996408601319
6	19	MT	83.94440479570949
6	20	MT	83.94440479570949
6	21	MT	83.94440479570949
6	22	MT	83.94440479570949
6	23	MT	83.94440479570949
6	24	MT	83.94440479570949
6	1	H2	0.0
6	2	H2	0.0
6	3	H2	0.0
6	4	H2	0.0
6	5	H2	0.0
6	6	H2	0.0
6	7	H2	0.0
6	8	H2	0.0
6	9	H2	0.0
6	10	H2	0.0
6	11	H2	0.0
6	12	H2	0.0
6	13	H2	0.0
6	14	H2	0.0
6	15	H2	0.0
6	16	H2	0.0
6	17	H2	0.0
6	18	H2	0.0
6	19	H2	0.0
6	20	H2	0.0
6	21	H2	0.0
6	22	H2	0.0
6	23	H2	0.0
6	24	H2	0.0
6	1	CH4	0.0
6	2	CH4	0.0
6	3	CH4	0.0
6	4	CH4	0.0
6	5	CH4	0.0
6	6	CH4	0.0
6	7	CH4	0.0
6	8	CH4	0.0
6	9	CH4	0.0
6	10	CH4	0.0
6	11	CH4	0.0
6	12	CH4	0.0
6	13	CH4	0.0
6	14	CH4	0.0
6	15	CH4	0.0
6	16	CH4	0.0
6	17	CH4	0.0
6	18	CH4	0.0
6	19	CH4	0.0
6	20	CH4	0.0
6	21	CH4	0.0
6	22	CH4	0.0
6	23	CH4	0.0
6	24	CH4	0.0
6	1	Biogas	0.0
6	2	Biogas	0.0
6	3	Biogas	0.0
6	4	Biogas	0.0
6	5	Biogas	0.0
6	6	Biogas	0.0
6	7	Biogas	0.0
6	8	Biogas	0.0
6	9	Biogas	0.0
6	10	Biogas	0.0
6	11	Biogas	0.0
6	12	Biogas	0.0
6	13	Biogas	0.0
6	14	Biogas	0.0
6	15	Biogas	0.0
6	16	Biogas	0.0
6	17	Biogas	0.0
6	18	Biogas	0.0
6	19	Biogas	0.0
6	20	Biogas	0.0
6	21	Biogas	0.0
6	22	Biogas	0.0
6	23	Biogas	0.0
6	24	Biogas	0.0
6	1	CH4_H2_Mix	0.0
6	2	CH4_H2_Mix	0.0
6	3	CH4_H2_Mix	0.0
6	4	CH4_H2_Mix	0.0
6	5	CH4_H2_Mix	0.0
6	6	CH4_H2_Mix	0.0
6	7	CH4_H2_Mix	0.0
6	8	CH4_H2_Mix	0.0
6	9	CH4_H2_Mix	0.0
6	10	CH4_H2_Mix	0.0
6	11	CH4_H2_Mix	0.0
6	12	CH4_H2_Mix	0.0
6	13	CH4_H2_Mix	0.0
6	14	CH4_H2_Mix	0.0
6	15	CH4_H2_Mix	0.0
6	16	CH4_H2_Mix	0.0
6	17	CH4_H2_Mix	0.0
6	18	CH4_H2_Mix	0.0
6	19	CH4_H2_Mix	0.0
6	20	CH4_H2_Mix	0.0
6	21	CH4_H2_Mix	0.0
6	22	CH4_H2_Mix	0.0
6	23	CH4_H2_Mix	0.0
6	24	CH4_H2_Mix	0.0
6	1	DummyFuel	0.0
6	2	DummyFuel	0.0
6	3	DummyFuel	0.0
6	4	DummyFuel	0.0
6	5	DummyFuel	0.0
6	6	DummyFuel	0.0
6	7	DummyFuel	0.0
6	8	DummyFuel	0.0
6	9	DummyFuel	0.0
6	10	DummyFuel	0.0
6	11	DummyFuel	0.0
6	12	DummyFuel	0.0
6	13	DummyFuel	0.0
6	14	DummyFuel	0.0
6	15	DummyFuel	0.0
6	16	DummyFuel	0.0
6	17	DummyFuel	0.0
6	18	DummyFuel	0.0
6	19	DummyFuel	0.0
6	20	DummyFuel	0.0
6	21	DummyFuel	0.0
6	22	DummyFuel	0.0
6	23	DummyFuel	0.0
6	24	DummyFuel	0.0
7	1	Electricity	38.19688077942607
7	2	Electricity	36.85957350183736
7	3	Electricity	35.94162667407612
7	4	Electricity	35.76049804967985
7	5	Electricity	36.688722115841195
7	6	Electricity	40.73161164673386
7	7	Electricity	50.38220360398421
7	8	Electricity	62.64325361502238
7	9	Electricity	78.32577370827804
7	10	Electricity	90.93144884471235
7	11	Electricity	96.76980400563296
7	12	Electricity	97.82307320241323
7	13	Electricity	90.15888555163023
7	14	Electricity	91.60390476071284
7	15	Electricity	99.63889322405991
7	16	Electricity	99.71663869411408
7	17	Electricity	96.93272414374721
7	18	Electricity	91.02435074825964
7	19	Electricity	82.33863672937336
7	20	Electricity	67.03963110485249
7	21	Electricity	50.585568591267865
7	22	Electricity	43.67239460092631
7	23	Electricity	41.25470781330688
7	24	Electricity	38.9825310926442
7	1	LT	2.5055802332672883
7	2	LT	2.5055802332672883
7	3	LT	2.5055802332672883
7	4	LT	2.5055802332672883
7	5	LT	2.5055802332672883
7	6	LT	2.5055802332672883
7	7	LT	2.5055802332672883
7	8	LT	6.789314180466201
7	9	LT	8.486642725582751
7	10	LT	9.335306998141025
7	11	LT	9.335306998141025
7	12	LT	11.032635543257577
7	13	LT	11.032635543257577
7	14	LT	7.637978453024477
7	15	LT	11.032635543257577
7	16	LT	9.335306998141025
7	17	LT	8.082516881507381
7	18	LT	6.789314180466201
7	19	LT	2.5055802332672883
7	20	LT	2.5055802332672883
7	21	LT	2.5055802332672883
7	22	LT	2.5055802332672883
7	23	LT	2.5055802332672883
7	24	LT	2.5055802332672883
7	1	MT	63.80544811690797
7	2	MT	39.739269210808295
7	3	MT	39.739269210808295
7	4	MT	39.739269210808295
7	5	MT	39.739269210808295
7	6	MT	39.739269210808295
7	7	MT	39.739269210808295
7	8	MT	165.0811244236865
7	9	MT	206.35140552960814
7	10	MT	226.98654608256896
7	11	MT	226.98654608256896
7	12	MT	268.25682718849055
7	13	MT	268.25682718849055
7	14	MT	185.71626497664732
7	15	MT	268.25682718849055
7	16	MT	207.2707918248796
7	17	MT	101.31828651688815
7	18	MT	68.44615989304013
7	19	MT	41.59051374204673
7	20	MT	39.739269210808295
7	21	MT	39.739269210808295
7	22	MT	39.739269210808295
7	23	MT	39.739269210808295
7	24	MT	39.739269210808295
7	1	H2	0.0
7	2	H2	0.0
7	3	H2	0.0
7	4	H2	0.0
7	5	H2	0.0
7	6	H2	0.0
7	7	H2	0.0
7	8	H2	0.0
7	9	H2	0.0
7	10	H2	0.0
7	11	H2	0.0
7	12	H2	0.0
7	13	H2	0.0
7	14	H2	0.0
7	15	H2	0.0
7	16	H2	0.0
7	17	H2	0.0
7	18	H2	0.0
7	19	H2	0.0
7	20	H2	0.0
7	21	H2	0.0
7	22	H2	0.0
7	23	H2	0.0
7	24	H2	0.0
7	1	CH4	0.0
7	2	CH4	0.0
7	3	CH4	0.0
7	4	CH4	0.0
7	5	CH4	0.0
7	6	CH4	0.0
7	7	CH4	0.0
7	8	CH4	0.0
7	9	CH4	0.0
7	10	CH4	0.0
7	11	CH4	0.0
7	12	CH4	0.0
7	13	CH4	0.0
7	14	CH4	0.0
7	15	CH4	0.0
7	16	CH4	0.0
7	17	CH4	0.0
7	18	CH4	0.0
7	19	CH4	0.0
7	20	CH4	0.0
7	21	CH4	0.0
7	22	CH4	0.0
7	23	CH4	0.0
7	24	CH4	0.0
7	1	Biogas	0.0
7	2	Biogas	0.0
7	3	Biogas	0.0
7	4	Biogas	0.0
7	5	Biogas	0.0
7	6	Biogas	0.0
7	7	Biogas	0.0
7	8	Biogas	0.0
7	9	Biogas	0.0
7	10	Biogas	0.0
7	11	Biogas	0.0
7	12	Biogas	0.0
7	13	Biogas	0.0
7	14	Biogas	0.0
7	15	Biogas	0.0
7	16	Biogas	0.0
7	17	Biogas	0.0
7	18	Biogas	0.0
7	19	Biogas	0.0
7	20	Biogas	0.0
7	21	Biogas	0.0
7	22	Biogas	0.0
7	23	Biogas	0.0
7	24	Biogas	0.0
7	1	CH4_H2_Mix	0.0
7	2	CH4_H2_Mix	0.0
7	3	CH4_H2_Mix	0.0
7	4	CH4_H2_Mix	0.0
7	5	CH4_H2_Mix	0.0
7	6	CH4_H2_Mix	0.0
7	7	CH4_H2_Mix	0.0
7	8	CH4_H2_Mix	0.0
7	9	CH4_H2_Mix	0.0
7	10	CH4_H2_Mix	0.0
7	11	CH4_H2_Mix	0.0
7	12	CH4_H2_Mix	0.0
7	13	CH4_H2_Mix	0.0
7	14	CH4_H2_Mix	0.0
7	15	CH4_H2_Mix	0.0
7	16	CH4_H2_Mix	0.0
7	17	CH4_H2_Mix	0.0
7	18	CH4_H2_Mix	0.0
7	19	CH4_H2_Mix	0.0
7	20	CH4_H2_Mix	0.0
7	21	CH4_H2_Mix	0.0
7	22	CH4_H2_Mix	0.0
7	23	CH4_H2_Mix	0.0
7	24	CH4_H2_Mix	0.0
7	1	DummyFuel	0.0
7	2	DummyFuel	0.0
7	3	DummyFuel	0.0
7	4	DummyFuel	0.0
7	5	DummyFuel	0.0
7	6	DummyFuel	0.0
7	7	DummyFuel	0.0
7	8	DummyFuel	0.0
7	9	DummyFuel	0.0
7	10	DummyFuel	0.0
7	11	DummyFuel	0.0
7	12	DummyFuel	0.0
7	13	DummyFuel	0.0
7	14	DummyFuel	0.0
7	15	DummyFuel	0.0
7	16	DummyFuel	0.0
7	17	DummyFuel	0.0
7	18	DummyFuel	0.0
7	19	DummyFuel	0.0
7	20	DummyFuel	0.0
7	21	DummyFuel	0.0
7	22	DummyFuel	0.0
7	23	DummyFuel	0.0
7	24	DummyFuel	0.0
8	1	Electricity	34.01331380752148
8	2	Electricity	33.57346744243632
8	3	Electricity	33.426973190499375
8	4	Electricity	33.483204094126755
8	5	Electricity	34.761793908672
8	6	Electricity	39.517062138739384
8	7	Electricity	50.84228641760593
8	8	Electricity	62.37584173360443
8	9	Electricity	75.97682214732144
8	10	Electricity	86.35857030522482
8	11	Electricity	90.96137195478506
8	12	Electricity	90.03888970244388
8	13	Electricity	81.93633931173537
8	14	Electricity	81.59357218893855
8	15	Electricity	88.67565721788276
8	16	Electricity	88.67400246757234
8	17	Electricity	86.87005045906528
8	18	Electricity	81.83035360583325
8	19	Electricity	73.76589064685223
8	20	Electricity	60.63472645479933
8	21	Electricity	45.50501823065548
8	22	Electricity	39.14778270325598
8	23	Electricity	36.658688258354516
8	24	Electricity	34.50215727609049
8	1	LT	20.18637406148791
8	2	LT	20.18637406148791
8	3	LT	20.18637406148791
8	4	LT	20.18637406148791
8	5	LT	20.18637406148791
8	6	LT	20.18637406148791
8	7	LT	20.18637406148791
8	8	LT	55.6134605393992
8	9	LT	62.05291386501384
8	10	LT	68.49236719062849
8	11	LT	68.49236719062849
8	12	LT	81.95667868964091
8	13	LT	81.95667868964091
8	14	LT	54.4426508438329
8	15	LT	81.95667868964091
8	16	LT	81.95667868964091
8	17	LT	68.48227400359774
8	18	LT	54.45274403086365
8	19	LT	20.18637406148791
8	20	LT	20.18637406148791
8	21	LT	20.18637406148791
8	22	LT	20.18637406148791
8	23	LT	20.18637406148791
8	24	LT	20.18637406148791
8	1	MT	77.73327920290247
8	2	MT	77.73327920290247
8	3	MT	77.73327920290247
8	4	MT	77.73327920290247
8	5	MT	77.73327920290247
8	6	MT	77.73327920290247
8	7	MT	77.73327920290247
8	8	MT	288.6160675591651
8	9	MT	322.03477011864743
8	10	MT	355.45347267812974
8	11	MT	355.45347267812974
8	12	MT	425.3289416661381
8	13	MT	425.3289416661381
8	14	MT	282.5399398210775
8	15	MT	425.3289416661381
8	16	MT	425.3289416661381
8	17	MT	272.5088410960624
8	18	MT	143.6339686136739
8	19	MT	77.73327920290247
8	20	MT	77.73327920290247
8	21	MT	77.73327920290247
8	22	MT	77.73327920290247
8	23	MT	77.73327920290247
8	24	MT	77.73327920290247
8	1	H2	0.0
8	2	H2	0.0
8	3	H2	0.0
8	4	H2	0.0
8	5	H2	0.0
8	6	H2	0.0
8	7	H2	0.0
8	8	H2	0.0
8	9	H2	0.0
8	10	H2	0.0
8	11	H2	0.0
8	12	H2	0.0
8	13	H2	0.0
8	14	H2	0.0
8	15	H2	0.0
8	16	H2	0.0
8	17	H2	0.0
8	18	H2	0.0
8	19	H2	0.0
8	20	H2	0.0
8	21	H2	0.0
8	22	H2	0.0
8	23	H2	0.0
8	24	H2	0.0
8	1	CH4	0.0
8	2	CH4	0.0
8	3	CH4	0.0
8	4	CH4	0.0
8	5	CH4	0.0
8	6	CH4	0.0
8	7	CH4	0.0
8	8	CH4	0.0
8	9	CH4	0.0
8	10	CH4	0.0
8	11	CH4	0.0
8	12	CH4	0.0
8	13	CH4	0.0
8	14	CH4	0.0
8	15	CH4	0.0
8	16	CH4	0.0
8	17	CH4	0.0
8	18	CH4	0.0
8	19	CH4	0.0
8	20	CH4	0.0
8	21	CH4	0.0
8	22	CH4	0.0
8	23	CH4	0.0
8	24	CH4	0.0
8	1	Biogas	0.0
8	2	Biogas	0.0
8	3	Biogas	0.0
8	4	Biogas	0.0
8	5	Biogas	0.0
8	6	Biogas	0.0
8	7	Biogas	0.0
8	8	Biogas	0.0
8	9	Biogas	0.0
8	10	Biogas	0.0
8	11	Biogas	0.0
8	12	Biogas	0.0
8	13	Biogas	0.0
8	14	Biogas	0.0
8	15	Biogas	0.0
8	16	Biogas	0.0
8	17	Biogas	0.0
8	18	Biogas	0.0
8	19	Biogas	0.0
8	20	Biogas	0.0
8	21	Biogas	0.0
8	22	Biogas	0.0
8	23	Biogas	0.0
8	24	Biogas	0.0
8	1	CH4_H2_Mix	0.0
8	2	CH4_H2_Mix	0.0
8	3	CH4_H2_Mix	0.0
8	4	CH4_H2_Mix	0.0
8	5	CH4_H2_Mix	0.0
8	6	CH4_H2_Mix	0.0
8	7	CH4_H2_Mix	0.0
8	8	CH4_H2_Mix	0.0
8	9	CH4_H2_Mix	0.0
8	10	CH4_H2_Mix	0.0
8	11	CH4_H2_Mix	0.0
8	12	CH4_H2_Mix	0.0
8	13	CH4_H2_Mix	0.0
8	14	CH4_H2_Mix	0.0
8	15	CH4_H2_Mix	0.0
8	16	CH4_H2_Mix	0.0
8	17	CH4_H2_Mix	0.0
8	18	CH4_H2_Mix	0.0
8	19	CH4_H2_Mix	0.0
8	20	CH4_H2_Mix	0.0
8	21	CH4_H2_Mix	0.0
8	22	CH4_H2_Mix	0.0
8	23	CH4_H2_Mix	0.0
8	24	CH4_H2_Mix	0.0
8	1	DummyFuel	0.0
8	2	DummyFuel	0.0
8	3	DummyFuel	0.0
8	4	DummyFuel	0.0
8	5	DummyFuel	0.0
8	6	DummyFuel	0.0
8	7	DummyFuel	0.0
8	8	DummyFuel	0.0
8	9	DummyFuel	0.0
8	10	DummyFuel	0.0
8	11	DummyFuel	0.0
8	12	DummyFuel	0.0
8	13	DummyFuel	0.0
8	14	DummyFuel	0.0
8	15	DummyFuel	0.0
8	16	DummyFuel	0.0
8	17	DummyFuel	0.0
8	18	DummyFuel	0.0
8	19	DummyFuel	0.0
8	20	DummyFuel	0.0
8	21	DummyFuel	0.0
8	22	DummyFuel	0.0
8	23	DummyFuel	0.0
8	24	DummyFuel	0.0
9	1	Electricity	38.684517504038794
9	2	Electricity	37.50388503133033
9	3	Electricity	36.47547524651702
9	4	Electricity	35.98409768658304
9	5	Electricity	36.80751106905012
9	6	Electricity	40.883957902494046
9	7	Electricity	50.8709554291315
9	8	Electricity	63.33347246862614
9	9	Electricity	78.9716052719981
9	10	Electricity	92.00442370815422
9	11	Electricity	98.32743914608821
9	12	Electricity	99.0874029762265
9	13	Electricity	91.86950244696196
9	14	Electricity	92.9481120506547
9	15	Electricity	100.70687986790125
9	16	Electricity	101.5658611594252
9	17	Electricity	99.3397857925453
9	18	Electricity	93.60989798159208
9	19	Electricity	84.06024270217989
9	20	Electricity	68.16505894343784
9	21	Electricity	50.910650890000014
9	22	Electricity	44.026025105036716
9	23	Electricity	42.035803547279116
9	24	Electricity	39.93465432912474
9	1	LT	2.8352199180101945
9	2	LT	2.8352199180101945
9	3	LT	2.8352199180101945
9	4	LT	2.8352199180101945
9	5	LT	2.8352199180101945
9	6	LT	2.8352199180101945
9	7	LT	2.8352199180101945
9	8	LT	7.8110308741180825
9	9	LT	8.715466027963336
9	10	LT	9.619901181808586
9	11	LT	9.619901181808586
9	12	LT	11.510992867121384
9	13	LT	11.510992867121384
9	14	LT	7.646588118873492
9	15	LT	11.510992867121384
9	16	LT	11.510992867121384
9	17	LT	9.618483571849582
9	18	LT	7.648005728832497
9	19	LT	2.8352199180101945
9	20	LT	2.8352199180101945
9	21	LT	2.8352199180101945
9	22	LT	2.8352199180101945
9	23	LT	2.8352199180101945
9	24	LT	2.8352199180101945
9	1	MT	43.54974358734657
9	2	MT	43.54974358734657
9	3	MT	43.54974358734657
9	4	MT	43.54974358734657
9	5	MT	43.54974358734657
9	6	MT	43.54974358734657
9	7	MT	43.54974358734657
9	8	MT	173.93215149994646
9	9	MT	194.07166377888765
9	10	MT	214.21117605782885
9	11	MT	214.21117605782885
9	12	MT	256.3210653683422
9	13	MT	256.3210653683422
9	14	MT	170.27042199468443
9	15	MT	256.3210653683422
9	16	MT	256.3210653683422
9	17	MT	154.11783033656985
9	18	MT	69.61602945295571
9	19	MT	43.54974358734657
9	20	MT	43.54974358734657
9	21	MT	43.54974358734657
9	22	MT	43.54974358734657
9	23	MT	43.54974358734657
9	24	MT	43.54974358734657
9	1	H2	0.0
9	2	H2	0.0
9	3	H2	0.0
9	4	H2	0.0
9	5	H2	0.0
9	6	H2	0.0
9	7	H2	0.0
9	8	H2	0.0
9	9	H2	0.0
9	10	H2	0.0
9	11	H2	0.0
9	12	H2	0.0
9	13	H2	0.0
9	14	H2	0.0
9	15	H2	0.0
9	16	H2	0.0
9	17	H2	0.0
9	18	H2	0.0
9	19	H2	0.0
9	20	H2	0.0
9	21	H2	0.0
9	22	H2	0.0
9	23	H2	0.0
9	24	H2	0.0
9	1	CH4	0.0
9	2	CH4	0.0
9	3	CH4	0.0
9	4	CH4	0.0
9	5	CH4	0.0
9	6	CH4	0.0
9	7	CH4	0.0
9	8	CH4	0.0
9	9	CH4	0.0
9	10	CH4	0.0
9	11	CH4	0.0
9	12	CH4	0.0
9	13	CH4	0.0
9	14	CH4	0.0
9	15	CH4	0.0
9	16	CH4	0.0
9	17	CH4	0.0
9	18	CH4	0.0
9	19	CH4	0.0
9	20	CH4	0.0
9	21	CH4	0.0
9	22	CH4	0.0
9	23	CH4	0.0
9	24	CH4	0.0
9	1	Biogas	0.0
9	2	Biogas	0.0
9	3	Biogas	0.0
9	4	Biogas	0.0
9	5	Biogas	0.0
9	6	Biogas	0.0
9	7	Biogas	0.0
9	8	Biogas	0.0
9	9	Biogas	0.0
9	10	Biogas	0.0
9	11	Biogas	0.0
9	12	Biogas	0.0
9	13	Biogas	0.0
9	14	Biogas	0.0
9	15	Biogas	0.0
9	16	Biogas	0.0
9	17	Biogas	0.0
9	18	Biogas	0.0
9	19	Biogas	0.0
9	20	Biogas	0.0
9	21	Biogas	0.0
9	22	Biogas	0.0
9	23	Biogas	0.0
9	24	Biogas	0.0
9	1	CH4_H2_Mix	0.0
9	2	CH4_H2_Mix	0.0
9	3	CH4_H2_Mix	0.0
9	4	CH4_H2_Mix	0.0
9	5	CH4_H2_Mix	0.0
9	6	CH4_H2_Mix	0.0
9	7	CH4_H2_Mix	0.0
9	8	CH4_H2_Mix	0.0
9	9	CH4_H2_Mix	0.0
9	10	CH4_H2_Mix	0.0
9	11	CH4_H2_Mix	0.0
9	12	CH4_H2_Mix	0.0
9	13	CH4_H2_Mix	0.0
9	14	CH4_H2_Mix	0.0
9	15	CH4_H2_Mix	0.0
9	16	CH4_H2_Mix	0.0
9	17	CH4_H2_Mix	0.0
9	18	CH4_H2_Mix	0.0
9	19	CH4_H2_Mix	0.0
9	20	CH4_H2_Mix	0.0
9	21	CH4_H2_Mix	0.0
9	22	CH4_H2_Mix	0.0
9	23	CH4_H2_Mix	0.0
9	24	CH4_H2_Mix	0.0
9	1	DummyFuel	0.0
9	2	DummyFuel	0.0
9	3	DummyFuel	0.0
9	4	DummyFuel	0.0
9	5	DummyFuel	0.0
9	6	DummyFuel	0.0
9	7	DummyFuel	0.0
9	8	DummyFuel	0.0
9	9	DummyFuel	0.0
9	10	DummyFuel	0.0
9	11	DummyFuel	0.0
9	12	DummyFuel	0.0
9	13	DummyFuel	0.0
9	14	DummyFuel	0.0
9	15	DummyFuel	0.0
9	16	DummyFuel	0.0
9	17	DummyFuel	0.0
9	18	DummyFuel	0.0
9	19	DummyFuel	0.0
9	20	DummyFuel	0.0
9	21	DummyFuel	0.0
9	22	DummyFuel	0.0
9	23	DummyFuel	0.0
9	24	DummyFuel	0.0
10	1	Electricity	33.67406612656539
10	2	Electricity	33.381934768656905
10	3	Electricity	33.24408912711205
10	4	Electricity	33.34107069580604
10	5	Electricity	34.544775090362805
10	6	Electricity	39.569150161754976
10	7	Electricity	50.17430851286118
10	8	Electricity	60.66919383201601
10	9	Electricity	75.04729895901318
10	10	Electricity	85.13981300358387
10	11	Electricity	88.98968126951297
10	12	Electricity	89.40865692845134
10	13	Electricity	79.71952031050245
10	14	Electricity	80.63138264341536
10	15	Electricity	88.6899743678966
10	16	Electricity	88.07747422862307
10	17	Electricity	86.11956583225547
10	18	Electricity	81.5725752798934
10	19	Electricity	73.37622580743378
10	20	Electricity	59.741207273578
10	21	Electricity	44.51265289055726
10	22	Electricity	38.70318144571173
10	23	Electricity	36.17676585706911
10	24	Electricity	34.182099884731805
10	1	LT	17.87288684235755
10	2	LT	17.87288684235755
10	3	LT	17.87288684235755
10	4	LT	17.87288684235755
10	5	LT	17.87288684235755
10	6	LT	17.87288684235755
10	7	LT	17.87288684235755
10	8	LT	49.23980325069504
10	9	LT	54.941254153407115
10	10	LT	60.64270505611916
10	11	LT	60.64270505611916
10	12	LT	72.56392057997164
10	13	LT	72.56392057997164
10	14	LT	48.20317581383831
10	15	LT	72.56392057997164
10	16	LT	72.56392057997164
10	17	LT	60.63376861269799
10	18	LT	48.212112257259484
10	19	LT	17.87288684235755
10	20	LT	17.87288684235755
10	21	LT	17.87288684235755
10	22	LT	17.87288684235755
10	23	LT	17.87288684235755
10	24	LT	17.87288684235755
10	1	MT	73.17547445416169
10	2	MT	73.17547445416169
10	3	MT	73.17547445416169
10	4	MT	73.17547445416169
10	5	MT	73.17547445416169
10	6	MT	73.17547445416169
10	7	MT	73.17547445416169
10	8	MT	273.3248787512693
10	9	MT	304.9730226066795
10	10	MT	336.6211664620896
10	11	MT	336.6211664620896
10	12	MT	402.7945581597653
10	13	MT	402.7945581597653
10	14	MT	267.5706707775584
10	15	MT	402.7945581597653
10	16	MT	402.7945581597653
10	17	MT	256.7233729947967
10	18	MT	133.76491005891145
10	19	MT	73.17547445416169
10	20	MT	73.17547445416169
10	21	MT	73.17547445416169
10	22	MT	73.17547445416169
10	23	MT	73.17547445416169
10	24	MT	73.17547445416169
10	1	H2	0.0
10	2	H2	0.0
10	3	H2	0.0
10	4	H2	0.0
10	5	H2	0.0
10	6	H2	0.0
10	7	H2	0.0
10	8	H2	0.0
10	9	H2	0.0
10	10	H2	0.0
10	11	H2	0.0
10	12	H2	0.0
10	13	H2	0.0
10	14	H2	0.0
10	15	H2	0.0
10	16	H2	0.0
10	17	H2	0.0
10	18	H2	0.0
10	19	H2	0.0
10	20	H2	0.0
10	21	H2	0.0
10	22	H2	0.0
10	23	H2	0.0
10	24	H2	0.0
10	1	CH4	0.0
10	2	CH4	0.0
10	3	CH4	0.0
10	4	CH4	0.0
10	5	CH4	0.0
10	6	CH4	0.0
10	7	CH4	0.0
10	8	CH4	0.0
10	9	CH4	0.0
10	10	CH4	0.0
10	11	CH4	0.0
10	12	CH4	0.0
10	13	CH4	0.0
10	14	CH4	0.0
10	15	CH4	0.0
10	16	CH4	0.0
10	17	CH4	0.0
10	18	CH4	0.0
10	19	CH4	0.0
10	20	CH4	0.0
10	21	CH4	0.0
10	22	CH4	0.0
10	23	CH4	0.0
10	24	CH4	0.0
10	1	Biogas	0.0
10	2	Biogas	0.0
10	3	Biogas	0.0
10	4	Biogas	0.0
10	5	Biogas	0.0
10	6	Biogas	0.0
10	7	Biogas	0.0
10	8	Biogas	0.0
10	9	Biogas	0.0
10	10	Biogas	0.0
10	11	Biogas	0.0
10	12	Biogas	0.0
10	13	Biogas	0.0
10	14	Biogas	0.0
10	15	Biogas	0.0
10	16	Biogas	0.0
10	17	Biogas	0.0
10	18	Biogas	0.0
10	19	Biogas	0.0
10	20	Biogas	0.0
10	21	Biogas	0.0
10	22	Biogas	0.0
10	23	Biogas	0.0
10	24	Biogas	0.0
10	1	CH4_H2_Mix	0.0
10	2	CH4_H2_Mix	0.0
10	3	CH4_H2_Mix	0.0
10	4	CH4_H2_Mix	0.0
10	5	CH4_H2_Mix	0.0
10	6	CH4_H2_Mix	0.0
10	7	CH4_H2_Mix	0.0
10	8	CH4_H2_Mix	0.0
10	9	CH4_H2_Mix	0.0
10	10	CH4_H2_Mix	0.0
10	11	CH4_H2_Mix	0.0
10	12	CH4_H2_Mix	0.0
10	13	CH4_H2_Mix	0.0
10	14	CH4_H2_Mix	0.0
10	15	CH4_H2_Mix	0.0
10	16	CH4_H2_Mix	0.0
10	17	CH4_H2_Mix	0.0
10	18	CH4_H2_Mix	0.0
10	19	CH4_H2_Mix	0.0
10	20	CH4_H2_Mix	0.0
10	21	CH4_H2_Mix	0.0
10	22	CH4_H2_Mix	0.0
10	23	CH4_H2_Mix	0.0
10	24	CH4_H2_Mix	0.0
10	1	DummyFuel	0.0
10	2	DummyFuel	0.0
10	3	DummyFuel	0.0
10	4	DummyFuel	0.0
10	5	DummyFuel	0.0
10	6	DummyFuel	0.0
10	7	DummyFuel	0.0
10	8	DummyFuel	0.0
10	9	DummyFuel	0.0
10	10	DummyFuel	0.0
10	11	DummyFuel	0.0
10	12	DummyFuel	0.0
10	13	DummyFuel	0.0
10	14	DummyFuel	0.0
10	15	DummyFuel	0.0
10	16	DummyFuel	0.0
10	17	DummyFuel	0.0
10	18	DummyFuel	0.0
10	19	DummyFuel	0.0
10	20	DummyFuel	0.0
10	21	DummyFuel	0.0
10	22	DummyFuel	0.0
10	23	DummyFuel	0.0
10	24	DummyFuel	0.0
11	1	Electricity	49.50772770790001
11	2	Electricity	50.05251022480892
11	3	Electricity	50.023508793683405
11	4	Electricity	50.52535002063153
11	5	Electricity	52.25944503834709
11	6	Electricity	57.104024305513406
11	7	Electricity	68.36028345105174
11	8	Electricity	81.55063203913647
11	9	Electricity	97.2803971413504
11	10	Electricity	108.35493807376604
11	11	Electricity	112.30582617310701
11	12	Electricity	112.31227734298965
11	13	Electricity	101.06212397526184
11	14	Electricity	99.82958083755601
11	15	Electricity	106.780691784015
11	16	Electricity	106.53753682937595
11	17	Electricity	104.0625260806626
11	18	Electricity	98.9417280929971
11	19	Electricity	91.88499530327888
11	20	Electricity	76.74914205452876
11	21	Electricity	59.862489981871164
11	22	Electricity	53.326561589087675
11	23	Electricity	51.106462173948906
11	24	Electricity	50.208160787133664
11	1	LT	47.177058284675475
11	2	LT	47.177058284675475
11	3	LT	47.177058284675475
11	4	LT	47.177058284675475
11	5	LT	47.177058284675475
11	6	LT	47.177058284675475
11	7	LT	47.177058284675475
11	8	LT	129.97279557428095
11	9	LT	145.0222771670924
11	10	LT	160.07175875990387
11	11	LT	160.07175875990387
11	12	LT	191.5388566357824
11	13	LT	191.5388566357824
11	14	LT	127.23652619376976
11	15	LT	191.5388566357824
11	16	LT	191.5388566357824
11	17	LT	160.04817023076157
11	18	LT	127.26011472291208
11	19	LT	47.177058284675475
11	20	LT	47.177058284675475
11	21	LT	47.177058284675475
11	22	LT	47.177058284675475
11	23	LT	47.177058284675475
11	24	LT	47.177058284675475
11	1	MT	133.33391831279806
11	2	MT	133.33391831279806
11	3	MT	133.33391831279806
11	4	MT	133.33391831279806
11	5	MT	133.33391831279806
11	6	MT	133.33391831279806
11	7	MT	133.33391831279806
11	8	MT	476.93148775830457
11	9	MT	532.1551337092661
11	10	MT	587.3787796602278
11	11	MT	587.3787796602278
11	12	MT	702.8464030122384
11	13	MT	702.8464030122384
11	14	MT	466.89082485812975
11	15	MT	702.8464030122384
11	16	MT	702.8464030122384
11	17	MT	465.28582444061044
11	18	MT	262.44912201709366
11	19	MT	133.33391831279806
11	20	MT	133.33391831279806
11	21	MT	133.33391831279806
11	22	MT	133.33391831279806
11	23	MT	133.33391831279806
11	24	MT	133.33391831279806
11	1	H2	0.0
11	2	H2	0.0
11	3	H2	0.0
11	4	H2	0.0
11	5	H2	0.0
11	6	H2	0.0
11	7	H2	0.0
11	8	H2	0.0
11	9	H2	0.0
11	10	H2	0.0
11	11	H2	0.0
11	12	H2	0.0
11	13	H2	0.0
11	14	H2	0.0
11	15	H2	0.0
11	16	H2	0.0
11	17	H2	0.0
11	18	H2	0.0
11	19	H2	0.0
11	20	H2	0.0
11	21	H2	0.0
11	22	H2	0.0
11	23	H2	0.0
11	24	H2	0.0
11	1	CH4	0.0
11	2	CH4	0.0
11	3	CH4	0.0
11	4	CH4	0.0
11	5	CH4	0.0
11	6	CH4	0.0
11	7	CH4	0.0
11	8	CH4	0.0
11	9	CH4	0.0
11	10	CH4	0.0
11	11	CH4	0.0
11	12	CH4	0.0
11	13	CH4	0.0
11	14	CH4	0.0
11	15	CH4	0.0
11	16	CH4	0.0
11	17	CH4	0.0
11	18	CH4	0.0
11	19	CH4	0.0
11	20	CH4	0.0
11	21	CH4	0.0
11	22	CH4	0.0
11	23	CH4	0.0
11	24	CH4	0.0
11	1	Biogas	0.0
11	2	Biogas	0.0
11	3	Biogas	0.0
11	4	Biogas	0.0
11	5	Biogas	0.0
11	6	Biogas	0.0
11	7	Biogas	0.0
11	8	Biogas	0.0
11	9	Biogas	0.0
11	10	Biogas	0.0
11	11	Biogas	0.0
11	12	Biogas	0.0
11	13	Biogas	0.0
11	14	Biogas	0.0
11	15	Biogas	0.0
11	16	Biogas	0.0
11	17	Biogas	0.0
11	18	Biogas	0.0
11	19	Biogas	0.0
11	20	Biogas	0.0
11	21	Biogas	0.0
11	22	Biogas	0.0
11	23	Biogas	0.0
11	24	Biogas	0.0
11	1	CH4_H2_Mix	0.0
11	2	CH4_H2_Mix	0.0
11	3	CH4_H2_Mix	0.0
11	4	CH4_H2_Mix	0.0
11	5	CH4_H2_Mix	0.0
11	6	CH4_H2_Mix	0.0
11	7	CH4_H2_Mix	0.0
11	8	CH4_H2_Mix	0.0
11	9	CH4_H2_Mix	0.0
11	10	CH4_H2_Mix	0.0
11	11	CH4_H2_Mix	0.0
11	12	CH4_H2_Mix	0.0
11	13	CH4_H2_Mix	0.0
11	14	CH4_H2_Mix	0.0
11	15	CH4_H2_Mix	0.0
11	16	CH4_H2_Mix	0.0
11	17	CH4_H2_Mix	0.0
11	18	CH4_H2_Mix	0.0
11	19	CH4_H2_Mix	0.0
11	20	CH4_H2_Mix	0.0
11	21	CH4_H2_Mix	0.0
11	22	CH4_H2_Mix	0.0
11	23	CH4_H2_Mix	0.0
11	24	CH4_H2_Mix	0.0
11	1	DummyFuel	0.0
11	2	DummyFuel	0.0
11	3	DummyFuel	0.0
11	4	DummyFuel	0.0
11	5	DummyFuel	0.0
11	6	DummyFuel	0.0
11	7	DummyFuel	0.0
11	8	DummyFuel	0.0
11	9	DummyFuel	0.0
11	10	DummyFuel	0.0
11	11	DummyFuel	0.0
11	12	DummyFuel	0.0
11	13	DummyFuel	0.0
11	14	DummyFuel	0.0
11	15	DummyFuel	0.0
11	16	DummyFuel	0.0
11	17	DummyFuel	0.0
11	18	DummyFuel	0.0
11	19	DummyFuel	0.0
11	20	DummyFuel	0.0
11	21	DummyFuel	0.0
11	22	DummyFuel	0.0
11	23	DummyFuel	0.0
11	24	DummyFuel	0.0
12	1	Electricity	30.54558485226412
12	2	Electricity	30.29944265652344
12	3	Electricity	30.443397141638837
12	4	Electricity	30.99048911331416
12	5	Electricity	32.901215538830556
12	6	Electricity	38.83481172752766
12	7	Electricity	49.35381426601672
12	8	Electricity	61.98547278285345
12	9	Electricity	76.50243545490024
12	10	Electricity	86.06500736406662
12	11	Electricity	89.62127100970322
12	12	Electricity	88.68930167427018
12	13	Electricity	81.49216178783362
12	14	Electricity	81.03276985970362
12	15	Electricity	86.69082042691768
12	16	Electricity	85.56941154636309
12	17	Electricity	83.22818744892542
12	18	Electricity	78.34597004856562
12	19	Electricity	72.0215948067056
12	20	Electricity	61.03116436890359
12	21	Electricity	46.22931098004398
12	22	Electricity	38.77225013078575
12	23	Electricity	37.29869997072638
12	24	Electricity	35.839407191028705
12	1	LT	11.792117716416202
12	2	LT	11.792117716416202
12	3	LT	11.792117716416202
12	4	LT	11.792117716416202
12	5	LT	11.792117716416202
12	6	LT	11.792117716416202
12	7	LT	11.792117716416202
12	8	LT	51.29571206641048
12	9	LT	57.70767607471179
12	10	LT	64.1196400830131
12	11	LT	64.1196400830131
12	12	LT	76.94356809961569
12	13	LT	76.94356809961569
12	14	LT	51.29571206641048
12	15	LT	76.94356809961569
12	16	LT	76.94356809961569
12	17	LT	64.1196400830131
12	18	LT	51.59051500932088
12	19	LT	18.425183931900314
12	20	LT	18.425183931900314
12	21	LT	18.425183931900314
12	22	LT	18.425183931900314
12	23	LT	18.425183931900314
12	24	LT	18.425183931900314
12	1	MT	64.41294093384263
12	2	MT	64.41294093384263
12	3	MT	64.41294093384263
12	4	MT	64.41294093384263
12	5	MT	64.41294093384263
12	6	MT	64.41294093384263
12	7	MT	64.41294093384263
12	8	MT	275.5488598555202
12	9	MT	309.99246733746025
12	10	MT	344.43607481940023
12	11	MT	344.43607481940023
12	12	MT	413.32328978328025
12	13	MT	413.32328978328025
12	14	MT	275.5488598555202
12	15	MT	413.32328978328025
12	16	MT	413.32328978328025
12	17	MT	261.94413540055945
12	18	MT	110.88435087265822
12	19	MT	74.18067000433669
12	20	MT	74.18067000433669
12	21	MT	74.18067000433669
12	22	MT	74.18067000433669
12	23	MT	74.18067000433669
12	24	MT	74.18067000433669
12	1	H2	0.0
12	2	H2	0.0
12	3	H2	0.0
12	4	H2	0.0
12	5	H2	0.0
12	6	H2	0.0
12	7	H2	0.0
12	8	H2	0.0
12	9	H2	0.0
12	10	H2	0.0
12	11	H2	0.0
12	12	H2	0.0
12	13	H2	0.0
12	14	H2	0.0
12	15	H2	0.0
12	16	H2	0.0
12	17	H2	0.0
12	18	H2	0.0
12	19	H2	0.0
12	20	H2	0.0
12	21	H2	0.0
12	22	H2	0.0
12	23	H2	0.0
12	24	H2	0.0
12	1	CH4	0.0
12	2	CH4	0.0
12	3	CH4	0.0
12	4	CH4	0.0
12	5	CH4	0.0
12	6	CH4	0.0
12	7	CH4	0.0
12	8	CH4	0.0
12	9	CH4	0.0
12	10	CH4	0.0
12	11	CH4	0.0
12	12	CH4	0.0
12	13	CH4	0.0
12	14	CH4	0.0
12	15	CH4	0.0
12	16	CH4	0.0
12	17	CH4	0.0
12	18	CH4	0.0
12	19	CH4	0.0
12	20	CH4	0.0
12	21	CH4	0.0
12	22	CH4	0.0
12	23	CH4	0.0
12	24	CH4	0.0
12	1	Biogas	0.0
12	2	Biogas	0.0
12	3	Biogas	0.0
12	4	Biogas	0.0
12	5	Biogas	0.0
12	6	Biogas	0.0
12	7	Biogas	0.0
12	8	Biogas	0.0
12	9	Biogas	0.0
12	10	Biogas	0.0
12	11	Biogas	0.0
12	12	Biogas	0.0
12	13	Biogas	0.0
12	14	Biogas	0.0
12	15	Biogas	0.0
12	16	Biogas	0.0
12	17	Biogas	0.0
12	18	Biogas	0.0
12	19	Biogas	0.0
12	20	Biogas	0.0
12	21	Biogas	0.0
12	22	Biogas	0.0
12	23	Biogas	0.0
12	24	Biogas	0.0
12	1	CH4_H2_Mix	0.0
12	2	CH4_H2_Mix	0.0
12	3	CH4_H2_Mix	0.0
12	4	CH4_H2_Mix	0.0
12	5	CH4_H2_Mix	0.0
12	6	CH4_H2_Mix	0.0
12	7	CH4_H2_Mix	0.0
12	8	CH4_H2_Mix	0.0
12	9	CH4_H2_Mix	0.0
12	10	CH4_H2_Mix	0.0
12	11	CH4_H2_Mix	0.0
12	12	CH4_H2_Mix	0.0
12	13	CH4_H2_Mix	0.0
12	14	CH4_H2_Mix	0.0
12	15	CH4_H2_Mix	0.0
12	16	CH4_H2_Mix	0.0
12	17	CH4_H2_Mix	0.0
12	18	CH4_H2_Mix	0.0
12	19	CH4_H2_Mix	0.0
12	20	CH4_H2_Mix	0.0
12	21	CH4_H2_Mix	0.0
12	22	CH4_H2_Mix	0.0
12	23	CH4_H2_Mix	0.0
12	24	CH4_H2_Mix	0.0
12	1	DummyFuel	0.0
12	2	DummyFuel	0.0
12	3	DummyFuel	0.0
12	4	DummyFuel	0.0
12	5	DummyFuel	0.0
12	6	DummyFuel	0.0
12	7	DummyFuel	0.0
12	8	DummyFuel	0.0
12	9	DummyFuel	0.0
12	10	DummyFuel	0.0
12	11	DummyFuel	0.0
12	12	DummyFuel	0.0
12	13	DummyFuel	0.0
12	14	DummyFuel	0.0
12	15	DummyFuel	0.0
12	16	DummyFuel	0.0
12	17	DummyFuel	0.0
12	18	DummyFuel	0.0
12	19	DummyFuel	0.0
12	20	DummyFuel	0.0
12	21	DummyFuel	0.0
12	22	DummyFuel	0.0
12	23	DummyFuel	0.0
12	24	DummyFuel	0.0
13	1	Electricity	46.28570680129148
13	2	Electricity	45.57561391759303
13	3	Electricity	45.654703102667284
13	4	Electricity	45.82223875517514
13	5	Electricity	47.274163196004
13	6	Electricity	52.1293105940572
13	7	Electricity	63.92821780342836
13	8	Electricity	79.08696579336652
13	9	Electricity	95.49031338971297
13	10	Electricity	106.47854370129838
13	11	Electricity	110.8162306358301
13	12	Electricity	110.00513317150936
13	13	Electricity	98.80904995467237
13	14	Electricity	98.27344579121926
13	15	Electricity	105.80202304356159
13	16	Electricity	104.94405380756358
13	17	Electricity	103.38322842708637
13	18	Electricity	98.79232633505615
13	19	Electricity	90.80168236763663
13	20	Electricity	74.3529191596166
13	21	Electricity	58.14028866887102
13	22	Electricity	50.49820801096953
13	23	Electricity	48.449619474949415
13	24	Electricity	47.73138856925661
13	1	LT	21.92148947583569
13	2	LT	21.92148947583569
13	3	LT	21.92148947583569
13	4	LT	21.92148947583569
13	5	LT	21.92148947583569
13	6	LT	21.92148947583569
13	7	LT	21.92148947583569
13	8	LT	60.39370350592731
13	9	LT	67.3866586487189
13	10	LT	74.3796137915105
13	11	LT	74.3796137915105
13	12	LT	89.00124727189288
13	13	LT	89.00124727189288
13	14	LT	59.12225711632884
13	15	LT	89.00124727189288
13	16	LT	89.00124727189288
13	17	LT	74.36865304677256
13	18	LT	59.13321786106676
13	19	LT	21.92148947583569
13	20	LT	21.92148947583569
13	21	LT	21.92148947583569
13	22	LT	21.92148947583569
13	23	LT	21.92148947583569
13	24	LT	21.92148947583569
13	1	MT	81.15163276445807
13	2	MT	81.15163276445807
13	3	MT	81.15163276445807
13	4	MT	81.15163276445807
13	5	MT	81.15163276445807
13	6	MT	81.15163276445807
13	7	MT	81.15163276445807
13	8	MT	300.084459165087
13	9	MT	334.8310807526234
13	10	MT	369.5777023401599
13	11	MT	369.5777023401599
13	12	MT	442.2297292959177
13	13	MT	442.2297292959177
13	14	MT	293.7668916037168
13	15	MT	442.2297292959177
13	16	MT	442.2297292959177
13	17	MT	284.34794217201164
13	18	MT	151.03576252974568
13	19	MT	81.15163276445807
13	20	MT	81.15163276445807
13	21	MT	81.15163276445807
13	22	MT	81.15163276445807
13	23	MT	81.15163276445807
13	24	MT	81.15163276445807
13	1	H2	0.0
13	2	H2	0.0
13	3	H2	0.0
13	4	H2	0.0
13	5	H2	0.0
13	6	H2	0.0
13	7	H2	0.0
13	8	H2	0.0
13	9	H2	0.0
13	10	H2	0.0
13	11	H2	0.0
13	12	H2	0.0
13	13	H2	0.0
13	14	H2	0.0
13	15	H2	0.0
13	16	H2	0.0
13	17	H2	0.0
13	18	H2	0.0
13	19	H2	0.0
13	20	H2	0.0
13	21	H2	0.0
13	22	H2	0.0
13	23	H2	0.0
13	24	H2	0.0
13	1	CH4	0.0
13	2	CH4	0.0
13	3	CH4	0.0
13	4	CH4	0.0
13	5	CH4	0.0
13	6	CH4	0.0
13	7	CH4	0.0
13	8	CH4	0.0
13	9	CH4	0.0
13	10	CH4	0.0
13	11	CH4	0.0
13	12	CH4	0.0
13	13	CH4	0.0
13	14	CH4	0.0
13	15	CH4	0.0
13	16	CH4	0.0
13	17	CH4	0.0
13	18	CH4	0.0
13	19	CH4	0.0
13	20	CH4	0.0
13	21	CH4	0.0
13	22	CH4	0.0
13	23	CH4	0.0
13	24	CH4	0.0
13	1	Biogas	0.0
13	2	Biogas	0.0
13	3	Biogas	0.0
13	4	Biogas	0.0
13	5	Biogas	0.0
13	6	Biogas	0.0
13	7	Biogas	0.0
13	8	Biogas	0.0
13	9	Biogas	0.0
13	10	Biogas	0.0
13	11	Biogas	0.0
13	12	Biogas	0.0
13	13	Biogas	0.0
13	14	Biogas	0.0
13	15	Biogas	0.0
13	16	Biogas	0.0
13	17	Biogas	0.0
13	18	Biogas	0.0
13	19	Biogas	0.0
13	20	Biogas	0.0
13	21	Biogas	0.0
13	22	Biogas	0.0
13	23	Biogas	0.0
13	24	Biogas	0.0
13	1	CH4_H2_Mix	0.0
13	2	CH4_H2_Mix	0.0
13	3	CH4_H2_Mix	0.0
13	4	CH4_H2_Mix	0.0
13	5	CH4_H2_Mix	0.0
13	6	CH4_H2_Mix	0.0
13	7	CH4_H2_Mix	0.0
13	8	CH4_H2_Mix	0.0
13	9	CH4_H2_Mix	0.0
13	10	CH4_H2_Mix	0.0
13	11	CH4_H2_Mix	0.0
13	12	CH4_H2_Mix	0.0
13	13	CH4_H2_Mix	0.0
13	14	CH4_H2_Mix	0.0
13	15	CH4_H2_Mix	0.0
13	16	CH4_H2_Mix	0.0
13	17	CH4_H2_Mix	0.0
13	18	CH4_H2_Mix	0.0
13	19	CH4_H2_Mix	0.0
13	20	CH4_H2_Mix	0.0
13	21	CH4_H2_Mix	0.0
13	22	CH4_H2_Mix	0.0
13	23	CH4_H2_Mix	0.0
13	24	CH4_H2_Mix	0.0
13	1	DummyFuel	0.0
13	2	DummyFuel	0.0
13	3	DummyFuel	0.0
13	4	DummyFuel	0.0
13	5	DummyFuel	0.0
13	6	DummyFuel	0.0
13	7	DummyFuel	0.0
13	8	DummyFuel	0.0
13	9	DummyFuel	0.0
13	10	DummyFuel	0.0
13	11	DummyFuel	0.0
13	12	DummyFuel	0.0
13	13	DummyFuel	0.0
13	14	DummyFuel	0.0
13	15	DummyFuel	0.0
13	16	DummyFuel	0.0
13	17	DummyFuel	0.0
13	18	DummyFuel	0.0
13	19	DummyFuel	0.0
13	20	DummyFuel	0.0
13	21	DummyFuel	0.0
13	22	DummyFuel	0.0
13	23	DummyFuel	0.0
13	24	DummyFuel	0.0
14	1	Electricity	34.01798607648093
14	2	Electricity	33.40183231135744
14	3	Electricity	33.166316343923064
14	4	Electricity	32.954796308275306
14	5	Electricity	34.196977511420236
14	6	Electricity	39.45494690145573
14	7	Electricity	50.3179307810715
14	8	Electricity	62.68224009988131
14	9	Electricity	76.9533112084041
14	10	Electricity	86.30273741832727
14	11	Electricity	89.72874892996046
14	12	Electricity	89.27203338499977
14	13	Electricity	80.12065132046486
14	14	Electricity	80.47819006052889
14	15	Electricity	87.7602179537943
14	16	Electricity	87.1293451453876
14	17	Electricity	85.36057853536575
14	18	Electricity	79.6558998863915
14	19	Electricity	72.69159735457629
14	20	Electricity	60.65212109580925
14	21	Electricity	46.37224971045191
14	22	Electricity	39.31449503450618
14	23	Electricity	36.727688533907205
14	24	Electricity	35.64484782665703
14	1	LT	3.413591722792784
14	2	LT	3.413591722792784
14	3	LT	3.413591722792784
14	4	LT	3.413591722792784
14	5	LT	3.413591722792784
14	6	LT	3.413591722792784
14	7	LT	3.413591722792784
14	8	LT	9.40444519629412
14	9	LT	10.49338095586502
14	10	LT	11.582316715435915
14	11	LT	11.582316715435915
14	12	LT	13.859182394538703
14	13	LT	13.859182394538703
14	14	LT	9.206456876372139
14	15	LT	13.859182394538703
14	16	LT	13.859182394538703
14	17	LT	11.58060991957452
14	18	LT	9.208163672233535
14	19	LT	3.413591722792784
14	20	LT	3.413591722792784
14	21	LT	3.413591722792784
14	22	LT	3.413591722792784
14	23	LT	3.413591722792784
14	24	LT	3.413591722792784
14	1	MT	44.689194774531764
14	2	MT	44.689194774531764
14	3	MT	44.689194774531764
14	4	MT	44.689194774531764
14	5	MT	44.689194774531764
14	6	MT	44.689194774531764
14	7	MT	44.689194774531764
14	8	MT	177.75494870192043
14	9	MT	198.33710065687964
14	10	MT	218.91925261183883
14	11	MT	218.91925261183883
14	12	MT	261.9546612449353
14	13	MT	261.9546612449353
14	14	MT	174.01273925556418
14	15	MT	261.9546612449353
14	16	MT	261.9546612449353
14	17	MT	158.06419736188624
14	18	MT	72.08329409164631
14	19	MT	44.689194774531764
14	20	MT	44.689194774531764
14	21	MT	44.689194774531764
14	22	MT	44.689194774531764
14	23	MT	44.689194774531764
14	24	MT	44.689194774531764
14	1	H2	0.0
14	2	H2	0.0
14	3	H2	0.0
14	4	H2	0.0
14	5	H2	0.0
14	6	H2	0.0
14	7	H2	0.0
14	8	H2	0.0
14	9	H2	0.0
14	10	H2	0.0
14	11	H2	0.0
14	12	H2	0.0
14	13	H2	0.0
14	14	H2	0.0
14	15	H2	0.0
14	16	H2	0.0
14	17	H2	0.0
14	18	H2	0.0
14	19	H2	0.0
14	20	H2	0.0
14	21	H2	0.0
14	22	H2	0.0
14	23	H2	0.0
14	24	H2	0.0
14	1	CH4	0.0
14	2	CH4	0.0
14	3	CH4	0.0
14	4	CH4	0.0
14	5	CH4	0.0
14	6	CH4	0.0
14	7	CH4	0.0
14	8	CH4	0.0
14	9	CH4	0.0
14	10	CH4	0.0
14	11	CH4	0.0
14	12	CH4	0.0
14	13	CH4	0.0
14	14	CH4	0.0
14	15	CH4	0.0
14	16	CH4	0.0
14	17	CH4	0.0
14	18	CH4	0.0
14	19	CH4	0.0
14	20	CH4	0.0
14	21	CH4	0.0
14	22	CH4	0.0
14	23	CH4	0.0
14	24	CH4	0.0
14	1	Biogas	0.0
14	2	Biogas	0.0
14	3	Biogas	0.0
14	4	Biogas	0.0
14	5	Biogas	0.0
14	6	Biogas	0.0
14	7	Biogas	0.0
14	8	Biogas	0.0
14	9	Biogas	0.0
14	10	Biogas	0.0
14	11	Biogas	0.0
14	12	Biogas	0.0
14	13	Biogas	0.0
14	14	Biogas	0.0
14	15	Biogas	0.0
14	16	Biogas	0.0
14	17	Biogas	0.0
14	18	Biogas	0.0
14	19	Biogas	0.0
14	20	Biogas	0.0
14	21	Biogas	0.0
14	22	Biogas	0.0
14	23	Biogas	0.0
14	24	Biogas	0.0
14	1	CH4_H2_Mix	0.0
14	2	CH4_H2_Mix	0.0
14	3	CH4_H2_Mix	0.0
14	4	CH4_H2_Mix	0.0
14	5	CH4_H2_Mix	0.0
14	6	CH4_H2_Mix	0.0
14	7	CH4_H2_Mix	0.0
14	8	CH4_H2_Mix	0.0
14	9	CH4_H2_Mix	0.0
14	10	CH4_H2_Mix	0.0
14	11	CH4_H2_Mix	0.0
14	12	CH4_H2_Mix	0.0
14	13	CH4_H2_Mix	0.0
14	14	CH4_H2_Mix	0.0
14	15	CH4_H2_Mix	0.0
14	16	CH4_H2_Mix	0.0
14	17	CH4_H2_Mix	0.0
14	18	CH4_H2_Mix	0.0
14	19	CH4_H2_Mix	0.0
14	20	CH4_H2_Mix	0.0
14	21	CH4_H2_Mix	0.0
14	22	CH4_H2_Mix	0.0
14	23	CH4_H2_Mix	0.0
14	24	CH4_H2_Mix	0.0
14	1	DummyFuel	0.0
14	2	DummyFuel	0.0
14	3	DummyFuel	0.0
14	4	DummyFuel	0.0
14	5	DummyFuel	0.0
14	6	DummyFuel	0.0
14	7	DummyFuel	0.0
14	8	DummyFuel	0.0
14	9	DummyFuel	0.0
14	10	DummyFuel	0.0
14	11	DummyFuel	0.0
14	12	DummyFuel	0.0
14	13	DummyFuel	0.0
14	14	DummyFuel	0.0
14	15	DummyFuel	0.0
14	16	DummyFuel	0.0
14	17	DummyFuel	0.0
14	18	DummyFuel	0.0
14	19	DummyFuel	0.0
14	20	DummyFuel	0.0
14	21	DummyFuel	0.0
14	22	DummyFuel	0.0
14	23	DummyFuel	0.0
14	24	DummyFuel	0.0
