Node	Time	EnergyCarrier	ReferenceDemand
3	1	Electricity	32.520844436927185
3	2	Electricity	31.935066070159838
3	3	Electricity	32.01104515569952
3	4	Electricity	31.47039264827764
3	5	Electricity	33.132684551004154
3	6	Electricity	38.51531106298832
3	7	Electricity	47.62154053779072
3	8	Electricity	58.74824449032683
3	9	Electricity	73.89086866012967
3	10	Electricity	87.86415765759774
3	11	Electricity	94.51993636464519
3	12	Electricity	95.9581017758068
3	13	Electricity	88.63421809966296
3	14	Electricity	90.41249223962248
3	15	Electricity	97.6167555081678
3	16	Electricity	97.83548124538163
3	17	Electricity	95.89908244941627
3	18	Electricity	90.92820415577877
3	19	Electricity	82.56844186996702
3	20	Electricity	68.24403755845613
3	21	Electricity	50.08540104126439
3	22	Electricity	42.70169149047351
3	23	Electricity	41.09305849606722
3	24	Electricity	38.68425275919125
3	1	LT	1.8283630004358047
3	2	LT	1.8283630004358047
3	3	LT	1.8283630004358047
3	4	LT	1.8283630004358047
3	5	LT	1.8283630004358047
3	6	LT	1.8283630004358047
3	7	LT	1.8283630004358047
3	8	LT	5.037140066200641
3	9	LT	5.620387863339663
3	10	LT	6.203635660478685
3	11	LT	6.203635660478685
3	12	LT	7.423153781769366
3	13	LT	7.423153781769366
3	14	LT	4.931095012175365
3	15	LT	7.423153781769366
3	16	LT	7.423153781769366
3	17	LT	6.202721478978468
3	18	LT	4.932009193675583
3	19	LT	1.8283630004358047
3	20	LT	1.8283630004358047
3	21	LT	1.8283630004358047
3	22	LT	1.8283630004358047
3	23	LT	1.8283630004358047
3	24	LT	1.8283630004358047
3	1	MT	36.30440114259231
3	2	MT	36.30440114259231
3	3	MT	36.30440114259231
3	4	MT	36.30440114259231
3	5	MT	36.30440114259231
3	6	MT	36.30440114259231
3	7	MT	36.30440114259231
3	8	MT	145.76792288930363
3	9	MT	162.6463139606967
3	10	MT	179.52470503208974
3	11	MT	179.52470503208974
3	12	MT	214.81588636318426
3	13	MT	214.81588636318426
3	14	MT	142.69912451268672
3	15	MT	214.81588636318426
3	16	MT	214.81588636318426
3	17	MT	128.56865961925334
3	18	MT	57.34857747312864
3	19	MT	36.30440114259231
3	20	MT	36.30440114259231
3	21	MT	36.30440114259231
3	22	MT	36.30440114259231
3	23	MT	36.30440114259231
3	24	MT	36.30440114259231
3	1	H2	0.0
3	2	H2	0.0
3	3	H2	0.0
3	4	H2	0.0
3	5	H2	0.0
3	6	H2	0.0
3	7	H2	0.0
3	8	H2	0.0
3	9	H2	0.0
3	10	H2	0.0
3	11	H2	0.0
3	12	H2	0.0
3	13	H2	0.0
3	14	H2	0.0
3	15	H2	0.0
3	16	H2	0.0
3	17	H2	0.0
3	18	H2	0.0
3	19	H2	0.0
3	20	H2	0.0
3	21	H2	0.0
3	22	H2	0.0
3	23	H2	0.0
3	24	H2	0.0
3	1	CH4	0.0
3	2	CH4	0.0
3	3	CH4	0.0
3	4	CH4	0.0
3	5	CH4	0.0
3	6	CH4	0.0
3	7	CH4	0.0
3	8	CH4	0.0
3	9	CH4	0.0
3	10	CH4	0.0
3	11	CH4	0.0
3	12	CH4	0.0
3	13	CH4	0.0
3	14	CH4	0.0
3	15	CH4	0.0
3	16	CH4	0.0
3	17	CH4	0.0
3	18	CH4	0.0
3	19	CH4	0.0
3	20	CH4	0.0
3	21	CH4	0.0
3	22	CH4	0.0
3	23	CH4	0.0
3	24	CH4	0.0
3	1	Biogas	0.0
3	2	Biogas	0.0
3	3	Biogas	0.0
3	4	Biogas	0.0
3	5	Biogas	0.0
3	6	Biogas	0.0
3	7	Biogas	0.0
3	8	Biogas	0.0
3	9	Biogas	0.0
3	10	Biogas	0.0
3	11	Biogas	0.0
3	12	Biogas	0.0
3	13	Biogas	0.0
3	14	Biogas	0.0
3	15	Biogas	0.0
3	16	Biogas	0.0
3	17	Biogas	0.0
3	18	Biogas	0.0
3	19	Biogas	0.0
3	20	Biogas	0.0
3	21	Biogas	0.0
3	22	Biogas	0.0
3	23	Biogas	0.0
3	24	Biogas	0.0
3	1	CH4_H2_Mix	0.0
3	2	CH4_H2_Mix	0.0
3	3	CH4_H2_Mix	0.0
3	4	CH4_H2_Mix	0.0
3	5	CH4_H2_Mix	0.0
3	6	CH4_H2_Mix	0.0
3	7	CH4_H2_Mix	0.0
3	8	CH4_H2_Mix	0.0
3	9	CH4_H2_Mix	0.0
3	10	CH4_H2_Mix	0.0
3	11	CH4_H2_Mix	0.0
3	12	CH4_H2_Mix	0.0
3	13	CH4_H2_Mix	0.0
3	14	CH4_H2_Mix	0.0
3	15	CH4_H2_Mix	0.0
3	16	CH4_H2_Mix	0.0
3	17	CH4_H2_Mix	0.0
3	18	CH4_H2_Mix	0.0
3	19	CH4_H2_Mix	0.0
3	20	CH4_H2_Mix	0.0
3	21	CH4_H2_Mix	0.0
3	22	CH4_H2_Mix	0.0
3	23	CH4_H2_Mix	0.0
3	24	CH4_H2_Mix	0.0
3	1	DummyFuel	0.0
3	2	DummyFuel	0.0
3	3	DummyFuel	0.0
3	4	DummyFuel	0.0
3	5	DummyFuel	0.0
3	6	DummyFuel	0.0
3	7	DummyFuel	0.0
3	8	DummyFuel	0.0
3	9	DummyFuel	0.0
3	10	DummyFuel	0.0
3	11	DummyFuel	0.0
3	12	DummyFuel	0.0
3	13	DummyFuel	0.0
3	14	DummyFuel	0.0
3	15	DummyFuel	0.0
3	16	DummyFuel	0.0
3	17	DummyFuel	0.0
3	18	DummyFuel	0.0
3	19	DummyFuel	0.0
3	20	DummyFuel	0.0
3	21	DummyFuel	0.0
3	22	DummyFuel	0.0
3	23	DummyFuel	0.0
3	24	DummyFuel	0.0
4	1	Electricity	35.866823649555556
4	2	Electricity	34.96104211230941
4	3	Electricity	34.24810906798019
4	4	Electricity	33.930097729393935
4	5	Electricity	34.97549559996559
4	6	Electricity	39.48494918921516
4	7	Electricity	48.599803255066604
4	8	Electricity	60.00857567694461
4	9	Electricity	75.26798232335888
4	10	Electricity	88.54265628796482
4	11	Electricity	95.20995746405858
4	12	Electricity	95.74570599693857
4	13	Electricity	88.33638827930136
4	14	Electricity	88.67966563577984
4	15	Electricity	94.72796262469114
4	16	Electricity	92.96045340700822
4	17	Electricity	89.27488755691398
4	18	Electricity	84.39378908295456
4	19	Electricity	76.47199319257122
4	20	Electricity	61.20088362799546
4	21	Electricity	46.12373489515346
4	22	Electricity	39.29520157321586
4	23	Electricity	36.48240908357794
4	24	Electricity	34.665434866622114
4	1	LT	2.7365615860584334
4	2	LT	2.7365615860584334
4	3	LT	2.7365615860584334
4	4	LT	2.7365615860584334
4	5	LT	2.7365615860584334
4	6	LT	2.7365615860584334
4	7	LT	2.7365615860584334
4	8	LT	7.415199136416399
4	9	LT	9.2689989205205
4	10	LT	10.19589881257255
4	11	LT	10.19589881257255
4	12	LT	12.049698596676649
4	13	LT	12.049698596676649
4	14	LT	8.342099028468448
4	15	LT	12.049698596676649
4	16	LT	10.19589881257255
4	17	LT	8.827618019543333
4	18	LT	7.415199136416399
4	19	LT	2.7365615860584334
4	20	LT	2.7365615860584334
4	21	LT	2.7365615860584334
4	22	LT	2.7365615860584334
4	23	LT	2.7365615860584334
4	24	LT	2.7365615860584334
4	1	MT	64.83966892398323
4	2	MT	40.464645075252136
4	3	MT	40.464645075252136
4	4	MT	40.464645075252136
4	5	MT	40.464645075252136
4	6	MT	40.464645075252136
4	7	MT	40.464645075252136
4	8	MT	167.78328869869887
4	9	MT	209.7291108733736
4	10	MT	230.70202196071097
4	11	MT	230.70202196071097
4	12	MT	272.64784413538564
4	13	MT	272.64784413538564
4	14	MT	188.7561997860362
4	15	MT	272.64784413538564
4	16	MT	210.73325242309664
4	17	MT	103.31334458039404
4	18	MT	69.90819293687102
4	19	MT	42.33964690976991
4	20	MT	40.464645075252136
4	21	MT	40.464645075252136
4	22	MT	40.464645075252136
4	23	MT	40.464645075252136
4	24	MT	40.464645075252136
4	1	H2	0.0
4	2	H2	0.0
4	3	H2	0.0
4	4	H2	0.0
4	5	H2	0.0
4	6	H2	0.0
4	7	H2	0.0
4	8	H2	0.0
4	9	H2	0.0
4	10	H2	0.0
4	11	H2	0.0
4	12	H2	0.0
4	13	H2	0.0
4	14	H2	0.0
4	15	H2	0.0
4	16	H2	0.0
4	17	H2	0.0
4	18	H2	0.0
4	19	H2	0.0
4	20	H2	0.0
4	21	H2	0.0
4	22	H2	0.0
4	23	H2	0.0
4	24	H2	0.0
4	1	CH4	0.0
4	2	CH4	0.0
4	3	CH4	0.0
4	4	CH4	0.0
4	5	CH4	0.0
4	6	CH4	0.0
4	7	CH4	0.0
4	8	CH4	0.0
4	9	CH4	0.0
4	10	CH4	0.0
4	11	CH4	0.0
4	12	CH4	0.0
4	13	CH4	0.0
4	14	CH4	0.0
4	15	CH4	0.0
4	16	CH4	0.0
4	17	CH4	0.0
4	18	CH4	0.0
4	19	CH4	0.0
4	20	CH4	0.0
4	21	CH4	0.0
4	22	CH4	0.0
4	23	CH4	0.0
4	24	CH4	0.0
4	1	Biogas	0.0
4	2	Biogas	0.0
4	3	Biogas	0.0
4	4	Biogas	0.0
4	5	Biogas	0.0
4	6	Biogas	0.0
4	7	Biogas	0.0
4	8	Biogas	0.0
4	9	Biogas	0.0
4	10	Biogas	0.0
4	11	Biogas	0.0
4	12	Biogas	0.0
4	13	Biogas	0.0
4	14	Biogas	0.0
4	15	Biogas	0.0
4	16	Biogas	0.0
4	17	Biogas	0.0
4	18	Biogas	0.0
4	19	Biogas	0.0
4	20	Biogas	0.0
4	21	Biogas	0.0
4	22	Biogas	0.0
4	23	Biogas	0.0
4	24	Biogas	0.0
4	1	CH4_H2_Mix	0.0
4	2	CH4_H2_Mix	0.0
4	3	CH4_H2_Mix	0.0
4	4	CH4_H2_Mix	0.0
4	5	CH4_H2_Mix	0.0
4	6	CH4_H2_Mix	0.0
4	7	CH4_H2_Mix	0.0
4	8	CH4_H2_Mix	0.0
4	9	CH4_H2_Mix	0.0
4	10	CH4_H2_Mix	0.0
4	11	CH4_H2_Mix	0.0
4	12	CH4_H2_Mix	0.0
4	13	CH4_H2_Mix	0.0
4	14	CH4_H2_Mix	0.0
4	15	CH4_H2_Mix	0.0
4	16	CH4_H2_Mix	0.0
4	17	CH4_H2_Mix	0.0
4	18	CH4_H2_Mix	0.0
4	19	CH4_H2_Mix	0.0
4	20	CH4_H2_Mix	0.0
4	21	CH4_H2_Mix	0.0
4	22	CH4_H2_Mix	0.0
4	23	CH4_H2_Mix	0.0
4	24	CH4_H2_Mix	0.0
4	1	DummyFuel	0.0
4	2	DummyFuel	0.0
4	3	DummyFuel	0.0
4	4	DummyFuel	0.0
4	5	DummyFuel	0.0
4	6	DummyFuel	0.0
4	7	DummyFuel	0.0
4	8	DummyFuel	0.0
4	9	DummyFuel	0.0
4	10	DummyFuel	0.0
4	11	DummyFuel	0.0
4	12	DummyFuel	0.0
4	13	DummyFuel	0.0
4	14	DummyFuel	0.0
4	15	DummyFuel	0.0
4	16	DummyFuel	0.0
4	17	DummyFuel	0.0
4	18	DummyFuel	0.0
4	19	DummyFuel	0.0
4	20	DummyFuel	0.0
4	21	DummyFuel	0.0
4	22	DummyFuel	0.0
4	23	DummyFuel	0.0
4	24	DummyFuel	0.0
5	1	Electricity	49.50772770790001
5	2	Electricity	50.05251022480892
5	3	Electricity	50.023508793683405
5	4	Electricity	50.52535002063153
5	5	Electricity	52.25944503834709
5	6	Electricity	57.104024305513406
5	7	Electricity	68.36028345105174
5	8	Electricity	81.55063203913647
5	9	Electricity	97.2803971413504
5	10	Electricity	108.35493807376604
5	11	Electricity	112.30582617310701
5	12	Electricity	112.31227734298965
5	13	Electricity	101.06212397526184
5	14	Electricity	99.82958083755601
5	15	Electricity	106.780691784015
5	16	Electricity	106.53753682937595
5	17	Electricity	104.0625260806626
5	18	Electricity	98.9417280929971
5	19	Electricity	91.88499530327888
5	20	Electricity	76.74914205452876
5	21	Electricity	59.862489981871164
5	22	Electricity	53.326561589087675
5	23	Electricity	51.106462173948906
5	24	Electricity	50.208160787133664
5	1	LT	47.177058284675475
5	2	LT	47.177058284675475
5	3	LT	47.177058284675475
5	4	LT	47.177058284675475
5	5	LT	47.177058284675475
5	6	LT	47.177058284675475
5	7	LT	47.177058284675475
5	8	LT	129.97279557428095
5	9	LT	145.0222771670924
5	10	LT	160.07175875990387
5	11	LT	160.07175875990387
5	12	LT	191.5388566357824
5	13	LT	191.5388566357824
5	14	LT	127.23652619376976
5	15	LT	191.5388566357824
5	16	LT	191.5388566357824
5	17	LT	160.04817023076157
5	18	LT	127.26011472291208
5	19	LT	47.177058284675475
5	20	LT	47.177058284675475
5	21	LT	47.177058284675475
5	22	LT	47.177058284675475
5	23	LT	47.177058284675475
5	24	LT	47.177058284675475
5	1	MT	133.33391831279806
5	2	MT	133.33391831279806
5	3	MT	133.33391831279806
5	4	MT	133.33391831279806
5	5	MT	133.33391831279806
5	6	MT	133.33391831279806
5	7	MT	133.33391831279806
5	8	MT	476.93148775830457
5	9	MT	532.1551337092661
5	10	MT	587.3787796602278
5	11	MT	587.3787796602278
5	12	MT	702.8464030122384
5	13	MT	702.8464030122384
5	14	MT	466.89082485812975
5	15	MT	702.8464030122384
5	16	MT	702.8464030122384
5	17	MT	465.28582444061044
5	18	MT	262.44912201709366
5	19	MT	133.33391831279806
5	20	MT	133.33391831279806
5	21	MT	133.33391831279806
5	22	MT	133.33391831279806
5	23	MT	133.33391831279806
5	24	MT	133.33391831279806
5	1	H2	0.0
5	2	H2	0.0
5	3	H2	0.0
5	4	H2	0.0
5	5	H2	0.0
5	6	H2	0.0
5	7	H2	0.0
5	8	H2	0.0
5	9	H2	0.0
5	10	H2	0.0
5	11	H2	0.0
5	12	H2	0.0
5	13	H2	0.0
5	14	H2	0.0
5	15	H2	0.0
5	16	H2	0.0
5	17	H2	0.0
5	18	H2	0.0
5	19	H2	0.0
5	20	H2	0.0
5	21	H2	0.0
5	22	H2	0.0
5	23	H2	0.0
5	24	H2	0.0
5	1	CH4	0.0
5	2	CH4	0.0
5	3	CH4	0.0
5	4	CH4	0.0
5	5	CH4	0.0
5	6	CH4	0.0
5	7	CH4	0.0
5	8	CH4	0.0
5	9	CH4	0.0
5	10	CH4	0.0
5	11	CH4	0.0
5	12	CH4	0.0
5	13	CH4	0.0
5	14	CH4	0.0
5	15	CH4	0.0
5	16	CH4	0.0
5	17	CH4	0.0
5	18	CH4	0.0
5	19	CH4	0.0
5	20	CH4	0.0
5	21	CH4	0.0
5	22	CH4	0.0
5	23	CH4	0.0
5	24	CH4	0.0
5	1	Biogas	0.0
5	2	Biogas	0.0
5	3	Biogas	0.0
5	4	Biogas	0.0
5	5	Biogas	0.0
5	6	Biogas	0.0
5	7	Biogas	0.0
5	8	Biogas	0.0
5	9	Biogas	0.0
5	10	Biogas	0.0
5	11	Biogas	0.0
5	12	Biogas	0.0
5	13	Biogas	0.0
5	14	Biogas	0.0
5	15	Biogas	0.0
5	16	Biogas	0.0
5	17	Biogas	0.0
5	18	Biogas	0.0
5	19	Biogas	0.0
5	20	Biogas	0.0
5	21	Biogas	0.0
5	22	Biogas	0.0
5	23	Biogas	0.0
5	24	Biogas	0.0
5	1	CH4_H2_Mix	0.0
5	2	CH4_H2_Mix	0.0
5	3	CH4_H2_Mix	0.0
5	4	CH4_H2_Mix	0.0
5	5	CH4_H2_Mix	0.0
5	6	CH4_H2_Mix	0.0
5	7	CH4_H2_Mix	0.0
5	8	CH4_H2_Mix	0.0
5	9	CH4_H2_Mix	0.0
5	10	CH4_H2_Mix	0.0
5	11	CH4_H2_Mix	0.0
5	12	CH4_H2_Mix	0.0
5	13	CH4_H2_Mix	0.0
5	14	CH4_H2_Mix	0.0
5	15	CH4_H2_Mix	0.0
5	16	CH4_H2_Mix	0.0
5	17	CH4_H2_Mix	0.0
5	18	CH4_H2_Mix	0.0
5	19	CH4_H2_Mix	0.0
5	20	CH4_H2_Mix	0.0
5	21	CH4_H2_Mix	0.0
5	22	CH4_H2_Mix	0.0
5	23	CH4_H2_Mix	0.0
5	24	CH4_H2_Mix	0.0
5	1	DummyFuel	0.0
5	2	DummyFuel	0.0
5	3	DummyFuel	0.0
5	4	DummyFuel	0.0
5	5	DummyFuel	0.0
5	6	DummyFuel	0.0
5	7	DummyFuel	0.0
5	8	DummyFuel	0.0
5	9	DummyFuel	0.0
5	10	DummyFuel	0.0
5	11	DummyFuel	0.0
5	12	DummyFuel	0.0
5	13	DummyFuel	0.0
5	14	DummyFuel	0.0
5	15	DummyFuel	0.0
5	16	DummyFuel	0.0
5	17	DummyFuel	0.0
5	18	DummyFuel	0.0
5	19	DummyFuel	0.0
5	20	DummyFuel	0.0
5	21	DummyFuel	0.0
5	22	DummyFuel	0.0
5	23	DummyFuel	0.0
5	24	DummyFuel	0.0
6	1	Electricity	49.174003741075346
6	2	Electricity	50.13159885247225
6	3	Electricity	50.10179188656465
6	4	Electricity	50.51345532777859
6	5	Electricity	51.85397042916993
6	6	Electricity	57.19849793048169
6	7	Electricity	68.43125574507265
6	8	Electricity	83.20154779318172
6	9	Electricity	100.51238376966838
6	10	Electricity	110.26243328955826
6	11	Electricity	115.42658766095786
6	12	Electricity	115.29472648433901
6	13	Electricity	102.58101376175239
6	14	Electricity	101.07529202267533
6	15	Electricity	107.15868699790568
6	16	Electricity	105.51887459057276
6	17	Electricity	101.96565879180632
6	18	Electricity	96.43172888920938
6	19	Electricity	90.91077391648089
6	20	Electricity	76.92693206625235
6	21	Electricity	60.21429283694022
6	22	Electricity	53.06961342535759
6	23	Electricity	50.781595035829774
6	24	Electricity	49.52808698953266
6	1	LT	47.02407437037818
6	2	LT	47.02407437037818
6	3	LT	47.02407437037818
6	4	LT	47.02407437037818
6	5	LT	47.02407437037818
6	6	LT	47.02407437037818
6	7	LT	47.02407437037818
6	8	LT	127.42007248747636
6	9	LT	159.27509060934543
6	10	LT	175.20259967028
6	11	LT	175.20259967028
6	12	LT	207.05761779214907
6	13	LT	207.05761779214907
6	14	LT	143.34758154841091
6	15	LT	207.05761779214907
6	16	LT	175.20259967028
6	17	LT	151.6905624850909
6	18	LT	127.42007248747636
6	19	LT	47.02407437037818
6	20	LT	47.02407437037818
6	21	LT	47.02407437037818
6	22	LT	47.02407437037818
6	23	LT	47.02407437037818
6	24	LT	47.02407437037818
6	1	MT	178.94968359122362
6	2	MT	128.52270866284744
6	3	MT	128.52270866284744
6	4	MT	128.52270866284744
6	5	MT	128.52270866284744
6	6	MT	128.52270866284744
6	7	MT	128.52270866284744
6	8	MT	468.5290475458674
6	9	MT	585.6613094323342
6	10	MT	644.2274403755678
6	11	MT	644.2274403755678
6	12	MT	761.3597022620345
6	13	MT	761.3597022620345
6	14	MT	527.0951784891008
6	15	MT	761.3597022620345
6	16	MT	602.9161109150134
6	17	MT	358.28134626285953
6	18	MT	266.04534821808005
6	19	MT	132.40170673426098
6	20	MT	128.52270866284744
6	21	MT	128.52270866284744
6	22	MT	128.52270866284744
6	23	MT	128.52270866284744
6	24	MT	128.52270866284744
6	1	H2	0.0
6	2	H2	0.0
6	3	H2	0.0
6	4	H2	0.0
6	5	H2	0.0
6	6	H2	0.0
6	7	H2	0.0
6	8	H2	0.0
6	9	H2	0.0
6	10	H2	0.0
6	11	H2	0.0
6	12	H2	0.0
6	13	H2	0.0
6	14	H2	0.0
6	15	H2	0.0
6	16	H2	0.0
6	17	H2	0.0
6	18	H2	0.0
6	19	H2	0.0
6	20	H2	0.0
6	21	H2	0.0
6	22	H2	0.0
6	23	H2	0.0
6	24	H2	0.0
6	1	CH4	0.0
6	2	CH4	0.0
6	3	CH4	0.0
6	4	CH4	0.0
6	5	CH4	0.0
6	6	CH4	0.0
6	7	CH4	0.0
6	8	CH4	0.0
6	9	CH4	0.0
6	10	CH4	0.0
6	11	CH4	0.0
6	12	CH4	0.0
6	13	CH4	0.0
6	14	CH4	0.0
6	15	CH4	0.0
6	16	CH4	0.0
6	17	CH4	0.0
6	18	CH4	0.0
6	19	CH4	0.0
6	20	CH4	0.0
6	21	CH4	0.0
6	22	CH4	0.0
6	23	CH4	0.0
6	24	CH4	0.0
6	1	Biogas	0.0
6	2	Biogas	0.0
6	3	Biogas	0.0
6	4	Biogas	0.0
6	5	Biogas	0.0
6	6	Biogas	0.0
6	7	Biogas	0.0
6	8	Biogas	0.0
6	9	Biogas	0.0
6	10	Biogas	0.0
6	11	Biogas	0.0
6	12	Biogas	0.0
6	13	Biogas	0.0
6	14	Biogas	0.0
6	15	Biogas	0.0
6	16	Biogas	0.0
6	17	Biogas	0.0
6	18	Biogas	0.0
6	19	Biogas	0.0
6	20	Biogas	0.0
6	21	Biogas	0.0
6	22	Biogas	0.0
6	23	Biogas	0.0
6	24	Biogas	0.0
6	1	CH4_H2_Mix	0.0
6	2	CH4_H2_Mix	0.0
6	3	CH4_H2_Mix	0.0
6	4	CH4_H2_Mix	0.0
6	5	CH4_H2_Mix	0.0
6	6	CH4_H2_Mix	0.0
6	7	CH4_H2_Mix	0.0
6	8	CH4_H2_Mix	0.0
6	9	CH4_H2_Mix	0.0
6	10	CH4_H2_Mix	0.0
6	11	CH4_H2_Mix	0.0
6	12	CH4_H2_Mix	0.0
6	13	CH4_H2_Mix	0.0
6	14	CH4_H2_Mix	0.0
6	15	CH4_H2_Mix	0.0
6	16	CH4_H2_Mix	0.0
6	17	CH4_H2_Mix	0.0
6	18	CH4_H2_Mix	0.0
6	19	CH4_H2_Mix	0.0
6	20	CH4_H2_Mix	0.0
6	21	CH4_H2_Mix	0.0
6	22	CH4_H2_Mix	0.0
6	23	CH4_H2_Mix	0.0
6	24	CH4_H2_Mix	0.0
6	1	DummyFuel	0.0
6	2	DummyFuel	0.0
6	3	DummyFuel	0.0
6	4	DummyFuel	0.0
6	5	DummyFuel	0.0
6	6	DummyFuel	0.0
6	7	DummyFuel	0.0
6	8	DummyFuel	0.0
6	9	DummyFuel	0.0
6	10	DummyFuel	0.0
6	11	DummyFuel	0.0
6	12	DummyFuel	0.0
6	13	DummyFuel	0.0
6	14	DummyFuel	0.0
6	15	DummyFuel	0.0
6	16	DummyFuel	0.0
6	17	DummyFuel	0.0
6	18	DummyFuel	0.0
6	19	DummyFuel	0.0
6	20	DummyFuel	0.0
6	21	DummyFuel	0.0
6	22	DummyFuel	0.0
6	23	DummyFuel	0.0
6	24	DummyFuel	0.0
7	1	Electricity	34.40871192223837
7	2	Electricity	33.51728270256741
7	3	Electricity	32.33368933909144
7	4	Electricity	32.329755360888306
7	5	Electricity	33.63180262293984
7	6	Electricity	37.53666320010734
7	7	Electricity	45.739072717345614
7	8	Electricity	56.6690502692323
7	9	Electricity	70.8588135958935
7	10	Electricity	81.7852464197534
7	11	Electricity	86.57445785808294
7	12	Electricity	86.9364446358976
7	13	Electricity	79.941033102289
7	14	Electricity	81.46780252547818
7	15	Electricity	89.1642761765375
7	16	Electricity	89.89861965279991
7	17	Electricity	88.9379262995188
7	18	Electricity	83.16594033328677
7	19	Electricity	75.79595094542024
7	20	Electricity	60.29951858410957
7	21	Electricity	44.856051357225375
7	22	Electricity	39.031011374862835
7	23	Electricity	36.91836809028191
7	24	Electricity	34.85539128368263
7	1	LT	1.1610119219057462
7	2	LT	1.1610119219057462
7	3	LT	1.1610119219057462
7	4	LT	1.1610119219057462
7	5	LT	1.1610119219057462
7	6	LT	1.1610119219057462
7	7	LT	1.1610119219057462
7	8	LT	3.344463375038166
7	9	LT	3.731717028989953
7	10	LT	4.1189706829417405
7	11	LT	4.1189706829417405
7	12	LT	4.928682868477297
7	13	LT	4.928682868477297
7	14	LT	3.2740536197742043
7	15	LT	4.928682868477297
7	16	LT	4.928682868477297
7	17	LT	4.119719722891357
7	18	LT	3.273304579824588
7	19	LT	1.1610119219057462
7	20	LT	1.1610119219057462
7	21	LT	1.1610119219057462
7	22	LT	1.1610119219057462
7	23	LT	1.1610119219057462
7	24	LT	1.1610119219057462
7	1	MT	21.63412188698098
7	2	MT	32.307452776857836
7	3	MT	32.307452776857836
7	4	MT	32.307452776857836
7	5	MT	32.307452776857836
7	6	MT	32.307452776857836
7	7	MT	32.307452776857836
7	8	MT	134.5170174785084
7	9	MT	150.09267213391465
7	10	MT	165.6683267893209
7	11	MT	165.6683267893209
7	12	MT	198.2356047051703
7	13	MT	198.2356047051703
7	14	MT	131.68508026843455
7	15	MT	198.2356047051703
7	16	MT	198.2356047051703
7	17	MT	118.13400367698749
7	18	MT	52.06122037000781
7	19	MT	33.27775558502846
7	20	MT	33.27775558502846
7	21	MT	33.27775558502846
7	22	MT	33.27775558502846
7	23	MT	33.27775558502846
7	24	MT	33.27775558502846
7	1	H2	0.0
7	2	H2	0.0
7	3	H2	0.0
7	4	H2	0.0
7	5	H2	0.0
7	6	H2	0.0
7	7	H2	0.0
7	8	H2	0.0
7	9	H2	0.0
7	10	H2	0.0
7	11	H2	0.0
7	12	H2	0.0
7	13	H2	0.0
7	14	H2	0.0
7	15	H2	0.0
7	16	H2	0.0
7	17	H2	0.0
7	18	H2	0.0
7	19	H2	0.0
7	20	H2	0.0
7	21	H2	0.0
7	22	H2	0.0
7	23	H2	0.0
7	24	H2	0.0
7	1	CH4	0.0
7	2	CH4	0.0
7	3	CH4	0.0
7	4	CH4	0.0
7	5	CH4	0.0
7	6	CH4	0.0
7	7	CH4	0.0
7	8	CH4	0.0
7	9	CH4	0.0
7	10	CH4	0.0
7	11	CH4	0.0
7	12	CH4	0.0
7	13	CH4	0.0
7	14	CH4	0.0
7	15	CH4	0.0
7	16	CH4	0.0
7	17	CH4	0.0
7	18	CH4	0.0
7	19	CH4	0.0
7	20	CH4	0.0
7	21	CH4	0.0
7	22	CH4	0.0
7	23	CH4	0.0
7	24	CH4	0.0
7	1	Biogas	0.0
7	2	Biogas	0.0
7	3	Biogas	0.0
7	4	Biogas	0.0
7	5	Biogas	0.0
7	6	Biogas	0.0
7	7	Biogas	0.0
7	8	Biogas	0.0
7	9	Biogas	0.0
7	10	Biogas	0.0
7	11	Biogas	0.0
7	12	Biogas	0.0
7	13	Biogas	0.0
7	14	Biogas	0.0
7	15	Biogas	0.0
7	16	Biogas	0.0
7	17	Biogas	0.0
7	18	Biogas	0.0
7	19	Biogas	0.0
7	20	Biogas	0.0
7	21	Biogas	0.0
7	22	Biogas	0.0
7	23	Biogas	0.0
7	24	Biogas	0.0
7	1	CH4_H2_Mix	0.0
7	2	CH4_H2_Mix	0.0
7	3	CH4_H2_Mix	0.0
7	4	CH4_H2_Mix	0.0
7	5	CH4_H2_Mix	0.0
7	6	CH4_H2_Mix	0.0
7	7	CH4_H2_Mix	0.0
7	8	CH4_H2_Mix	0.0
7	9	CH4_H2_Mix	0.0
7	10	CH4_H2_Mix	0.0
7	11	CH4_H2_Mix	0.0
7	12	CH4_H2_Mix	0.0
7	13	CH4_H2_Mix	0.0
7	14	CH4_H2_Mix	0.0
7	15	CH4_H2_Mix	0.0
7	16	CH4_H2_Mix	0.0
7	17	CH4_H2_Mix	0.0
7	18	CH4_H2_Mix	0.0
7	19	CH4_H2_Mix	0.0
7	20	CH4_H2_Mix	0.0
7	21	CH4_H2_Mix	0.0
7	22	CH4_H2_Mix	0.0
7	23	CH4_H2_Mix	0.0
7	24	CH4_H2_Mix	0.0
7	1	DummyFuel	0.0
7	2	DummyFuel	0.0
7	3	DummyFuel	0.0
7	4	DummyFuel	0.0
7	5	DummyFuel	0.0
7	6	DummyFuel	0.0
7	7	DummyFuel	0.0
7	8	DummyFuel	0.0
7	9	DummyFuel	0.0
7	10	DummyFuel	0.0
7	11	DummyFuel	0.0
7	12	DummyFuel	0.0
7	13	DummyFuel	0.0
7	14	DummyFuel	0.0
7	15	DummyFuel	0.0
7	16	DummyFuel	0.0
7	17	DummyFuel	0.0
7	18	DummyFuel	0.0
7	19	DummyFuel	0.0
7	20	DummyFuel	0.0
7	21	DummyFuel	0.0
7	22	DummyFuel	0.0
7	23	DummyFuel	0.0
7	24	DummyFuel	0.0
8	1	Electricity	31.876387803238423
8	2	Electricity	31.647758622316424
8	3	Electricity	30.900775752219225
8	4	Electricity	30.965176298241943
8	5	Electricity	32.07790312374959
8	6	Electricity	35.878209856970145
8	7	Electricity	44.73426467345488
8	8	Electricity	53.94002876028735
8	9	Electricity	66.83191339708459
8	10	Electricity	78.43929365880662
8	11	Electricity	82.21061629131373
8	12	Electricity	83.33868820857222
8	13	Electricity	76.60666997840374
8	14	Electricity	77.67395750227392
8	15	Electricity	84.86731938421599
8	16	Electricity	84.94291094248578
8	17	Electricity	83.73903912195975
8	18	Electricity	78.84439994605357
8	19	Electricity	71.51570490159024
8	20	Electricity	58.577438786688795
8	21	Electricity	42.96672920678524
8	22	Electricity	37.50880544949419
8	23	Electricity	34.88497976984859
8	24	Electricity	33.58779239620297
8	1	LT	1.8981401132341054
8	2	LT	1.8981401132341054
8	3	LT	1.8981401132341054
8	4	LT	1.8981401132341054
8	5	LT	1.8981401132341054
8	6	LT	1.8981401132341054
8	7	LT	1.8981401132341054
8	8	LT	5.2293760119599595
8	9	LT	5.834882708081639
8	10	LT	6.440389404203319
8	11	LT	6.440389404203319
8	12	LT	7.706448859730467
8	13	LT	7.706448859730467
8	14	LT	5.119283885392382
8	15	LT	7.706448859730467
8	16	LT	7.706448859730467
8	17	LT	6.4394403341467035
8	18	LT	5.120232955448999
8	19	LT	1.8981401132341054
8	20	LT	1.8981401132341054
8	21	LT	1.8981401132341054
8	22	LT	1.8981401132341054
8	23	LT	1.8981401132341054
8	24	LT	1.8981401132341054
8	1	MT	36.89287474679452
8	2	MT	36.89287474679452
8	3	MT	36.89287474679452
8	4	MT	36.89287474679452
8	5	MT	36.89287474679452
8	6	MT	36.89287474679452
8	7	MT	36.89287474679452
8	8	MT	148.0727768501594
8	9	MT	165.21804574859894
8	10	MT	182.3633146470385
8	11	MT	182.3633146470385
8	12	MT	218.21251325286656
8	13	MT	218.21251325286656
8	14	MT	144.95545523226136
8	15	MT	218.21251325286656
8	16	MT	218.21251325286656
8	17	MT	130.6458351943
8	18	MT	58.32958008172263
8	19	MT	36.89287474679452
8	20	MT	36.89287474679452
8	21	MT	36.89287474679452
8	22	MT	36.89287474679452
8	23	MT	36.89287474679452
8	24	MT	36.89287474679452
8	1	H2	0.0
8	2	H2	0.0
8	3	H2	0.0
8	4	H2	0.0
8	5	H2	0.0
8	6	H2	0.0
8	7	H2	0.0
8	8	H2	0.0
8	9	H2	0.0
8	10	H2	0.0
8	11	H2	0.0
8	12	H2	0.0
8	13	H2	0.0
8	14	H2	0.0
8	15	H2	0.0
8	16	H2	0.0
8	17	H2	0.0
8	18	H2	0.0
8	19	H2	0.0
8	20	H2	0.0
8	21	H2	0.0
8	22	H2	0.0
8	23	H2	0.0
8	24	H2	0.0
8	1	CH4	0.0
8	2	CH4	0.0
8	3	CH4	0.0
8	4	CH4	0.0
8	5	CH4	0.0
8	6	CH4	0.0
8	7	CH4	0.0
8	8	CH4	0.0
8	9	CH4	0.0
8	10	CH4	0.0
8	11	CH4	0.0
8	12	CH4	0.0
8	13	CH4	0.0
8	14	CH4	0.0
8	15	CH4	0.0
8	16	CH4	0.0
8	17	CH4	0.0
8	18	CH4	0.0
8	19	CH4	0.0
8	20	CH4	0.0
8	21	CH4	0.0
8	22	CH4	0.0
8	23	CH4	0.0
8	24	CH4	0.0
8	1	Biogas	0.0
8	2	Biogas	0.0
8	3	Biogas	0.0
8	4	Biogas	0.0
8	5	Biogas	0.0
8	6	Biogas	0.0
8	7	Biogas	0.0
8	8	Biogas	0.0
8	9	Biogas	0.0
8	10	Biogas	0.0
8	11	Biogas	0.0
8	12	Biogas	0.0
8	13	Biogas	0.0
8	14	Biogas	0.0
8	15	Biogas	0.0
8	16	Biogas	0.0
8	17	Biogas	0.0
8	18	Biogas	0.0
8	19	Biogas	0.0
8	20	Biogas	0.0
8	21	Biogas	0.0
8	22	Biogas	0.0
8	23	Biogas	0.0
8	24	Biogas	0.0
8	1	CH4_H2_Mix	0.0
8	2	CH4_H2_Mix	0.0
8	3	CH4_H2_Mix	0.0
8	4	CH4_H2_Mix	0.0
8	5	CH4_H2_Mix	0.0
8	6	CH4_H2_Mix	0.0
8	7	CH4_H2_Mix	0.0
8	8	CH4_H2_Mix	0.0
8	9	CH4_H2_Mix	0.0
8	10	CH4_H2_Mix	0.0
8	11	CH4_H2_Mix	0.0
8	12	CH4_H2_Mix	0.0
8	13	CH4_H2_Mix	0.0
8	14	CH4_H2_Mix	0.0
8	15	CH4_H2_Mix	0.0
8	16	CH4_H2_Mix	0.0
8	17	CH4_H2_Mix	0.0
8	18	CH4_H2_Mix	0.0
8	19	CH4_H2_Mix	0.0
8	20	CH4_H2_Mix	0.0
8	21	CH4_H2_Mix	0.0
8	22	CH4_H2_Mix	0.0
8	23	CH4_H2_Mix	0.0
8	24	CH4_H2_Mix	0.0
8	1	DummyFuel	0.0
8	2	DummyFuel	0.0
8	3	DummyFuel	0.0
8	4	DummyFuel	0.0
8	5	DummyFuel	0.0
8	6	DummyFuel	0.0
8	7	DummyFuel	0.0
8	8	DummyFuel	0.0
8	9	DummyFuel	0.0
8	10	DummyFuel	0.0
8	11	DummyFuel	0.0
8	12	DummyFuel	0.0
8	13	DummyFuel	0.0
8	14	DummyFuel	0.0
8	15	DummyFuel	0.0
8	16	DummyFuel	0.0
8	17	DummyFuel	0.0
8	18	DummyFuel	0.0
8	19	DummyFuel	0.0
8	20	DummyFuel	0.0
8	21	DummyFuel	0.0
8	22	DummyFuel	0.0
8	23	DummyFuel	0.0
8	24	DummyFuel	0.0
9	1	Electricity	34.050541635608155
9	2	Electricity	33.345184819082014
9	3	Electricity	33.09212576197644
9	4	Electricity	32.96045696813369
9	5	Electricity	33.57842969175563
9	6	Electricity	38.221141025333594
9	7	Electricity	48.514588124041495
9	8	Electricity	58.467084220722754
9	9	Electricity	73.2080904821293
9	10	Electricity	83.82061874298962
9	11	Electricity	88.27073307732056
9	12	Electricity	88.70063951361949
9	13	Electricity	81.31396187639297
9	14	Electricity	82.34808213333092
9	15	Electricity	88.77432318101307
9	16	Electricity	88.48426328874734
9	17	Electricity	85.90977192085202
9	18	Electricity	80.55514251220966
9	19	Electricity	74.20911400995259
9	20	Electricity	59.320941740446465
9	21	Electricity	44.80229621951181
9	22	Electricity	38.57618742917754
9	23	Electricity	35.80283290190247
9	24	Electricity	33.83451189229311
9	1	LT	1.9443381544872935
9	2	LT	1.9443381544872935
9	3	LT	1.9443381544872935
9	4	LT	1.9443381544872935
9	5	LT	1.9443381544872935
9	6	LT	1.9443381544872935
9	7	LT	1.9443381544872935
9	8	LT	5.268529192804279
9	9	LT	6.5856614910053475
9	10	LT	7.2442276401058825
9	11	LT	7.2442276401058825
9	12	LT	8.561359938306953
9	13	LT	8.561359938306953
9	14	LT	5.927095341904813
9	15	LT	8.561359938306953
9	16	LT	7.2442276401058825
9	17	LT	6.272058562862238
9	18	LT	5.268529192804279
9	19	LT	1.9443381544872935
9	20	LT	1.9443381544872935
9	21	LT	1.9443381544872935
9	22	LT	1.9443381544872935
9	23	LT	1.9443381544872935
9	24	LT	1.9443381544872935
9	1	MT	56.664177463078126
9	2	MT	35.17170641224016
9	3	MT	35.17170641224016
9	4	MT	35.17170641224016
9	5	MT	35.17170641224016
9	6	MT	35.17170641224016
9	7	MT	35.17170641224016
9	8	MT	146.56592202538886
9	9	MT	183.20740253173608
9	10	MT	201.5281427849097
9	11	MT	201.5281427849097
9	12	MT	238.1696232912569
9	13	MT	238.1696232912569
9	14	MT	164.88666227856245
9	15	MT	238.1696232912569
9	16	MT	183.92084919326166
9	17	MT	89.45808030529808
9	18	MT	60.265384421254865
9	19	MT	36.824973416150776
9	20	MT	35.17170641224016
9	21	MT	35.17170641224016
9	22	MT	35.17170641224016
9	23	MT	35.17170641224016
9	24	MT	35.17170641224016
9	1	H2	0.0
9	2	H2	0.0
9	3	H2	0.0
9	4	H2	0.0
9	5	H2	0.0
9	6	H2	0.0
9	7	H2	0.0
9	8	H2	0.0
9	9	H2	0.0
9	10	H2	0.0
9	11	H2	0.0
9	12	H2	0.0
9	13	H2	0.0
9	14	H2	0.0
9	15	H2	0.0
9	16	H2	0.0
9	17	H2	0.0
9	18	H2	0.0
9	19	H2	0.0
9	20	H2	0.0
9	21	H2	0.0
9	22	H2	0.0
9	23	H2	0.0
9	24	H2	0.0
9	1	CH4	0.0
9	2	CH4	0.0
9	3	CH4	0.0
9	4	CH4	0.0
9	5	CH4	0.0
9	6	CH4	0.0
9	7	CH4	0.0
9	8	CH4	0.0
9	9	CH4	0.0
9	10	CH4	0.0
9	11	CH4	0.0
9	12	CH4	0.0
9	13	CH4	0.0
9	14	CH4	0.0
9	15	CH4	0.0
9	16	CH4	0.0
9	17	CH4	0.0
9	18	CH4	0.0
9	19	CH4	0.0
9	20	CH4	0.0
9	21	CH4	0.0
9	22	CH4	0.0
9	23	CH4	0.0
9	24	CH4	0.0
9	1	Biogas	0.0
9	2	Biogas	0.0
9	3	Biogas	0.0
9	4	Biogas	0.0
9	5	Biogas	0.0
9	6	Biogas	0.0
9	7	Biogas	0.0
9	8	Biogas	0.0
9	9	Biogas	0.0
9	10	Biogas	0.0
9	11	Biogas	0.0
9	12	Biogas	0.0
9	13	Biogas	0.0
9	14	Biogas	0.0
9	15	Biogas	0.0
9	16	Biogas	0.0
9	17	Biogas	0.0
9	18	Biogas	0.0
9	19	Biogas	0.0
9	20	Biogas	0.0
9	21	Biogas	0.0
9	22	Biogas	0.0
9	23	Biogas	0.0
9	24	Biogas	0.0
9	1	CH4_H2_Mix	0.0
9	2	CH4_H2_Mix	0.0
9	3	CH4_H2_Mix	0.0
9	4	CH4_H2_Mix	0.0
9	5	CH4_H2_Mix	0.0
9	6	CH4_H2_Mix	0.0
9	7	CH4_H2_Mix	0.0
9	8	CH4_H2_Mix	0.0
9	9	CH4_H2_Mix	0.0
9	10	CH4_H2_Mix	0.0
9	11	CH4_H2_Mix	0.0
9	12	CH4_H2_Mix	0.0
9	13	CH4_H2_Mix	0.0
9	14	CH4_H2_Mix	0.0
9	15	CH4_H2_Mix	0.0
9	16	CH4_H2_Mix	0.0
9	17	CH4_H2_Mix	0.0
9	18	CH4_H2_Mix	0.0
9	19	CH4_H2_Mix	0.0
9	20	CH4_H2_Mix	0.0
9	21	CH4_H2_Mix	0.0
9	22	CH4_H2_Mix	0.0
9	23	CH4_H2_Mix	0.0
9	24	CH4_H2_Mix	0.0
9	1	DummyFuel	0.0
9	2	DummyFuel	0.0
9	3	DummyFuel	0.0
9	4	DummyFuel	0.0
9	5	DummyFuel	0.0
9	6	DummyFuel	0.0
9	7	DummyFuel	0.0
9	8	DummyFuel	0.0
9	9	DummyFuel	0.0
9	10	DummyFuel	0.0
9	11	DummyFuel	0.0
9	12	DummyFuel	0.0
9	13	DummyFuel	0.0
9	14	DummyFuel	0.0
9	15	DummyFuel	0.0
9	16	DummyFuel	0.0
9	17	DummyFuel	0.0
9	18	DummyFuel	0.0
9	19	DummyFuel	0.0
9	20	DummyFuel	0.0
9	21	DummyFuel	0.0
9	22	DummyFuel	0.0
9	23	DummyFuel	0.0
9	24	DummyFuel	0.0
10	1	Electricity	34.01331380752148
10	2	Electricity	33.57346744243632
10	3	Electricity	33.426973190499375
10	4	Electricity	33.483204094126755
10	5	Electricity	34.761793908672
10	6	Electricity	39.517062138739384
10	7	Electricity	50.84228641760593
10	8	Electricity	62.37584173360443
10	9	Electricity	75.97682214732144
10	10	Electricity	86.35857030522482
10	11	Electricity	90.96137195478506
10	12	Electricity	90.03888970244388
10	13	Electricity	81.93633931173537
10	14	Electricity	81.59357218893855
10	15	Electricity	88.67565721788276
10	16	Electricity	88.67400246757234
10	17	Electricity	86.87005045906528
10	18	Electricity	81.83035360583325
10	19	Electricity	73.76589064685223
10	20	Electricity	60.63472645479933
10	21	Electricity	45.50501823065548
10	22	Electricity	39.14778270325598
10	23	Electricity	36.658688258354516
10	24	Electricity	34.50215727609049
10	1	LT	20.18637406148791
10	2	LT	20.18637406148791
10	3	LT	20.18637406148791
10	4	LT	20.18637406148791
10	5	LT	20.18637406148791
10	6	LT	20.18637406148791
10	7	LT	20.18637406148791
10	8	LT	55.6134605393992
10	9	LT	62.05291386501384
10	10	LT	68.49236719062849
10	11	LT	68.49236719062849
10	12	LT	81.95667868964091
10	13	LT	81.95667868964091
10	14	LT	54.4426508438329
10	15	LT	81.95667868964091
10	16	LT	81.95667868964091
10	17	LT	68.48227400359774
10	18	LT	54.45274403086365
10	19	LT	20.18637406148791
10	20	LT	20.18637406148791
10	21	LT	20.18637406148791
10	22	LT	20.18637406148791
10	23	LT	20.18637406148791
10	24	LT	20.18637406148791
10	1	MT	77.73327920290247
10	2	MT	77.73327920290247
10	3	MT	77.73327920290247
10	4	MT	77.73327920290247
10	5	MT	77.73327920290247
10	6	MT	77.73327920290247
10	7	MT	77.73327920290247
10	8	MT	288.6160675591651
10	9	MT	322.03477011864743
10	10	MT	355.45347267812974
10	11	MT	355.45347267812974
10	12	MT	425.3289416661381
10	13	MT	425.3289416661381
10	14	MT	282.5399398210775
10	15	MT	425.3289416661381
10	16	MT	425.3289416661381
10	17	MT	272.5088410960624
10	18	MT	143.6339686136739
10	19	MT	77.73327920290247
10	20	MT	77.73327920290247
10	21	MT	77.73327920290247
10	22	MT	77.73327920290247
10	23	MT	77.73327920290247
10	24	MT	77.73327920290247
10	1	H2	0.0
10	2	H2	0.0
10	3	H2	0.0
10	4	H2	0.0
10	5	H2	0.0
10	6	H2	0.0
10	7	H2	0.0
10	8	H2	0.0
10	9	H2	0.0
10	10	H2	0.0
10	11	H2	0.0
10	12	H2	0.0
10	13	H2	0.0
10	14	H2	0.0
10	15	H2	0.0
10	16	H2	0.0
10	17	H2	0.0
10	18	H2	0.0
10	19	H2	0.0
10	20	H2	0.0
10	21	H2	0.0
10	22	H2	0.0
10	23	H2	0.0
10	24	H2	0.0
10	1	CH4	0.0
10	2	CH4	0.0
10	3	CH4	0.0
10	4	CH4	0.0
10	5	CH4	0.0
10	6	CH4	0.0
10	7	CH4	0.0
10	8	CH4	0.0
10	9	CH4	0.0
10	10	CH4	0.0
10	11	CH4	0.0
10	12	CH4	0.0
10	13	CH4	0.0
10	14	CH4	0.0
10	15	CH4	0.0
10	16	CH4	0.0
10	17	CH4	0.0
10	18	CH4	0.0
10	19	CH4	0.0
10	20	CH4	0.0
10	21	CH4	0.0
10	22	CH4	0.0
10	23	CH4	0.0
10	24	CH4	0.0
10	1	Biogas	0.0
10	2	Biogas	0.0
10	3	Biogas	0.0
10	4	Biogas	0.0
10	5	Biogas	0.0
10	6	Biogas	0.0
10	7	Biogas	0.0
10	8	Biogas	0.0
10	9	Biogas	0.0
10	10	Biogas	0.0
10	11	Biogas	0.0
10	12	Biogas	0.0
10	13	Biogas	0.0
10	14	Biogas	0.0
10	15	Biogas	0.0
10	16	Biogas	0.0
10	17	Biogas	0.0
10	18	Biogas	0.0
10	19	Biogas	0.0
10	20	Biogas	0.0
10	21	Biogas	0.0
10	22	Biogas	0.0
10	23	Biogas	0.0
10	24	Biogas	0.0
10	1	CH4_H2_Mix	0.0
10	2	CH4_H2_Mix	0.0
10	3	CH4_H2_Mix	0.0
10	4	CH4_H2_Mix	0.0
10	5	CH4_H2_Mix	0.0
10	6	CH4_H2_Mix	0.0
10	7	CH4_H2_Mix	0.0
10	8	CH4_H2_Mix	0.0
10	9	CH4_H2_Mix	0.0
10	10	CH4_H2_Mix	0.0
10	11	CH4_H2_Mix	0.0
10	12	CH4_H2_Mix	0.0
10	13	CH4_H2_Mix	0.0
10	14	CH4_H2_Mix	0.0
10	15	CH4_H2_Mix	0.0
10	16	CH4_H2_Mix	0.0
10	17	CH4_H2_Mix	0.0
10	18	CH4_H2_Mix	0.0
10	19	CH4_H2_Mix	0.0
10	20	CH4_H2_Mix	0.0
10	21	CH4_H2_Mix	0.0
10	22	CH4_H2_Mix	0.0
10	23	CH4_H2_Mix	0.0
10	24	CH4_H2_Mix	0.0
10	1	DummyFuel	0.0
10	2	DummyFuel	0.0
10	3	DummyFuel	0.0
10	4	DummyFuel	0.0
10	5	DummyFuel	0.0
10	6	DummyFuel	0.0
10	7	DummyFuel	0.0
10	8	DummyFuel	0.0
10	9	DummyFuel	0.0
10	10	DummyFuel	0.0
10	11	DummyFuel	0.0
10	12	DummyFuel	0.0
10	13	DummyFuel	0.0
10	14	DummyFuel	0.0
10	15	DummyFuel	0.0
10	16	DummyFuel	0.0
10	17	DummyFuel	0.0
10	18	DummyFuel	0.0
10	19	DummyFuel	0.0
10	20	DummyFuel	0.0
10	21	DummyFuel	0.0
10	22	DummyFuel	0.0
10	23	DummyFuel	0.0
10	24	DummyFuel	0.0
11	1	Electricity	40.967707042813906
11	2	Electricity	40.789409381768316
11	3	Electricity	40.77079307339174
11	4	Electricity	41.51959310307035
11	5	Electricity	42.97240076149331
11	6	Electricity	48.201210871767046
11	7	Electricity	58.733496005612565
11	8	Electricity	69.37774621757741
11	9	Electricity	84.30401324116349
11	10	Electricity	93.818248350748
11	11	Electricity	96.77316182364534
11	12	Electricity	95.85573209585478
11	13	Electricity	85.21241412830764
11	14	Electricity	83.21501403009765
11	15	Electricity	89.28314017752503
11	16	Electricity	88.10916298844135
11	17	Electricity	84.35041503942921
11	18	Electricity	78.79299662633592
11	19	Electricity	73.20377840196808
11	20	Electricity	62.95952309517438
11	21	Electricity	49.4978181833455
11	22	Electricity	42.47145828363432
11	23	Electricity	40.22630555354092
11	24	Electricity	38.916410579234075
11	1	LT	15.204054680803907
11	2	LT	15.204054680803907
11	3	LT	15.204054680803907
11	4	LT	15.204054680803907
11	5	LT	15.204054680803907
11	6	LT	15.204054680803907
11	7	LT	15.204054680803907
11	8	LT	41.19808365121059
11	9	LT	51.49760456401323
11	10	LT	56.647365020414554
11	11	LT	56.647365020414554
11	12	LT	66.9468859332172
11	13	LT	66.9468859332172
11	14	LT	46.347844107611905
11	15	LT	66.9468859332172
11	16	LT	56.647365020414554
11	17	LT	49.0453376800126
11	18	LT	41.19808365121059
11	19	LT	15.204054680803907
11	20	LT	15.204054680803907
11	21	LT	15.204054680803907
11	22	LT	15.204054680803907
11	23	LT	15.204054680803907
11	24	LT	15.204054680803907
11	1	MT	95.85525229349685
11	2	MT	64.5826913926644
11	3	MT	64.5826913926644
11	4	MT	64.5826913926644
11	5	MT	64.5826913926644
11	6	MT	64.5826913926644
11	7	MT	64.5826913926644
11	8	MT	249.58681026965178
11	9	MT	311.9835128370647
11	10	MT	343.18186412077114
11	11	MT	343.18186412077114
11	12	MT	405.57856668818414
11	13	MT	405.57856668818414
11	14	MT	280.78516155335825
11	15	MT	405.57856668818414
11	16	MT	317.5624199981662
11	17	MT	173.41152954116407
11	18	MT	124.01545034477078
11	19	MT	66.98827300042075
11	20	MT	64.5826913926644
11	21	MT	64.5826913926644
11	22	MT	64.5826913926644
11	23	MT	64.5826913926644
11	24	MT	64.5826913926644
11	1	H2	0.0
11	2	H2	0.0
11	3	H2	0.0
11	4	H2	0.0
11	5	H2	0.0
11	6	H2	0.0
11	7	H2	0.0
11	8	H2	0.0
11	9	H2	0.0
11	10	H2	0.0
11	11	H2	0.0
11	12	H2	0.0
11	13	H2	0.0
11	14	H2	0.0
11	15	H2	0.0
11	16	H2	0.0
11	17	H2	0.0
11	18	H2	0.0
11	19	H2	0.0
11	20	H2	0.0
11	21	H2	0.0
11	22	H2	0.0
11	23	H2	0.0
11	24	H2	0.0
11	1	CH4	0.0
11	2	CH4	0.0
11	3	CH4	0.0
11	4	CH4	0.0
11	5	CH4	0.0
11	6	CH4	0.0
11	7	CH4	0.0
11	8	CH4	0.0
11	9	CH4	0.0
11	10	CH4	0.0
11	11	CH4	0.0
11	12	CH4	0.0
11	13	CH4	0.0
11	14	CH4	0.0
11	15	CH4	0.0
11	16	CH4	0.0
11	17	CH4	0.0
11	18	CH4	0.0
11	19	CH4	0.0
11	20	CH4	0.0
11	21	CH4	0.0
11	22	CH4	0.0
11	23	CH4	0.0
11	24	CH4	0.0
11	1	Biogas	0.0
11	2	Biogas	0.0
11	3	Biogas	0.0
11	4	Biogas	0.0
11	5	Biogas	0.0
11	6	Biogas	0.0
11	7	Biogas	0.0
11	8	Biogas	0.0
11	9	Biogas	0.0
11	10	Biogas	0.0
11	11	Biogas	0.0
11	12	Biogas	0.0
11	13	Biogas	0.0
11	14	Biogas	0.0
11	15	Biogas	0.0
11	16	Biogas	0.0
11	17	Biogas	0.0
11	18	Biogas	0.0
11	19	Biogas	0.0
11	20	Biogas	0.0
11	21	Biogas	0.0
11	22	Biogas	0.0
11	23	Biogas	0.0
11	24	Biogas	0.0
11	1	CH4_H2_Mix	0.0
11	2	CH4_H2_Mix	0.0
11	3	CH4_H2_Mix	0.0
11	4	CH4_H2_Mix	0.0
11	5	CH4_H2_Mix	0.0
11	6	CH4_H2_Mix	0.0
11	7	CH4_H2_Mix	0.0
11	8	CH4_H2_Mix	0.0
11	9	CH4_H2_Mix	0.0
11	10	CH4_H2_Mix	0.0
11	11	CH4_H2_Mix	0.0
11	12	CH4_H2_Mix	0.0
11	13	CH4_H2_Mix	0.0
11	14	CH4_H2_Mix	0.0
11	15	CH4_H2_Mix	0.0
11	16	CH4_H2_Mix	0.0
11	17	CH4_H2_Mix	0.0
11	18	CH4_H2_Mix	0.0
11	19	CH4_H2_Mix	0.0
11	20	CH4_H2_Mix	0.0
11	21	CH4_H2_Mix	0.0
11	22	CH4_H2_Mix	0.0
11	23	CH4_H2_Mix	0.0
11	24	CH4_H2_Mix	0.0
11	1	DummyFuel	0.0
11	2	DummyFuel	0.0
11	3	DummyFuel	0.0
11	4	DummyFuel	0.0
11	5	DummyFuel	0.0
11	6	DummyFuel	0.0
11	7	DummyFuel	0.0
11	8	DummyFuel	0.0
11	9	DummyFuel	0.0
11	10	DummyFuel	0.0
11	11	DummyFuel	0.0
11	12	DummyFuel	0.0
11	13	DummyFuel	0.0
11	14	DummyFuel	0.0
11	15	DummyFuel	0.0
11	16	DummyFuel	0.0
11	17	DummyFuel	0.0
11	18	DummyFuel	0.0
11	19	DummyFuel	0.0
11	20	DummyFuel	0.0
11	21	DummyFuel	0.0
11	22	DummyFuel	0.0
11	23	DummyFuel	0.0
11	24	DummyFuel	0.0
12	1	Electricity	42.75784202558175
12	2	Electricity	43.413029706165624
12	3	Electricity	42.70981329687763
12	4	Electricity	43.05558537124104
12	5	Electricity	44.53855101242661
12	6	Electricity	50.56013418460571
12	7	Electricity	60.896173431346995
12	8	Electricity	74.77145243698375
12	9	Electricity	90.7908578530659
12	10	Electricity	101.04070348459531
12	11	Electricity	104.49371169899982
12	12	Electricity	102.37611483030562
12	13	Electricity	92.38380489894708
12	14	Electricity	92.0605318040224
12	15	Electricity	97.89020493523293
12	16	Electricity	97.79876697010525
12	17	Electricity	96.64196297787727
12	18	Electricity	93.54285619462449
12	19	Electricity	83.96457687661282
12	20	Electricity	69.40090727449831
12	21	Electricity	54.159471910685056
12	22	Electricity	46.81160902508205
12	23	Electricity	44.84952779993442
12	24	Electricity	43.69688837667017
12	1	LT	26.741254515690606
12	2	LT	26.741254515690606
12	3	LT	26.741254515690606
12	4	LT	26.741254515690606
12	5	LT	26.741254515690606
12	6	LT	26.741254515690606
12	7	LT	26.741254515690606
12	8	LT	73.67215619072762
12	9	LT	82.20261638123293
12	10	LT	90.73307657173824
12	11	LT	90.73307657173824
12	12	LT	108.56949333370385
12	13	LT	108.56949333370385
12	14	LT	72.12116342881757
12	15	LT	108.56949333370385
12	16	LT	108.56949333370385
12	17	LT	90.71970594448038
12	18	LT	72.13453405607541
12	19	LT	26.741254515690606
12	20	LT	26.741254515690606
12	21	LT	26.741254515690606
12	22	LT	26.741254515690606
12	23	LT	26.741254515690606
12	24	LT	26.741254515690606
12	1	MT	91.11008420498095
12	2	MT	91.11008420498095
12	3	MT	91.11008420498095
12	4	MT	91.11008420498095
12	5	MT	91.11008420498095
12	6	MT	91.11008420498095
12	7	MT	91.11008420498095
12	8	MT	333.8338921027239
12	9	MT	372.48834276724983
12	10	MT	411.1427934317758
12	11	MT	411.1427934317758
12	12	MT	491.96573573033
12	13	MT	491.96573573033
12	14	MT	326.80581016371923
12	15	MT	491.96573573033
12	16	MT	491.96573573033
12	17	MT	318.8780723759426
12	18	MT	172.29785403496473
12	19	MT	91.11008420498095
12	20	MT	91.11008420498095
12	21	MT	91.11008420498095
12	22	MT	91.11008420498095
12	23	MT	91.11008420498095
12	24	MT	91.11008420498095
12	1	H2	0.0
12	2	H2	0.0
12	3	H2	0.0
12	4	H2	0.0
12	5	H2	0.0
12	6	H2	0.0
12	7	H2	0.0
12	8	H2	0.0
12	9	H2	0.0
12	10	H2	0.0
12	11	H2	0.0
12	12	H2	0.0
12	13	H2	0.0
12	14	H2	0.0
12	15	H2	0.0
12	16	H2	0.0
12	17	H2	0.0
12	18	H2	0.0
12	19	H2	0.0
12	20	H2	0.0
12	21	H2	0.0
12	22	H2	0.0
12	23	H2	0.0
12	24	H2	0.0
12	1	CH4	0.0
12	2	CH4	0.0
12	3	CH4	0.0
12	4	CH4	0.0
12	5	CH4	0.0
12	6	CH4	0.0
12	7	CH4	0.0
12	8	CH4	0.0
12	9	CH4	0.0
12	10	CH4	0.0
12	11	CH4	0.0
12	12	CH4	0.0
12	13	CH4	0.0
12	14	CH4	0.0
12	15	CH4	0.0
12	16	CH4	0.0
12	17	CH4	0.0
12	18	CH4	0.0
12	19	CH4	0.0
12	20	CH4	0.0
12	21	CH4	0.0
12	22	CH4	0.0
12	23	CH4	0.0
12	24	CH4	0.0
12	1	Biogas	0.0
12	2	Biogas	0.0
12	3	Biogas	0.0
12	4	Biogas	0.0
12	5	Biogas	0.0
12	6	Biogas	0.0
12	7	Biogas	0.0
12	8	Biogas	0.0
12	9	Biogas	0.0
12	10	Biogas	0.0
12	11	Biogas	0.0
12	12	Biogas	0.0
12	13	Biogas	0.0
12	14	Biogas	0.0
12	15	Biogas	0.0
12	16	Biogas	0.0
12	17	Biogas	0.0
12	18	Biogas	0.0
12	19	Biogas	0.0
12	20	Biogas	0.0
12	21	Biogas	0.0
12	22	Biogas	0.0
12	23	Biogas	0.0
12	24	Biogas	0.0
12	1	CH4_H2_Mix	0.0
12	2	CH4_H2_Mix	0.0
12	3	CH4_H2_Mix	0.0
12	4	CH4_H2_Mix	0.0
12	5	CH4_H2_Mix	0.0
12	6	CH4_H2_Mix	0.0
12	7	CH4_H2_Mix	0.0
12	8	CH4_H2_Mix	0.0
12	9	CH4_H2_Mix	0.0
12	10	CH4_H2_Mix	0.0
12	11	CH4_H2_Mix	0.0
12	12	CH4_H2_Mix	0.0
12	13	CH4_H2_Mix	0.0
12	14	CH4_H2_Mix	0.0
12	15	CH4_H2_Mix	0.0
12	16	CH4_H2_Mix	0.0
12	17	CH4_H2_Mix	0.0
12	18	CH4_H2_Mix	0.0
12	19	CH4_H2_Mix	0.0
12	20	CH4_H2_Mix	0.0
12	21	CH4_H2_Mix	0.0
12	22	CH4_H2_Mix	0.0
12	23	CH4_H2_Mix	0.0
12	24	CH4_H2_Mix	0.0
12	1	DummyFuel	0.0
12	2	DummyFuel	0.0
12	3	DummyFuel	0.0
12	4	DummyFuel	0.0
12	5	DummyFuel	0.0
12	6	DummyFuel	0.0
12	7	DummyFuel	0.0
12	8	DummyFuel	0.0
12	9	DummyFuel	0.0
12	10	DummyFuel	0.0
12	11	DummyFuel	0.0
12	12	DummyFuel	0.0
12	13	DummyFuel	0.0
12	14	DummyFuel	0.0
12	15	DummyFuel	0.0
12	16	DummyFuel	0.0
12	17	DummyFuel	0.0
12	18	DummyFuel	0.0
12	19	DummyFuel	0.0
12	20	DummyFuel	0.0
12	21	DummyFuel	0.0
12	22	DummyFuel	0.0
12	23	DummyFuel	0.0
12	24	DummyFuel	0.0
13	1	Electricity	34.01798607648093
13	2	Electricity	33.40183231135744
13	3	Electricity	33.166316343923064
13	4	Electricity	32.954796308275306
13	5	Electricity	34.196977511420236
13	6	Electricity	39.45494690145573
13	7	Electricity	50.3179307810715
13	8	Electricity	62.68224009988131
13	9	Electricity	76.9533112084041
13	10	Electricity	86.30273741832727
13	11	Electricity	89.72874892996046
13	12	Electricity	89.27203338499977
13	13	Electricity	80.12065132046486
13	14	Electricity	80.47819006052889
13	15	Electricity	87.7602179537943
13	16	Electricity	87.1293451453876
13	17	Electricity	85.36057853536575
13	18	Electricity	79.6558998863915
13	19	Electricity	72.69159735457629
13	20	Electricity	60.65212109580925
13	21	Electricity	46.37224971045191
13	22	Electricity	39.31449503450618
13	23	Electricity	36.727688533907205
13	24	Electricity	35.64484782665703
13	1	LT	3.413591722792784
13	2	LT	3.413591722792784
13	3	LT	3.413591722792784
13	4	LT	3.413591722792784
13	5	LT	3.413591722792784
13	6	LT	3.413591722792784
13	7	LT	3.413591722792784
13	8	LT	9.40444519629412
13	9	LT	10.49338095586502
13	10	LT	11.582316715435915
13	11	LT	11.582316715435915
13	12	LT	13.859182394538703
13	13	LT	13.859182394538703
13	14	LT	9.206456876372139
13	15	LT	13.859182394538703
13	16	LT	13.859182394538703
13	17	LT	11.58060991957452
13	18	LT	9.208163672233535
13	19	LT	3.413591722792784
13	20	LT	3.413591722792784
13	21	LT	3.413591722792784
13	22	LT	3.413591722792784
13	23	LT	3.413591722792784
13	24	LT	3.413591722792784
13	1	MT	44.689194774531764
13	2	MT	44.689194774531764
13	3	MT	44.689194774531764
13	4	MT	44.689194774531764
13	5	MT	44.689194774531764
13	6	MT	44.689194774531764
13	7	MT	44.689194774531764
13	8	MT	177.75494870192043
13	9	MT	198.33710065687964
13	10	MT	218.91925261183883
13	11	MT	218.91925261183883
13	12	MT	261.9546612449353
13	13	MT	261.9546612449353
13	14	MT	174.01273925556418
13	15	MT	261.9546612449353
13	16	MT	261.9546612449353
13	17	MT	158.06419736188624
13	18	MT	72.08329409164631
13	19	MT	44.689194774531764
13	20	MT	44.689194774531764
13	21	MT	44.689194774531764
13	22	MT	44.689194774531764
13	23	MT	44.689194774531764
13	24	MT	44.689194774531764
13	1	H2	0.0
13	2	H2	0.0
13	3	H2	0.0
13	4	H2	0.0
13	5	H2	0.0
13	6	H2	0.0
13	7	H2	0.0
13	8	H2	0.0
13	9	H2	0.0
13	10	H2	0.0
13	11	H2	0.0
13	12	H2	0.0
13	13	H2	0.0
13	14	H2	0.0
13	15	H2	0.0
13	16	H2	0.0
13	17	H2	0.0
13	18	H2	0.0
13	19	H2	0.0
13	20	H2	0.0
13	21	H2	0.0
13	22	H2	0.0
13	23	H2	0.0
13	24	H2	0.0
13	1	CH4	0.0
13	2	CH4	0.0
13	3	CH4	0.0
13	4	CH4	0.0
13	5	CH4	0.0
13	6	CH4	0.0
13	7	CH4	0.0
13	8	CH4	0.0
13	9	CH4	0.0
13	10	CH4	0.0
13	11	CH4	0.0
13	12	CH4	0.0
13	13	CH4	0.0
13	14	CH4	0.0
13	15	CH4	0.0
13	16	CH4	0.0
13	17	CH4	0.0
13	18	CH4	0.0
13	19	CH4	0.0
13	20	CH4	0.0
13	21	CH4	0.0
13	22	CH4	0.0
13	23	CH4	0.0
13	24	CH4	0.0
13	1	Biogas	0.0
13	2	Biogas	0.0
13	3	Biogas	0.0
13	4	Biogas	0.0
13	5	Biogas	0.0
13	6	Biogas	0.0
13	7	Biogas	0.0
13	8	Biogas	0.0
13	9	Biogas	0.0
13	10	Biogas	0.0
13	11	Biogas	0.0
13	12	Biogas	0.0
13	13	Biogas	0.0
13	14	Biogas	0.0
13	15	Biogas	0.0
13	16	Biogas	0.0
13	17	Biogas	0.0
13	18	Biogas	0.0
13	19	Biogas	0.0
13	20	Biogas	0.0
13	21	Biogas	0.0
13	22	Biogas	0.0
13	23	Biogas	0.0
13	24	Biogas	0.0
13	1	CH4_H2_Mix	0.0
13	2	CH4_H2_Mix	0.0
13	3	CH4_H2_Mix	0.0
13	4	CH4_H2_Mix	0.0
13	5	CH4_H2_Mix	0.0
13	6	CH4_H2_Mix	0.0
13	7	CH4_H2_Mix	0.0
13	8	CH4_H2_Mix	0.0
13	9	CH4_H2_Mix	0.0
13	10	CH4_H2_Mix	0.0
13	11	CH4_H2_Mix	0.0
13	12	CH4_H2_Mix	0.0
13	13	CH4_H2_Mix	0.0
13	14	CH4_H2_Mix	0.0
13	15	CH4_H2_Mix	0.0
13	16	CH4_H2_Mix	0.0
13	17	CH4_H2_Mix	0.0
13	18	CH4_H2_Mix	0.0
13	19	CH4_H2_Mix	0.0
13	20	CH4_H2_Mix	0.0
13	21	CH4_H2_Mix	0.0
13	22	CH4_H2_Mix	0.0
13	23	CH4_H2_Mix	0.0
13	24	CH4_H2_Mix	0.0
13	1	DummyFuel	0.0
13	2	DummyFuel	0.0
13	3	DummyFuel	0.0
13	4	DummyFuel	0.0
13	5	DummyFuel	0.0
13	6	DummyFuel	0.0
13	7	DummyFuel	0.0
13	8	DummyFuel	0.0
13	9	DummyFuel	0.0
13	10	DummyFuel	0.0
13	11	DummyFuel	0.0
13	12	DummyFuel	0.0
13	13	DummyFuel	0.0
13	14	DummyFuel	0.0
13	15	DummyFuel	0.0
13	16	DummyFuel	0.0
13	17	DummyFuel	0.0
13	18	DummyFuel	0.0
13	19	DummyFuel	0.0
13	20	DummyFuel	0.0
13	21	DummyFuel	0.0
13	22	DummyFuel	0.0
13	23	DummyFuel	0.0
13	24	DummyFuel	0.0
14	1	Electricity	37.49572891881811
14	2	Electricity	37.79923290358435
14	3	Electricity	37.50640837986676
14	4	Electricity	38.612270867319786
14	5	Electricity	40.387399334793656
14	6	Electricity	46.06128999998757
14	7	Electricity	56.48503813283823
14	8	Electricity	70.66103779318685
14	9	Electricity	86.62178972179645
14	10	Electricity	95.6985442702383
14	11	Electricity	99.6970816788086
14	12	Electricity	99.49181508419
14	13	Electricity	89.30232585581395
14	14	Electricity	88.90474423586048
14	15	Electricity	94.81170525343803
14	16	Electricity	93.68836846588805
14	17	Electricity	91.65414549862076
14	18	Electricity	88.7781155768439
14	19	Electricity	80.27352825675254
14	20	Electricity	66.3653128789865
14	21	Electricity	50.15963778696949
14	22	Electricity	43.20747650098948
14	23	Electricity	40.98886595574033
14	24	Electricity	40.31461662079601
14	1	LT	16.752870283033246
14	2	LT	16.752870283033246
14	3	LT	16.752870283033246
14	4	LT	16.752870283033246
14	5	LT	16.752870283033246
14	6	LT	16.752870283033246
14	7	LT	16.752870283033246
14	8	LT	72.87498573119463
14	9	LT	81.98435894759395
14	10	LT	91.09373216399328
14	11	LT	91.09373216399328
14	12	LT	109.31247859679192
14	13	LT	109.31247859679192
14	14	LT	72.87498573119463
14	15	LT	109.31247859679192
14	16	LT	109.31247859679192
14	17	LT	91.09373216399328
14	18	LT	73.29380748827047
14	19	LT	26.17635981723945
14	20	LT	26.17635981723945
14	21	LT	26.17635981723945
14	22	LT	26.17635981723945
14	23	LT	26.17635981723945
14	24	LT	26.17635981723945
14	1	MT	76.50496838186601
14	2	MT	76.50496838186601
14	3	MT	76.50496838186601
14	4	MT	76.50496838186601
14	5	MT	76.50496838186601
14	6	MT	76.50496838186601
14	7	MT	76.50496838186601
14	8	MT	327.54457015934497
14	9	MT	368.4876414292631
14	10	MT	409.4307126991812
14	11	MT	409.4307126991812
14	12	MT	491.3168552390173
14	13	MT	491.3168552390173
14	14	MT	327.54457015934497
14	15	MT	491.3168552390173
14	16	MT	491.3168552390173
14	17	MT	316.2069618427246
14	18	MT	141.55079201659743
14	19	MT	89.63154998935174
14	20	MT	89.63154998935174
14	21	MT	89.63154998935174
14	22	MT	89.63154998935174
14	23	MT	89.63154998935174
14	24	MT	89.63154998935174
14	1	H2	0.0
14	2	H2	0.0
14	3	H2	0.0
14	4	H2	0.0
14	5	H2	0.0
14	6	H2	0.0
14	7	H2	0.0
14	8	H2	0.0
14	9	H2	0.0
14	10	H2	0.0
14	11	H2	0.0
14	12	H2	0.0
14	13	H2	0.0
14	14	H2	0.0
14	15	H2	0.0
14	16	H2	0.0
14	17	H2	0.0
14	18	H2	0.0
14	19	H2	0.0
14	20	H2	0.0
14	21	H2	0.0
14	22	H2	0.0
14	23	H2	0.0
14	24	H2	0.0
14	1	CH4	0.0
14	2	CH4	0.0
14	3	CH4	0.0
14	4	CH4	0.0
14	5	CH4	0.0
14	6	CH4	0.0
14	7	CH4	0.0
14	8	CH4	0.0
14	9	CH4	0.0
14	10	CH4	0.0
14	11	CH4	0.0
14	12	CH4	0.0
14	13	CH4	0.0
14	14	CH4	0.0
14	15	CH4	0.0
14	16	CH4	0.0
14	17	CH4	0.0
14	18	CH4	0.0
14	19	CH4	0.0
14	20	CH4	0.0
14	21	CH4	0.0
14	22	CH4	0.0
14	23	CH4	0.0
14	24	CH4	0.0
14	1	Biogas	0.0
14	2	Biogas	0.0
14	3	Biogas	0.0
14	4	Biogas	0.0
14	5	Biogas	0.0
14	6	Biogas	0.0
14	7	Biogas	0.0
14	8	Biogas	0.0
14	9	Biogas	0.0
14	10	Biogas	0.0
14	11	Biogas	0.0
14	12	Biogas	0.0
14	13	Biogas	0.0
14	14	Biogas	0.0
14	15	Biogas	0.0
14	16	Biogas	0.0
14	17	Biogas	0.0
14	18	Biogas	0.0
14	19	Biogas	0.0
14	20	Biogas	0.0
14	21	Biogas	0.0
14	22	Biogas	0.0
14	23	Biogas	0.0
14	24	Biogas	0.0
14	1	CH4_H2_Mix	0.0
14	2	CH4_H2_Mix	0.0
14	3	CH4_H2_Mix	0.0
14	4	CH4_H2_Mix	0.0
14	5	CH4_H2_Mix	0.0
14	6	CH4_H2_Mix	0.0
14	7	CH4_H2_Mix	0.0
14	8	CH4_H2_Mix	0.0
14	9	CH4_H2_Mix	0.0
14	10	CH4_H2_Mix	0.0
14	11	CH4_H2_Mix	0.0
14	12	CH4_H2_Mix	0.0
14	13	CH4_H2_Mix	0.0
14	14	CH4_H2_Mix	0.0
14	15	CH4_H2_Mix	0.0
14	16	CH4_H2_Mix	0.0
14	17	CH4_H2_Mix	0.0
14	18	CH4_H2_Mix	0.0
14	19	CH4_H2_Mix	0.0
14	20	CH4_H2_Mix	0.0
14	21	CH4_H2_Mix	0.0
14	22	CH4_H2_Mix	0.0
14	23	CH4_H2_Mix	0.0
14	24	CH4_H2_Mix	0.0
14	1	DummyFuel	0.0
14	2	DummyFuel	0.0
14	3	DummyFuel	0.0
14	4	DummyFuel	0.0
14	5	DummyFuel	0.0
14	6	DummyFuel	0.0
14	7	DummyFuel	0.0
14	8	DummyFuel	0.0
14	9	DummyFuel	0.0
14	10	DummyFuel	0.0
14	11	DummyFuel	0.0
14	12	DummyFuel	0.0
14	13	DummyFuel	0.0
14	14	DummyFuel	0.0
14	15	DummyFuel	0.0
14	16	DummyFuel	0.0
14	17	DummyFuel	0.0
14	18	DummyFuel	0.0
14	19	DummyFuel	0.0
14	20	DummyFuel	0.0
14	21	DummyFuel	0.0
14	22	DummyFuel	0.0
14	23	DummyFuel	0.0
14	24	DummyFuel	0.0
