Node	Time	EnergyCarrier	ReferenceDemand
3	1	Electricity	38.23545328533351
3	2	Electricity	36.72091786622309
3	3	Electricity	35.680686029333735
3	4	Electricity	35.576366855381806
3	5	Electricity	36.756828304286955
3	6	Electricity	41.39604512749419
3	7	Electricity	49.71754214215984
3	8	Electricity	61.32272476067756
3	9	Electricity	75.61838817999177
3	10	Electricity	89.4058001975143
3	11	Electricity	95.65324305448647
3	12	Electricity	97.82177435897177
3	13	Electricity	92.41475473458753
3	14	Electricity	93.47250371620368
3	15	Electricity	99.65427454752022
3	16	Electricity	99.34189052548491
3	17	Electricity	97.47360921820477
3	18	Electricity	92.63373938917117
3	19	Electricity	84.8207515028346
3	20	Electricity	69.75355377098651
3	21	Electricity	51.26857806946091
3	22	Electricity	43.70918894067949
3	23	Electricity	42.14372699087823
3	24	Electricity	40.52377186597567
3	1	LT	1.2003689852510886
3	2	LT	1.2003689852510886
3	3	LT	1.2003689852510886
3	4	LT	1.2003689852510886
3	5	LT	1.2003689852510886
3	6	LT	1.2003689852510886
3	7	LT	1.2003689852510886
3	8	LT	3.307016554366748
3	9	LT	3.6899342606618455
3	10	LT	4.072851966956943
3	11	LT	4.072851966956943
3	12	LT	4.873498080119417
3	13	LT	4.873498080119417
3	14	LT	3.237395153222185
3	15	LT	4.873498080119417
3	16	LT	4.873498080119417
3	17	LT	4.072251782464318
3	18	LT	3.237995337714811
3	19	LT	1.2003689852510886
3	20	LT	1.2003689852510886
3	21	LT	1.2003689852510886
3	22	LT	1.2003689852510886
3	23	LT	1.2003689852510886
3	24	LT	1.2003689852510886
3	1	MT	33.051204987754595
3	2	MT	33.051204987754595
3	3	MT	33.051204987754595
3	4	MT	33.051204987754595
3	5	MT	33.051204987754595
3	6	MT	33.051204987754595
3	7	MT	33.051204987754595
3	8	MT	133.3760445620344
3	9	MT	148.8195865639542
3	10	MT	164.26312856587396
3	11	MT	164.26312856587396
3	12	MT	196.5541709335244
3	13	MT	196.5541709335244
3	14	MT	130.56812783441262
3	15	MT	196.5541709335244
3	16	MT	196.5541709335244
3	17	MT	117.1269647484203
3	18	MT	51.61510896999798
3	19	MT	33.051204987754595
3	20	MT	33.051204987754595
3	21	MT	33.051204987754595
3	22	MT	33.051204987754595
3	23	MT	33.051204987754595
3	24	MT	33.051204987754595
3	1	H2	0.0
3	2	H2	0.0
3	3	H2	0.0
3	4	H2	0.0
3	5	H2	0.0
3	6	H2	0.0
3	7	H2	0.0
3	8	H2	0.0
3	9	H2	0.0
3	10	H2	0.0
3	11	H2	0.0
3	12	H2	0.0
3	13	H2	0.0
3	14	H2	0.0
3	15	H2	0.0
3	16	H2	0.0
3	17	H2	0.0
3	18	H2	0.0
3	19	H2	0.0
3	20	H2	0.0
3	21	H2	0.0
3	22	H2	0.0
3	23	H2	0.0
3	24	H2	0.0
3	1	CH4	0.0
3	2	CH4	0.0
3	3	CH4	0.0
3	4	CH4	0.0
3	5	CH4	0.0
3	6	CH4	0.0
3	7	CH4	0.0
3	8	CH4	0.0
3	9	CH4	0.0
3	10	CH4	0.0
3	11	CH4	0.0
3	12	CH4	0.0
3	13	CH4	0.0
3	14	CH4	0.0
3	15	CH4	0.0
3	16	CH4	0.0
3	17	CH4	0.0
3	18	CH4	0.0
3	19	CH4	0.0
3	20	CH4	0.0
3	21	CH4	0.0
3	22	CH4	0.0
3	23	CH4	0.0
3	24	CH4	0.0
3	1	Biogas	0.0
3	2	Biogas	0.0
3	3	Biogas	0.0
3	4	Biogas	0.0
3	5	Biogas	0.0
3	6	Biogas	0.0
3	7	Biogas	0.0
3	8	Biogas	0.0
3	9	Biogas	0.0
3	10	Biogas	0.0
3	11	Biogas	0.0
3	12	Biogas	0.0
3	13	Biogas	0.0
3	14	Biogas	0.0
3	15	Biogas	0.0
3	16	Biogas	0.0
3	17	Biogas	0.0
3	18	Biogas	0.0
3	19	Biogas	0.0
3	20	Biogas	0.0
3	21	Biogas	0.0
3	22	Biogas	0.0
3	23	Biogas	0.0
3	24	Biogas	0.0
3	1	CH4_H2_Mix	0.0
3	2	CH4_H2_Mix	0.0
3	3	CH4_H2_Mix	0.0
3	4	CH4_H2_Mix	0.0
3	5	CH4_H2_Mix	0.0
3	6	CH4_H2_Mix	0.0
3	7	CH4_H2_Mix	0.0
3	8	CH4_H2_Mix	0.0
3	9	CH4_H2_Mix	0.0
3	10	CH4_H2_Mix	0.0
3	11	CH4_H2_Mix	0.0
3	12	CH4_H2_Mix	0.0
3	13	CH4_H2_Mix	0.0
3	14	CH4_H2_Mix	0.0
3	15	CH4_H2_Mix	0.0
3	16	CH4_H2_Mix	0.0
3	17	CH4_H2_Mix	0.0
3	18	CH4_H2_Mix	0.0
3	19	CH4_H2_Mix	0.0
3	20	CH4_H2_Mix	0.0
3	21	CH4_H2_Mix	0.0
3	22	CH4_H2_Mix	0.0
3	23	CH4_H2_Mix	0.0
3	24	CH4_H2_Mix	0.0
3	1	DummyFuel	0.0
3	2	DummyFuel	0.0
3	3	DummyFuel	0.0
3	4	DummyFuel	0.0
3	5	DummyFuel	0.0
3	6	DummyFuel	0.0
3	7	DummyFuel	0.0
3	8	DummyFuel	0.0
3	9	DummyFuel	0.0
3	10	DummyFuel	0.0
3	11	DummyFuel	0.0
3	12	DummyFuel	0.0
3	13	DummyFuel	0.0
3	14	DummyFuel	0.0
3	15	DummyFuel	0.0
3	16	DummyFuel	0.0
3	17	DummyFuel	0.0
3	18	DummyFuel	0.0
3	19	DummyFuel	0.0
3	20	DummyFuel	0.0
3	21	DummyFuel	0.0
3	22	DummyFuel	0.0
3	23	DummyFuel	0.0
3	24	DummyFuel	0.0
4	1	Electricity	32.68938094606896
4	2	Electricity	32.241357008151375
4	3	Electricity	32.255326460438845
4	4	Electricity	32.19010565891851
4	5	Electricity	33.42574389673791
4	6	Electricity	38.671095125227104
4	7	Electricity	48.33779157058879
4	8	Electricity	57.65725833738238
4	9	Electricity	70.684194289473
4	10	Electricity	80.43772294025976
4	11	Electricity	84.64562480046072
4	12	Electricity	85.42100253726096
4	13	Electricity	77.28820059476676
4	14	Electricity	78.25297442397411
4	15	Electricity	84.81426810446636
4	16	Electricity	83.3212259181468
4	17	Electricity	80.11058156560928
4	18	Electricity	75.67782675540064
4	19	Electricity	69.31848712848303
4	20	Electricity	55.80387837209138
4	21	Electricity	41.935426991399495
4	22	Electricity	36.201301083915524
4	23	Electricity	33.83046724268658
4	24	Electricity	31.936092517022114
4	1	LT	6.1126601451115405
4	2	LT	6.1126601451115405
4	3	LT	6.1126601451115405
4	4	LT	6.1126601451115405
4	5	LT	6.1126601451115405
4	6	LT	6.1126601451115405
4	7	LT	6.1126601451115405
4	8	LT	16.840378699782292
4	9	LT	18.790317286072877
4	10	LT	20.740255872363456
4	11	LT	20.740255872363456
4	12	LT	24.817400189152853
4	13	LT	24.817400189152853
4	14	LT	16.48584441136582
4	15	LT	24.817400189152853
4	16	LT	24.817400189152853
4	17	LT	20.737199542290902
4	18	LT	16.488900741438382
4	19	LT	6.1126601451115405
4	20	LT	6.1126601451115405
4	21	LT	6.1126601451115405
4	22	LT	6.1126601451115405
4	23	LT	6.1126601451115405
4	24	LT	6.1126601451115405
4	1	MT	50.00663364806269
4	2	MT	50.00663364806269
4	3	MT	50.00663364806269
4	4	MT	50.00663364806269
4	5	MT	50.00663364806269
4	6	MT	50.00663364806269
4	7	MT	50.00663364806269
4	8	MT	195.59466897779888
4	9	MT	218.24247275417562
4	10	MT	240.89027653055234
4	11	MT	240.89027653055234
4	12	MT	288.24477533570365
4	13	MT	288.24477533570365
4	14	MT	191.47688647300313
4	15	MT	288.24477533570365
4	16	MT	288.24477533570365
4	17	MT	176.4805768133629
4	18	MT	83.59719573886913
4	19	MT	50.00663364806269
4	20	MT	50.00663364806269
4	21	MT	50.00663364806269
4	22	MT	50.00663364806269
4	23	MT	50.00663364806269
4	24	MT	50.00663364806269
4	1	H2	0.0
4	2	H2	0.0
4	3	H2	0.0
4	4	H2	0.0
4	5	H2	0.0
4	6	H2	0.0
4	7	H2	0.0
4	8	H2	0.0
4	9	H2	0.0
4	10	H2	0.0
4	11	H2	0.0
4	12	H2	0.0
4	13	H2	0.0
4	14	H2	0.0
4	15	H2	0.0
4	16	H2	0.0
4	17	H2	0.0
4	18	H2	0.0
4	19	H2	0.0
4	20	H2	0.0
4	21	H2	0.0
4	22	H2	0.0
4	23	H2	0.0
4	24	H2	0.0
4	1	CH4	0.0
4	2	CH4	0.0
4	3	CH4	0.0
4	4	CH4	0.0
4	5	CH4	0.0
4	6	CH4	0.0
4	7	CH4	0.0
4	8	CH4	0.0
4	9	CH4	0.0
4	10	CH4	0.0
4	11	CH4	0.0
4	12	CH4	0.0
4	13	CH4	0.0
4	14	CH4	0.0
4	15	CH4	0.0
4	16	CH4	0.0
4	17	CH4	0.0
4	18	CH4	0.0
4	19	CH4	0.0
4	20	CH4	0.0
4	21	CH4	0.0
4	22	CH4	0.0
4	23	CH4	0.0
4	24	CH4	0.0
4	1	Biogas	0.0
4	2	Biogas	0.0
4	3	Biogas	0.0
4	4	Biogas	0.0
4	5	Biogas	0.0
4	6	Biogas	0.0
4	7	Biogas	0.0
4	8	Biogas	0.0
4	9	Biogas	0.0
4	10	Biogas	0.0
4	11	Biogas	0.0
4	12	Biogas	0.0
4	13	Biogas	0.0
4	14	Biogas	0.0
4	15	Biogas	0.0
4	16	Biogas	0.0
4	17	Biogas	0.0
4	18	Biogas	0.0
4	19	Biogas	0.0
4	20	Biogas	0.0
4	21	Biogas	0.0
4	22	Biogas	0.0
4	23	Biogas	0.0
4	24	Biogas	0.0
4	1	CH4_H2_Mix	0.0
4	2	CH4_H2_Mix	0.0
4	3	CH4_H2_Mix	0.0
4	4	CH4_H2_Mix	0.0
4	5	CH4_H2_Mix	0.0
4	6	CH4_H2_Mix	0.0
4	7	CH4_H2_Mix	0.0
4	8	CH4_H2_Mix	0.0
4	9	CH4_H2_Mix	0.0
4	10	CH4_H2_Mix	0.0
4	11	CH4_H2_Mix	0.0
4	12	CH4_H2_Mix	0.0
4	13	CH4_H2_Mix	0.0
4	14	CH4_H2_Mix	0.0
4	15	CH4_H2_Mix	0.0
4	16	CH4_H2_Mix	0.0
4	17	CH4_H2_Mix	0.0
4	18	CH4_H2_Mix	0.0
4	19	CH4_H2_Mix	0.0
4	20	CH4_H2_Mix	0.0
4	21	CH4_H2_Mix	0.0
4	22	CH4_H2_Mix	0.0
4	23	CH4_H2_Mix	0.0
4	24	CH4_H2_Mix	0.0
4	1	DummyFuel	0.0
4	2	DummyFuel	0.0
4	3	DummyFuel	0.0
4	4	DummyFuel	0.0
4	5	DummyFuel	0.0
4	6	DummyFuel	0.0
4	7	DummyFuel	0.0
4	8	DummyFuel	0.0
4	9	DummyFuel	0.0
4	10	DummyFuel	0.0
4	11	DummyFuel	0.0
4	12	DummyFuel	0.0
4	13	DummyFuel	0.0
4	14	DummyFuel	0.0
4	15	DummyFuel	0.0
4	16	DummyFuel	0.0
4	17	DummyFuel	0.0
4	18	DummyFuel	0.0
4	19	DummyFuel	0.0
4	20	DummyFuel	0.0
4	21	DummyFuel	0.0
4	22	DummyFuel	0.0
4	23	DummyFuel	0.0
4	24	DummyFuel	0.0
5	1	Electricity	36.03474731073365
5	2	Electricity	36.2394903191455
5	3	Electricity	36.01828537020493
5	4	Electricity	36.163201921221976
5	5	Electricity	37.61269148982866
5	6	Electricity	44.08857127163103
5	7	Electricity	55.14358295793951
5	8	Electricity	68.34297082545685
5	9	Electricity	83.10885099151412
5	10	Electricity	91.19121798907038
5	11	Electricity	94.58756698023338
5	12	Electricity	93.2716204489959
5	13	Electricity	83.27427646365751
5	14	Electricity	82.70129761967858
5	15	Electricity	90.3012799702801
5	16	Electricity	90.45012662296075
5	17	Electricity	88.96066950094868
5	18	Electricity	86.25715582488544
5	19	Electricity	79.44411687947635
5	20	Electricity	65.03682178978029
5	21	Electricity	48.939624689211776
5	22	Electricity	41.84249615315836
5	23	Electricity	38.49648217835841
5	24	Electricity	36.81122722626996
5	1	LT	5.534288340328949
5	2	LT	5.534288340328949
5	3	LT	5.534288340328949
5	4	LT	5.534288340328949
5	5	LT	5.534288340328949
5	6	LT	5.534288340328949
5	7	LT	5.534288340328949
5	8	LT	15.246964377606254
5	9	LT	17.012402358171194
5	10	LT	18.777840338736127
5	11	LT	18.777840338736127
5	12	LT	22.469210661735534
5	13	LT	22.469210661735534
5	14	LT	14.925975653867177
5	15	LT	22.469210661735534
5	16	LT	22.469210661735534
5	17	LT	18.775073194565962
5	18	LT	14.92874279803734
5	19	LT	5.534288340328949
5	20	LT	5.534288340328949
5	21	LT	5.534288340328949
5	22	LT	5.534288340328949
5	23	LT	5.534288340328949
5	24	LT	5.534288340328949
5	1	MT	48.86718246087749
5	2	MT	48.86718246087749
5	3	MT	48.86718246087749
5	4	MT	48.86718246087749
5	5	MT	48.86718246087749
5	6	MT	48.86718246087749
5	7	MT	48.86718246087749
5	8	MT	191.7718717758249
5	9	MT	213.9770358761836
5	10	MT	236.18219997654228
5	11	MT	236.18219997654228
5	12	MT	282.61117945911036
5	13	MT	282.61117945911036
5	14	MT	187.73456921212338
5	15	MT	282.61117945911036
5	16	MT	282.61117945911036
5	17	MT	172.53420978804644
5	18	MT	81.12993110017852
5	19	MT	48.86718246087749
5	20	MT	48.86718246087749
5	21	MT	48.86718246087749
5	22	MT	48.86718246087749
5	23	MT	48.86718246087749
5	24	MT	48.86718246087749
5	1	H2	0.0
5	2	H2	0.0
5	3	H2	0.0
5	4	H2	0.0
5	5	H2	0.0
5	6	H2	0.0
5	7	H2	0.0
5	8	H2	0.0
5	9	H2	0.0
5	10	H2	0.0
5	11	H2	0.0
5	12	H2	0.0
5	13	H2	0.0
5	14	H2	0.0
5	15	H2	0.0
5	16	H2	0.0
5	17	H2	0.0
5	18	H2	0.0
5	19	H2	0.0
5	20	H2	0.0
5	21	H2	0.0
5	22	H2	0.0
5	23	H2	0.0
5	24	H2	0.0
5	1	CH4	0.0
5	2	CH4	0.0
5	3	CH4	0.0
5	4	CH4	0.0
5	5	CH4	0.0
5	6	CH4	0.0
5	7	CH4	0.0
5	8	CH4	0.0
5	9	CH4	0.0
5	10	CH4	0.0
5	11	CH4	0.0
5	12	CH4	0.0
5	13	CH4	0.0
5	14	CH4	0.0
5	15	CH4	0.0
5	16	CH4	0.0
5	17	CH4	0.0
5	18	CH4	0.0
5	19	CH4	0.0
5	20	CH4	0.0
5	21	CH4	0.0
5	22	CH4	0.0
5	23	CH4	0.0
5	24	CH4	0.0
5	1	Biogas	0.0
5	2	Biogas	0.0
5	3	Biogas	0.0
5	4	Biogas	0.0
5	5	Biogas	0.0
5	6	Biogas	0.0
5	7	Biogas	0.0
5	8	Biogas	0.0
5	9	Biogas	0.0
5	10	Biogas	0.0
5	11	Biogas	0.0
5	12	Biogas	0.0
5	13	Biogas	0.0
5	14	Biogas	0.0
5	15	Biogas	0.0
5	16	Biogas	0.0
5	17	Biogas	0.0
5	18	Biogas	0.0
5	19	Biogas	0.0
5	20	Biogas	0.0
5	21	Biogas	0.0
5	22	Biogas	0.0
5	23	Biogas	0.0
5	24	Biogas	0.0
5	1	CH4_H2_Mix	0.0
5	2	CH4_H2_Mix	0.0
5	3	CH4_H2_Mix	0.0
5	4	CH4_H2_Mix	0.0
5	5	CH4_H2_Mix	0.0
5	6	CH4_H2_Mix	0.0
5	7	CH4_H2_Mix	0.0
5	8	CH4_H2_Mix	0.0
5	9	CH4_H2_Mix	0.0
5	10	CH4_H2_Mix	0.0
5	11	CH4_H2_Mix	0.0
5	12	CH4_H2_Mix	0.0
5	13	CH4_H2_Mix	0.0
5	14	CH4_H2_Mix	0.0
5	15	CH4_H2_Mix	0.0
5	16	CH4_H2_Mix	0.0
5	17	CH4_H2_Mix	0.0
5	18	CH4_H2_Mix	0.0
5	19	CH4_H2_Mix	0.0
5	20	CH4_H2_Mix	0.0
5	21	CH4_H2_Mix	0.0
5	22	CH4_H2_Mix	0.0
5	23	CH4_H2_Mix	0.0
5	24	CH4_H2_Mix	0.0
5	1	DummyFuel	0.0
5	2	DummyFuel	0.0
5	3	DummyFuel	0.0
5	4	DummyFuel	0.0
5	5	DummyFuel	0.0
5	6	DummyFuel	0.0
5	7	DummyFuel	0.0
5	8	DummyFuel	0.0
5	9	DummyFuel	0.0
5	10	DummyFuel	0.0
5	11	DummyFuel	0.0
5	12	DummyFuel	0.0
5	13	DummyFuel	0.0
5	14	DummyFuel	0.0
5	15	DummyFuel	0.0
5	16	DummyFuel	0.0
5	17	DummyFuel	0.0
5	18	DummyFuel	0.0
5	19	DummyFuel	0.0
5	20	DummyFuel	0.0
5	21	DummyFuel	0.0
5	22	DummyFuel	0.0
5	23	DummyFuel	0.0
5	24	DummyFuel	0.0
6	1	Electricity	42.08875094590379
6	2	Electricity	42.08608591364762
6	3	Electricity	42.2990701410836
6	4	Electricity	42.58769768999382
6	5	Electricity	44.35333339891924
6	6	Electricity	50.20613062057231
6	7	Electricity	60.91133257588413
6	8	Electricity	75.27093150849717
6	9	Electricity	91.02270392838632
6	10	Electricity	101.39581477613707
6	11	Electricity	104.24125753408396
6	12	Electricity	102.13899293668959
6	13	Electricity	90.88035851122319
6	14	Electricity	91.28280055165663
6	15	Electricity	97.46467267973846
6	16	Electricity	96.90630570412601
6	17	Electricity	96.78130265803114
6	18	Electricity	92.95256429432405
6	19	Electricity	83.90170429525432
6	20	Electricity	68.70559079673357
6	21	Electricity	52.56579212281984
6	22	Electricity	45.18487550475316
6	23	Electricity	44.17783753849878
6	24	Electricity	43.32563025912443
6	1	LT	35.22404098583527
6	2	LT	35.22404098583527
6	3	LT	35.22404098583527
6	4	LT	35.22404098583527
6	5	LT	35.22404098583527
6	6	LT	35.22404098583527
6	7	LT	35.22404098583527
6	8	LT	97.04223291597616
6	9	LT	108.2787019904576
6	10	LT	119.51517106493905
6	11	LT	119.51517106493905
6	12	LT	143.0096064024912
6	13	LT	143.0096064024912
6	14	LT	94.9992385387977
6	15	LT	143.0096064024912
6	16	LT	143.0096064024912
6	17	LT	119.49755904444616
6	18	LT	95.01685055929063
6	19	LT	35.22404098583527
6	20	LT	35.22404098583527
6	21	LT	35.22404098583527
6	22	LT	35.22404098583527
6	23	LT	35.22404098583527
6	24	LT	35.22404098583527
6	1	MT	108.63695874030127
6	2	MT	108.63695874030127
6	3	MT	108.63695874030127
6	4	MT	108.63695874030127
6	5	MT	108.63695874030127
6	6	MT	108.63695874030127
6	7	MT	108.63695874030127
6	8	MT	393.23289407296494
6	9	MT	438.7651239129925
6	10	MT	484.29735375302005
6	11	MT	484.29735375302005
6	12	MT	579.5011070548957
6	13	MT	579.5011070548957
6	14	MT	384.95430682932357
6	15	MT	579.5011070548957
6	16	MT	579.5011070548957
6	17	MT	379.65110153486137
6	18	MT	209.7191350841503
6	19	MT	108.63695874030127
6	20	MT	108.63695874030127
6	21	MT	108.63695874030127
6	22	MT	108.63695874030127
6	23	MT	108.63695874030127
6	24	MT	108.63695874030127
6	1	H2	0.0
6	2	H2	0.0
6	3	H2	0.0
6	4	H2	0.0
6	5	H2	0.0
6	6	H2	0.0
6	7	H2	0.0
6	8	H2	0.0
6	9	H2	0.0
6	10	H2	0.0
6	11	H2	0.0
6	12	H2	0.0
6	13	H2	0.0
6	14	H2	0.0
6	15	H2	0.0
6	16	H2	0.0
6	17	H2	0.0
6	18	H2	0.0
6	19	H2	0.0
6	20	H2	0.0
6	21	H2	0.0
6	22	H2	0.0
6	23	H2	0.0
6	24	H2	0.0
6	1	CH4	0.0
6	2	CH4	0.0
6	3	CH4	0.0
6	4	CH4	0.0
6	5	CH4	0.0
6	6	CH4	0.0
6	7	CH4	0.0
6	8	CH4	0.0
6	9	CH4	0.0
6	10	CH4	0.0
6	11	CH4	0.0
6	12	CH4	0.0
6	13	CH4	0.0
6	14	CH4	0.0
6	15	CH4	0.0
6	16	CH4	0.0
6	17	CH4	0.0
6	18	CH4	0.0
6	19	CH4	0.0
6	20	CH4	0.0
6	21	CH4	0.0
6	22	CH4	0.0
6	23	CH4	0.0
6	24	CH4	0.0
6	1	Biogas	0.0
6	2	Biogas	0.0
6	3	Biogas	0.0
6	4	Biogas	0.0
6	5	Biogas	0.0
6	6	Biogas	0.0
6	7	Biogas	0.0
6	8	Biogas	0.0
6	9	Biogas	0.0
6	10	Biogas	0.0
6	11	Biogas	0.0
6	12	Biogas	0.0
6	13	Biogas	0.0
6	14	Biogas	0.0
6	15	Biogas	0.0
6	16	Biogas	0.0
6	17	Biogas	0.0
6	18	Biogas	0.0
6	19	Biogas	0.0
6	20	Biogas	0.0
6	21	Biogas	0.0
6	22	Biogas	0.0
6	23	Biogas	0.0
6	24	Biogas	0.0
6	1	CH4_H2_Mix	0.0
6	2	CH4_H2_Mix	0.0
6	3	CH4_H2_Mix	0.0
6	4	CH4_H2_Mix	0.0
6	5	CH4_H2_Mix	0.0
6	6	CH4_H2_Mix	0.0
6	7	CH4_H2_Mix	0.0
6	8	CH4_H2_Mix	0.0
6	9	CH4_H2_Mix	0.0
6	10	CH4_H2_Mix	0.0
6	11	CH4_H2_Mix	0.0
6	12	CH4_H2_Mix	0.0
6	13	CH4_H2_Mix	0.0
6	14	CH4_H2_Mix	0.0
6	15	CH4_H2_Mix	0.0
6	16	CH4_H2_Mix	0.0
6	17	CH4_H2_Mix	0.0
6	18	CH4_H2_Mix	0.0
6	19	CH4_H2_Mix	0.0
6	20	CH4_H2_Mix	0.0
6	21	CH4_H2_Mix	0.0
6	22	CH4_H2_Mix	0.0
6	23	CH4_H2_Mix	0.0
6	24	CH4_H2_Mix	0.0
6	1	DummyFuel	0.0
6	2	DummyFuel	0.0
6	3	DummyFuel	0.0
6	4	DummyFuel	0.0
6	5	DummyFuel	0.0
6	6	DummyFuel	0.0
6	7	DummyFuel	0.0
6	8	DummyFuel	0.0
6	9	DummyFuel	0.0
6	10	DummyFuel	0.0
6	11	DummyFuel	0.0
6	12	DummyFuel	0.0
6	13	DummyFuel	0.0
6	14	DummyFuel	0.0
6	15	DummyFuel	0.0
6	16	DummyFuel	0.0
6	17	DummyFuel	0.0
6	18	DummyFuel	0.0
6	19	DummyFuel	0.0
6	20	DummyFuel	0.0
6	21	DummyFuel	0.0
6	22	DummyFuel	0.0
6	23	DummyFuel	0.0
6	24	DummyFuel	0.0
7	1	Electricity	32.82124604990108
7	2	Electricity	32.61437884984132
7	3	Electricity	32.24545506785826
7	4	Electricity	32.33418188764502
7	5	Electricity	33.49535750165463
7	6	Electricity	38.196779862713676
7	7	Electricity	48.495844041881185
7	8	Electricity	58.84459142135776
7	9	Electricity	72.55084093857252
7	10	Electricity	82.35638139910074
7	11	Electricity	86.81071274969513
7	12	Electricity	87.07378957042003
7	13	Electricity	78.77868439167287
7	14	Electricity	79.78384390848208
7	15	Electricity	86.2203962726407
7	16	Electricity	85.94934130550644
7	17	Electricity	84.16912681815336
7	18	Electricity	80.05206504920051
7	19	Electricity	71.57743167414016
7	20	Electricity	58.72215537920868
7	21	Electricity	43.263222735826666
7	22	Electricity	37.686956688827266
7	23	Electricity	35.545020067159626
7	24	Electricity	33.60286610484903
7	1	LT	3.413591722792784
7	2	LT	3.413591722792784
7	3	LT	3.413591722792784
7	4	LT	3.413591722792784
7	5	LT	3.413591722792784
7	6	LT	3.413591722792784
7	7	LT	3.413591722792784
7	8	LT	9.40444519629412
7	9	LT	10.49338095586502
7	10	LT	11.582316715435915
7	11	LT	11.582316715435915
7	12	LT	13.859182394538703
7	13	LT	13.859182394538703
7	14	LT	9.206456876372139
7	15	LT	13.859182394538703
7	16	LT	13.859182394538703
7	17	LT	11.58060991957452
7	18	LT	9.208163672233535
7	19	LT	3.413591722792784
7	20	LT	3.413591722792784
7	21	LT	3.413591722792784
7	22	LT	3.413591722792784
7	23	LT	3.413591722792784
7	24	LT	3.413591722792784
7	1	MT	44.689194774531764
7	2	MT	44.689194774531764
7	3	MT	44.689194774531764
7	4	MT	44.689194774531764
7	5	MT	44.689194774531764
7	6	MT	44.689194774531764
7	7	MT	44.689194774531764
7	8	MT	177.75494870192043
7	9	MT	198.33710065687964
7	10	MT	218.91925261183883
7	11	MT	218.91925261183883
7	12	MT	261.9546612449353
7	13	MT	261.9546612449353
7	14	MT	174.01273925556418
7	15	MT	261.9546612449353
7	16	MT	261.9546612449353
7	17	MT	158.06419736188624
7	18	MT	72.08329409164631
7	19	MT	44.689194774531764
7	20	MT	44.689194774531764
7	21	MT	44.689194774531764
7	22	MT	44.689194774531764
7	23	MT	44.689194774531764
7	24	MT	44.689194774531764
7	1	H2	0.0
7	2	H2	0.0
7	3	H2	0.0
7	4	H2	0.0
7	5	H2	0.0
7	6	H2	0.0
7	7	H2	0.0
7	8	H2	0.0
7	9	H2	0.0
7	10	H2	0.0
7	11	H2	0.0
7	12	H2	0.0
7	13	H2	0.0
7	14	H2	0.0
7	15	H2	0.0
7	16	H2	0.0
7	17	H2	0.0
7	18	H2	0.0
7	19	H2	0.0
7	20	H2	0.0
7	21	H2	0.0
7	22	H2	0.0
7	23	H2	0.0
7	24	H2	0.0
7	1	CH4	0.0
7	2	CH4	0.0
7	3	CH4	0.0
7	4	CH4	0.0
7	5	CH4	0.0
7	6	CH4	0.0
7	7	CH4	0.0
7	8	CH4	0.0
7	9	CH4	0.0
7	10	CH4	0.0
7	11	CH4	0.0
7	12	CH4	0.0
7	13	CH4	0.0
7	14	CH4	0.0
7	15	CH4	0.0
7	16	CH4	0.0
7	17	CH4	0.0
7	18	CH4	0.0
7	19	CH4	0.0
7	20	CH4	0.0
7	21	CH4	0.0
7	22	CH4	0.0
7	23	CH4	0.0
7	24	CH4	0.0
7	1	Biogas	0.0
7	2	Biogas	0.0
7	3	Biogas	0.0
7	4	Biogas	0.0
7	5	Biogas	0.0
7	6	Biogas	0.0
7	7	Biogas	0.0
7	8	Biogas	0.0
7	9	Biogas	0.0
7	10	Biogas	0.0
7	11	Biogas	0.0
7	12	Biogas	0.0
7	13	Biogas	0.0
7	14	Biogas	0.0
7	15	Biogas	0.0
7	16	Biogas	0.0
7	17	Biogas	0.0
7	18	Biogas	0.0
7	19	Biogas	0.0
7	20	Biogas	0.0
7	21	Biogas	0.0
7	22	Biogas	0.0
7	23	Biogas	0.0
7	24	Biogas	0.0
7	1	CH4_H2_Mix	0.0
7	2	CH4_H2_Mix	0.0
7	3	CH4_H2_Mix	0.0
7	4	CH4_H2_Mix	0.0
7	5	CH4_H2_Mix	0.0
7	6	CH4_H2_Mix	0.0
7	7	CH4_H2_Mix	0.0
7	8	CH4_H2_Mix	0.0
7	9	CH4_H2_Mix	0.0
7	10	CH4_H2_Mix	0.0
7	11	CH4_H2_Mix	0.0
7	12	CH4_H2_Mix	0.0
7	13	CH4_H2_Mix	0.0
7	14	CH4_H2_Mix	0.0
7	15	CH4_H2_Mix	0.0
7	16	CH4_H2_Mix	0.0
7	17	CH4_H2_Mix	0.0
7	18	CH4_H2_Mix	0.0
7	19	CH4_H2_Mix	0.0
7	20	CH4_H2_Mix	0.0
7	21	CH4_H2_Mix	0.0
7	22	CH4_H2_Mix	0.0
7	23	CH4_H2_Mix	0.0
7	24	CH4_H2_Mix	0.0
7	1	DummyFuel	0.0
7	2	DummyFuel	0.0
7	3	DummyFuel	0.0
7	4	DummyFuel	0.0
7	5	DummyFuel	0.0
7	6	DummyFuel	0.0
7	7	DummyFuel	0.0
7	8	DummyFuel	0.0
7	9	DummyFuel	0.0
7	10	DummyFuel	0.0
7	11	DummyFuel	0.0
7	12	DummyFuel	0.0
7	13	DummyFuel	0.0
7	14	DummyFuel	0.0
7	15	DummyFuel	0.0
7	16	DummyFuel	0.0
7	17	DummyFuel	0.0
7	18	DummyFuel	0.0
7	19	DummyFuel	0.0
7	20	DummyFuel	0.0
7	21	DummyFuel	0.0
7	22	DummyFuel	0.0
7	23	DummyFuel	0.0
7	24	DummyFuel	0.0
8	1	Electricity	32.23545808046389
8	2	Electricity	31.37828201486041
8	3	Electricity	31.235820529542767
8	4	Electricity	31.459696566248986
8	5	Electricity	33.48089405661258
8	6	Electricity	38.2497729943702
8	7	Electricity	48.1133049408994
8	8	Electricity	58.4762774469152
8	9	Electricity	72.8468768332531
8	10	Electricity	86.09695065797793
8	11	Electricity	90.87496748622631
8	12	Electricity	91.51715365857582
8	13	Electricity	84.15532542525663
8	14	Electricity	86.06950070412249
8	15	Electricity	93.6259706212707
8	16	Electricity	92.28963741925517
8	17	Electricity	90.38590791958048
8	18	Electricity	85.17039441594663
8	19	Electricity	76.91734766428218
8	20	Electricity	60.96309289195569
8	21	Electricity	46.09101540654363
8	22	Electricity	39.93129075964521
8	23	Electricity	37.04044412099078
8	24	Electricity	35.06671103145406
8	1	LT	2.2522089344603495
8	2	LT	2.2522089344603495
8	3	LT	2.2522089344603495
8	4	LT	2.2522089344603495
8	5	LT	2.2522089344603495
8	6	LT	2.2522089344603495
8	7	LT	2.2522089344603495
8	8	LT	9.79710886490252
8	9	LT	11.021747473015335
8	10	LT	12.246386081128149
8	11	LT	12.246386081128149
8	12	LT	14.695663297353777
8	13	LT	14.695663297353777
8	14	LT	9.79710886490252
8	15	LT	14.695663297353777
8	16	LT	14.695663297353777
8	17	LT	12.246386081128149
8	18	LT	9.85341408826403
8	19	LT	3.519076460094296
8	20	LT	3.519076460094296
8	21	LT	3.519076460094296
8	22	LT	3.519076460094296
8	23	LT	3.519076460094296
8	24	LT	3.519076460094296
8	1	MT	41.774240780022915
8	2	MT	41.774240780022915
8	3	MT	41.774240780022915
8	4	MT	41.774240780022915
8	5	MT	41.774240780022915
8	6	MT	41.774240780022915
8	7	MT	41.774240780022915
8	8	MT	178.1778560940075
8	9	MT	200.45008810575843
8	10	MT	222.72232011750935
8	11	MT	222.72232011750935
8	12	MT	267.2667841410112
8	13	MT	267.2667841410112
8	14	MT	178.1778560940075
8	15	MT	267.2667841410112
8	16	MT	267.2667841410112
8	17	MT	159.8856995586232
8	18	MT	52.56561230154348
8	19	MT	45.11339798784424
8	20	MT	45.11339798784424
8	21	MT	45.11339798784424
8	22	MT	45.11339798784424
8	23	MT	45.11339798784424
8	24	MT	45.11339798784424
8	1	H2	0.0
8	2	H2	0.0
8	3	H2	0.0
8	4	H2	0.0
8	5	H2	0.0
8	6	H2	0.0
8	7	H2	0.0
8	8	H2	0.0
8	9	H2	0.0
8	10	H2	0.0
8	11	H2	0.0
8	12	H2	0.0
8	13	H2	0.0
8	14	H2	0.0
8	15	H2	0.0
8	16	H2	0.0
8	17	H2	0.0
8	18	H2	0.0
8	19	H2	0.0
8	20	H2	0.0
8	21	H2	0.0
8	22	H2	0.0
8	23	H2	0.0
8	24	H2	0.0
8	1	CH4	0.0
8	2	CH4	0.0
8	3	CH4	0.0
8	4	CH4	0.0
8	5	CH4	0.0
8	6	CH4	0.0
8	7	CH4	0.0
8	8	CH4	0.0
8	9	CH4	0.0
8	10	CH4	0.0
8	11	CH4	0.0
8	12	CH4	0.0
8	13	CH4	0.0
8	14	CH4	0.0
8	15	CH4	0.0
8	16	CH4	0.0
8	17	CH4	0.0
8	18	CH4	0.0
8	19	CH4	0.0
8	20	CH4	0.0
8	21	CH4	0.0
8	22	CH4	0.0
8	23	CH4	0.0
8	24	CH4	0.0
8	1	Biogas	0.0
8	2	Biogas	0.0
8	3	Biogas	0.0
8	4	Biogas	0.0
8	5	Biogas	0.0
8	6	Biogas	0.0
8	7	Biogas	0.0
8	8	Biogas	0.0
8	9	Biogas	0.0
8	10	Biogas	0.0
8	11	Biogas	0.0
8	12	Biogas	0.0
8	13	Biogas	0.0
8	14	Biogas	0.0
8	15	Biogas	0.0
8	16	Biogas	0.0
8	17	Biogas	0.0
8	18	Biogas	0.0
8	19	Biogas	0.0
8	20	Biogas	0.0
8	21	Biogas	0.0
8	22	Biogas	0.0
8	23	Biogas	0.0
8	24	Biogas	0.0
8	1	CH4_H2_Mix	0.0
8	2	CH4_H2_Mix	0.0
8	3	CH4_H2_Mix	0.0
8	4	CH4_H2_Mix	0.0
8	5	CH4_H2_Mix	0.0
8	6	CH4_H2_Mix	0.0
8	7	CH4_H2_Mix	0.0
8	8	CH4_H2_Mix	0.0
8	9	CH4_H2_Mix	0.0
8	10	CH4_H2_Mix	0.0
8	11	CH4_H2_Mix	0.0
8	12	CH4_H2_Mix	0.0
8	13	CH4_H2_Mix	0.0
8	14	CH4_H2_Mix	0.0
8	15	CH4_H2_Mix	0.0
8	16	CH4_H2_Mix	0.0
8	17	CH4_H2_Mix	0.0
8	18	CH4_H2_Mix	0.0
8	19	CH4_H2_Mix	0.0
8	20	CH4_H2_Mix	0.0
8	21	CH4_H2_Mix	0.0
8	22	CH4_H2_Mix	0.0
8	23	CH4_H2_Mix	0.0
8	24	CH4_H2_Mix	0.0
8	1	DummyFuel	0.0
8	2	DummyFuel	0.0
8	3	DummyFuel	0.0
8	4	DummyFuel	0.0
8	5	DummyFuel	0.0
8	6	DummyFuel	0.0
8	7	DummyFuel	0.0
8	8	DummyFuel	0.0
8	9	DummyFuel	0.0
8	10	DummyFuel	0.0
8	11	DummyFuel	0.0
8	12	DummyFuel	0.0
8	13	DummyFuel	0.0
8	14	DummyFuel	0.0
8	15	DummyFuel	0.0
8	16	DummyFuel	0.0
8	17	DummyFuel	0.0
8	18	DummyFuel	0.0
8	19	DummyFuel	0.0
8	20	DummyFuel	0.0
8	21	DummyFuel	0.0
8	22	DummyFuel	0.0
8	23	DummyFuel	0.0
8	24	DummyFuel	0.0
9	1	Electricity	34.10713275337063
9	2	Electricity	33.17335578501544
9	3	Electricity	32.89335404332353
9	4	Electricity	32.80377937619888
9	5	Electricity	34.04088905214839
9	6	Electricity	38.07130681787041
9	7	Electricity	48.3065358177037
9	8	Electricity	59.38320061238805
9	9	Electricity	74.05031339186544
9	10	Electricity	83.79404329084852
9	11	Electricity	88.28388085524628
9	12	Electricity	89.10778073075743
9	13	Electricity	80.83941797405714
9	14	Electricity	81.8249519140184
9	15	Electricity	89.88603442917129
9	16	Electricity	88.9302002041903
9	17	Electricity	86.18481331348912
9	18	Electricity	80.37653569080139
9	19	Electricity	72.85619988551494
9	20	Electricity	58.726476453955094
9	21	Electricity	44.859952118805374
9	22	Electricity	37.81676259005674
9	23	Electricity	35.71123569461126
9	24	Electricity	33.91768535382254
9	1	LT	6.64428330232194
9	2	LT	6.64428330232194
9	3	LT	6.64428330232194
9	4	LT	6.64428330232194
9	5	LT	6.64428330232194
9	6	LT	6.64428330232194
9	7	LT	6.64428330232194
9	8	LT	18.00386443209816
9	9	LT	22.5048305401227
9	10	LT	24.755313594134968
9	11	LT	24.755313594134968
9	12	LT	29.25627970215951
9	13	LT	29.25627970215951
9	14	LT	20.25434748611043
9	15	LT	29.25627970215951
9	16	LT	24.755313594134968
9	17	LT	21.433171942974
9	18	LT	18.00386443209816
9	19	LT	6.64428330232194
9	20	LT	6.64428330232194
9	21	LT	6.64428330232194
9	22	LT	6.64428330232194
9	23	LT	6.64428330232194
9	24	LT	6.64428330232194
9	1	MT	74.56097117412928
9	2	MT	48.024032726978376
9	3	MT	48.024032726978376
9	4	MT	48.024032726978376
9	5	MT	48.024032726978376
9	6	MT	48.024032726978376
9	7	MT	48.024032726978376
9	8	MT	193.42319844481844
9	9	MT	241.77899805602306
9	10	MT	265.9568978616254
9	11	MT	265.9568978616254
9	12	MT	314.31269747282994
9	13	MT	314.31269747282994
9	14	MT	217.60109825042073
9	15	MT	314.31269747282994
9	16	MT	244.21702136453635
9	17	MT	125.28441747854586
9	18	MT	86.86718406472019
9	19	MT	50.06533568445151
9	20	MT	48.024032726978376
9	21	MT	48.024032726978376
9	22	MT	48.024032726978376
9	23	MT	48.024032726978376
9	24	MT	48.024032726978376
9	1	H2	0.0
9	2	H2	0.0
9	3	H2	0.0
9	4	H2	0.0
9	5	H2	0.0
9	6	H2	0.0
9	7	H2	0.0
9	8	H2	0.0
9	9	H2	0.0
9	10	H2	0.0
9	11	H2	0.0
9	12	H2	0.0
9	13	H2	0.0
9	14	H2	0.0
9	15	H2	0.0
9	16	H2	0.0
9	17	H2	0.0
9	18	H2	0.0
9	19	H2	0.0
9	20	H2	0.0
9	21	H2	0.0
9	22	H2	0.0
9	23	H2	0.0
9	24	H2	0.0
9	1	CH4	0.0
9	2	CH4	0.0
9	3	CH4	0.0
9	4	CH4	0.0
9	5	CH4	0.0
9	6	CH4	0.0
9	7	CH4	0.0
9	8	CH4	0.0
9	9	CH4	0.0
9	10	CH4	0.0
9	11	CH4	0.0
9	12	CH4	0.0
9	13	CH4	0.0
9	14	CH4	0.0
9	15	CH4	0.0
9	16	CH4	0.0
9	17	CH4	0.0
9	18	CH4	0.0
9	19	CH4	0.0
9	20	CH4	0.0
9	21	CH4	0.0
9	22	CH4	0.0
9	23	CH4	0.0
9	24	CH4	0.0
9	1	Biogas	0.0
9	2	Biogas	0.0
9	3	Biogas	0.0
9	4	Biogas	0.0
9	5	Biogas	0.0
9	6	Biogas	0.0
9	7	Biogas	0.0
9	8	Biogas	0.0
9	9	Biogas	0.0
9	10	Biogas	0.0
9	11	Biogas	0.0
9	12	Biogas	0.0
9	13	Biogas	0.0
9	14	Biogas	0.0
9	15	Biogas	0.0
9	16	Biogas	0.0
9	17	Biogas	0.0
9	18	Biogas	0.0
9	19	Biogas	0.0
9	20	Biogas	0.0
9	21	Biogas	0.0
9	22	Biogas	0.0
9	23	Biogas	0.0
9	24	Biogas	0.0
9	1	CH4_H2_Mix	0.0
9	2	CH4_H2_Mix	0.0
9	3	CH4_H2_Mix	0.0
9	4	CH4_H2_Mix	0.0
9	5	CH4_H2_Mix	0.0
9	6	CH4_H2_Mix	0.0
9	7	CH4_H2_Mix	0.0
9	8	CH4_H2_Mix	0.0
9	9	CH4_H2_Mix	0.0
9	10	CH4_H2_Mix	0.0
9	11	CH4_H2_Mix	0.0
9	12	CH4_H2_Mix	0.0
9	13	CH4_H2_Mix	0.0
9	14	CH4_H2_Mix	0.0
9	15	CH4_H2_Mix	0.0
9	16	CH4_H2_Mix	0.0
9	17	CH4_H2_Mix	0.0
9	18	CH4_H2_Mix	0.0
9	19	CH4_H2_Mix	0.0
9	20	CH4_H2_Mix	0.0
9	21	CH4_H2_Mix	0.0
9	22	CH4_H2_Mix	0.0
9	23	CH4_H2_Mix	0.0
9	24	CH4_H2_Mix	0.0
9	1	DummyFuel	0.0
9	2	DummyFuel	0.0
9	3	DummyFuel	0.0
9	4	DummyFuel	0.0
9	5	DummyFuel	0.0
9	6	DummyFuel	0.0
9	7	DummyFuel	0.0
9	8	DummyFuel	0.0
9	9	DummyFuel	0.0
9	10	DummyFuel	0.0
9	11	DummyFuel	0.0
9	12	DummyFuel	0.0
9	13	DummyFuel	0.0
9	14	DummyFuel	0.0
9	15	DummyFuel	0.0
9	16	DummyFuel	0.0
9	17	DummyFuel	0.0
9	18	DummyFuel	0.0
9	19	DummyFuel	0.0
9	20	DummyFuel	0.0
9	21	DummyFuel	0.0
9	22	DummyFuel	0.0
9	23	DummyFuel	0.0
9	24	DummyFuel	0.0
10	1	Electricity	35.55482183404961
10	2	Electricity	35.72225294667413
10	3	Electricity	35.64646178462323
10	4	Electricity	36.36362603385734
10	5	Electricity	38.8421580740022
10	6	Electricity	44.3472560997391
10	7	Electricity	55.509410524987146
10	8	Electricity	68.87876205094551
10	9	Electricity	83.68620794351075
10	10	Electricity	93.74808506265897
10	11	Electricity	96.98810983507013
10	12	Electricity	96.2425280426435
10	13	Electricity	86.45823598483037
10	14	Electricity	84.81219813369832
10	15	Electricity	92.0931990480274
10	16	Electricity	90.47941324577963
10	17	Electricity	87.38213504903203
10	18	Electricity	82.37039600167229
10	19	Electricity	75.24713449639648
10	20	Electricity	62.09752164996799
10	21	Electricity	49.86367559721392
10	22	Electricity	43.405403412727686
10	23	Electricity	40.70183807480741
10	24	Electricity	39.39078077205944
10	1	LT	9.502539608746797
10	2	LT	9.502539608746797
10	3	LT	9.502539608746797
10	4	LT	9.502539608746797
10	5	LT	9.502539608746797
10	6	LT	9.502539608746797
10	7	LT	9.502539608746797
10	8	LT	41.33604729804858
10	9	LT	46.50305321030464
10	10	LT	51.67005912256071
10	11	LT	51.67005912256071
10	12	LT	62.00407094707284
10	13	LT	62.00407094707284
10	14	LT	41.33604729804858
10	15	LT	62.00407094707284
10	16	LT	62.00407094707284
10	17	LT	51.67005912256071
10	18	LT	41.573610788267246
10	19	LT	14.84771813866687
10	20	LT	14.84771813866687
10	21	LT	14.84771813866687
10	22	LT	14.84771813866687
10	23	LT	14.84771813866687
10	24	LT	14.84771813866687
10	1	MT	58.97965289692591
10	2	MT	58.97965289692591
10	3	MT	58.97965289692591
10	4	MT	58.97965289692591
10	5	MT	58.97965289692591
10	6	MT	58.97965289692591
10	7	MT	58.97965289692591
10	8	MT	252.1798189527572
10	9	MT	283.7022963218518
10	10	MT	315.22477369094645
10	11	MT	315.22477369094645
10	12	MT	378.2697284291357
10	13	MT	378.2697284291357
10	14	MT	252.1798189527572
10	15	MT	378.2697284291357
10	16	MT	378.2697284291357
10	17	MT	237.45011079849473
10	18	MT	96.88785361559069
10	19	MT	67.2045247203785
10	20	MT	67.2045247203785
10	21	MT	67.2045247203785
10	22	MT	67.2045247203785
10	23	MT	67.2045247203785
10	24	MT	67.2045247203785
10	1	H2	0.0
10	2	H2	0.0
10	3	H2	0.0
10	4	H2	0.0
10	5	H2	0.0
10	6	H2	0.0
10	7	H2	0.0
10	8	H2	0.0
10	9	H2	0.0
10	10	H2	0.0
10	11	H2	0.0
10	12	H2	0.0
10	13	H2	0.0
10	14	H2	0.0
10	15	H2	0.0
10	16	H2	0.0
10	17	H2	0.0
10	18	H2	0.0
10	19	H2	0.0
10	20	H2	0.0
10	21	H2	0.0
10	22	H2	0.0
10	23	H2	0.0
10	24	H2	0.0
10	1	CH4	0.0
10	2	CH4	0.0
10	3	CH4	0.0
10	4	CH4	0.0
10	5	CH4	0.0
10	6	CH4	0.0
10	7	CH4	0.0
10	8	CH4	0.0
10	9	CH4	0.0
10	10	CH4	0.0
10	11	CH4	0.0
10	12	CH4	0.0
10	13	CH4	0.0
10	14	CH4	0.0
10	15	CH4	0.0
10	16	CH4	0.0
10	17	CH4	0.0
10	18	CH4	0.0
10	19	CH4	0.0
10	20	CH4	0.0
10	21	CH4	0.0
10	22	CH4	0.0
10	23	CH4	0.0
10	24	CH4	0.0
10	1	Biogas	0.0
10	2	Biogas	0.0
10	3	Biogas	0.0
10	4	Biogas	0.0
10	5	Biogas	0.0
10	6	Biogas	0.0
10	7	Biogas	0.0
10	8	Biogas	0.0
10	9	Biogas	0.0
10	10	Biogas	0.0
10	11	Biogas	0.0
10	12	Biogas	0.0
10	13	Biogas	0.0
10	14	Biogas	0.0
10	15	Biogas	0.0
10	16	Biogas	0.0
10	17	Biogas	0.0
10	18	Biogas	0.0
10	19	Biogas	0.0
10	20	Biogas	0.0
10	21	Biogas	0.0
10	22	Biogas	0.0
10	23	Biogas	0.0
10	24	Biogas	0.0
10	1	CH4_H2_Mix	0.0
10	2	CH4_H2_Mix	0.0
10	3	CH4_H2_Mix	0.0
10	4	CH4_H2_Mix	0.0
10	5	CH4_H2_Mix	0.0
10	6	CH4_H2_Mix	0.0
10	7	CH4_H2_Mix	0.0
10	8	CH4_H2_Mix	0.0
10	9	CH4_H2_Mix	0.0
10	10	CH4_H2_Mix	0.0
10	11	CH4_H2_Mix	0.0
10	12	CH4_H2_Mix	0.0
10	13	CH4_H2_Mix	0.0
10	14	CH4_H2_Mix	0.0
10	15	CH4_H2_Mix	0.0
10	16	CH4_H2_Mix	0.0
10	17	CH4_H2_Mix	0.0
10	18	CH4_H2_Mix	0.0
10	19	CH4_H2_Mix	0.0
10	20	CH4_H2_Mix	0.0
10	21	CH4_H2_Mix	0.0
10	22	CH4_H2_Mix	0.0
10	23	CH4_H2_Mix	0.0
10	24	CH4_H2_Mix	0.0
10	1	DummyFuel	0.0
10	2	DummyFuel	0.0
10	3	DummyFuel	0.0
10	4	DummyFuel	0.0
10	5	DummyFuel	0.0
10	6	DummyFuel	0.0
10	7	DummyFuel	0.0
10	8	DummyFuel	0.0
10	9	DummyFuel	0.0
10	10	DummyFuel	0.0
10	11	DummyFuel	0.0
10	12	DummyFuel	0.0
10	13	DummyFuel	0.0
10	14	DummyFuel	0.0
10	15	DummyFuel	0.0
10	16	DummyFuel	0.0
10	17	DummyFuel	0.0
10	18	DummyFuel	0.0
10	19	DummyFuel	0.0
10	20	DummyFuel	0.0
10	21	DummyFuel	0.0
10	22	DummyFuel	0.0
10	23	DummyFuel	0.0
10	24	DummyFuel	0.0
11	1	Electricity	41.9847288719693
11	2	Electricity	42.702015346214864
11	3	Electricity	42.77291459406911
11	4	Electricity	43.13123609107832
11	5	Electricity	45.687432903379026
11	6	Electricity	51.01922594695823
11	7	Electricity	61.69228117871178
11	8	Electricity	76.95892636326236
11	9	Electricity	90.33962723150437
11	10	Electricity	99.99742157119215
11	11	Electricity	103.70525735551293
11	12	Electricity	103.09274307827168
11	13	Electricity	92.36044781074227
11	14	Electricity	91.75029183773304
11	15	Electricity	98.70916240018599
11	16	Electricity	97.04377998331749
11	17	Electricity	94.44268511537734
11	18	Electricity	89.09714897901569
11	19	Electricity	83.48577379747894
11	20	Electricity	70.36276574327513
11	21	Electricity	55.198216195201496
11	22	Electricity	48.25533268451494
11	23	Electricity	46.244480740725336
11	24	Electricity	45.20067278344
11	1	LT	16.11687636423619
11	2	LT	16.11687636423619
11	3	LT	16.11687636423619
11	4	LT	16.11687636423619
11	5	LT	16.11687636423619
11	6	LT	16.11687636423619
11	7	LT	16.11687636423619
11	8	LT	70.10841218442742
11	9	LT	78.87196370748086
11	10	LT	87.63551523053428
11	11	LT	87.63551523053428
11	12	LT	105.16261827664113
11	13	LT	105.16261827664113
11	14	LT	70.10841218442742
11	15	LT	105.16261827664113
11	16	LT	105.16261827664113
11	17	LT	87.63551523053428
11	18	LT	70.51133409353334
11	19	LT	25.182619319119045
11	20	LT	25.182619319119045
11	21	LT	25.182619319119045
11	22	LT	25.182619319119045
11	23	LT	25.182619319119045
11	24	LT	25.182619319119045
11	1	MT	74.9068596582677
11	2	MT	74.9068596582677
11	3	MT	74.9068596582677
11	4	MT	74.9068596582677
11	5	MT	74.9068596582677
11	6	MT	74.9068596582677
11	7	MT	74.9068596582677
11	8	MT	320.6746175897335
11	9	MT	360.7589447884502
11	10	MT	400.8432719871668
11	11	MT	400.8432719871668
11	12	MT	481.01192638460014
11	13	MT	481.01192638460014
11	14	MT	320.6746175897335
11	15	MT	481.01192638460014
11	16	MT	481.01192638460014
11	17	MT	309.07183284094043
11	18	MT	137.56823803214544
11	19	MT	87.60042670590806
11	20	MT	87.60042670590806
11	21	MT	87.60042670590806
11	22	MT	87.60042670590806
11	23	MT	87.60042670590806
11	24	MT	87.60042670590806
11	1	H2	0.0
11	2	H2	0.0
11	3	H2	0.0
11	4	H2	0.0
11	5	H2	0.0
11	6	H2	0.0
11	7	H2	0.0
11	8	H2	0.0
11	9	H2	0.0
11	10	H2	0.0
11	11	H2	0.0
11	12	H2	0.0
11	13	H2	0.0
11	14	H2	0.0
11	15	H2	0.0
11	16	H2	0.0
11	17	H2	0.0
11	18	H2	0.0
11	19	H2	0.0
11	20	H2	0.0
11	21	H2	0.0
11	22	H2	0.0
11	23	H2	0.0
11	24	H2	0.0
11	1	CH4	0.0
11	2	CH4	0.0
11	3	CH4	0.0
11	4	CH4	0.0
11	5	CH4	0.0
11	6	CH4	0.0
11	7	CH4	0.0
11	8	CH4	0.0
11	9	CH4	0.0
11	10	CH4	0.0
11	11	CH4	0.0
11	12	CH4	0.0
11	13	CH4	0.0
11	14	CH4	0.0
11	15	CH4	0.0
11	16	CH4	0.0
11	17	CH4	0.0
11	18	CH4	0.0
11	19	CH4	0.0
11	20	CH4	0.0
11	21	CH4	0.0
11	22	CH4	0.0
11	23	CH4	0.0
11	24	CH4	0.0
11	1	Biogas	0.0
11	2	Biogas	0.0
11	3	Biogas	0.0
11	4	Biogas	0.0
11	5	Biogas	0.0
11	6	Biogas	0.0
11	7	Biogas	0.0
11	8	Biogas	0.0
11	9	Biogas	0.0
11	10	Biogas	0.0
11	11	Biogas	0.0
11	12	Biogas	0.0
11	13	Biogas	0.0
11	14	Biogas	0.0
11	15	Biogas	0.0
11	16	Biogas	0.0
11	17	Biogas	0.0
11	18	Biogas	0.0
11	19	Biogas	0.0
11	20	Biogas	0.0
11	21	Biogas	0.0
11	22	Biogas	0.0
11	23	Biogas	0.0
11	24	Biogas	0.0
11	1	CH4_H2_Mix	0.0
11	2	CH4_H2_Mix	0.0
11	3	CH4_H2_Mix	0.0
11	4	CH4_H2_Mix	0.0
11	5	CH4_H2_Mix	0.0
11	6	CH4_H2_Mix	0.0
11	7	CH4_H2_Mix	0.0
11	8	CH4_H2_Mix	0.0
11	9	CH4_H2_Mix	0.0
11	10	CH4_H2_Mix	0.0
11	11	CH4_H2_Mix	0.0
11	12	CH4_H2_Mix	0.0
11	13	CH4_H2_Mix	0.0
11	14	CH4_H2_Mix	0.0
11	15	CH4_H2_Mix	0.0
11	16	CH4_H2_Mix	0.0
11	17	CH4_H2_Mix	0.0
11	18	CH4_H2_Mix	0.0
11	19	CH4_H2_Mix	0.0
11	20	CH4_H2_Mix	0.0
11	21	CH4_H2_Mix	0.0
11	22	CH4_H2_Mix	0.0
11	23	CH4_H2_Mix	0.0
11	24	CH4_H2_Mix	0.0
11	1	DummyFuel	0.0
11	2	DummyFuel	0.0
11	3	DummyFuel	0.0
11	4	DummyFuel	0.0
11	5	DummyFuel	0.0
11	6	DummyFuel	0.0
11	7	DummyFuel	0.0
11	8	DummyFuel	0.0
11	9	DummyFuel	0.0
11	10	DummyFuel	0.0
11	11	DummyFuel	0.0
11	12	DummyFuel	0.0
11	13	DummyFuel	0.0
11	14	DummyFuel	0.0
11	15	DummyFuel	0.0
11	16	DummyFuel	0.0
11	17	DummyFuel	0.0
11	18	DummyFuel	0.0
11	19	DummyFuel	0.0
11	20	DummyFuel	0.0
11	21	DummyFuel	0.0
11	22	DummyFuel	0.0
11	23	DummyFuel	0.0
11	24	DummyFuel	0.0
12	1	Electricity	36.20864172959663
12	2	Electricity	35.989899650108256
12	3	Electricity	35.605221079352155
12	4	Electricity	35.79225810742145
12	5	Electricity	37.23615104241435
12	6	Electricity	43.161756542956546
12	7	Electricity	54.05329876269449
12	8	Electricity	66.53297146593788
12	9	Electricity	80.51209630231264
12	10	Electricity	90.61104590926037
12	11	Electricity	93.68362500035269
12	12	Electricity	92.4005908472383
12	13	Electricity	82.85628245601335
12	14	Electricity	82.98290333661396
12	15	Electricity	90.16975590058027
12	16	Electricity	90.44492570042257
12	17	Electricity	88.273691991813
12	18	Electricity	84.95882173030431
12	19	Electricity	78.67040752421708
12	20	Electricity	64.58009583137026
12	21	Electricity	49.45007849753742
12	22	Electricity	42.11944031862597
12	23	Electricity	38.78711136452591
12	24	Electricity	37.00255489951713
12	1	LT	20.18637406148791
12	2	LT	20.18637406148791
12	3	LT	20.18637406148791
12	4	LT	20.18637406148791
12	5	LT	20.18637406148791
12	6	LT	20.18637406148791
12	7	LT	20.18637406148791
12	8	LT	55.6134605393992
12	9	LT	62.05291386501384
12	10	LT	68.49236719062849
12	11	LT	68.49236719062849
12	12	LT	81.95667868964091
12	13	LT	81.95667868964091
12	14	LT	54.4426508438329
12	15	LT	81.95667868964091
12	16	LT	81.95667868964091
12	17	LT	68.48227400359774
12	18	LT	54.45274403086365
12	19	LT	20.18637406148791
12	20	LT	20.18637406148791
12	21	LT	20.18637406148791
12	22	LT	20.18637406148791
12	23	LT	20.18637406148791
12	24	LT	20.18637406148791
12	1	MT	77.73327920290247
12	2	MT	77.73327920290247
12	3	MT	77.73327920290247
12	4	MT	77.73327920290247
12	5	MT	77.73327920290247
12	6	MT	77.73327920290247
12	7	MT	77.73327920290247
12	8	MT	288.6160675591651
12	9	MT	322.03477011864743
12	10	MT	355.45347267812974
12	11	MT	355.45347267812974
12	12	MT	425.3289416661381
12	13	MT	425.3289416661381
12	14	MT	282.5399398210775
12	15	MT	425.3289416661381
12	16	MT	425.3289416661381
12	17	MT	272.5088410960624
12	18	MT	143.6339686136739
12	19	MT	77.73327920290247
12	20	MT	77.73327920290247
12	21	MT	77.73327920290247
12	22	MT	77.73327920290247
12	23	MT	77.73327920290247
12	24	MT	77.73327920290247
12	1	H2	0.0
12	2	H2	0.0
12	3	H2	0.0
12	4	H2	0.0
12	5	H2	0.0
12	6	H2	0.0
12	7	H2	0.0
12	8	H2	0.0
12	9	H2	0.0
12	10	H2	0.0
12	11	H2	0.0
12	12	H2	0.0
12	13	H2	0.0
12	14	H2	0.0
12	15	H2	0.0
12	16	H2	0.0
12	17	H2	0.0
12	18	H2	0.0
12	19	H2	0.0
12	20	H2	0.0
12	21	H2	0.0
12	22	H2	0.0
12	23	H2	0.0
12	24	H2	0.0
12	1	CH4	0.0
12	2	CH4	0.0
12	3	CH4	0.0
12	4	CH4	0.0
12	5	CH4	0.0
12	6	CH4	0.0
12	7	CH4	0.0
12	8	CH4	0.0
12	9	CH4	0.0
12	10	CH4	0.0
12	11	CH4	0.0
12	12	CH4	0.0
12	13	CH4	0.0
12	14	CH4	0.0
12	15	CH4	0.0
12	16	CH4	0.0
12	17	CH4	0.0
12	18	CH4	0.0
12	19	CH4	0.0
12	20	CH4	0.0
12	21	CH4	0.0
12	22	CH4	0.0
12	23	CH4	0.0
12	24	CH4	0.0
12	1	Biogas	0.0
12	2	Biogas	0.0
12	3	Biogas	0.0
12	4	Biogas	0.0
12	5	Biogas	0.0
12	6	Biogas	0.0
12	7	Biogas	0.0
12	8	Biogas	0.0
12	9	Biogas	0.0
12	10	Biogas	0.0
12	11	Biogas	0.0
12	12	Biogas	0.0
12	13	Biogas	0.0
12	14	Biogas	0.0
12	15	Biogas	0.0
12	16	Biogas	0.0
12	17	Biogas	0.0
12	18	Biogas	0.0
12	19	Biogas	0.0
12	20	Biogas	0.0
12	21	Biogas	0.0
12	22	Biogas	0.0
12	23	Biogas	0.0
12	24	Biogas	0.0
12	1	CH4_H2_Mix	0.0
12	2	CH4_H2_Mix	0.0
12	3	CH4_H2_Mix	0.0
12	4	CH4_H2_Mix	0.0
12	5	CH4_H2_Mix	0.0
12	6	CH4_H2_Mix	0.0
12	7	CH4_H2_Mix	0.0
12	8	CH4_H2_Mix	0.0
12	9	CH4_H2_Mix	0.0
12	10	CH4_H2_Mix	0.0
12	11	CH4_H2_Mix	0.0
12	12	CH4_H2_Mix	0.0
12	13	CH4_H2_Mix	0.0
12	14	CH4_H2_Mix	0.0
12	15	CH4_H2_Mix	0.0
12	16	CH4_H2_Mix	0.0
12	17	CH4_H2_Mix	0.0
12	18	CH4_H2_Mix	0.0
12	19	CH4_H2_Mix	0.0
12	20	CH4_H2_Mix	0.0
12	21	CH4_H2_Mix	0.0
12	22	CH4_H2_Mix	0.0
12	23	CH4_H2_Mix	0.0
12	24	CH4_H2_Mix	0.0
12	1	DummyFuel	0.0
12	2	DummyFuel	0.0
12	3	DummyFuel	0.0
12	4	DummyFuel	0.0
12	5	DummyFuel	0.0
12	6	DummyFuel	0.0
12	7	DummyFuel	0.0
12	8	DummyFuel	0.0
12	9	DummyFuel	0.0
12	10	DummyFuel	0.0
12	11	DummyFuel	0.0
12	12	DummyFuel	0.0
12	13	DummyFuel	0.0
12	14	DummyFuel	0.0
12	15	DummyFuel	0.0
12	16	DummyFuel	0.0
12	17	DummyFuel	0.0
12	18	DummyFuel	0.0
12	19	DummyFuel	0.0
12	20	DummyFuel	0.0
12	21	DummyFuel	0.0
12	22	DummyFuel	0.0
12	23	DummyFuel	0.0
12	24	DummyFuel	0.0
13	1	Electricity	48.70218078944516
13	2	Electricity	49.06617769236512
13	3	Electricity	49.10071573408366
13	4	Electricity	49.13200282866426
13	5	Electricity	50.676240167061756
13	6	Electricity	55.69262044572774
13	7	Electricity	64.87198040826476
13	8	Electricity	80.27765345223622
13	9	Electricity	97.33887243468834
13	10	Electricity	107.22540150865584
13	11	Electricity	110.84832088352799
13	12	Electricity	110.20955108267374
13	13	Electricity	98.94090905366873
13	14	Electricity	97.90279223648406
13	15	Electricity	105.27262091264916
13	16	Electricity	104.73827021432169
13	17	Electricity	102.69627410117735
13	18	Electricity	98.42398099358121
13	19	Electricity	90.4566373344638
13	20	Electricity	73.94451915661246
13	21	Electricity	57.775811632458755
13	22	Electricity	50.71905370857567
13	23	Electricity	49.48388481074631
13	24	Electricity	48.696764376914786
13	1	LT	18.21922750918631
13	2	LT	18.21922750918631
13	3	LT	18.21922750918631
13	4	LT	18.21922750918631
13	5	LT	18.21922750918631
13	6	LT	18.21922750918631
13	7	LT	18.21922750918631
13	8	LT	52.48312956678507
13	9	LT	58.56012351662334
13	10	LT	64.63711746646162
13	11	LT	64.63711746646162
13	12	LT	77.34355936157802
13	13	LT	77.34355936157802
13	14	LT	51.37822157590538
13	15	LT	77.34355936157802
13	16	LT	77.34355936157802
13	17	LT	64.64887180679013
13	18	LT	51.366467235576884
13	19	LT	18.21922750918631
13	20	LT	18.21922750918631
13	21	LT	18.21922750918631
13	22	LT	18.21922750918631
13	23	LT	18.21922750918631
13	24	LT	18.21922750918631
13	1	MT	54.821156309013105
13	2	MT	73.19831146368011
13	3	MT	73.19831146368011
13	4	MT	73.19831146368011
13	5	MT	73.19831146368011
13	6	MT	73.19831146368011
13	7	MT	73.19831146368011
13	8	MT	282.2274719123123
13	9	MT	314.90644234426424
13	10	MT	347.58541277621623
13	11	MT	347.58541277621623
13	12	MT	415.9141691339339
13	13	MT	415.9141691339339
13	14	MT	276.28584092468463
13	15	MT	415.9141691339339
13	16	MT	415.9141691339339
13	17	MT	265.752980187893
13	18	MT	139.1795296021796
13	19	MT	74.8689619322862
13	20	MT	74.8689619322862
13	21	MT	74.8689619322862
13	22	MT	74.8689619322862
13	23	MT	74.8689619322862
13	24	MT	74.8689619322862
13	1	H2	0.0
13	2	H2	0.0
13	3	H2	0.0
13	4	H2	0.0
13	5	H2	0.0
13	6	H2	0.0
13	7	H2	0.0
13	8	H2	0.0
13	9	H2	0.0
13	10	H2	0.0
13	11	H2	0.0
13	12	H2	0.0
13	13	H2	0.0
13	14	H2	0.0
13	15	H2	0.0
13	16	H2	0.0
13	17	H2	0.0
13	18	H2	0.0
13	19	H2	0.0
13	20	H2	0.0
13	21	H2	0.0
13	22	H2	0.0
13	23	H2	0.0
13	24	H2	0.0
13	1	CH4	0.0
13	2	CH4	0.0
13	3	CH4	0.0
13	4	CH4	0.0
13	5	CH4	0.0
13	6	CH4	0.0
13	7	CH4	0.0
13	8	CH4	0.0
13	9	CH4	0.0
13	10	CH4	0.0
13	11	CH4	0.0
13	12	CH4	0.0
13	13	CH4	0.0
13	14	CH4	0.0
13	15	CH4	0.0
13	16	CH4	0.0
13	17	CH4	0.0
13	18	CH4	0.0
13	19	CH4	0.0
13	20	CH4	0.0
13	21	CH4	0.0
13	22	CH4	0.0
13	23	CH4	0.0
13	24	CH4	0.0
13	1	Biogas	0.0
13	2	Biogas	0.0
13	3	Biogas	0.0
13	4	Biogas	0.0
13	5	Biogas	0.0
13	6	Biogas	0.0
13	7	Biogas	0.0
13	8	Biogas	0.0
13	9	Biogas	0.0
13	10	Biogas	0.0
13	11	Biogas	0.0
13	12	Biogas	0.0
13	13	Biogas	0.0
13	14	Biogas	0.0
13	15	Biogas	0.0
13	16	Biogas	0.0
13	17	Biogas	0.0
13	18	Biogas	0.0
13	19	Biogas	0.0
13	20	Biogas	0.0
13	21	Biogas	0.0
13	22	Biogas	0.0
13	23	Biogas	0.0
13	24	Biogas	0.0
13	1	CH4_H2_Mix	0.0
13	2	CH4_H2_Mix	0.0
13	3	CH4_H2_Mix	0.0
13	4	CH4_H2_Mix	0.0
13	5	CH4_H2_Mix	0.0
13	6	CH4_H2_Mix	0.0
13	7	CH4_H2_Mix	0.0
13	8	CH4_H2_Mix	0.0
13	9	CH4_H2_Mix	0.0
13	10	CH4_H2_Mix	0.0
13	11	CH4_H2_Mix	0.0
13	12	CH4_H2_Mix	0.0
13	13	CH4_H2_Mix	0.0
13	14	CH4_H2_Mix	0.0
13	15	CH4_H2_Mix	0.0
13	16	CH4_H2_Mix	0.0
13	17	CH4_H2_Mix	0.0
13	18	CH4_H2_Mix	0.0
13	19	CH4_H2_Mix	0.0
13	20	CH4_H2_Mix	0.0
13	21	CH4_H2_Mix	0.0
13	22	CH4_H2_Mix	0.0
13	23	CH4_H2_Mix	0.0
13	24	CH4_H2_Mix	0.0
13	1	DummyFuel	0.0
13	2	DummyFuel	0.0
13	3	DummyFuel	0.0
13	4	DummyFuel	0.0
13	5	DummyFuel	0.0
13	6	DummyFuel	0.0
13	7	DummyFuel	0.0
13	8	DummyFuel	0.0
13	9	DummyFuel	0.0
13	10	DummyFuel	0.0
13	11	DummyFuel	0.0
13	12	DummyFuel	0.0
13	13	DummyFuel	0.0
13	14	DummyFuel	0.0
13	15	DummyFuel	0.0
13	16	DummyFuel	0.0
13	17	DummyFuel	0.0
13	18	DummyFuel	0.0
13	19	DummyFuel	0.0
13	20	DummyFuel	0.0
13	21	DummyFuel	0.0
13	22	DummyFuel	0.0
13	23	DummyFuel	0.0
13	24	DummyFuel	0.0
14	1	Electricity	44.7513444279718
14	2	Electricity	46.34091619874424
14	3	Electricity	46.58054834174022
14	4	Electricity	47.06031505766105
14	5	Electricity	48.49753738022898
14	6	Electricity	53.379698456749566
14	7	Electricity	64.76210848414013
14	8	Electricity	79.39014982426781
14	9	Electricity	93.81272628351246
14	10	Electricity	104.28480214534918
14	11	Electricity	106.46148900493577
14	12	Electricity	105.69583727781486
14	13	Electricity	93.88109182005464
14	14	Electricity	91.55595599513809
14	15	Electricity	97.92691269893635
14	16	Electricity	96.30975157090612
14	17	Electricity	93.28158285157672
14	18	Electricity	87.66927213183047
14	19	Electricity	82.53283258581817
14	20	Electricity	69.50559988842613
14	21	Electricity	54.49444148820885
14	22	Electricity	47.57513922092532
14	23	Electricity	45.016103464163116
14	24	Electricity	43.91680727728345
14	1	LT	18.18136646462372
14	2	LT	18.18136646462372
14	3	LT	18.18136646462372
14	4	LT	18.18136646462372
14	5	LT	18.18136646462372
14	6	LT	18.18136646462372
14	7	LT	18.18136646462372
14	8	LT	49.265638162206216
14	9	LT	61.58204770275778
14	10	LT	67.74025247303355
14	11	LT	67.74025247303355
14	12	LT	80.0566620135851
14	13	LT	80.0566620135851
14	14	LT	55.423842932481996
14	15	LT	80.0566620135851
14	16	LT	67.74025247303355
14	17	LT	58.64956924072169
14	18	LT	49.265638162206216
14	19	LT	18.18136646462372
14	20	LT	18.18136646462372
14	21	LT	18.18136646462372
14	22	LT	18.18136646462372
14	23	LT	18.18136646462372
14	24	LT	18.18136646462372
14	1	MT	103.2619587697986
14	2	MT	70.34222484159866
14	3	MT	70.34222484159866
14	4	MT	70.34222484159866
14	5	MT	70.34222484159866
14	6	MT	70.34222484159866
14	7	MT	70.34222484159866
14	8	MT	269.12197960002857
14	9	MT	336.40247450003574
14	10	MT	370.04272195003927
14	11	MT	370.04272195003927
14	12	MT	437.32321685004644
14	13	MT	437.32321685004644
14	14	MT	302.7622270500321
14	15	MT	437.32321685004644
14	16	MT	343.0738630011678
14	17	MT	190.15139460642263
14	18	MT	136.93658644217965
14	19	MT	72.87451206684483
14	20	MT	70.34222484159866
14	21	MT	70.34222484159866
14	22	MT	70.34222484159866
14	23	MT	70.34222484159866
14	24	MT	70.34222484159866
14	1	H2	0.0
14	2	H2	0.0
14	3	H2	0.0
14	4	H2	0.0
14	5	H2	0.0
14	6	H2	0.0
14	7	H2	0.0
14	8	H2	0.0
14	9	H2	0.0
14	10	H2	0.0
14	11	H2	0.0
14	12	H2	0.0
14	13	H2	0.0
14	14	H2	0.0
14	15	H2	0.0
14	16	H2	0.0
14	17	H2	0.0
14	18	H2	0.0
14	19	H2	0.0
14	20	H2	0.0
14	21	H2	0.0
14	22	H2	0.0
14	23	H2	0.0
14	24	H2	0.0
14	1	CH4	0.0
14	2	CH4	0.0
14	3	CH4	0.0
14	4	CH4	0.0
14	5	CH4	0.0
14	6	CH4	0.0
14	7	CH4	0.0
14	8	CH4	0.0
14	9	CH4	0.0
14	10	CH4	0.0
14	11	CH4	0.0
14	12	CH4	0.0
14	13	CH4	0.0
14	14	CH4	0.0
14	15	CH4	0.0
14	16	CH4	0.0
14	17	CH4	0.0
14	18	CH4	0.0
14	19	CH4	0.0
14	20	CH4	0.0
14	21	CH4	0.0
14	22	CH4	0.0
14	23	CH4	0.0
14	24	CH4	0.0
14	1	Biogas	0.0
14	2	Biogas	0.0
14	3	Biogas	0.0
14	4	Biogas	0.0
14	5	Biogas	0.0
14	6	Biogas	0.0
14	7	Biogas	0.0
14	8	Biogas	0.0
14	9	Biogas	0.0
14	10	Biogas	0.0
14	11	Biogas	0.0
14	12	Biogas	0.0
14	13	Biogas	0.0
14	14	Biogas	0.0
14	15	Biogas	0.0
14	16	Biogas	0.0
14	17	Biogas	0.0
14	18	Biogas	0.0
14	19	Biogas	0.0
14	20	Biogas	0.0
14	21	Biogas	0.0
14	22	Biogas	0.0
14	23	Biogas	0.0
14	24	Biogas	0.0
14	1	CH4_H2_Mix	0.0
14	2	CH4_H2_Mix	0.0
14	3	CH4_H2_Mix	0.0
14	4	CH4_H2_Mix	0.0
14	5	CH4_H2_Mix	0.0
14	6	CH4_H2_Mix	0.0
14	7	CH4_H2_Mix	0.0
14	8	CH4_H2_Mix	0.0
14	9	CH4_H2_Mix	0.0
14	10	CH4_H2_Mix	0.0
14	11	CH4_H2_Mix	0.0
14	12	CH4_H2_Mix	0.0
14	13	CH4_H2_Mix	0.0
14	14	CH4_H2_Mix	0.0
14	15	CH4_H2_Mix	0.0
14	16	CH4_H2_Mix	0.0
14	17	CH4_H2_Mix	0.0
14	18	CH4_H2_Mix	0.0
14	19	CH4_H2_Mix	0.0
14	20	CH4_H2_Mix	0.0
14	21	CH4_H2_Mix	0.0
14	22	CH4_H2_Mix	0.0
14	23	CH4_H2_Mix	0.0
14	24	CH4_H2_Mix	0.0
14	1	DummyFuel	0.0
14	2	DummyFuel	0.0
14	3	DummyFuel	0.0
14	4	DummyFuel	0.0
14	5	DummyFuel	0.0
14	6	DummyFuel	0.0
14	7	DummyFuel	0.0
14	8	DummyFuel	0.0
14	9	DummyFuel	0.0
14	10	DummyFuel	0.0
14	11	DummyFuel	0.0
14	12	DummyFuel	0.0
14	13	DummyFuel	0.0
14	14	DummyFuel	0.0
14	15	DummyFuel	0.0
14	16	DummyFuel	0.0
14	17	DummyFuel	0.0
14	18	DummyFuel	0.0
14	19	DummyFuel	0.0
14	20	DummyFuel	0.0
14	21	DummyFuel	0.0
14	22	DummyFuel	0.0
14	23	DummyFuel	0.0
14	24	DummyFuel	0.0
