Node	Time	EnergyCarrier	ReferenceDemand
3	1	Electricity	31.799166907528573
3	2	Electricity	31.089439761400644
3	3	Electricity	30.66421309377164
3	4	Electricity	30.809524342389906
3	5	Electricity	32.44378785075283
3	6	Electricity	36.329609120670185
3	7	Electricity	44.35036698471633
3	8	Electricity	54.25553126835779
3	9	Electricity	67.40444170102339
3	10	Electricity	79.00753869059378
3	11	Electricity	84.29113709971118
3	12	Electricity	85.2834499925097
3	13	Electricity	79.57119362085764
3	14	Electricity	80.24810451690834
3	15	Electricity	87.8052112253527
3	16	Electricity	88.31452604048505
3	17	Electricity	86.84684848311589
3	18	Electricity	82.01571105346957
3	19	Electricity	74.82424148023495
3	20	Electricity	61.75239518412791
3	21	Electricity	44.418704346670474
3	22	Electricity	38.195612061510836
3	23	Electricity	36.564506995410895
3	24	Electricity	34.065835698923465
3	1	LT	1.2830405338799464
3	2	LT	1.2830405338799464
3	3	LT	1.2830405338799464
3	4	LT	1.2830405338799464
3	5	LT	1.2830405338799464
3	6	LT	1.2830405338799464
3	7	LT	1.2830405338799464
3	8	LT	5.581226322377768
3	9	LT	6.278879612674988
3	10	LT	6.976532902972209
3	11	LT	6.976532902972209
3	12	LT	8.371839483566648
3	13	LT	8.371839483566648
3	14	LT	5.581226322377768
3	15	LT	8.371839483566648
3	16	LT	8.371839483566648
3	17	LT	6.976532902972209
3	18	LT	5.613302335724765
3	19	LT	2.0047508341874165
3	20	LT	2.0047508341874165
3	21	LT	2.0047508341874165
3	22	LT	2.0047508341874165
3	23	LT	2.0047508341874165
3	24	LT	2.0047508341874165
3	1	MT	35.146586144800864
3	2	MT	35.146586144800864
3	3	MT	35.146586144800864
3	4	MT	35.146586144800864
3	5	MT	35.146586144800864
3	6	MT	35.146586144800864
3	7	MT	35.146586144800864
3	8	MT	149.849553428905
3	9	MT	168.5807476075181
3	10	MT	187.3119417861312
3	11	MT	187.3119417861312
3	12	MT	224.77433014335747
3	13	MT	224.77433014335747
3	14	MT	149.849553428905
3	15	MT	224.77433014335747
3	16	MT	224.77433014335747
3	17	MT	133.38573244375783
3	18	MT	42.03188375861744
3	19	MT	37.6162702484555
3	20	MT	37.6162702484555
3	21	MT	37.6162702484555
3	22	MT	37.6162702484555
3	23	MT	37.6162702484555
3	24	MT	37.6162702484555
3	1	H2	0.0
3	2	H2	0.0
3	3	H2	0.0
3	4	H2	0.0
3	5	H2	0.0
3	6	H2	0.0
3	7	H2	0.0
3	8	H2	0.0
3	9	H2	0.0
3	10	H2	0.0
3	11	H2	0.0
3	12	H2	0.0
3	13	H2	0.0
3	14	H2	0.0
3	15	H2	0.0
3	16	H2	0.0
3	17	H2	0.0
3	18	H2	0.0
3	19	H2	0.0
3	20	H2	0.0
3	21	H2	0.0
3	22	H2	0.0
3	23	H2	0.0
3	24	H2	0.0
3	1	CH4	0.0
3	2	CH4	0.0
3	3	CH4	0.0
3	4	CH4	0.0
3	5	CH4	0.0
3	6	CH4	0.0
3	7	CH4	0.0
3	8	CH4	0.0
3	9	CH4	0.0
3	10	CH4	0.0
3	11	CH4	0.0
3	12	CH4	0.0
3	13	CH4	0.0
3	14	CH4	0.0
3	15	CH4	0.0
3	16	CH4	0.0
3	17	CH4	0.0
3	18	CH4	0.0
3	19	CH4	0.0
3	20	CH4	0.0
3	21	CH4	0.0
3	22	CH4	0.0
3	23	CH4	0.0
3	24	CH4	0.0
3	1	Biogas	0.0
3	2	Biogas	0.0
3	3	Biogas	0.0
3	4	Biogas	0.0
3	5	Biogas	0.0
3	6	Biogas	0.0
3	7	Biogas	0.0
3	8	Biogas	0.0
3	9	Biogas	0.0
3	10	Biogas	0.0
3	11	Biogas	0.0
3	12	Biogas	0.0
3	13	Biogas	0.0
3	14	Biogas	0.0
3	15	Biogas	0.0
3	16	Biogas	0.0
3	17	Biogas	0.0
3	18	Biogas	0.0
3	19	Biogas	0.0
3	20	Biogas	0.0
3	21	Biogas	0.0
3	22	Biogas	0.0
3	23	Biogas	0.0
3	24	Biogas	0.0
3	1	CH4_H2_Mix	0.0
3	2	CH4_H2_Mix	0.0
3	3	CH4_H2_Mix	0.0
3	4	CH4_H2_Mix	0.0
3	5	CH4_H2_Mix	0.0
3	6	CH4_H2_Mix	0.0
3	7	CH4_H2_Mix	0.0
3	8	CH4_H2_Mix	0.0
3	9	CH4_H2_Mix	0.0
3	10	CH4_H2_Mix	0.0
3	11	CH4_H2_Mix	0.0
3	12	CH4_H2_Mix	0.0
3	13	CH4_H2_Mix	0.0
3	14	CH4_H2_Mix	0.0
3	15	CH4_H2_Mix	0.0
3	16	CH4_H2_Mix	0.0
3	17	CH4_H2_Mix	0.0
3	18	CH4_H2_Mix	0.0
3	19	CH4_H2_Mix	0.0
3	20	CH4_H2_Mix	0.0
3	21	CH4_H2_Mix	0.0
3	22	CH4_H2_Mix	0.0
3	23	CH4_H2_Mix	0.0
3	24	CH4_H2_Mix	0.0
4	1	Electricity	32.03916314119919
4	2	Electricity	31.172994441321908
4	3	Electricity	30.773397932933506
4	4	Electricity	30.79694537696563
4	5	Electricity	32.526420522347706
4	6	Electricity	37.77555046476346
4	7	Electricity	47.10048533128132
4	8	Electricity	59.13529023321586
4	9	Electricity	74.12798087506526
4	10	Electricity	87.23598973632757
4	11	Electricity	93.42089369838418
4	12	Electricity	95.02995128788618
4	13	Electricity	89.01340135890743
4	14	Electricity	91.06856278308443
4	15	Electricity	97.62300993733444
4	16	Electricity	98.05242461052246
4	17	Electricity	96.15304172514882
4	18	Electricity	91.47632875651014
4	19	Electricity	82.67987571014793
4	20	Electricity	68.91166234338654
4	21	Electricity	49.61968683185729
4	22	Electricity	42.649339508053004
4	23	Electricity	41.32457319059896
4	24	Electricity	38.36127597884136
4	1	LT	1.5659477083033493
4	2	LT	1.5659477083033493
4	3	LT	1.5659477083033493
4	4	LT	1.5659477083033493
4	5	LT	1.5659477083033493
4	6	LT	1.5659477083033493
4	7	LT	1.5659477083033493
4	8	LT	4.510939688757712
4	9	LT	5.033259021140184
4	10	LT	5.555578353522656
4	11	LT	5.555578353522656
4	12	LT	6.647700593958734
4	13	LT	6.647700593958734
4	14	LT	4.415972537415445
4	15	LT	6.647700593958734
4	16	LT	6.647700593958734
4	17	LT	5.556588642366723
4	18	LT	4.414962248571378
4	19	LT	1.5659477083033493
4	20	LT	1.5659477083033493
4	21	LT	1.5659477083033493
4	22	LT	1.5659477083033493
4	23	LT	1.5659477083033493
4	24	LT	1.5659477083033493
4	1	MT	22.736524754936113
4	2	MT	33.75751977622258
4	3	MT	33.75751977622258
4	4	MT	33.75751977622258
4	5	MT	33.75751977622258
4	6	MT	33.75751977622258
4	7	MT	33.75751977622258
4	8	MT	140.04432663599147
4	9	MT	156.2599855096326
4	10	MT	172.47564438327373
4	11	MT	172.47564438327373
4	12	MT	206.3811129372506
4	13	MT	206.3811129372506
4	14	MT	137.09602502260216
4	15	MT	206.3811129372506
4	16	MT	206.3811129372506
4	17	MT	123.3932346725981
4	18	MT	54.878307684224126
4	19	MT	34.75942841452135
4	20	MT	34.75942841452135
4	21	MT	34.75942841452135
4	22	MT	34.75942841452135
4	23	MT	34.75942841452135
4	24	MT	34.75942841452135
4	1	H2	0.0
4	2	H2	0.0
4	3	H2	0.0
4	4	H2	0.0
4	5	H2	0.0
4	6	H2	0.0
4	7	H2	0.0
4	8	H2	0.0
4	9	H2	0.0
4	10	H2	0.0
4	11	H2	0.0
4	12	H2	0.0
4	13	H2	0.0
4	14	H2	0.0
4	15	H2	0.0
4	16	H2	0.0
4	17	H2	0.0
4	18	H2	0.0
4	19	H2	0.0
4	20	H2	0.0
4	21	H2	0.0
4	22	H2	0.0
4	23	H2	0.0
4	24	H2	0.0
4	1	CH4	0.0
4	2	CH4	0.0
4	3	CH4	0.0
4	4	CH4	0.0
4	5	CH4	0.0
4	6	CH4	0.0
4	7	CH4	0.0
4	8	CH4	0.0
4	9	CH4	0.0
4	10	CH4	0.0
4	11	CH4	0.0
4	12	CH4	0.0
4	13	CH4	0.0
4	14	CH4	0.0
4	15	CH4	0.0
4	16	CH4	0.0
4	17	CH4	0.0
4	18	CH4	0.0
4	19	CH4	0.0
4	20	CH4	0.0
4	21	CH4	0.0
4	22	CH4	0.0
4	23	CH4	0.0
4	24	CH4	0.0
4	1	Biogas	0.0
4	2	Biogas	0.0
4	3	Biogas	0.0
4	4	Biogas	0.0
4	5	Biogas	0.0
4	6	Biogas	0.0
4	7	Biogas	0.0
4	8	Biogas	0.0
4	9	Biogas	0.0
4	10	Biogas	0.0
4	11	Biogas	0.0
4	12	Biogas	0.0
4	13	Biogas	0.0
4	14	Biogas	0.0
4	15	Biogas	0.0
4	16	Biogas	0.0
4	17	Biogas	0.0
4	18	Biogas	0.0
4	19	Biogas	0.0
4	20	Biogas	0.0
4	21	Biogas	0.0
4	22	Biogas	0.0
4	23	Biogas	0.0
4	24	Biogas	0.0
4	1	CH4_H2_Mix	0.0
4	2	CH4_H2_Mix	0.0
4	3	CH4_H2_Mix	0.0
4	4	CH4_H2_Mix	0.0
4	5	CH4_H2_Mix	0.0
4	6	CH4_H2_Mix	0.0
4	7	CH4_H2_Mix	0.0
4	8	CH4_H2_Mix	0.0
4	9	CH4_H2_Mix	0.0
4	10	CH4_H2_Mix	0.0
4	11	CH4_H2_Mix	0.0
4	12	CH4_H2_Mix	0.0
4	13	CH4_H2_Mix	0.0
4	14	CH4_H2_Mix	0.0
4	15	CH4_H2_Mix	0.0
4	16	CH4_H2_Mix	0.0
4	17	CH4_H2_Mix	0.0
4	18	CH4_H2_Mix	0.0
4	19	CH4_H2_Mix	0.0
4	20	CH4_H2_Mix	0.0
4	21	CH4_H2_Mix	0.0
4	22	CH4_H2_Mix	0.0
4	23	CH4_H2_Mix	0.0
4	24	CH4_H2_Mix	0.0
5	1	Electricity	40.967707042813906
5	2	Electricity	40.789409381768316
5	3	Electricity	40.77079307339174
5	4	Electricity	41.51959310307035
5	5	Electricity	42.97240076149331
5	6	Electricity	48.201210871767046
5	7	Electricity	58.733496005612565
5	8	Electricity	69.37774621757741
5	9	Electricity	84.30401324116349
5	10	Electricity	93.818248350748
5	11	Electricity	96.77316182364534
5	12	Electricity	95.85573209585478
5	13	Electricity	85.21241412830764
5	14	Electricity	83.21501403009765
5	15	Electricity	89.28314017752503
5	16	Electricity	88.10916298844135
5	17	Electricity	84.35041503942921
5	18	Electricity	78.79299662633592
5	19	Electricity	73.20377840196808
5	20	Electricity	62.95952309517438
5	21	Electricity	49.4978181833455
5	22	Electricity	42.47145828363432
5	23	Electricity	40.22630555354092
5	24	Electricity	38.916410579234075
5	1	LT	15.204054680803907
5	2	LT	15.204054680803907
5	3	LT	15.204054680803907
5	4	LT	15.204054680803907
5	5	LT	15.204054680803907
5	6	LT	15.204054680803907
5	7	LT	15.204054680803907
5	8	LT	41.19808365121059
5	9	LT	51.49760456401323
5	10	LT	56.647365020414554
5	11	LT	56.647365020414554
5	12	LT	66.9468859332172
5	13	LT	66.9468859332172
5	14	LT	46.347844107611905
5	15	LT	66.9468859332172
5	16	LT	56.647365020414554
5	17	LT	49.0453376800126
5	18	LT	41.19808365121059
5	19	LT	15.204054680803907
5	20	LT	15.204054680803907
5	21	LT	15.204054680803907
5	22	LT	15.204054680803907
5	23	LT	15.204054680803907
5	24	LT	15.204054680803907
5	1	MT	95.85525229349685
5	2	MT	64.5826913926644
5	3	MT	64.5826913926644
5	4	MT	64.5826913926644
5	5	MT	64.5826913926644
5	6	MT	64.5826913926644
5	7	MT	64.5826913926644
5	8	MT	249.58681026965178
5	9	MT	311.9835128370647
5	10	MT	343.18186412077114
5	11	MT	343.18186412077114
5	12	MT	405.57856668818414
5	13	MT	405.57856668818414
5	14	MT	280.78516155335825
5	15	MT	405.57856668818414
5	16	MT	317.5624199981662
5	17	MT	173.41152954116407
5	18	MT	124.01545034477078
5	19	MT	66.98827300042075
5	20	MT	64.5826913926644
5	21	MT	64.5826913926644
5	22	MT	64.5826913926644
5	23	MT	64.5826913926644
5	24	MT	64.5826913926644
5	1	H2	0.0
5	2	H2	0.0
5	3	H2	0.0
5	4	H2	0.0
5	5	H2	0.0
5	6	H2	0.0
5	7	H2	0.0
5	8	H2	0.0
5	9	H2	0.0
5	10	H2	0.0
5	11	H2	0.0
5	12	H2	0.0
5	13	H2	0.0
5	14	H2	0.0
5	15	H2	0.0
5	16	H2	0.0
5	17	H2	0.0
5	18	H2	0.0
5	19	H2	0.0
5	20	H2	0.0
5	21	H2	0.0
5	22	H2	0.0
5	23	H2	0.0
5	24	H2	0.0
5	1	CH4	0.0
5	2	CH4	0.0
5	3	CH4	0.0
5	4	CH4	0.0
5	5	CH4	0.0
5	6	CH4	0.0
5	7	CH4	0.0
5	8	CH4	0.0
5	9	CH4	0.0
5	10	CH4	0.0
5	11	CH4	0.0
5	12	CH4	0.0
5	13	CH4	0.0
5	14	CH4	0.0
5	15	CH4	0.0
5	16	CH4	0.0
5	17	CH4	0.0
5	18	CH4	0.0
5	19	CH4	0.0
5	20	CH4	0.0
5	21	CH4	0.0
5	22	CH4	0.0
5	23	CH4	0.0
5	24	CH4	0.0
5	1	Biogas	0.0
5	2	Biogas	0.0
5	3	Biogas	0.0
5	4	Biogas	0.0
5	5	Biogas	0.0
5	6	Biogas	0.0
5	7	Biogas	0.0
5	8	Biogas	0.0
5	9	Biogas	0.0
5	10	Biogas	0.0
5	11	Biogas	0.0
5	12	Biogas	0.0
5	13	Biogas	0.0
5	14	Biogas	0.0
5	15	Biogas	0.0
5	16	Biogas	0.0
5	17	Biogas	0.0
5	18	Biogas	0.0
5	19	Biogas	0.0
5	20	Biogas	0.0
5	21	Biogas	0.0
5	22	Biogas	0.0
5	23	Biogas	0.0
5	24	Biogas	0.0
5	1	CH4_H2_Mix	0.0
5	2	CH4_H2_Mix	0.0
5	3	CH4_H2_Mix	0.0
5	4	CH4_H2_Mix	0.0
5	5	CH4_H2_Mix	0.0
5	6	CH4_H2_Mix	0.0
5	7	CH4_H2_Mix	0.0
5	8	CH4_H2_Mix	0.0
5	9	CH4_H2_Mix	0.0
5	10	CH4_H2_Mix	0.0
5	11	CH4_H2_Mix	0.0
5	12	CH4_H2_Mix	0.0
5	13	CH4_H2_Mix	0.0
5	14	CH4_H2_Mix	0.0
5	15	CH4_H2_Mix	0.0
5	16	CH4_H2_Mix	0.0
5	17	CH4_H2_Mix	0.0
5	18	CH4_H2_Mix	0.0
5	19	CH4_H2_Mix	0.0
5	20	CH4_H2_Mix	0.0
5	21	CH4_H2_Mix	0.0
5	22	CH4_H2_Mix	0.0
5	23	CH4_H2_Mix	0.0
5	24	CH4_H2_Mix	0.0
6	1	Electricity	43.90481594964741
6	2	Electricity	43.534642376383346
6	3	Electricity	43.47233057574174
6	4	Electricity	43.31566876867056
6	5	Electricity	43.96051832638036
6	6	Electricity	44.68784617819857
6	7	Electricity	45.93543006129589
6	8	Electricity	47.2012379875071
6	9	Electricity	48.61777803415428
6	10	Electricity	49.14381140153091
6	11	Electricity	50.22326664825474
6	12	Electricity	50.30775529550017
6	13	Electricity	49.0196357559281
6	14	Electricity	48.15254677063091
6	15	Electricity	48.102401780715994
6	16	Electricity	48.04226373061995
6	17	Electricity	48.79104146386199
6	18	Electricity	50.32227990372168
6	19	Electricity	49.77543985644287
6	20	Electricity	47.286213330491535
6	21	Electricity	45.051176797717645
6	22	Electricity	44.07893971776486
6	23	Electricity	44.1346707504862
6	24	Electricity	44.37720284910196
6	1	LT	20.241645479856103
6	2	LT	23.50642700886515
6	3	LT	23.50642700886515
6	4	LT	23.50642700886515
6	5	LT	23.50642700886515
6	6	LT	29.383033761081435
6	7	LT	34.60668420749592
6	8	LT	41.136247265514015
6	9	LT	41.136247265514015
6	10	LT	41.136247265514015
6	11	LT	41.136247265514015
6	12	LT	41.136247265514015
6	13	LT	41.136247265514015
6	14	LT	41.136247265514015
6	15	LT	41.136247265514015
6	16	LT	36.56555312490134
6	17	LT	35.91259681909953
6	18	LT	30.688946372685056
6	19	LT	28.73007745527963
6	20	LT	24.15938331466696
6	21	LT	20.241645479856103
6	22	LT	17.629820256648863
6	23	LT	17.629820256648863
6	24	LT	17.629820256648863
6	1	MT	92.08349030600203
6	2	MT	92.21952286971074
6	3	MT	92.21952286971074
6	4	MT	92.21952286971074
6	5	MT	92.21952286971074
6	6	MT	92.46438148438642
6	7	MT	92.68203358632036
6	8	MT	92.95409871373776
6	9	MT	92.95409871373776
6	10	MT	92.95409871373776
6	11	MT	92.95409871373776
6	12	MT	92.95409871373776
6	13	MT	92.95409871373776
6	14	MT	92.95409871373776
6	15	MT	92.95409871373776
6	16	MT	92.76365312454558
6	17	MT	92.73644661180384
6	18	MT	92.5187945098699
6	19	MT	92.43717497164468
6	20	MT	92.24672938245249
6	21	MT	92.08349030600203
6	22	MT	91.97466425503507
6	23	MT	91.97466425503507
6	24	MT	91.97466425503507
6	1	H2	0.0
6	2	H2	0.0
6	3	H2	0.0
6	4	H2	0.0
6	5	H2	0.0
6	6	H2	0.0
6	7	H2	0.0
6	8	H2	0.0
6	9	H2	0.0
6	10	H2	0.0
6	11	H2	0.0
6	12	H2	0.0
6	13	H2	0.0
6	14	H2	0.0
6	15	H2	0.0
6	16	H2	0.0
6	17	H2	0.0
6	18	H2	0.0
6	19	H2	0.0
6	20	H2	0.0
6	21	H2	0.0
6	22	H2	0.0
6	23	H2	0.0
6	24	H2	0.0
6	1	CH4	0.0
6	2	CH4	0.0
6	3	CH4	0.0
6	4	CH4	0.0
6	5	CH4	0.0
6	6	CH4	0.0
6	7	CH4	0.0
6	8	CH4	0.0
6	9	CH4	0.0
6	10	CH4	0.0
6	11	CH4	0.0
6	12	CH4	0.0
6	13	CH4	0.0
6	14	CH4	0.0
6	15	CH4	0.0
6	16	CH4	0.0
6	17	CH4	0.0
6	18	CH4	0.0
6	19	CH4	0.0
6	20	CH4	0.0
6	21	CH4	0.0
6	22	CH4	0.0
6	23	CH4	0.0
6	24	CH4	0.0
6	1	Biogas	0.0
6	2	Biogas	0.0
6	3	Biogas	0.0
6	4	Biogas	0.0
6	5	Biogas	0.0
6	6	Biogas	0.0
6	7	Biogas	0.0
6	8	Biogas	0.0
6	9	Biogas	0.0
6	10	Biogas	0.0
6	11	Biogas	0.0
6	12	Biogas	0.0
6	13	Biogas	0.0
6	14	Biogas	0.0
6	15	Biogas	0.0
6	16	Biogas	0.0
6	17	Biogas	0.0
6	18	Biogas	0.0
6	19	Biogas	0.0
6	20	Biogas	0.0
6	21	Biogas	0.0
6	22	Biogas	0.0
6	23	Biogas	0.0
6	24	Biogas	0.0
6	1	CH4_H2_Mix	0.0
6	2	CH4_H2_Mix	0.0
6	3	CH4_H2_Mix	0.0
6	4	CH4_H2_Mix	0.0
6	5	CH4_H2_Mix	0.0
6	6	CH4_H2_Mix	0.0
6	7	CH4_H2_Mix	0.0
6	8	CH4_H2_Mix	0.0
6	9	CH4_H2_Mix	0.0
6	10	CH4_H2_Mix	0.0
6	11	CH4_H2_Mix	0.0
6	12	CH4_H2_Mix	0.0
6	13	CH4_H2_Mix	0.0
6	14	CH4_H2_Mix	0.0
6	15	CH4_H2_Mix	0.0
6	16	CH4_H2_Mix	0.0
6	17	CH4_H2_Mix	0.0
6	18	CH4_H2_Mix	0.0
6	19	CH4_H2_Mix	0.0
6	20	CH4_H2_Mix	0.0
6	21	CH4_H2_Mix	0.0
6	22	CH4_H2_Mix	0.0
6	23	CH4_H2_Mix	0.0
6	24	CH4_H2_Mix	0.0
7	1	Electricity	29.533636374558046
7	2	Electricity	28.926095393506955
7	3	Electricity	28.82447740751006
7	4	Electricity	28.703468641344536
7	5	Electricity	28.5947542823314
7	6	Electricity	28.88305458036107
7	7	Electricity	29.5673038417755
7	8	Electricity	29.848059963129675
7	9	Electricity	31.143931694995803
7	10	Electricity	33.46963906879465
7	11	Electricity	35.85934301772432
7	12	Electricity	36.60556991193709
7	13	Electricity	36.852384902651636
7	14	Electricity	37.11048075011791
7	15	Electricity	37.6733056448563
7	16	Electricity	37.33074648700434
7	17	Electricity	37.50758368078008
7	18	Electricity	36.99460391422145
7	19	Electricity	35.0788171857385
7	20	Electricity	32.853779616634036
7	21	Electricity	31.44641503504065
7	22	Electricity	30.612965215688565
7	23	Electricity	30.49651219426449
7	24	Electricity	29.89882456594984
7	1	LT	5.8009055360623165
7	2	LT	6.7365354612336565
7	3	LT	6.7365354612336565
7	4	LT	6.7365354612336565
7	5	LT	6.7365354612336565
7	6	LT	8.420669326542072
7	7	LT	9.917677206816217
7	8	LT	11.7889370571589
7	9	LT	11.7889370571589
7	10	LT	11.7889370571589
7	11	LT	11.7889370571589
7	12	LT	11.7889370571589
7	13	LT	11.7889370571589
7	14	LT	11.7889370571589
7	15	LT	11.7889370571589
7	16	LT	10.479055161919023
7	17	LT	10.291929176884752
7	18	LT	8.794921296610609
7	19	LT	8.233543341507803
7	20	LT	6.923661446267925
7	21	LT	5.8009055360623165
7	22	LT	5.052401595925243
7	23	LT	5.052401595925243
7	24	LT	5.052401595925243
7	1	MT	41.466223570116526
7	2	MT	41.505208150332
7	3	MT	41.505208150332
7	4	MT	41.505208150332
7	5	MT	41.505208150332
7	6	MT	41.57538039471985
7	7	MT	41.63775572306461
7	8	MT	41.71572488349555
7	9	MT	41.71572488349555
7	10	MT	41.71572488349555
7	11	MT	41.71572488349555
7	12	MT	41.71572488349555
7	13	MT	41.71572488349555
7	14	MT	41.71572488349555
7	15	MT	41.71572488349555
7	16	MT	41.66114647119389
7	17	MT	41.6533495551508
7	18	MT	41.59097422680604
7	19	MT	41.56758347867676
7	20	MT	41.513005066375094
7	21	MT	41.466223570116526
7	22	MT	41.435035905944154
7	23	MT	41.435035905944154
7	24	MT	41.435035905944154
7	1	H2	0.0
7	2	H2	0.0
7	3	H2	0.0
7	4	H2	0.0
7	5	H2	0.0
7	6	H2	0.0
7	7	H2	0.0
7	8	H2	0.0
7	9	H2	0.0
7	10	H2	0.0
7	11	H2	0.0
7	12	H2	0.0
7	13	H2	0.0
7	14	H2	0.0
7	15	H2	0.0
7	16	H2	0.0
7	17	H2	0.0
7	18	H2	0.0
7	19	H2	0.0
7	20	H2	0.0
7	21	H2	0.0
7	22	H2	0.0
7	23	H2	0.0
7	24	H2	0.0
7	1	CH4	0.0
7	2	CH4	0.0
7	3	CH4	0.0
7	4	CH4	0.0
7	5	CH4	0.0
7	6	CH4	0.0
7	7	CH4	0.0
7	8	CH4	0.0
7	9	CH4	0.0
7	10	CH4	0.0
7	11	CH4	0.0
7	12	CH4	0.0
7	13	CH4	0.0
7	14	CH4	0.0
7	15	CH4	0.0
7	16	CH4	0.0
7	17	CH4	0.0
7	18	CH4	0.0
7	19	CH4	0.0
7	20	CH4	0.0
7	21	CH4	0.0
7	22	CH4	0.0
7	23	CH4	0.0
7	24	CH4	0.0
7	1	Biogas	0.0
7	2	Biogas	0.0
7	3	Biogas	0.0
7	4	Biogas	0.0
7	5	Biogas	0.0
7	6	Biogas	0.0
7	7	Biogas	0.0
7	8	Biogas	0.0
7	9	Biogas	0.0
7	10	Biogas	0.0
7	11	Biogas	0.0
7	12	Biogas	0.0
7	13	Biogas	0.0
7	14	Biogas	0.0
7	15	Biogas	0.0
7	16	Biogas	0.0
7	17	Biogas	0.0
7	18	Biogas	0.0
7	19	Biogas	0.0
7	20	Biogas	0.0
7	21	Biogas	0.0
7	22	Biogas	0.0
7	23	Biogas	0.0
7	24	Biogas	0.0
7	1	CH4_H2_Mix	0.0
7	2	CH4_H2_Mix	0.0
7	3	CH4_H2_Mix	0.0
7	4	CH4_H2_Mix	0.0
7	5	CH4_H2_Mix	0.0
7	6	CH4_H2_Mix	0.0
7	7	CH4_H2_Mix	0.0
7	8	CH4_H2_Mix	0.0
7	9	CH4_H2_Mix	0.0
7	10	CH4_H2_Mix	0.0
7	11	CH4_H2_Mix	0.0
7	12	CH4_H2_Mix	0.0
7	13	CH4_H2_Mix	0.0
7	14	CH4_H2_Mix	0.0
7	15	CH4_H2_Mix	0.0
7	16	CH4_H2_Mix	0.0
7	17	CH4_H2_Mix	0.0
7	18	CH4_H2_Mix	0.0
7	19	CH4_H2_Mix	0.0
7	20	CH4_H2_Mix	0.0
7	21	CH4_H2_Mix	0.0
7	22	CH4_H2_Mix	0.0
7	23	CH4_H2_Mix	0.0
7	24	CH4_H2_Mix	0.0
8	1	Electricity	32.3076927581851
8	2	Electricity	31.587245789390927
8	3	Electricity	31.00428594557613
8	4	Electricity	30.80197550373222
8	5	Electricity	31.076133881470085
8	6	Electricity	32.653152682436364
8	7	Electricity	36.15946812954775
8	8	Electricity	40.10919790367143
8	9	Electricity	48.16222078907403
8	10	Electricity	58.39319458999624
8	11	Electricity	63.22130026167834
8	12	Electricity	64.9310363717545
8	13	Electricity	63.06207008247095
8	14	Electricity	62.78235393786217
8	15	Electricity	65.40577686278515
8	16	Electricity	65.63797960508032
8	17	Electricity	65.95292178849735
8	18	Electricity	64.93623590076538
8	19	Electricity	62.334420376523305
8	20	Electricity	51.84816365164136
8	21	Electricity	37.62762462957679
8	22	Electricity	33.70899308908112
8	23	Electricity	32.50731802496934
8	24	Electricity	31.29531147624073
8	1	LT	1.1485340410931735
8	2	LT	2.2423759849914338
8	3	LT	2.2423759849914338
8	4	LT	2.2423759849914338
8	5	LT	2.2423759849914338
8	6	LT	2.789296956940564
8	7	LT	3.500294220474433
8	8	LT	3.99252309522865
8	9	LT	3.99252309522865
8	10	LT	3.99252309522865
8	11	LT	3.99252309522865
8	12	LT	3.99252309522865
8	13	LT	3.99252309522865
8	14	LT	3.99252309522865
8	15	LT	3.99252309522865
8	16	LT	3.6096784148642596
8	17	LT	3.2815258316947817
8	18	LT	2.953373248525303
8	19	LT	2.843989054135477
8	20	LT	2.297068082186347
8	21	LT	1.6954550130423034
8	22	LT	1.6954550130423034
8	23	LT	1.6954550130423034
8	24	LT	1.6954550130423034
8	1	MT	28.502406991141342
8	2	MT	26.30768141662836
8	3	MT	26.30768141662836
8	4	MT	26.30768141662836
8	5	MT	26.30768141662836
8	6	MT	26.33046979045957
8	7	MT	26.36009467644015
8	8	MT	26.38060421288824
8	9	MT	26.38060421288824
8	10	MT	26.38060421288824
8	11	MT	26.38060421288824
8	12	MT	26.38060421288824
8	13	MT	26.38060421288824
8	14	MT	26.38060421288824
8	15	MT	26.38060421288824
8	16	MT	26.36465235120639
8	17	MT	26.350979326907662
8	18	MT	26.337306302608933
8	19	MT	26.332748627842694
8	20	MT	26.30996025401148
8	21	MT	26.284893042797144
8	22	MT	26.284893042797144
8	23	MT	26.284893042797144
8	24	MT	26.284893042797144
8	1	H2	0.0
8	2	H2	0.0
8	3	H2	0.0
8	4	H2	0.0
8	5	H2	0.0
8	6	H2	0.0
8	7	H2	0.0
8	8	H2	0.0
8	9	H2	0.0
8	10	H2	0.0
8	11	H2	0.0
8	12	H2	0.0
8	13	H2	0.0
8	14	H2	0.0
8	15	H2	0.0
8	16	H2	0.0
8	17	H2	0.0
8	18	H2	0.0
8	19	H2	0.0
8	20	H2	0.0
8	21	H2	0.0
8	22	H2	0.0
8	23	H2	0.0
8	24	H2	0.0
8	1	CH4	0.0
8	2	CH4	0.0
8	3	CH4	0.0
8	4	CH4	0.0
8	5	CH4	0.0
8	6	CH4	0.0
8	7	CH4	0.0
8	8	CH4	0.0
8	9	CH4	0.0
8	10	CH4	0.0
8	11	CH4	0.0
8	12	CH4	0.0
8	13	CH4	0.0
8	14	CH4	0.0
8	15	CH4	0.0
8	16	CH4	0.0
8	17	CH4	0.0
8	18	CH4	0.0
8	19	CH4	0.0
8	20	CH4	0.0
8	21	CH4	0.0
8	22	CH4	0.0
8	23	CH4	0.0
8	24	CH4	0.0
8	1	Biogas	0.0
8	2	Biogas	0.0
8	3	Biogas	0.0
8	4	Biogas	0.0
8	5	Biogas	0.0
8	6	Biogas	0.0
8	7	Biogas	0.0
8	8	Biogas	0.0
8	9	Biogas	0.0
8	10	Biogas	0.0
8	11	Biogas	0.0
8	12	Biogas	0.0
8	13	Biogas	0.0
8	14	Biogas	0.0
8	15	Biogas	0.0
8	16	Biogas	0.0
8	17	Biogas	0.0
8	18	Biogas	0.0
8	19	Biogas	0.0
8	20	Biogas	0.0
8	21	Biogas	0.0
8	22	Biogas	0.0
8	23	Biogas	0.0
8	24	Biogas	0.0
8	1	CH4_H2_Mix	0.0
8	2	CH4_H2_Mix	0.0
8	3	CH4_H2_Mix	0.0
8	4	CH4_H2_Mix	0.0
8	5	CH4_H2_Mix	0.0
8	6	CH4_H2_Mix	0.0
8	7	CH4_H2_Mix	0.0
8	8	CH4_H2_Mix	0.0
8	9	CH4_H2_Mix	0.0
8	10	CH4_H2_Mix	0.0
8	11	CH4_H2_Mix	0.0
8	12	CH4_H2_Mix	0.0
8	13	CH4_H2_Mix	0.0
8	14	CH4_H2_Mix	0.0
8	15	CH4_H2_Mix	0.0
8	16	CH4_H2_Mix	0.0
8	17	CH4_H2_Mix	0.0
8	18	CH4_H2_Mix	0.0
8	19	CH4_H2_Mix	0.0
8	20	CH4_H2_Mix	0.0
8	21	CH4_H2_Mix	0.0
8	22	CH4_H2_Mix	0.0
8	23	CH4_H2_Mix	0.0
8	24	CH4_H2_Mix	0.0
9	1	Electricity	33.63711401418653
9	2	Electricity	33.14640643683498
9	3	Electricity	32.989708119348904
9	4	Electricity	33.178123193883266
9	5	Electricity	34.13506202993887
9	6	Electricity	38.58195384508852
9	7	Electricity	50.43178160565161
9	8	Electricity	61.220700042071066
9	9	Electricity	74.5727357499902
9	10	Electricity	85.67921683454655
9	11	Electricity	89.44290851163353
9	12	Electricity	88.72499892799608
9	13	Electricity	79.38893867169796
9	14	Electricity	78.96865960868332
9	15	Electricity	85.33110862570344
9	16	Electricity	84.09313812994384
9	17	Electricity	80.80203184127072
9	18	Electricity	75.15222966341207
9	19	Electricity	68.71827736780124
9	20	Electricity	56.26725986749483
9	21	Electricity	43.060706457334135
9	22	Electricity	37.52867552703876
9	23	Electricity	35.14062409877583
9	24	Electricity	33.4204823177575
9	1	LT	22.089088180887227
9	2	LT	22.089088180887227
9	3	LT	22.089088180887227
9	4	LT	22.089088180887227
9	5	LT	22.089088180887227
9	6	LT	22.089088180887227
9	7	LT	22.089088180887227
9	8	LT	59.85430345788797
9	9	LT	74.81787932235996
9	10	LT	82.29966725459596
9	11	LT	82.29966725459596
9	12	LT	97.26324311906794
9	13	LT	97.26324311906794
9	14	LT	67.33609139012397
9	15	LT	97.26324311906794
9	16	LT	82.29966725459596
9	17	LT	71.25512316415235
9	18	LT	59.85430345788797
9	19	LT	22.089088180887227
9	20	LT	22.089088180887227
9	21	LT	22.089088180887227
9	22	LT	22.089088180887227
9	23	LT	22.089088180887227
9	24	LT	22.089088180887227
9	1	MT	113.12481698513356
9	2	MT	77.98740398737878
9	3	MT	77.98740398737878
9	4	MT	77.98740398737878
9	5	MT	77.98740398737878
9	6	MT	77.98740398737878
9	7	MT	77.98740398737878
9	8	MT	295.1273611108177
9	9	MT	368.9092013885221
9	10	MT	405.80012152737424
9	11	MT	405.80012152737424
9	12	MT	479.5819618050787
9	13	MT	479.5819618050787
9	14	MT	332.0182812496699
9	15	MT	479.5819618050787
9	16	MT	377.01447164844444
9	17	MT	212.3369462397091
9	18	MT	154.03713353521772
9	19	MT	80.69028191028299
9	20	MT	77.98740398737878
9	21	MT	77.98740398737878
9	22	MT	77.98740398737878
9	23	MT	77.98740398737878
9	24	MT	77.98740398737878
9	1	H2	0.0
9	2	H2	0.0
9	3	H2	0.0
9	4	H2	0.0
9	5	H2	0.0
9	6	H2	0.0
9	7	H2	0.0
9	8	H2	0.0
9	9	H2	0.0
9	10	H2	0.0
9	11	H2	0.0
9	12	H2	0.0
9	13	H2	0.0
9	14	H2	0.0
9	15	H2	0.0
9	16	H2	0.0
9	17	H2	0.0
9	18	H2	0.0
9	19	H2	0.0
9	20	H2	0.0
9	21	H2	0.0
9	22	H2	0.0
9	23	H2	0.0
9	24	H2	0.0
9	1	CH4	0.0
9	2	CH4	0.0
9	3	CH4	0.0
9	4	CH4	0.0
9	5	CH4	0.0
9	6	CH4	0.0
9	7	CH4	0.0
9	8	CH4	0.0
9	9	CH4	0.0
9	10	CH4	0.0
9	11	CH4	0.0
9	12	CH4	0.0
9	13	CH4	0.0
9	14	CH4	0.0
9	15	CH4	0.0
9	16	CH4	0.0
9	17	CH4	0.0
9	18	CH4	0.0
9	19	CH4	0.0
9	20	CH4	0.0
9	21	CH4	0.0
9	22	CH4	0.0
9	23	CH4	0.0
9	24	CH4	0.0
9	1	Biogas	0.0
9	2	Biogas	0.0
9	3	Biogas	0.0
9	4	Biogas	0.0
9	5	Biogas	0.0
9	6	Biogas	0.0
9	7	Biogas	0.0
9	8	Biogas	0.0
9	9	Biogas	0.0
9	10	Biogas	0.0
9	11	Biogas	0.0
9	12	Biogas	0.0
9	13	Biogas	0.0
9	14	Biogas	0.0
9	15	Biogas	0.0
9	16	Biogas	0.0
9	17	Biogas	0.0
9	18	Biogas	0.0
9	19	Biogas	0.0
9	20	Biogas	0.0
9	21	Biogas	0.0
9	22	Biogas	0.0
9	23	Biogas	0.0
9	24	Biogas	0.0
9	1	CH4_H2_Mix	0.0
9	2	CH4_H2_Mix	0.0
9	3	CH4_H2_Mix	0.0
9	4	CH4_H2_Mix	0.0
9	5	CH4_H2_Mix	0.0
9	6	CH4_H2_Mix	0.0
9	7	CH4_H2_Mix	0.0
9	8	CH4_H2_Mix	0.0
9	9	CH4_H2_Mix	0.0
9	10	CH4_H2_Mix	0.0
9	11	CH4_H2_Mix	0.0
9	12	CH4_H2_Mix	0.0
9	13	CH4_H2_Mix	0.0
9	14	CH4_H2_Mix	0.0
9	15	CH4_H2_Mix	0.0
9	16	CH4_H2_Mix	0.0
9	17	CH4_H2_Mix	0.0
9	18	CH4_H2_Mix	0.0
9	19	CH4_H2_Mix	0.0
9	20	CH4_H2_Mix	0.0
9	21	CH4_H2_Mix	0.0
9	22	CH4_H2_Mix	0.0
9	23	CH4_H2_Mix	0.0
9	24	CH4_H2_Mix	0.0
10	1	Electricity	32.37234104802247
10	2	Electricity	31.68614573842106
10	3	Electricity	31.034888590227386
10	4	Electricity	30.812449888238046
10	5	Electricity	30.99908332546835
10	6	Electricity	32.75709942988679
10	7	Electricity	36.834626322988235
10	8	Electricity	41.73699096080143
10	9	Electricity	49.59774136145671
10	10	Electricity	58.81088384589132
10	11	Electricity	63.865154536863365
10	12	Electricity	64.70112256136935
10	13	Electricity	62.00496531585084
10	14	Electricity	60.62209463668561
10	15	Electricity	63.605426843607894
10	16	Electricity	63.86889955276646
10	17	Electricity	63.644160238574756
10	18	Electricity	62.69793514433906
10	19	Electricity	59.53039266677944
10	20	Electricity	48.48492684507746
10	21	Electricity	36.559153570313875
10	22	Electricity	31.79570738736116
10	23	Electricity	31.400432181750926
10	24	Electricity	30.276756057638256
10	1	LT	4.892151669174725
10	2	LT	9.551343735055417
10	3	LT	9.551343735055417
10	4	LT	9.551343735055417
10	5	LT	9.551343735055417
10	6	LT	11.880939767995761
10	7	LT	14.909414610818208
10	8	LT	17.006051040464516
10	9	LT	17.006051040464516
10	10	LT	17.006051040464516
10	11	LT	17.006051040464516
10	12	LT	17.006051040464516
10	13	LT	17.006051040464516
10	14	LT	17.006051040464516
10	15	LT	17.006051040464516
10	16	LT	15.375333817406277
10	17	LT	13.977576197642069
10	18	LT	12.579818577877864
10	19	LT	12.113899371289794
10	20	LT	9.78430333834945
10	21	LT	7.221747702115069
10	22	LT	7.221747702115069
10	23	LT	7.221747702115069
10	24	LT	7.221747702115069
10	1	MT	52.965946579673925
10	2	MT	49.81921744575134
10	3	MT	49.81921744575134
10	4	MT	49.81921744575134
10	5	MT	49.81921744575134
10	6	MT	49.91628394712385
10	7	MT	50.042470398908115
10	8	MT	50.12983025014338
10	9	MT	50.12983025014338
10	10	MT	50.12983025014338
10	11	MT	50.12983025014338
10	12	MT	50.12983025014338
10	13	MT	50.12983025014338
10	14	MT	50.12983025014338
10	15	MT	50.12983025014338
10	16	MT	50.06188369918262
10	17	MT	50.003643798359114
10	18	MT	49.945403897535606
10	19	MT	49.925990597261105
10	20	MT	49.82892409588859
10	21	MT	49.722150944378825
10	22	MT	49.722150944378825
10	23	MT	49.722150944378825
10	24	MT	49.722150944378825
10	1	H2	0.0
10	2	H2	0.0
10	3	H2	0.0
10	4	H2	0.0
10	5	H2	0.0
10	6	H2	0.0
10	7	H2	0.0
10	8	H2	0.0
10	9	H2	0.0
10	10	H2	0.0
10	11	H2	0.0
10	12	H2	0.0
10	13	H2	0.0
10	14	H2	0.0
10	15	H2	0.0
10	16	H2	0.0
10	17	H2	0.0
10	18	H2	0.0
10	19	H2	0.0
10	20	H2	0.0
10	21	H2	0.0
10	22	H2	0.0
10	23	H2	0.0
10	24	H2	0.0
10	1	CH4	0.0
10	2	CH4	0.0
10	3	CH4	0.0
10	4	CH4	0.0
10	5	CH4	0.0
10	6	CH4	0.0
10	7	CH4	0.0
10	8	CH4	0.0
10	9	CH4	0.0
10	10	CH4	0.0
10	11	CH4	0.0
10	12	CH4	0.0
10	13	CH4	0.0
10	14	CH4	0.0
10	15	CH4	0.0
10	16	CH4	0.0
10	17	CH4	0.0
10	18	CH4	0.0
10	19	CH4	0.0
10	20	CH4	0.0
10	21	CH4	0.0
10	22	CH4	0.0
10	23	CH4	0.0
10	24	CH4	0.0
10	1	Biogas	0.0
10	2	Biogas	0.0
10	3	Biogas	0.0
10	4	Biogas	0.0
10	5	Biogas	0.0
10	6	Biogas	0.0
10	7	Biogas	0.0
10	8	Biogas	0.0
10	9	Biogas	0.0
10	10	Biogas	0.0
10	11	Biogas	0.0
10	12	Biogas	0.0
10	13	Biogas	0.0
10	14	Biogas	0.0
10	15	Biogas	0.0
10	16	Biogas	0.0
10	17	Biogas	0.0
10	18	Biogas	0.0
10	19	Biogas	0.0
10	20	Biogas	0.0
10	21	Biogas	0.0
10	22	Biogas	0.0
10	23	Biogas	0.0
10	24	Biogas	0.0
10	1	CH4_H2_Mix	0.0
10	2	CH4_H2_Mix	0.0
10	3	CH4_H2_Mix	0.0
10	4	CH4_H2_Mix	0.0
10	5	CH4_H2_Mix	0.0
10	6	CH4_H2_Mix	0.0
10	7	CH4_H2_Mix	0.0
10	8	CH4_H2_Mix	0.0
10	9	CH4_H2_Mix	0.0
10	10	CH4_H2_Mix	0.0
10	11	CH4_H2_Mix	0.0
10	12	CH4_H2_Mix	0.0
10	13	CH4_H2_Mix	0.0
10	14	CH4_H2_Mix	0.0
10	15	CH4_H2_Mix	0.0
10	16	CH4_H2_Mix	0.0
10	17	CH4_H2_Mix	0.0
10	18	CH4_H2_Mix	0.0
10	19	CH4_H2_Mix	0.0
10	20	CH4_H2_Mix	0.0
10	21	CH4_H2_Mix	0.0
10	22	CH4_H2_Mix	0.0
10	23	CH4_H2_Mix	0.0
10	24	CH4_H2_Mix	0.0
11	1	Electricity	39.93574913483462
11	2	Electricity	40.16445397161985
11	3	Electricity	40.54280134252424
11	4	Electricity	40.29996223717886
11	5	Electricity	40.59063403994447
11	6	Electricity	41.066253111923864
11	7	Electricity	41.935279353517714
11	8	Electricity	43.555340766546934
11	9	Electricity	43.97270560928973
11	10	Electricity	44.887591592371756
11	11	Electricity	46.36964074866638
11	12	Electricity	46.407858285168686
11	13	Electricity	45.73478278159982
11	14	Electricity	45.17754466443677
11	15	Electricity	44.6622999093006
11	16	Electricity	44.477218912141026
11	17	Electricity	44.54896017985543
11	18	Electricity	44.90333008954398
11	19	Electricity	45.306158871804676
11	20	Electricity	44.081432687406455
11	21	Electricity	42.15132369086398
11	22	Electricity	41.34707647730383
11	23	Electricity	41.587209555353965
11	24	Electricity	41.88343489373492
11	1	LT	19.7349528502493
11	2	LT	22.918009761579835
11	3	LT	22.918009761579835
11	4	LT	22.918009761579835
11	5	LT	22.918009761579835
11	6	LT	28.64751220197479
11	7	LT	33.74040326010365
11	8	LT	40.10651708276471
11	9	LT	40.10651708276471
11	10	LT	40.10651708276471
11	11	LT	40.10651708276471
11	12	LT	40.10651708276471
11	13	LT	40.10651708276471
11	14	LT	40.10651708276471
11	15	LT	40.10651708276471
11	16	LT	35.65023740690197
11	17	LT	35.01362602463586
11	18	LT	29.92073496650701
11	19	LT	28.01090081970869
11	20	LT	23.554621143845946
11	21	LT	19.7349528502493
11	22	LT	17.188507321184876
11	23	LT	17.188507321184876
11	24	LT	17.188507321184876
11	1	MT	90.30744585912885
11	2	MT	90.44007323043428
11	3	MT	90.44007323043428
11	4	MT	90.44007323043428
11	5	MT	90.44007323043428
11	6	MT	90.67880249878407
11	7	MT	90.89100629287276
11	8	MT	91.15626103548364
11	9	MT	91.15626103548364
11	10	MT	91.15626103548364
11	11	MT	91.15626103548364
11	12	MT	91.15626103548364
11	13	MT	91.15626103548364
11	14	MT	91.15626103548364
11	15	MT	91.15626103548364
11	16	MT	90.97058271565602
11	17	MT	90.94405724139494
11	18	MT	90.73185344730624
11	19	MT	90.65227702452297
11	20	MT	90.46659870469537
11	21	MT	90.30744585912885
11	22	MT	90.2013439620845
11	23	MT	90.2013439620845
11	24	MT	90.2013439620845
11	1	H2	0.0
11	2	H2	0.0
11	3	H2	0.0
11	4	H2	0.0
11	5	H2	0.0
11	6	H2	0.0
11	7	H2	0.0
11	8	H2	0.0
11	9	H2	0.0
11	10	H2	0.0
11	11	H2	0.0
11	12	H2	0.0
11	13	H2	0.0
11	14	H2	0.0
11	15	H2	0.0
11	16	H2	0.0
11	17	H2	0.0
11	18	H2	0.0
11	19	H2	0.0
11	20	H2	0.0
11	21	H2	0.0
11	22	H2	0.0
11	23	H2	0.0
11	24	H2	0.0
11	1	CH4	0.0
11	2	CH4	0.0
11	3	CH4	0.0
11	4	CH4	0.0
11	5	CH4	0.0
11	6	CH4	0.0
11	7	CH4	0.0
11	8	CH4	0.0
11	9	CH4	0.0
11	10	CH4	0.0
11	11	CH4	0.0
11	12	CH4	0.0
11	13	CH4	0.0
11	14	CH4	0.0
11	15	CH4	0.0
11	16	CH4	0.0
11	17	CH4	0.0
11	18	CH4	0.0
11	19	CH4	0.0
11	20	CH4	0.0
11	21	CH4	0.0
11	22	CH4	0.0
11	23	CH4	0.0
11	24	CH4	0.0
11	1	Biogas	0.0
11	2	Biogas	0.0
11	3	Biogas	0.0
11	4	Biogas	0.0
11	5	Biogas	0.0
11	6	Biogas	0.0
11	7	Biogas	0.0
11	8	Biogas	0.0
11	9	Biogas	0.0
11	10	Biogas	0.0
11	11	Biogas	0.0
11	12	Biogas	0.0
11	13	Biogas	0.0
11	14	Biogas	0.0
11	15	Biogas	0.0
11	16	Biogas	0.0
11	17	Biogas	0.0
11	18	Biogas	0.0
11	19	Biogas	0.0
11	20	Biogas	0.0
11	21	Biogas	0.0
11	22	Biogas	0.0
11	23	Biogas	0.0
11	24	Biogas	0.0
11	1	CH4_H2_Mix	0.0
11	2	CH4_H2_Mix	0.0
11	3	CH4_H2_Mix	0.0
11	4	CH4_H2_Mix	0.0
11	5	CH4_H2_Mix	0.0
11	6	CH4_H2_Mix	0.0
11	7	CH4_H2_Mix	0.0
11	8	CH4_H2_Mix	0.0
11	9	CH4_H2_Mix	0.0
11	10	CH4_H2_Mix	0.0
11	11	CH4_H2_Mix	0.0
11	12	CH4_H2_Mix	0.0
11	13	CH4_H2_Mix	0.0
11	14	CH4_H2_Mix	0.0
11	15	CH4_H2_Mix	0.0
11	16	CH4_H2_Mix	0.0
11	17	CH4_H2_Mix	0.0
11	18	CH4_H2_Mix	0.0
11	19	CH4_H2_Mix	0.0
11	20	CH4_H2_Mix	0.0
11	21	CH4_H2_Mix	0.0
11	22	CH4_H2_Mix	0.0
11	23	CH4_H2_Mix	0.0
11	24	CH4_H2_Mix	0.0
12	1	Electricity	33.75679469817443
12	2	Electricity	33.789617839877515
12	3	Electricity	33.448830108575116
12	4	Electricity	33.60770037768972
12	5	Electricity	34.05089219639969
12	6	Electricity	35.80730280536308
12	7	Electricity	39.349716157963634
12	8	Electricity	43.719464684204866
12	9	Electricity	48.490132353587256
12	10	Electricity	52.60043179068284
12	11	Electricity	54.482987555368155
12	12	Electricity	53.435629954705256
12	13	Electricity	52.24865883310831
12	14	Electricity	51.93494622215818
12	15	Electricity	53.03036814981315
12	16	Electricity	51.836441806845635
12	17	Electricity	53.548671849364055
12	18	Electricity	51.30574990308753
12	19	Electricity	55.74371987514953
12	20	Electricity	45.21694031424385
12	21	Electricity	45.28827223965209
12	22	Electricity	34.184519884217316
12	23	Electricity	41.54621324943205
12	24	Electricity	32.794770298303106
12	1	LT	9.422321895934523
12	2	LT	18.39596179682455
12	3	LT	18.39596179682455
12	4	LT	18.39596179682455
12	5	LT	18.39596179682455
12	6	LT	22.88278174726956
12	7	LT	28.715647682848076
12	8	LT	32.753785638248594
12	9	LT	32.753785638248594
12	10	LT	32.753785638248594
12	11	LT	32.753785638248594
12	12	LT	32.753785638248594
12	13	LT	32.753785638248594
12	14	LT	32.753785638248594
12	15	LT	32.753785638248594
12	16	LT	29.613011672937077
12	17	LT	26.920919702670073
12	18	LT	24.228827732403065
12	19	LT	23.33146374231406
12	20	LT	18.844643791869046
12	21	LT	13.909141846379535
12	22	LT	13.909141846379535
12	23	LT	13.909141846379535
12	24	LT	13.909141846379535
12	1	MT	80.67269105437542
12	2	MT	76.45981380912164
12	3	MT	76.45981380912164
12	4	MT	76.45981380912164
12	5	MT	76.45981380912164
12	6	MT	76.64676464039017
12	7	MT	76.88980072103928
12	8	MT	77.05805646918097
12	9	MT	77.05805646918097
12	10	MT	77.05805646918097
12	11	MT	77.05805646918097
12	12	MT	77.05805646918097
12	13	MT	77.05805646918097
12	14	MT	77.05805646918097
12	15	MT	77.05805646918097
12	16	MT	76.92719088729298
12	17	MT	76.81502038853186
12	18	MT	76.70284988977073
12	19	MT	76.66545972351703
12	20	MT	76.47850889224848
12	21	MT	76.2728629778531
12	22	MT	76.2728629778531
12	23	MT	76.2728629778531
12	24	MT	76.2728629778531
12	1	H2	0.0
12	2	H2	0.0
12	3	H2	0.0
12	4	H2	0.0
12	5	H2	0.0
12	6	H2	0.0
12	7	H2	0.0
12	8	H2	0.0
12	9	H2	0.0
12	10	H2	0.0
12	11	H2	0.0
12	12	H2	0.0
12	13	H2	0.0
12	14	H2	0.0
12	15	H2	0.0
12	16	H2	0.0
12	17	H2	0.0
12	18	H2	0.0
12	19	H2	0.0
12	20	H2	0.0
12	21	H2	0.0
12	22	H2	0.0
12	23	H2	0.0
12	24	H2	0.0
12	1	CH4	0.0
12	2	CH4	0.0
12	3	CH4	0.0
12	4	CH4	0.0
12	5	CH4	0.0
12	6	CH4	0.0
12	7	CH4	0.0
12	8	CH4	0.0
12	9	CH4	0.0
12	10	CH4	0.0
12	11	CH4	0.0
12	12	CH4	0.0
12	13	CH4	0.0
12	14	CH4	0.0
12	15	CH4	0.0
12	16	CH4	0.0
12	17	CH4	0.0
12	18	CH4	0.0
12	19	CH4	0.0
12	20	CH4	0.0
12	21	CH4	0.0
12	22	CH4	0.0
12	23	CH4	0.0
12	24	CH4	0.0
12	1	Biogas	0.0
12	2	Biogas	0.0
12	3	Biogas	0.0
12	4	Biogas	0.0
12	5	Biogas	0.0
12	6	Biogas	0.0
12	7	Biogas	0.0
12	8	Biogas	0.0
12	9	Biogas	0.0
12	10	Biogas	0.0
12	11	Biogas	0.0
12	12	Biogas	0.0
12	13	Biogas	0.0
12	14	Biogas	0.0
12	15	Biogas	0.0
12	16	Biogas	0.0
12	17	Biogas	0.0
12	18	Biogas	0.0
12	19	Biogas	0.0
12	20	Biogas	0.0
12	21	Biogas	0.0
12	22	Biogas	0.0
12	23	Biogas	0.0
12	24	Biogas	0.0
12	1	CH4_H2_Mix	0.0
12	2	CH4_H2_Mix	0.0
12	3	CH4_H2_Mix	0.0
12	4	CH4_H2_Mix	0.0
12	5	CH4_H2_Mix	0.0
12	6	CH4_H2_Mix	0.0
12	7	CH4_H2_Mix	0.0
12	8	CH4_H2_Mix	0.0
12	9	CH4_H2_Mix	0.0
12	10	CH4_H2_Mix	0.0
12	11	CH4_H2_Mix	0.0
12	12	CH4_H2_Mix	0.0
12	13	CH4_H2_Mix	0.0
12	14	CH4_H2_Mix	0.0
12	15	CH4_H2_Mix	0.0
12	16	CH4_H2_Mix	0.0
12	17	CH4_H2_Mix	0.0
12	18	CH4_H2_Mix	0.0
12	19	CH4_H2_Mix	0.0
12	20	CH4_H2_Mix	0.0
12	21	CH4_H2_Mix	0.0
12	22	CH4_H2_Mix	0.0
12	23	CH4_H2_Mix	0.0
12	24	CH4_H2_Mix	0.0
13	1	Electricity	30.54558485226412
13	2	Electricity	30.29944265652344
13	3	Electricity	30.443397141638837
13	4	Electricity	30.99048911331416
13	5	Electricity	32.901215538830556
13	6	Electricity	38.83481172752766
13	7	Electricity	49.35381426601672
13	8	Electricity	61.98547278285345
13	9	Electricity	76.50243545490024
13	10	Electricity	86.06500736406662
13	11	Electricity	89.62127100970322
13	12	Electricity	88.68930167427018
13	13	Electricity	81.49216178783362
13	14	Electricity	81.03276985970362
13	15	Electricity	86.69082042691768
13	16	Electricity	85.56941154636309
13	17	Electricity	83.22818744892542
13	18	Electricity	78.34597004856562
13	19	Electricity	72.0215948067056
13	20	Electricity	61.03116436890359
13	21	Electricity	46.22931098004398
13	22	Electricity	38.77225013078575
13	23	Electricity	37.29869997072638
13	24	Electricity	35.839407191028705
13	1	LT	11.792117716416202
13	2	LT	11.792117716416202
13	3	LT	11.792117716416202
13	4	LT	11.792117716416202
13	5	LT	11.792117716416202
13	6	LT	11.792117716416202
13	7	LT	11.792117716416202
13	8	LT	51.29571206641048
13	9	LT	57.70767607471179
13	10	LT	64.1196400830131
13	11	LT	64.1196400830131
13	12	LT	76.94356809961569
13	13	LT	76.94356809961569
13	14	LT	51.29571206641048
13	15	LT	76.94356809961569
13	16	LT	76.94356809961569
13	17	LT	64.1196400830131
13	18	LT	51.59051500932088
13	19	LT	18.425183931900314
13	20	LT	18.425183931900314
13	21	LT	18.425183931900314
13	22	LT	18.425183931900314
13	23	LT	18.425183931900314
13	24	LT	18.425183931900314
13	1	MT	64.41294093384263
13	2	MT	64.41294093384263
13	3	MT	64.41294093384263
13	4	MT	64.41294093384263
13	5	MT	64.41294093384263
13	6	MT	64.41294093384263
13	7	MT	64.41294093384263
13	8	MT	275.5488598555202
13	9	MT	309.99246733746025
13	10	MT	344.43607481940023
13	11	MT	344.43607481940023
13	12	MT	413.32328978328025
13	13	MT	413.32328978328025
13	14	MT	275.5488598555202
13	15	MT	413.32328978328025
13	16	MT	413.32328978328025
13	17	MT	261.94413540055945
13	18	MT	110.88435087265822
13	19	MT	74.18067000433669
13	20	MT	74.18067000433669
13	21	MT	74.18067000433669
13	22	MT	74.18067000433669
13	23	MT	74.18067000433669
13	24	MT	74.18067000433669
13	1	H2	0.0
13	2	H2	0.0
13	3	H2	0.0
13	4	H2	0.0
13	5	H2	0.0
13	6	H2	0.0
13	7	H2	0.0
13	8	H2	0.0
13	9	H2	0.0
13	10	H2	0.0
13	11	H2	0.0
13	12	H2	0.0
13	13	H2	0.0
13	14	H2	0.0
13	15	H2	0.0
13	16	H2	0.0
13	17	H2	0.0
13	18	H2	0.0
13	19	H2	0.0
13	20	H2	0.0
13	21	H2	0.0
13	22	H2	0.0
13	23	H2	0.0
13	24	H2	0.0
13	1	CH4	0.0
13	2	CH4	0.0
13	3	CH4	0.0
13	4	CH4	0.0
13	5	CH4	0.0
13	6	CH4	0.0
13	7	CH4	0.0
13	8	CH4	0.0
13	9	CH4	0.0
13	10	CH4	0.0
13	11	CH4	0.0
13	12	CH4	0.0
13	13	CH4	0.0
13	14	CH4	0.0
13	15	CH4	0.0
13	16	CH4	0.0
13	17	CH4	0.0
13	18	CH4	0.0
13	19	CH4	0.0
13	20	CH4	0.0
13	21	CH4	0.0
13	22	CH4	0.0
13	23	CH4	0.0
13	24	CH4	0.0
13	1	Biogas	0.0
13	2	Biogas	0.0
13	3	Biogas	0.0
13	4	Biogas	0.0
13	5	Biogas	0.0
13	6	Biogas	0.0
13	7	Biogas	0.0
13	8	Biogas	0.0
13	9	Biogas	0.0
13	10	Biogas	0.0
13	11	Biogas	0.0
13	12	Biogas	0.0
13	13	Biogas	0.0
13	14	Biogas	0.0
13	15	Biogas	0.0
13	16	Biogas	0.0
13	17	Biogas	0.0
13	18	Biogas	0.0
13	19	Biogas	0.0
13	20	Biogas	0.0
13	21	Biogas	0.0
13	22	Biogas	0.0
13	23	Biogas	0.0
13	24	Biogas	0.0
13	1	CH4_H2_Mix	0.0
13	2	CH4_H2_Mix	0.0
13	3	CH4_H2_Mix	0.0
13	4	CH4_H2_Mix	0.0
13	5	CH4_H2_Mix	0.0
13	6	CH4_H2_Mix	0.0
13	7	CH4_H2_Mix	0.0
13	8	CH4_H2_Mix	0.0
13	9	CH4_H2_Mix	0.0
13	10	CH4_H2_Mix	0.0
13	11	CH4_H2_Mix	0.0
13	12	CH4_H2_Mix	0.0
13	13	CH4_H2_Mix	0.0
13	14	CH4_H2_Mix	0.0
13	15	CH4_H2_Mix	0.0
13	16	CH4_H2_Mix	0.0
13	17	CH4_H2_Mix	0.0
13	18	CH4_H2_Mix	0.0
13	19	CH4_H2_Mix	0.0
13	20	CH4_H2_Mix	0.0
13	21	CH4_H2_Mix	0.0
13	22	CH4_H2_Mix	0.0
13	23	CH4_H2_Mix	0.0
13	24	CH4_H2_Mix	0.0
14	1	Electricity	48.19177109259234
14	2	Electricity	48.699016823746746
14	3	Electricity	48.858325344524495
14	4	Electricity	49.34833894528744
14	5	Electricity	50.87350436789628
14	6	Electricity	55.67946985541059
14	7	Electricity	66.47100323311449
14	8	Electricity	82.05816344338459
14	9	Electricity	97.93697353521729
14	10	Electricity	108.22812093384978
14	11	Electricity	112.15019200373052
14	12	Electricity	110.76521937868027
14	13	Electricity	99.75489699762375
14	14	Electricity	97.6314546113424
14	15	Electricity	103.99850753847434
14	16	Electricity	103.00075809034196
14	17	Electricity	99.42870656599347
14	18	Electricity	95.12866113445762
14	19	Electricity	88.44394710015176
14	20	Electricity	73.74780762869972
14	21	Electricity	57.27269588545451
14	22	Electricity	50.90487238840693
14	23	Electricity	48.80402211986077
14	24	Electricity	47.741828546306884
14	1	LT	26.182891883639478
14	2	LT	26.182891883639478
14	3	LT	26.182891883639478
14	4	LT	26.182891883639478
14	5	LT	26.182891883639478
14	6	LT	26.182891883639478
14	7	LT	26.182891883639478
14	8	LT	70.94719091050696
14	9	LT	88.6839886381337
14	10	LT	97.55238750194708
14	11	LT	97.55238750194708
14	12	LT	115.28918522957382
14	13	LT	115.28918522957382
14	14	LT	79.81558977432034
14	15	LT	115.28918522957382
14	16	LT	97.55238750194708
14	17	LT	84.46094156012734
14	18	LT	70.94719091050696
14	19	LT	26.182891883639478
14	20	LT	26.182891883639478
14	21	LT	26.182891883639478
14	22	LT	26.182891883639478
14	23	LT	26.182891883639478
14	24	LT	26.182891883639478
14	1	MT	123.93188463687969
14	2	MT	86.28424505350051
14	3	MT	86.28424505350051
14	4	MT	86.28424505350051
14	5	MT	86.28424505350051
14	6	MT	86.28424505350051
14	7	MT	86.28424505350051
14	8	MT	323.5962947046318
14	9	MT	404.49536838078967
14	10	MT	444.9449052188687
14	11	MT	444.9449052188687
14	12	MT	525.8439788950267
14	13	MT	525.8439788950267
14	14	MT	364.04583154271074
14	15	MT	525.8439788950267
14	16	MT	414.1028004832542
14	17	MT	236.29796713903232
14	18	MT	172.42654191598618
14	19	MT	89.18021732914505
14	20	MT	86.28424505350051
14	21	MT	86.28424505350051
14	22	MT	86.28424505350051
14	23	MT	86.28424505350051
14	24	MT	86.28424505350051
14	1	H2	0.0
14	2	H2	0.0
14	3	H2	0.0
14	4	H2	0.0
14	5	H2	0.0
14	6	H2	0.0
14	7	H2	0.0
14	8	H2	0.0
14	9	H2	0.0
14	10	H2	0.0
14	11	H2	0.0
14	12	H2	0.0
14	13	H2	0.0
14	14	H2	0.0
14	15	H2	0.0
14	16	H2	0.0
14	17	H2	0.0
14	18	H2	0.0
14	19	H2	0.0
14	20	H2	0.0
14	21	H2	0.0
14	22	H2	0.0
14	23	H2	0.0
14	24	H2	0.0
14	1	CH4	0.0
14	2	CH4	0.0
14	3	CH4	0.0
14	4	CH4	0.0
14	5	CH4	0.0
14	6	CH4	0.0
14	7	CH4	0.0
14	8	CH4	0.0
14	9	CH4	0.0
14	10	CH4	0.0
14	11	CH4	0.0
14	12	CH4	0.0
14	13	CH4	0.0
14	14	CH4	0.0
14	15	CH4	0.0
14	16	CH4	0.0
14	17	CH4	0.0
14	18	CH4	0.0
14	19	CH4	0.0
14	20	CH4	0.0
14	21	CH4	0.0
14	22	CH4	0.0
14	23	CH4	0.0
14	24	CH4	0.0
14	1	Biogas	0.0
14	2	Biogas	0.0
14	3	Biogas	0.0
14	4	Biogas	0.0
14	5	Biogas	0.0
14	6	Biogas	0.0
14	7	Biogas	0.0
14	8	Biogas	0.0
14	9	Biogas	0.0
14	10	Biogas	0.0
14	11	Biogas	0.0
14	12	Biogas	0.0
14	13	Biogas	0.0
14	14	Biogas	0.0
14	15	Biogas	0.0
14	16	Biogas	0.0
14	17	Biogas	0.0
14	18	Biogas	0.0
14	19	Biogas	0.0
14	20	Biogas	0.0
14	21	Biogas	0.0
14	22	Biogas	0.0
14	23	Biogas	0.0
14	24	Biogas	0.0
14	1	CH4_H2_Mix	0.0
14	2	CH4_H2_Mix	0.0
14	3	CH4_H2_Mix	0.0
14	4	CH4_H2_Mix	0.0
14	5	CH4_H2_Mix	0.0
14	6	CH4_H2_Mix	0.0
14	7	CH4_H2_Mix	0.0
14	8	CH4_H2_Mix	0.0
14	9	CH4_H2_Mix	0.0
14	10	CH4_H2_Mix	0.0
14	11	CH4_H2_Mix	0.0
14	12	CH4_H2_Mix	0.0
14	13	CH4_H2_Mix	0.0
14	14	CH4_H2_Mix	0.0
14	15	CH4_H2_Mix	0.0
14	16	CH4_H2_Mix	0.0
14	17	CH4_H2_Mix	0.0
14	18	CH4_H2_Mix	0.0
14	19	CH4_H2_Mix	0.0
14	20	CH4_H2_Mix	0.0
14	21	CH4_H2_Mix	0.0
14	22	CH4_H2_Mix	0.0
14	23	CH4_H2_Mix	0.0
14	24	CH4_H2_Mix	0.0
