Node	Time	Res_CapacityDownVolume
1	1	470.0
1	2	480.0
1	3	486.0
1	4	480.0
1	5	470.0
1	6	400.0
1	7	250.0
1	8	250.0
1	9	250.0
1	10	250.0
1	11	350.0
1	12	480.0
1	13	486.0
1	14	486.0
1	15	486.0
1	16	200.0
1	17	200.0
1	18	200.0
1	19	300.0
1	20	300.0
1	21	300.0
1	22	300.0
1	23	350.0
1	24	450.0
2	1	20.0
2	2	0.0
2	3	0.0
2	4	0.0
2	5	0.0
2	6	20.0
2	7	20.0
2	8	31.0
2	9	31.0
2	10	20.0
2	11	20.0
2	12	28.0
2	13	28.0
2	14	28.0
2	15	20.0
2	16	20.0
2	17	28.0
2	18	31.0
2	19	30.0
2	20	20.0
2	21	20.0
2	22	20.0
2	23	20.0
2	24	20.0
3	1	348.0
3	2	348.0
3	3	348.0
3	4	348.0
3	5	348.0
3	6	348.0
3	7	250.0
3	8	200.0
3	9	200.0
3	10	200.0
3	11	310.0
3	12	348.0
3	13	348.0
3	14	348.0
3	15	348.0
3	16	210.0
3	17	150.0
3	18	200.0
3	19	300.0
3	20	300.0
3	21	300.0
3	22	300.0
3	23	348.0
3	24	348.0
4	1	426.0
4	2	426.0
4	3	426.0
4	4	426.0
4	5	426.0
4	6	400.0
4	7	250.0
4	8	250.0
4	9	250.0
4	10	250.0
4	11	324.0
4	12	426.0
4	13	426.0
4	14	426.0
4	15	426.0
4	16	250.0
4	17	200.0
4	18	200.0
4	19	300.0
4	20	300.0
4	21	300.0
4	22	300.0
4	23	350.0
4	24	416.0
5	1	450.0
5	2	450.0
5	3	450.0
5	4	450.0
5	5	450.0
5	6	450.0
5	7	415.0
5	8	490.0
5	9	473.0
5	10	473.0
5	11	493.0
5	12	493.0
5	13	493.0
5	14	493.0
5	15	493.0
5	16	470.0
5	17	453.0
5	18	300.0
5	19	250.0
5	20	250.0
5	21	300.0
5	22	337.0
5	23	350.0
5	24	450.0
6	1	250.0
6	2	250.0
6	3	250.0
6	4	250.0
6	5	250.0
6	6	250.0
6	7	240.0
6	8	240.0
6	9	240.0
6	10	250.0
6	11	240.0
6	12	300.0
6	13	300.0
6	14	300.0
6	15	250.0
6	16	200.0
6	17	200.0
6	18	190.0
6	19	190.0
6	20	190.0
6	21	190.0
6	22	190.0
6	23	250.0
6	24	346.0
7	1	407.0
7	2	407.0
7	3	407.0
7	4	407.0
7	5	407.0
7	6	400.0
7	7	250.0
7	8	250.0
7	9	250.0
7	10	250.0
7	11	300.0
7	12	354.0
7	13	422.0
7	14	457.0
7	15	407.0
7	16	200.0
7	17	200.0
7	18	200.0
7	19	295.0
7	20	295.0
7	21	295.0
7	22	300.0
7	23	339.0
7	24	348.0
8	1	115.0
8	2	115.0
8	3	115.0
8	4	115.0
8	5	115.0
8	6	115.0
8	7	208.0
8	8	283.0
8	9	281.0
8	10	318.0
8	11	318.0
8	12	318.0
8	13	318.0
8	14	258.0
8	15	258.0
8	16	191.0
8	17	115.0
8	18	115.0
8	19	50.0
8	20	50.0
8	21	50.0
8	22	50.0
8	23	100.0
8	24	50.0
9	1	370.0
9	2	370.0
9	3	370.0
9	4	370.0
9	5	370.0
9	6	370.0
9	7	250.0
9	8	250.0
9	9	170.0
9	10	170.0
9	11	208.0
9	12	258.0
9	13	308.0
9	14	326.0
9	15	310.0
9	16	170.0
9	17	197.0
9	18	197.0
9	19	297.0
9	20	297.0
9	21	300.0
9	22	300.0
9	23	350.0
9	24	370.0
10	1	276.0
10	2	276.0
10	3	276.0
10	4	276.0
10	5	276.0
10	6	276.0
10	7	250.0
10	8	250.0
10	9	250.0
10	10	250.0
10	11	300.0
10	12	356.0
10	13	356.0
10	14	356.0
10	15	356.0
10	16	200.0
10	17	200.0
10	18	200.0
10	19	276.0
10	20	276.0
10	21	276.0
10	22	276.0
10	23	276.0
10	24	366.0
11	1	0.0
11	2	0.0
11	3	0.0
11	4	0.0
11	5	42.0
11	6	50.0
11	7	79.0
11	8	79.0
11	9	71.0
11	10	79.0
11	11	79.0
11	12	79.0
11	13	79.0
11	14	79.0
11	15	79.0
11	16	79.0
11	17	79.0
11	18	79.0
11	19	50.0
11	20	50.0
11	21	42.0
11	22	0.0
11	23	0.0
11	24	0.0
12	1	277.0
12	2	300.0
12	3	300.0
12	4	300.0
12	5	300.0
12	6	300.0
12	7	250.0
12	8	250.0
12	9	200.0
12	10	160.0
12	11	203.0
12	12	248.0
12	13	300.0
12	14	300.0
12	15	300.0
12	16	160.0
12	17	160.0
12	18	200.0
12	19	300.0
12	20	300.0
12	21	300.0
12	22	300.0
12	23	277.0
12	24	288.0
13	1	260.0
13	2	260.0
13	3	260.0
13	4	260.0
13	5	260.0
13	6	260.0
13	7	250.0
13	8	250.0
13	9	250.0
13	10	250.0
13	11	282.0
13	12	320.0
13	13	320.0
13	14	320.0
13	15	320.0
13	16	211.0
13	17	200.0
13	18	200.0
13	19	260.0
13	20	260.0
13	21	260.0
13	22	260.0
13	23	260.0
13	24	260.0
14	1	348.0
14	2	348.0
14	3	348.0
14	4	348.0
14	5	348.0
14	6	348.0
14	7	250.0
14	8	250.0
14	9	250.0
14	10	250.0
14	11	300.0
14	12	323.0
14	13	323.0
14	14	323.0
14	15	323.0
14	16	200.0
14	17	200.0
14	18	200.0
14	19	283.0
14	20	300.0
14	21	300.0
14	22	300.0
14	23	348.0
14	24	348.0
15	1	279.0
15	2	279.0
15	3	279.0
15	4	279.0
15	5	279.0
15	6	279.0
15	7	279.0
15	8	279.0
15	9	279.0
15	10	279.0
15	11	279.0
15	12	279.0
15	13	279.0
15	14	279.0
15	15	279.0
15	16	279.0
15	17	279.0
15	18	279.0
15	19	250.0
15	20	250.0
15	21	279.0
15	22	279.0
15	23	279.0
15	24	297.0
16	1	50.0
16	2	50.0
16	3	90.0
16	4	90.0
16	5	100.0
16	6	100.0
16	7	100.0
16	8	150.0
16	9	100.0
16	10	100.0
16	11	90.0
16	12	90.0
16	13	100.0
16	14	100.0
16	15	100.0
16	16	128.0
16	17	150.0
16	18	100.0
16	19	50.0
16	20	50.0
16	21	50.0
16	22	50.0
16	23	50.0
16	24	50.0
17	1	0.0
17	2	0.0
17	3	30.0
17	4	30.0
17	5	30.0
17	6	30.0
17	7	100.0
17	8	100.0
17	9	42.0
17	10	30.0
17	11	30.0
17	12	30.0
17	13	30.0
17	14	30.0
17	15	30.0
17	16	30.0
17	17	98.0
17	18	98.0
17	19	50.0
17	20	50.0
17	21	50.0
17	22	50.0
17	23	50.0
17	24	50.0
18	1	301.0
18	2	301.0
18	3	301.0
18	4	301.0
18	5	301.0
18	6	247.0
18	7	250.0
18	8	250.0
18	9	250.0
18	10	250.0
18	11	300.0
18	12	351.0
18	13	351.0
18	14	351.0
18	15	301.0
18	16	200.0
18	17	200.0
18	18	200.0
18	19	217.0
18	20	217.0
18	21	217.0
18	22	247.0
18	23	247.0
18	24	244.0
19	1	470.0
19	2	465.0
19	3	465.0
19	4	465.0
19	5	470.0
19	6	400.0
19	7	250.0
19	8	250.0
19	9	250.0
19	10	250.0
19	11	310.0
19	12	540.0
19	13	583.0
19	14	583.0
19	15	520.0
19	16	220.0
19	17	200.0
19	18	200.0
19	19	300.0
19	20	300.0
19	21	300.0
19	22	300.0
19	23	350.0
19	24	450.0
20	1	115.0
20	2	115.0
20	3	115.0
20	4	115.0
20	5	115.0
20	6	115.0
20	7	208.0
20	8	283.0
20	9	281.0
20	10	318.0
20	11	318.0
20	12	318.0
20	13	318.0
20	14	258.0
20	15	258.0
20	16	191.0
20	17	115.0
20	18	115.0
20	19	50.0
20	20	50.0
20	21	50.0
20	22	50.0
20	23	100.0
20	24	50.0
21	1	407.0
21	2	407.0
21	3	407.0
21	4	407.0
21	5	407.0
21	6	400.0
21	7	250.0
21	8	250.0
21	9	250.0
21	10	250.0
21	11	300.0
21	12	354.0
21	13	422.0
21	14	457.0
21	15	407.0
21	16	200.0
21	17	200.0
21	18	200.0
21	19	295.0
21	20	295.0
21	21	295.0
21	22	300.0
21	23	339.0
21	24	348.0
22	1	550.0
22	2	544.0
22	3	544.0
22	4	544.0
22	5	549.0
22	6	549.0
22	7	523.0
22	8	512.0
22	9	546.0
22	10	546.0
22	11	688.0
22	12	729.0
22	13	729.0
22	14	729.0
22	15	727.0
22	16	522.0
22	17	448.0
22	18	200.0
22	19	250.0
22	20	250.0
22	21	300.0
22	22	350.0
22	23	350.0
22	24	539.0
23	1	140.0
23	2	140.0
23	3	140.0
23	4	140.0
23	5	140.0
23	6	140.0
23	7	140.0
23	8	140.0
23	9	140.0
23	10	133.0
23	11	140.0
23	12	140.0
23	13	140.0
23	14	140.0
23	15	140.0
23	16	140.0
23	17	135.0
23	18	140.0
23	19	140.0
23	20	140.0
23	21	140.0
23	22	140.0
23	23	140.0
23	24	140.0
24	1	0.0
24	2	0.0
24	3	40.0
24	4	40.0
24	5	40.0
24	6	40.0
24	7	40.0
24	8	59.0
24	9	40.0
24	10	40.0
24	11	40.0
24	12	40.0
24	13	40.0
24	14	40.0
24	15	40.0
24	16	55.0
24	17	55.0
24	18	37.0
24	19	0.0
24	20	0.0
24	21	0.0
24	22	0.0
24	23	0.0
24	24	0.0
25	1	359.0
25	2	359.0
25	3	359.0
25	4	359.0
25	5	359.0
25	6	359.0
25	7	250.0
25	8	250.0
25	9	250.0
25	10	250.0
25	11	310.0
25	12	426.0
25	13	439.0
25	14	439.0
25	15	359.0
25	16	210.0
25	17	200.0
25	18	200.0
25	19	300.0
25	20	300.0
25	21	300.0
25	22	300.0
25	23	350.0
25	24	450.0
26	1	260.0
26	2	260.0
26	3	260.0
26	4	260.0
26	5	260.0
26	6	260.0
26	7	250.0
26	8	250.0
26	9	250.0
26	10	250.0
26	11	282.0
26	12	320.0
26	13	320.0
26	14	320.0
26	15	320.0
26	16	211.0
26	17	200.0
26	18	200.0
26	19	260.0
26	20	260.0
26	21	260.0
26	22	260.0
26	23	260.0
26	24	260.0
27	1	392.0
27	2	392.0
27	3	392.0
27	4	392.0
27	5	392.0
27	6	392.0
27	7	250.0
27	8	250.0
27	9	248.0
27	10	248.0
27	11	300.0
27	12	392.0
27	13	392.0
27	14	392.0
27	15	392.0
27	16	199.0
27	17	199.0
27	18	198.0
27	19	298.0
27	20	298.0
27	21	300.0
27	22	300.0
27	23	350.0
27	24	369.0
28	1	450.0
28	2	450.0
28	3	450.0
28	4	450.0
28	5	450.0
28	6	450.0
28	7	300.0
28	8	327.0
28	9	363.0
28	10	365.0
28	11	407.0
28	12	407.0
28	13	458.0
28	14	458.0
28	15	394.0
28	16	327.0
28	17	309.0
28	18	200.0
28	19	250.0
28	20	250.0
28	21	300.0
28	22	350.0
28	23	350.0
28	24	450.0
29	1	339.0
29	2	339.0
29	3	339.0
29	4	339.0
29	5	339.0
29	6	339.0
29	7	304.0
29	8	300.0
29	9	332.0
29	10	339.0
29	11	339.0
29	12	452.0
29	13	452.0
29	14	452.0
29	15	452.0
29	16	439.0
29	17	232.0
29	18	200.0
29	19	250.0
29	20	250.0
29	21	300.0
29	22	339.0
29	23	339.0
29	24	213.0
30	1	301.0
30	2	301.0
30	3	301.0
30	4	301.0
30	5	301.0
30	6	247.0
30	7	250.0
30	8	250.0
30	9	250.0
30	10	250.0
30	11	300.0
30	12	351.0
30	13	351.0
30	14	351.0
30	15	301.0
30	16	200.0
30	17	200.0
30	18	200.0
30	19	217.0
30	20	217.0
30	21	217.0
30	22	247.0
30	23	247.0
30	24	244.0
31	1	295.0
31	2	295.0
31	3	295.0
31	4	295.0
31	5	295.0
31	6	295.0
31	7	347.0
31	8	435.0
31	9	435.0
31	10	398.0
31	11	509.0
31	12	559.0
31	13	559.0
31	14	559.0
31	15	539.0
31	16	355.0
31	17	348.0
31	18	260.0
31	19	250.0
31	20	250.0
31	21	290.0
31	22	295.0
31	23	295.0
31	24	329.0
32	1	450.0
32	2	504.0
32	3	504.0
32	4	500.0
32	5	450.0
32	6	400.0
32	7	250.0
32	8	250.0
32	9	250.0
32	10	250.0
32	11	250.0
32	12	550.0
32	13	610.0
32	14	669.0
32	15	498.0
32	16	200.0
32	17	200.0
32	18	200.0
32	19	300.0
32	20	300.0
32	21	300.0
32	22	300.0
32	23	350.0
32	24	450.0
33	1	447.0
33	2	469.0
33	3	469.0
33	4	450.0
33	5	469.0
33	6	319.0
33	7	169.0
33	8	169.0
33	9	222.0
33	10	203.0
33	11	269.0
33	12	452.0
33	13	469.0
33	14	469.0
33	15	469.0
33	16	169.0
33	17	200.0
33	18	167.0
33	19	300.0
33	20	300.0
33	21	300.0
33	22	300.0
33	23	350.0
33	24	400.0
34	1	306.0
34	2	306.0
34	3	306.0
34	4	306.0
34	5	306.0
34	6	306.0
34	7	250.0
34	8	250.0
34	9	250.0
34	10	250.0
34	11	300.0
34	12	386.0
34	13	386.0
34	14	386.0
34	15	386.0
34	16	228.0
34	17	200.0
34	18	200.0
34	19	300.0
34	20	300.0
34	21	300.0
34	22	300.0
34	23	306.0
34	24	276.0
35	1	499.0
35	2	585.0
35	3	585.0
35	4	535.0
35	5	457.0
35	6	400.0
35	7	250.0
35	8	250.0
35	9	250.0
35	10	250.0
35	11	302.0
35	12	525.0
35	13	594.0
35	14	599.0
35	15	539.0
35	16	200.0
35	17	200.0
35	18	200.0
35	19	300.0
35	20	300.0
35	21	300.0
35	22	300.0
35	23	350.0
35	24	567.0
36	1	470.0
36	2	480.0
36	3	486.0
36	4	480.0
36	5	470.0
36	6	400.0
36	7	250.0
36	8	250.0
36	9	250.0
36	10	250.0
36	11	350.0
36	12	480.0
36	13	486.0
36	14	486.0
36	15	486.0
36	16	200.0
36	17	200.0
36	18	200.0
36	19	300.0
36	20	300.0
36	21	300.0
36	22	300.0
36	23	350.0
36	24	450.0
37	1	470.0
37	2	480.0
37	3	486.0
37	4	480.0
37	5	470.0
37	6	400.0
37	7	250.0
37	8	250.0
37	9	250.0
37	10	250.0
37	11	350.0
37	12	480.0
37	13	486.0
37	14	486.0
37	15	486.0
37	16	200.0
37	17	200.0
37	18	200.0
37	19	300.0
37	20	300.0
37	21	300.0
37	22	300.0
37	23	350.0
37	24	450.0
38	1	450.0
38	2	450.0
38	3	450.0
38	4	450.0
38	5	450.0
38	6	450.0
38	7	457.0
38	8	457.0
38	9	457.0
38	10	457.0
38	11	545.0
38	12	559.0
38	13	559.0
38	14	559.0
38	15	478.0
38	16	407.0
38	17	333.0
38	18	200.0
38	19	250.0
38	20	250.0
38	21	300.0
38	22	350.0
38	23	350.0
38	24	450.0
39	1	420.0
39	2	420.0
39	3	420.0
39	4	420.0
39	5	420.0
39	6	420.0
39	7	420.0
39	8	420.0
39	9	420.0
39	10	420.0
39	11	420.0
39	12	420.0
39	13	420.0
39	14	420.0
39	15	420.0
39	16	420.0
39	17	420.0
39	18	218.0
39	19	233.0
39	20	250.0
39	21	300.0
39	22	350.0
39	23	350.0
39	24	420.0
40	1	440.0
40	2	440.0
40	3	440.0
40	4	440.0
40	5	440.0
40	6	440.0
40	7	440.0
40	8	500.0
40	9	500.0
40	10	440.0
40	11	500.0
40	12	500.0
40	13	500.0
40	14	500.0
40	15	500.0
40	16	440.0
40	17	450.0
40	18	220.0
40	19	250.0
40	20	250.0
40	21	300.0
40	22	350.0
40	23	350.0
40	24	444.0
41	1	520.0
41	2	566.0
41	3	580.0
41	4	570.0
41	5	500.0
41	6	400.0
41	7	250.0
41	8	250.0
41	9	250.0
41	10	250.0
41	11	300.0
41	12	540.0
41	13	676.0
41	14	676.0
41	15	620.0
41	16	220.0
41	17	200.0
41	18	200.0
41	19	300.0
41	20	300.0
41	21	300.0
41	22	300.0
41	23	350.0
41	24	450.0
42	1	453.0
42	2	453.0
42	3	453.0
42	4	453.0
42	5	450.0
42	6	283.0
42	7	135.0
42	8	133.0
42	9	133.0
42	10	133.0
42	11	300.0
42	12	353.0
42	13	353.0
42	14	353.0
42	15	353.0
42	16	200.0
42	17	200.0
42	18	200.0
42	19	230.0
42	20	300.0
42	21	300.0
42	22	300.0
42	23	350.0
42	24	450.0
43	1	493.0
43	2	493.0
43	3	493.0
43	4	493.0
43	5	493.0
43	6	400.0
43	7	250.0
43	8	250.0
43	9	250.0
43	10	250.0
43	11	350.0
43	12	500.0
43	13	523.0
43	14	523.0
43	15	500.0
43	16	250.0
43	17	200.0
43	18	200.0
43	19	300.0
43	20	300.0
43	21	300.0
43	22	300.0
43	23	350.0
43	24	480.0
44	1	348.0
44	2	348.0
44	3	348.0
44	4	348.0
44	5	348.0
44	6	348.0
44	7	250.0
44	8	250.0
44	9	250.0
44	10	250.0
44	11	300.0
44	12	323.0
44	13	323.0
44	14	323.0
44	15	323.0
44	16	200.0
44	17	200.0
44	18	200.0
44	19	283.0
44	20	300.0
44	21	300.0
44	22	300.0
44	23	348.0
44	24	348.0
45	1	365.0
45	2	365.0
45	3	365.0
45	4	365.0
45	5	365.0
45	6	400.0
45	7	250.0
45	8	250.0
45	9	250.0
45	10	250.0
45	11	300.0
45	12	425.0
45	13	425.0
45	14	425.0
45	15	425.0
45	16	200.0
45	17	200.0
45	18	200.0
45	19	300.0
45	20	300.0
45	21	300.0
45	22	300.0
45	23	281.0
45	24	230.0
46	1	427.0
46	2	430.0
46	3	422.0
46	4	422.0
46	5	450.0
46	6	400.0
46	7	250.0
46	8	250.0
46	9	250.0
46	10	250.0
46	11	300.0
46	12	472.0
46	13	489.0
46	14	489.0
46	15	387.0
46	16	200.0
46	17	200.0
46	18	200.0
46	19	300.0
46	20	300.0
46	21	300.0
46	22	300.0
46	23	350.0
46	24	378.0
47	1	450.0
47	2	450.0
47	3	450.0
47	4	450.0
47	5	450.0
47	6	450.0
47	7	300.0
47	8	327.0
47	9	363.0
47	10	365.0
47	11	407.0
47	12	407.0
47	13	458.0
47	14	458.0
47	15	394.0
47	16	327.0
47	17	309.0
47	18	200.0
47	19	250.0
47	20	250.0
47	21	300.0
47	22	350.0
47	23	350.0
47	24	450.0
48	1	420.0
48	2	420.0
48	3	420.0
48	4	420.0
48	5	450.0
48	6	400.0
48	7	250.0
48	8	250.0
48	9	250.0
48	10	250.0
48	11	285.0
48	12	502.0
48	13	515.0
48	14	515.0
48	15	515.0
48	16	185.0
48	17	200.0
48	18	200.0
48	19	300.0
48	20	300.0
48	21	300.0
48	22	300.0
48	23	350.0
48	24	440.0
49	1	0.0
49	2	0.0
49	3	0.0
49	4	0.0
49	5	35.0
49	6	0.0
49	7	0.0
49	8	35.0
49	9	0.0
49	10	0.0
49	11	0.0
49	12	0.0
49	13	0.0
49	14	0.0
49	15	0.0
49	16	24.0
49	17	35.0
49	18	35.0
49	19	35.0
49	20	35.0
49	21	0.0
49	22	0.0
49	23	0.0
49	24	35.0
50	1	147.0
50	2	147.0
50	3	147.0
50	4	147.0
50	5	147.0
50	6	147.0
50	7	147.0
50	8	147.0
50	9	147.0
50	10	147.0
50	11	147.0
50	12	147.0
50	13	147.0
50	14	147.0
50	15	147.0
50	16	147.0
50	17	147.0
50	18	147.0
50	19	147.0
50	20	147.0
50	21	147.0
50	22	147.0
50	23	147.0
50	24	426.0
51	1	280.0
51	2	280.0
51	3	280.0
51	4	280.0
51	5	280.0
51	6	280.0
51	7	250.0
51	8	250.0
51	9	250.0
51	10	250.0
51	11	280.0
51	12	280.0
51	13	280.0
51	14	280.0
51	15	280.0
51	16	250.0
51	17	200.0
51	18	200.0
51	19	280.0
51	20	280.0
51	21	280.0
51	22	280.0
51	23	280.0
51	24	320.0
52	1	0.0
52	2	0.0
52	3	50.0
52	4	50.0
52	5	100.0
52	6	100.0
52	7	100.0
52	8	150.0
52	9	96.0
52	10	96.0
52	11	96.0
52	12	100.0
52	13	100.0
52	14	100.0
52	15	100.0
52	16	146.0
52	17	146.0
52	18	96.0
52	19	50.0
52	20	50.0
52	21	50.0
52	22	50.0
52	23	50.0
52	24	50.0
53	1	300.0
53	2	300.0
53	3	300.0
53	4	300.0
53	5	300.0
53	6	300.0
53	7	300.0
53	8	300.0
53	9	300.0
53	10	250.0
53	11	300.0
53	12	300.0
53	13	300.0
53	14	300.0
53	15	300.0
53	16	208.0
53	17	201.0
53	18	200.0
53	19	250.0
53	20	250.0
53	21	300.0
53	22	300.0
53	23	300.0
53	24	280.0
54	1	257.0
54	2	257.0
54	3	257.0
54	4	257.0
54	5	257.0
54	6	257.0
54	7	250.0
54	8	250.0
54	9	183.0
54	10	183.0
54	11	253.0
54	12	297.0
54	13	297.0
54	14	297.0
54	15	297.0
54	16	200.0
54	17	200.0
54	18	200.0
54	19	257.0
54	20	257.0
54	21	257.0
54	22	257.0
54	23	257.0
54	24	218.0
55	1	370.0
55	2	370.0
55	3	370.0
55	4	370.0
55	5	370.0
55	6	370.0
55	7	250.0
55	8	250.0
55	9	250.0
55	10	250.0
55	11	300.0
55	12	350.0
55	13	370.0
55	14	370.0
55	15	370.0
55	16	200.0
55	17	200.0
55	18	200.0
55	19	300.0
55	20	300.0
55	21	300.0
55	22	300.0
55	23	284.0
55	24	370.0
56	1	299.0
56	2	299.0
56	3	286.0
56	4	270.0
56	5	299.0
56	6	299.0
56	7	299.0
56	8	299.0
56	9	299.0
56	10	296.0
56	11	299.0
56	12	299.0
56	13	299.0
56	14	299.0
56	15	299.0
56	16	254.0
56	17	255.0
56	18	276.0
56	19	250.0
56	20	250.0
56	21	299.0
56	22	299.0
56	23	299.0
56	24	307.0
57	1	279.0
57	2	279.0
57	3	279.0
57	4	279.0
57	5	279.0
57	6	279.0
57	7	250.0
57	8	240.0
57	9	240.0
57	10	185.0
57	11	213.0
57	12	264.0
57	13	279.0
57	14	279.0
57	15	279.0
57	16	250.0
57	17	190.0
57	18	190.0
57	19	279.0
57	20	279.0
57	21	279.0
57	22	279.0
57	23	279.0
57	24	337.0
58	1	344.0
58	2	344.0
58	3	344.0
58	4	344.0
58	5	344.0
58	6	344.0
58	7	344.0
58	8	230.0
58	9	250.0
58	10	250.0
58	11	250.0
58	12	300.0
58	13	424.0
58	14	424.0
58	15	424.0
58	16	424.0
58	17	200.0
58	18	200.0
58	19	195.0
58	20	260.0
58	21	284.0
58	22	300.0
58	23	300.0
58	24	344.0
59	1	399.0
59	2	399.0
59	3	399.0
59	4	399.0
59	5	399.0
59	6	399.0
59	7	399.0
59	8	479.0
59	9	479.0
59	10	462.0
59	11	479.0
59	12	426.0
59	13	438.0
59	14	479.0
59	15	479.0
59	16	362.0
59	17	339.0
59	18	189.0
59	19	139.0
59	20	139.0
59	21	189.0
59	22	239.0
59	23	239.0
59	24	366.0
60	1	0.0
60	2	0.0
60	3	0.0
60	4	0.0
60	5	0.0
60	6	0.0
60	7	0.0
60	8	28.0
60	9	31.0
60	10	28.0
60	11	24.0
60	12	0.0
60	13	0.0
60	14	10.0
60	15	10.0
60	16	10.0
60	17	31.0
60	18	31.0
60	19	28.0
60	20	20.0
60	21	20.0
60	22	29.0
60	23	29.0
60	24	29.0
61	1	273.0
61	2	260.0
61	3	260.0
61	4	260.0
61	5	260.0
61	6	273.0
61	7	283.0
61	8	250.0
61	9	178.0
61	10	175.0
61	11	125.0
61	12	293.0
61	13	293.0
61	14	363.0
61	15	350.0
61	16	283.0
61	17	200.0
61	18	90.0
61	19	200.0
61	20	213.0
61	21	213.0
61	22	213.0
61	23	213.0
61	24	203.0
62	1	209.0
62	2	209.0
62	3	209.0
62	4	209.0
62	5	209.0
62	6	209.0
62	7	90.0
62	8	121.0
62	9	145.0
62	10	95.0
62	11	95.0
62	12	95.0
62	13	95.0
62	14	95.0
62	15	45.0
62	16	45.0
62	17	45.0
62	18	45.0
62	19	95.0
62	20	95.0
62	21	95.0
62	22	145.0
62	23	168.0
62	24	209.0
63	1	185.0
63	2	185.0
63	3	185.0
63	4	185.0
63	5	185.0
63	6	131.0
63	7	131.0
63	8	41.0
63	9	20.0
63	10	0.0
63	11	0.0
63	12	0.0
63	13	0.0
63	14	0.0
63	15	0.0
63	16	0.0
63	17	0.0
63	18	0.0
63	19	0.0
63	20	0.0
63	21	0.0
63	22	72.0
63	23	172.0
63	24	161.0
64	1	377.0
64	2	377.0
64	3	377.0
64	4	377.0
64	5	377.0
64	6	263.0
64	7	250.0
64	8	250.0
64	9	250.0
64	10	250.0
64	11	300.0
64	12	412.0
64	13	412.0
64	14	412.0
64	15	412.0
64	16	200.0
64	17	200.0
64	18	200.0
64	19	263.0
64	20	263.0
64	21	263.0
64	22	263.0
64	23	350.0
64	24	450.0
65	1	369.0
65	2	369.0
65	3	369.0
65	4	369.0
65	5	369.0
65	6	326.0
65	7	35.0
65	8	35.0
65	9	35.0
65	10	35.0
65	11	35.0
65	12	35.0
65	13	35.0
65	14	35.0
65	15	35.0
65	16	0.0
65	17	0.0
65	18	0.0
65	19	35.0
65	20	75.0
65	21	75.0
65	22	245.0
65	23	245.0
65	24	366.0
66	1	230.0
66	2	230.0
66	3	230.0
66	4	230.0
66	5	240.0
66	6	230.0
66	7	145.0
66	8	125.0
66	9	125.0
66	10	170.0
66	11	75.0
66	12	75.0
66	13	75.0
66	14	75.0
66	15	27.0
66	16	25.0
66	17	25.0
66	18	130.0
66	19	170.0
66	20	170.0
66	21	175.0
66	22	176.0
66	23	176.0
66	24	379.0
67	1	247.0
67	2	247.0
67	3	247.0
67	4	247.0
67	5	235.0
67	6	247.0
67	7	190.0
67	8	98.0
67	9	98.0
67	10	82.0
67	11	32.0
67	12	32.0
67	13	20.0
67	14	20.0
67	15	22.0
67	16	0.0
67	17	0.0
67	18	0.0
67	19	0.0
67	20	40.0
67	21	20.0
67	22	20.0
67	23	70.0
67	24	172.0
68	1	31.0
68	2	0.0
68	3	0.0
68	4	0.0
68	5	0.0
68	6	30.0
68	7	25.0
68	8	31.0
68	9	31.0
68	10	31.0
68	11	0.0
68	12	0.0
68	13	0.0
68	14	0.0
68	15	0.0
68	16	0.0
68	17	31.0
68	18	31.0
68	19	31.0
68	20	25.0
68	21	25.0
68	22	25.0
68	23	25.0
68	24	31.0
69	1	175.0
69	2	175.0
69	3	175.0
69	4	175.0
69	5	175.0
69	6	175.0
69	7	149.0
69	8	152.0
69	9	147.0
69	10	137.0
69	11	188.0
69	12	182.0
69	13	188.0
69	14	188.0
69	15	147.0
69	16	150.0
69	17	150.0
69	18	150.0
69	19	155.0
69	20	155.0
69	21	155.0
69	22	236.0
69	23	147.0
69	24	175.0
70	1	369.0
70	2	369.0
70	3	369.0
70	4	369.0
70	5	369.0
70	6	253.0
70	7	141.0
70	8	141.0
70	9	141.0
70	10	141.0
70	11	141.0
70	12	200.0
70	13	200.0
70	14	156.0
70	15	150.0
70	16	150.0
70	17	130.0
70	18	70.0
70	19	166.0
70	20	190.0
70	21	153.0
70	22	250.0
70	23	311.0
70	24	369.0
71	1	176.0
71	2	176.0
71	3	176.0
71	4	176.0
71	5	176.0
71	6	176.0
71	7	120.0
71	8	120.0
71	9	70.0
71	10	37.0
71	11	43.0
71	12	43.0
71	13	43.0
71	14	173.0
71	15	102.0
71	16	44.0
71	17	10.0
71	18	24.0
71	19	150.0
71	20	150.0
71	21	171.0
71	22	176.0
71	23	176.0
71	24	176.0
72	1	0.0
72	2	0.0
72	3	0.0
72	4	0.0
72	5	0.0
72	6	0.0
72	7	0.0
72	8	0.0
72	9	0.0
72	10	0.0
72	11	0.0
72	12	0.0
72	13	0.0
72	14	0.0
72	15	0.0
72	16	0.0
72	17	0.0
72	18	0.0
72	19	0.0
72	20	0.0
72	21	0.0
72	22	0.0
72	23	0.0
72	24	0.0
73	1	295.0
73	2	289.0
73	3	289.0
73	4	289.0
73	5	289.0
73	6	270.0
73	7	252.0
73	8	141.0
73	9	55.0
73	10	55.0
73	11	55.0
73	12	55.0
73	13	139.0
73	14	139.0
73	15	139.0
73	16	119.0
73	17	35.0
73	18	35.0
73	19	0.0
73	20	141.0
73	21	87.0
73	22	200.0
73	23	250.0
73	24	295.0
74	1	185.0
74	2	185.0
74	3	185.0
74	4	185.0
74	5	185.0
74	6	185.0
74	7	70.0
74	8	70.0
74	9	131.0
74	10	16.0
74	11	17.0
74	12	87.0
74	13	87.0
74	14	130.0
74	15	131.0
74	16	131.0
74	17	131.0
74	18	131.0
74	19	131.0
74	20	131.0
74	21	131.0
74	22	131.0
74	23	185.0
74	24	185.0
75	1	31.0
75	2	31.0
75	3	31.0
75	4	31.0
75	5	31.0
75	6	31.0
75	7	31.0
75	8	31.0
75	9	31.0
75	10	31.0
75	11	31.0
75	12	31.0
75	13	31.0
75	14	31.0
75	15	31.0
75	16	31.0
75	17	31.0
75	18	31.0
75	19	31.0
75	20	31.0
75	21	31.0
75	22	31.0
75	23	31.0
75	24	31.0
76	1	230.0
76	2	230.0
76	3	230.0
76	4	230.0
76	5	230.0
76	6	230.0
76	7	100.0
76	8	100.0
76	9	160.0
76	10	120.0
76	11	90.0
76	12	160.0
76	13	217.0
76	14	217.0
76	15	217.0
76	16	217.0
76	17	157.0
76	18	141.0
76	19	141.0
76	20	157.0
76	21	157.0
76	22	157.0
76	23	157.0
76	24	157.0
77	1	185.0
77	2	185.0
77	3	185.0
77	4	185.0
77	5	185.0
77	6	185.0
77	7	185.0
77	8	185.0
77	9	185.0
77	10	185.0
77	11	185.0
77	12	185.0
77	13	185.0
77	14	98.0
77	15	98.0
77	16	65.0
77	17	98.0
77	18	98.0
77	19	98.0
77	20	98.0
77	21	98.0
77	22	131.0
77	23	131.0
77	24	185.0
78	1	380.0
78	2	380.0
78	3	380.0
78	4	380.0
78	5	380.0
78	6	320.0
78	7	250.0
78	8	210.0
78	9	250.0
78	10	250.0
78	11	284.0
78	12	380.0
78	13	380.0
78	14	380.0
78	15	320.0
78	16	200.0
78	17	160.0
78	18	160.0
78	19	300.0
78	20	300.0
78	21	300.0
78	22	300.0
78	23	320.0
78	24	350.0
79	1	202.0
79	2	202.0
79	3	202.0
79	4	202.0
79	5	202.0
79	6	202.0
79	7	195.0
79	8	69.0
79	9	70.0
79	10	58.0
79	11	20.0
79	12	20.0
79	13	20.0
79	14	20.0
79	15	20.0
79	16	50.0
79	17	50.0
79	18	50.0
79	19	50.0
79	20	50.0
79	21	10.0
79	22	17.0
79	23	70.0
79	24	136.0
80	1	0.0
80	2	0.0
80	3	0.0
80	4	0.0
80	5	0.0
80	6	0.0
80	7	0.0
80	8	0.0
80	9	29.0
80	10	0.0
80	11	0.0
80	12	0.0
80	13	0.0
80	14	0.0
80	15	0.0
80	16	0.0
80	17	25.0
80	18	31.0
80	19	0.0
80	20	0.0
80	21	0.0
80	22	0.0
80	23	0.0
80	24	0.0
81	1	246.0
81	2	271.0
81	3	271.0
81	4	271.0
81	5	271.0
81	6	271.0
81	7	231.0
81	8	206.0
81	9	188.0
81	10	172.0
81	11	206.0
81	12	206.0
81	13	246.0
81	14	246.0
81	15	246.0
81	16	246.0
81	17	200.0
81	18	200.0
81	19	174.0
81	20	206.0
81	21	206.0
81	22	206.0
81	23	206.0
81	24	231.0
82	1	340.0
82	2	340.0
82	3	340.0
82	4	340.0
82	5	340.0
82	6	340.0
82	7	340.0
82	8	303.0
82	9	300.0
82	10	290.0
82	11	350.0
82	12	404.0
82	13	404.0
82	14	404.0
82	15	404.0
82	16	350.0
82	17	340.0
82	18	260.0
82	19	250.0
82	20	250.0
82	21	300.0
82	22	350.0
82	23	350.0
82	24	380.0
83	1	31.0
83	2	31.0
83	3	31.0
83	4	31.0
83	5	31.0
83	6	31.0
83	7	31.0
83	8	31.0
83	9	31.0
83	10	31.0
83	11	31.0
83	12	31.0
83	13	31.0
83	14	31.0
83	15	31.0
83	16	31.0
83	17	31.0
83	18	31.0
83	19	31.0
83	20	31.0
83	21	31.0
83	22	31.0
83	23	31.0
83	24	31.0
84	1	0.0
84	2	31.0
84	3	31.0
84	4	31.0
84	5	31.0
84	6	31.0
84	7	31.0
84	8	31.0
84	9	31.0
84	10	31.0
84	11	31.0
84	12	31.0
84	13	31.0
84	14	31.0
84	15	31.0
84	16	31.0
84	17	31.0
84	18	31.0
84	19	31.0
84	20	0.0
84	21	0.0
84	22	0.0
84	23	0.0
84	24	31.0
85	1	175.0
85	2	175.0
85	3	175.0
85	4	175.0
85	5	175.0
85	6	175.0
85	7	175.0
85	8	175.0
85	9	175.0
85	10	175.0
85	11	175.0
85	12	175.0
85	13	175.0
85	14	175.0
85	15	87.0
85	16	55.0
85	17	55.0
85	18	18.0
85	19	55.0
85	20	105.0
85	21	105.0
85	22	105.0
85	23	87.0
85	24	175.0
86	1	175.0
86	2	175.0
86	3	175.0
86	4	175.0
86	5	175.0
86	6	175.0
86	7	175.0
86	8	175.0
86	9	175.0
86	10	175.0
86	11	175.0
86	12	175.0
86	13	175.0
86	14	175.0
86	15	87.0
86	16	55.0
86	17	55.0
86	18	18.0
86	19	55.0
86	20	105.0
86	21	105.0
86	22	105.0
86	23	87.0
86	24	175.0
87	1	0.0
87	2	31.0
87	3	31.0
87	4	31.0
87	5	31.0
87	6	31.0
87	7	31.0
87	8	30.0
87	9	31.0
87	10	31.0
87	11	31.0
87	12	31.0
87	13	31.0
87	14	31.0
87	15	31.0
87	16	31.0
87	17	31.0
87	18	31.0
87	19	30.0
87	20	30.0
87	21	30.0
87	22	0.0
87	23	0.0
87	24	0.0
88	1	98.0
88	2	98.0
88	3	98.0
88	4	98.0
88	5	98.0
88	6	98.0
88	7	98.0
88	8	98.0
88	9	98.0
88	10	98.0
88	11	97.0
88	12	79.0
88	13	95.0
88	14	98.0
88	15	98.0
88	16	74.0
88	17	74.0
88	18	98.0
88	19	98.0
88	20	98.0
88	21	98.0
88	22	98.0
88	23	98.0
88	24	252.0
89	1	279.0
89	2	311.0
89	3	285.0
89	4	311.0
89	5	311.0
89	6	283.0
89	7	257.0
89	8	207.0
89	9	257.0
89	10	257.0
89	11	267.0
89	12	306.0
89	13	309.0
89	14	311.0
89	15	311.0
89	16	257.0
89	17	227.0
89	18	200.0
89	19	227.0
89	20	250.0
89	21	300.0
89	22	311.0
89	23	311.0
89	24	50.0
90	1	258.0
90	2	235.0
90	3	235.0
90	4	265.0
90	5	265.0
90	6	270.0
90	7	218.0
90	8	70.0
90	9	120.0
90	10	76.0
90	11	50.0
90	12	50.0
90	13	50.0
90	14	50.0
90	15	136.0
90	16	140.0
90	17	125.0
90	18	140.0
90	19	86.0
90	20	86.0
90	21	140.0
90	22	86.0
90	23	70.0
90	24	178.0
91	1	417.0
91	2	417.0
91	3	417.0
91	4	417.0
91	5	417.0
91	6	360.0
91	7	250.0
91	8	210.0
91	9	160.0
91	10	250.0
91	11	300.0
91	12	443.0
91	13	443.0
91	14	443.0
91	15	363.0
91	16	200.0
91	17	200.0
91	18	160.0
91	19	260.0
91	20	260.0
91	21	260.0
91	22	260.0
91	23	350.0
91	24	353.0
92	1	329.0
92	2	319.0
92	3	379.0
92	4	379.0
92	5	362.0
92	6	370.0
92	7	370.0
92	8	215.0
92	9	215.0
92	10	215.0
92	11	215.0
92	12	329.0
92	13	329.0
92	14	329.0
92	15	329.0
92	16	329.0
92	17	215.0
92	18	215.0
92	19	215.0
92	20	215.0
92	21	249.0
92	22	300.0
92	23	329.0
92	24	329.0
93	1	425.0
93	2	425.0
93	3	425.0
93	4	425.0
93	5	425.0
93	6	425.0
93	7	425.0
93	8	425.0
93	9	425.0
93	10	425.0
93	11	425.0
93	12	425.0
93	13	425.0
93	14	475.0
93	15	475.0
93	16	475.0
93	17	443.0
93	18	343.0
93	19	210.0
93	20	250.0
93	21	250.0
93	22	300.0
93	23	350.0
93	24	350.0
94	1	206.0
94	2	231.0
94	3	231.0
94	4	231.0
94	5	231.0
94	6	231.0
94	7	231.0
94	8	231.0
94	9	231.0
94	10	153.0
94	11	154.0
94	12	203.0
94	13	231.0
94	14	231.0
94	15	231.0
94	16	231.0
94	17	150.0
94	18	103.0
94	19	115.0
94	20	206.0
94	21	206.0
94	22	206.0
94	23	206.0
94	24	231.0
95	1	265.0
95	2	249.0
95	3	303.0
95	4	360.0
95	5	303.0
95	6	303.0
95	7	400.0
95	8	250.0
95	9	250.0
95	10	205.0
95	11	155.0
95	12	155.0
95	13	155.0
95	14	155.0
95	15	155.0
95	16	105.0
95	17	129.0
95	18	136.0
95	19	129.0
95	20	200.0
95	21	200.0
95	22	200.0
95	23	250.0
95	24	265.0
96	1	230.0
96	2	230.0
96	3	230.0
96	4	230.0
96	5	240.0
96	6	230.0
96	7	145.0
96	8	125.0
96	9	125.0
96	10	170.0
96	11	75.0
96	12	75.0
96	13	75.0
96	14	75.0
96	15	27.0
96	16	25.0
96	17	25.0
96	18	130.0
96	19	170.0
96	20	170.0
96	21	175.0
96	22	176.0
96	23	176.0
96	24	379.0
97	1	295.0
97	2	289.0
97	3	289.0
97	4	289.0
97	5	289.0
97	6	270.0
97	7	252.0
97	8	141.0
97	9	55.0
97	10	55.0
97	11	55.0
97	12	55.0
97	13	139.0
97	14	139.0
97	15	139.0
97	16	119.0
97	17	35.0
97	18	35.0
97	19	0.0
97	20	141.0
97	21	87.0
97	22	200.0
97	23	250.0
97	24	295.0
98	1	277.0
98	2	277.0
98	3	277.0
98	4	277.0
98	5	277.0
98	6	277.0
98	7	223.0
98	8	155.0
98	9	182.0
98	10	182.0
98	11	182.0
98	12	152.0
98	13	152.0
98	14	152.0
98	15	152.0
98	16	98.0
98	17	98.0
98	18	98.0
98	19	98.0
98	20	98.0
98	21	98.0
98	22	98.0
98	23	223.0
98	24	223.0
99	1	206.0
99	2	231.0
99	3	231.0
99	4	231.0
99	5	231.0
99	6	231.0
99	7	231.0
99	8	231.0
99	9	231.0
99	10	153.0
99	11	154.0
99	12	203.0
99	13	231.0
99	14	231.0
99	15	231.0
99	16	231.0
99	17	150.0
99	18	103.0
99	19	115.0
99	20	206.0
99	21	206.0
99	22	206.0
99	23	206.0
99	24	231.0
100	1	441.0
100	2	441.0
100	3	441.0
100	4	441.0
100	5	441.0
100	6	341.0
100	7	191.0
100	8	191.0
100	9	191.0
100	10	191.0
100	11	291.0
100	12	521.0
100	13	571.0
100	14	571.0
100	15	521.0
100	16	191.0
100	17	141.0
100	18	141.0
100	19	241.0
100	20	241.0
100	21	241.0
100	22	241.0
100	23	291.0
100	24	399.0
101	1	10.0
101	2	10.0
101	3	10.0
101	4	31.0
101	5	31.0
101	6	10.0
101	7	10.0
101	8	31.0
101	9	51.0
101	10	10.0
101	11	10.0
101	12	31.0
101	13	31.0
101	14	31.0
101	15	10.0
101	16	10.0
101	17	31.0
101	18	31.0
101	19	31.0
101	20	10.0
101	21	10.0
101	22	10.0
101	23	10.0
101	24	10.0
102	1	25.0
102	2	31.0
102	3	31.0
102	4	31.0
102	5	31.0
102	6	31.0
102	7	31.0
102	8	31.0
102	9	31.0
102	10	31.0
102	11	31.0
102	12	31.0
102	13	31.0
102	14	31.0
102	15	31.0
102	16	31.0
102	17	31.0
102	18	31.0
102	19	31.0
102	20	25.0
102	21	25.0
102	22	25.0
102	23	25.0
102	24	25.0
103	1	404.0
103	2	404.0
103	3	404.0
103	4	404.0
103	5	404.0
103	6	310.0
103	7	160.0
103	8	160.0
103	9	160.0
103	10	160.0
103	11	260.0
103	12	477.0
103	13	484.0
103	14	484.0
103	15	484.0
103	16	160.0
103	17	110.0
103	18	110.0
103	19	210.0
103	20	210.0
103	21	210.0
103	22	210.0
103	23	260.0
103	24	391.0
104	1	260.0
104	2	260.0
104	3	260.0
104	4	260.0
104	5	260.0
104	6	230.0
104	7	240.0
104	8	250.0
104	9	250.0
104	10	250.0
104	11	300.0
104	12	320.0
104	13	320.0
104	14	320.0
104	15	290.0
104	16	210.0
104	17	200.0
104	18	200.0
104	19	210.0
104	20	240.0
104	21	240.0
104	22	260.0
104	23	258.0
104	24	410.0
105	1	208.0
105	2	208.0
105	3	208.0
105	4	208.0
105	5	208.0
105	6	208.0
105	7	208.0
105	8	208.0
105	9	208.0
105	10	200.0
105	11	200.0
105	12	200.0
105	13	200.0
105	14	200.0
105	15	150.0
105	16	150.0
105	17	150.0
105	18	150.0
105	19	200.0
105	20	200.0
105	21	200.0
105	22	208.0
105	23	208.0
105	24	369.0
106	1	340.0
106	2	340.0
106	3	340.0
106	4	340.0
106	5	340.0
106	6	340.0
106	7	340.0
106	8	303.0
106	9	300.0
106	10	290.0
106	11	350.0
106	12	404.0
106	13	404.0
106	14	404.0
106	15	404.0
106	16	350.0
106	17	340.0
106	18	260.0
106	19	250.0
106	20	250.0
106	21	300.0
106	22	350.0
106	23	350.0
106	24	380.0
107	1	120.0
107	2	120.0
107	3	120.0
107	4	120.0
107	5	120.0
107	6	120.0
107	7	90.0
107	8	82.0
107	9	82.0
107	10	70.0
107	11	70.0
107	12	112.0
107	13	168.0
107	14	170.0
107	15	170.0
107	16	170.0
107	17	70.0
107	18	140.0
107	19	170.0
107	20	140.0
107	21	140.0
107	22	140.0
107	23	90.0
107	24	120.0
108	1	336.0
108	2	336.0
108	3	336.0
108	4	336.0
108	5	336.0
108	6	336.0
108	7	230.0
108	8	230.0
108	9	180.0
108	10	107.0
108	11	70.0
108	12	158.0
108	13	74.0
108	14	130.0
108	15	49.0
108	16	80.0
108	17	49.0
108	18	40.0
108	19	180.0
108	20	180.0
108	21	130.0
108	22	230.0
108	23	330.0
108	24	230.0
109	1	0.0
109	2	0.0
109	3	0.0
109	4	0.0
109	5	0.0
109	6	0.0
109	7	0.0
109	8	54.0
109	9	79.0
109	10	44.0
109	11	44.0
109	12	44.0
109	13	79.0
109	14	79.0
109	15	50.0
109	16	50.0
109	17	79.0
109	18	79.0
109	19	79.0
109	20	50.0
109	21	50.0
109	22	50.0
109	23	50.0
109	24	79.0
110	1	369.0
110	2	369.0
110	3	369.0
110	4	369.0
110	5	369.0
110	6	326.0
110	7	35.0
110	8	35.0
110	9	35.0
110	10	35.0
110	11	35.0
110	12	35.0
110	13	35.0
110	14	35.0
110	15	35.0
110	16	0.0
110	17	0.0
110	18	0.0
110	19	35.0
110	20	75.0
110	21	75.0
110	22	245.0
110	23	245.0
110	24	366.0
111	1	260.0
111	2	260.0
111	3	260.0
111	4	260.0
111	5	260.0
111	6	230.0
111	7	240.0
111	8	250.0
111	9	250.0
111	10	250.0
111	11	300.0
111	12	320.0
111	13	320.0
111	14	320.0
111	15	290.0
111	16	210.0
111	17	200.0
111	18	200.0
111	19	210.0
111	20	240.0
111	21	240.0
111	22	260.0
111	23	258.0
111	24	410.0
112	1	441.0
112	2	441.0
112	3	441.0
112	4	441.0
112	5	441.0
112	6	341.0
112	7	191.0
112	8	191.0
112	9	191.0
112	10	191.0
112	11	291.0
112	12	521.0
112	13	571.0
112	14	571.0
112	15	521.0
112	16	191.0
112	17	141.0
112	18	141.0
112	19	241.0
112	20	241.0
112	21	241.0
112	22	241.0
112	23	291.0
112	24	399.0
