Node	Time	Res_CapacityUpVolume
1	1	30.0
1	2	30.0
1	3	30.0
1	4	30.0
1	5	55.0
1	6	115.0
1	7	115.0
1	8	115.0
1	9	55.0
1	10	55.0
1	11	55.0
1	12	30.0
1	13	30.0
1	14	30.0
1	15	30.0
1	16	55.0
1	17	55.0
1	18	115.0
1	19	115.0
1	20	115.0
1	21	115.0
1	22	115.0
1	23	55.0
1	24	25.0
2	1	50.0
2	2	10.0
2	3	20.0
2	4	40.0
2	5	40.0
2	6	40.0
2	7	40.0
2	8	50.0
2	9	60.0
2	10	60.0
2	11	50.0
2	12	40.0
2	13	40.0
2	14	40.0
2	15	40.0
2	16	40.0
2	17	50.0
2	18	60.0
2	19	60.0
2	20	60.0
2	21	50.0
2	22	50.0
2	23	30.0
2	24	10.0
3	1	150.0
3	2	150.0
3	3	150.0
3	4	150.0
3	5	165.0
3	6	165.0
3	7	149.0
3	8	149.0
3	9	149.0
3	10	149.0
3	11	149.0
3	12	149.0
3	13	134.0
3	14	134.0
3	15	134.0
3	16	134.0
3	17	149.0
3	18	165.0
3	19	165.0
3	20	165.0
3	21	165.0
3	22	165.0
3	23	165.0
3	24	165.0
4	1	0.0
4	2	0.0
4	3	0.0
4	4	0.0
4	5	16.0
4	6	16.0
4	7	15.0
4	8	15.0
4	9	16.0
4	10	16.0
4	11	15.0
4	12	16.0
4	13	0.0
4	14	0.0
4	15	0.0
4	16	0.0
4	17	16.0
4	18	16.0
4	19	15.0
4	20	16.0
4	21	16.0
4	22	16.0
4	23	15.0
4	24	16.0
5	1	0.0
5	2	0.0
5	3	0.0
5	4	0.0
5	5	0.0
5	6	25.0
5	7	25.0
5	8	25.0
5	9	25.0
5	10	0.0
5	11	0.0
5	12	0.0
5	13	0.0
5	14	0.0
5	15	0.0
5	16	25.0
5	17	25.0
5	18	25.0
5	19	185.0
5	20	229.0
5	21	186.0
5	22	199.0
5	23	25.0
5	24	0.0
6	1	0.0
6	2	0.0
6	3	0.0
6	4	0.0
6	5	25.0
6	6	25.0
6	7	85.0
6	8	85.0
6	9	85.0
6	10	25.0
6	11	25.0
6	12	25.0
6	13	0.0
6	14	0.0
6	15	0.0
6	16	0.0
6	17	25.0
6	18	85.0
6	19	85.0
6	20	85.0
6	21	85.0
6	22	85.0
6	23	25.0
6	24	25.0
7	1	20.0
7	2	20.0
7	3	20.0
7	4	20.0
7	5	35.0
7	6	35.0
7	7	147.0
7	8	147.0
7	9	147.0
7	10	147.0
7	11	93.0
7	12	93.0
7	13	20.0
7	14	20.0
7	15	20.0
7	16	20.0
7	17	35.0
7	18	141.0
7	19	168.0
7	20	184.0
7	21	160.0
7	22	89.0
7	23	35.0
7	24	45.0
8	1	70.0
8	2	70.0
8	3	70.0
8	4	70.0
8	5	70.0
8	6	70.0
8	7	70.0
8	8	85.0
8	9	85.0
8	10	85.0
8	11	70.0
8	12	70.0
8	13	70.0
8	14	70.0
8	15	70.0
8	16	85.0
8	17	85.0
8	18	85.0
8	19	85.0
8	20	85.0
8	21	70.0
8	22	70.0
8	23	70.0
8	24	70.0
9	1	60.0
9	2	100.0
9	3	100.0
9	4	100.0
9	5	116.0
9	6	116.0
9	7	115.0
9	8	116.0
9	9	116.0
9	10	116.0
9	11	115.0
9	12	116.0
9	13	100.0
9	14	100.0
9	15	95.0
9	16	60.0
9	17	116.0
9	18	116.0
9	19	115.0
9	20	116.0
9	21	116.0
9	22	116.0
9	23	115.0
9	24	116.0
10	1	15.0
10	2	15.0
10	3	15.0
10	4	15.0
10	5	15.0
10	6	15.0
10	7	129.0
10	8	129.0
10	9	129.0
10	10	75.0
10	11	129.0
10	12	114.0
10	13	114.0
10	14	114.0
10	15	60.0
10	16	75.0
10	17	129.0
10	18	129.0
10	19	129.0
10	20	129.0
10	21	129.0
10	22	75.0
10	23	75.0
10	24	25.0
11	1	50.0
11	2	50.0
11	3	50.0
11	4	50.0
11	5	50.0
11	6	40.0
11	7	40.0
11	8	50.0
11	9	50.0
11	10	50.0
11	11	50.0
11	12	50.0
11	13	50.0
11	14	50.0
11	15	60.0
11	16	60.0
11	17	50.0
11	18	40.0
11	19	40.0
11	20	40.0
11	21	50.0
11	22	50.0
11	23	50.0
11	24	50.0
12	1	130.0
12	2	160.0
12	3	160.0
12	4	170.0
12	5	185.0
12	6	195.0
12	7	195.0
12	8	195.0
12	9	195.0
12	10	195.0
12	11	195.0
12	12	195.0
12	13	195.0
12	14	170.0
12	15	170.0
12	16	170.0
12	17	170.0
12	18	195.0
12	19	195.0
12	20	195.0
12	21	195.0
12	22	195.0
12	23	195.0
12	24	195.0
13	1	196.0
13	2	196.0
13	3	196.0
13	4	196.0
13	5	251.0
13	6	276.0
13	7	276.0
13	8	276.0
13	9	276.0
13	10	276.0
13	11	276.0
13	12	276.0
13	13	276.0
13	14	251.0
13	15	251.0
13	16	251.0
13	17	247.0
13	18	276.0
13	19	276.0
13	20	276.0
13	21	276.0
13	22	276.0
13	23	251.0
13	24	243.0
14	1	20.0
14	2	20.0
14	3	20.0
14	4	20.0
14	5	62.0
14	6	99.0
14	7	99.0
14	8	99.0
14	9	96.0
14	10	99.0
14	11	74.0
14	12	45.0
14	13	20.0
14	14	0.0
14	15	16.0
14	16	13.0
14	17	89.0
14	18	99.0
14	19	99.0
14	20	99.0
14	21	99.0
14	22	99.0
14	23	90.0
14	24	79.0
15	1	126.0
15	2	126.0
15	3	126.0
15	4	126.0
15	5	126.0
15	6	155.0
15	7	155.0
15	8	155.0
15	9	91.0
15	10	41.0
15	11	41.0
15	12	66.0
15	13	66.0
15	14	116.0
15	15	116.0
15	16	101.0
15	17	141.0
15	18	155.0
15	19	155.0
15	20	155.0
15	21	155.0
15	22	155.0
15	23	155.0
15	24	155.0
16	1	70.0
16	2	70.0
16	3	70.0
16	4	70.0
16	5	70.0
16	6	70.0
16	7	90.0
16	8	90.0
16	9	90.0
16	10	90.0
16	11	90.0
16	12	85.0
16	13	85.0
16	14	85.0
16	15	90.0
16	16	90.0
16	17	90.0
16	18	90.0
16	19	90.0
16	20	90.0
16	21	70.0
16	22	70.0
16	23	70.0
16	24	105.0
17	1	130.0
17	2	130.0
17	3	130.0
17	4	130.0
17	5	145.0
17	6	150.0
17	7	150.0
17	8	150.0
17	9	150.0
17	10	145.0
17	11	145.0
17	12	130.0
17	13	130.0
17	14	130.0
17	15	135.0
17	16	145.0
17	17	150.0
17	18	142.0
17	19	150.0
17	20	150.0
17	21	150.0
17	22	85.0
17	23	85.0
17	24	70.0
18	1	0.0
18	2	0.0
18	3	0.0
18	4	0.0
18	5	25.0
18	6	79.0
18	7	109.0
18	8	109.0
18	9	109.0
18	10	79.0
18	11	25.0
18	12	25.0
18	13	0.0
18	14	0.0
18	15	0.0
18	16	0.0
18	17	25.0
18	18	79.0
18	19	109.0
18	20	109.0
18	21	109.0
18	22	79.0
18	23	79.0
18	24	25.0
19	1	0.0
19	2	0.0
19	3	0.0
19	4	0.0
19	5	25.0
19	6	83.0
19	7	228.0
19	8	228.0
19	9	223.0
19	10	181.0
19	11	25.0
19	12	0.0
19	13	0.0
19	14	0.0
19	15	0.0
19	16	25.0
19	17	25.0
19	18	228.0
19	19	228.0
19	20	228.0
19	21	228.0
19	22	79.0
19	23	25.0
19	24	25.0
20	1	70.0
20	2	70.0
20	3	70.0
20	4	70.0
20	5	70.0
20	6	70.0
20	7	70.0
20	8	85.0
20	9	85.0
20	10	85.0
20	11	70.0
20	12	70.0
20	13	70.0
20	14	70.0
20	15	70.0
20	16	85.0
20	17	85.0
20	18	85.0
20	19	85.0
20	20	85.0
20	21	70.0
20	22	70.0
20	23	70.0
20	24	70.0
21	1	20.0
21	2	20.0
21	3	20.0
21	4	20.0
21	5	35.0
21	6	35.0
21	7	147.0
21	8	147.0
21	9	147.0
21	10	147.0
21	11	93.0
21	12	93.0
21	13	20.0
21	14	20.0
21	15	20.0
21	16	20.0
21	17	35.0
21	18	141.0
21	19	168.0
21	20	184.0
21	21	160.0
21	22	89.0
21	23	35.0
21	24	45.0
22	1	75.0
22	2	75.0
22	3	75.0
22	4	75.0
22	5	75.0
22	6	75.0
22	7	75.0
22	8	75.0
22	9	75.0
22	10	73.0
22	11	16.0
22	12	0.0
22	13	46.0
22	14	75.0
22	15	53.0
22	16	75.0
22	17	75.0
22	18	75.0
22	19	100.0
22	20	100.0
22	21	100.0
22	22	100.0
22	23	100.0
22	24	75.0
23	1	0.0
23	2	0.0
23	3	0.0
23	4	0.0
23	5	15.0
23	6	20.0
23	7	20.0
23	8	20.0
23	9	20.0
23	10	20.0
23	11	20.0
23	12	20.0
23	13	20.0
23	14	0.0
23	15	0.0
23	16	0.0
23	17	5.0
23	18	20.0
23	19	20.0
23	20	20.0
23	21	20.0
23	22	20.0
23	23	20.0
23	24	0.0
24	1	50.0
24	2	50.0
24	3	50.0
24	4	50.0
24	5	50.0
24	6	50.0
24	7	50.0
24	8	55.0
24	9	55.0
24	10	55.0
24	11	55.0
24	12	50.0
24	13	50.0
24	14	50.0
24	15	50.0
24	16	55.0
24	17	55.0
24	18	55.0
24	19	55.0
24	20	55.0
24	21	55.0
24	22	50.0
24	23	55.0
24	24	50.0
25	1	0.0
25	2	0.0
25	3	0.0
25	4	0.0
25	5	55.0
25	6	55.0
25	7	55.0
25	8	55.0
25	9	55.0
25	10	55.0
25	11	55.0
25	12	55.0
25	13	30.0
25	14	30.0
25	15	30.0
25	16	30.0
25	17	55.0
25	18	55.0
25	19	55.0
25	20	55.0
25	21	55.0
25	22	55.0
25	23	55.0
25	24	55.0
26	1	196.0
26	2	196.0
26	3	196.0
26	4	196.0
26	5	251.0
26	6	276.0
26	7	276.0
26	8	276.0
26	9	276.0
26	10	276.0
26	11	276.0
26	12	276.0
26	13	276.0
26	14	251.0
26	15	251.0
26	16	251.0
26	17	247.0
26	18	276.0
26	19	276.0
26	20	276.0
26	21	276.0
26	22	276.0
26	23	251.0
26	24	243.0
27	1	90.0
27	2	90.0
27	3	90.0
27	4	90.0
27	5	105.0
27	6	105.0
27	7	95.0
27	8	35.0
27	9	105.0
27	10	105.0
27	11	105.0
27	12	105.0
27	13	90.0
27	14	90.0
27	15	90.0
27	16	90.0
27	17	15.0
27	18	15.0
27	19	15.0
27	20	40.0
27	21	105.0
27	22	105.0
27	23	105.0
27	24	80.0
28	1	0.0
28	2	0.0
28	3	0.0
28	4	0.0
28	5	0.0
28	6	0.0
28	7	0.0
28	8	0.0
28	9	0.0
28	10	0.0
28	11	0.0
28	12	0.0
28	13	0.0
28	14	0.0
28	15	0.0
28	16	0.0
28	17	0.0
28	18	0.0
28	19	88.0
28	20	113.0
28	21	88.0
28	22	88.0
28	23	76.0
28	24	43.0
29	1	57.0
29	2	57.0
29	3	57.0
29	4	57.0
29	5	57.0
29	6	147.0
29	7	147.0
29	8	132.0
29	9	10.0
29	10	0.0
29	11	0.0
29	12	0.0
29	13	0.0
29	14	10.0
29	15	10.0
29	16	27.0
29	17	47.0
29	18	54.0
29	19	79.0
29	20	179.0
29	21	169.0
29	22	180.0
29	23	181.0
29	24	45.0
30	1	0.0
30	2	0.0
30	3	0.0
30	4	0.0
30	5	25.0
30	6	79.0
30	7	109.0
30	8	109.0
30	9	109.0
30	10	79.0
30	11	25.0
30	12	25.0
30	13	0.0
30	14	0.0
30	15	0.0
30	16	0.0
30	17	25.0
30	18	79.0
30	19	109.0
30	20	109.0
30	21	109.0
30	22	79.0
30	23	79.0
30	24	25.0
31	1	154.0
31	2	154.0
31	3	154.0
31	4	154.0
31	5	154.0
31	6	154.0
31	7	100.0
31	8	40.0
31	9	40.0
31	10	40.0
31	11	20.0
31	12	20.0
31	13	20.0
31	14	20.0
31	15	40.0
31	16	20.0
31	17	20.0
31	18	134.0
31	19	173.0
31	20	179.0
31	21	179.0
31	22	179.0
31	23	177.0
31	24	45.0
32	1	131.0
32	2	131.0
32	3	131.0
32	4	131.0
32	5	131.0
32	6	156.0
32	7	156.0
32	8	156.0
32	9	156.0
32	10	156.0
32	11	156.0
32	12	156.0
32	13	156.0
32	14	131.0
32	15	131.0
32	16	131.0
32	17	131.0
32	18	156.0
32	19	156.0
32	20	156.0
32	21	156.0
32	22	156.0
32	23	109.0
32	24	131.0
33	1	15.0
33	2	15.0
33	3	15.0
33	4	15.0
33	5	103.0
33	6	181.0
33	7	161.0
33	8	191.0
33	9	161.0
33	10	103.0
33	11	40.0
33	12	40.0
33	13	15.0
33	14	15.0
33	15	15.0
33	16	15.0
33	17	40.0
33	18	181.0
33	19	191.0
33	20	191.0
33	21	191.0
33	22	191.0
33	23	111.0
33	24	40.0
34	1	0.0
34	2	0.0
34	3	0.0
34	4	0.0
34	5	25.0
34	6	85.0
34	7	95.0
34	8	85.0
34	9	85.0
34	10	25.0
34	11	25.0
34	12	25.0
34	13	0.0
34	14	0.0
34	15	0.0
34	16	0.0
34	17	85.0
34	18	85.0
34	19	85.0
34	20	85.0
34	21	85.0
34	22	25.0
34	23	25.0
34	24	15.0
35	1	25.0
35	2	25.0
35	3	25.0
35	4	25.0
35	5	25.0
35	6	75.0
35	7	75.0
35	8	75.0
35	9	75.0
35	10	65.0
35	11	65.0
35	12	65.0
35	13	50.0
35	14	38.0
35	15	10.0
35	16	10.0
35	17	65.0
35	18	75.0
35	19	75.0
35	20	75.0
35	21	75.0
35	22	75.0
35	23	65.0
35	24	73.0
36	1	30.0
36	2	30.0
36	3	30.0
36	4	30.0
36	5	55.0
36	6	115.0
36	7	115.0
36	8	115.0
36	9	55.0
36	10	55.0
36	11	55.0
36	12	30.0
36	13	30.0
36	14	30.0
36	15	30.0
36	16	55.0
36	17	55.0
36	18	115.0
36	19	115.0
36	20	115.0
36	21	115.0
36	22	115.0
36	23	55.0
36	24	25.0
37	1	30.0
37	2	30.0
37	3	30.0
37	4	30.0
37	5	55.0
37	6	115.0
37	7	115.0
37	8	115.0
37	9	55.0
37	10	55.0
37	11	55.0
37	12	30.0
37	13	30.0
37	14	30.0
37	15	30.0
37	16	55.0
37	17	55.0
37	18	115.0
37	19	115.0
37	20	115.0
37	21	115.0
37	22	115.0
37	23	55.0
37	24	25.0
38	1	0.0
38	2	0.0
38	3	0.0
38	4	0.0
38	5	0.0
38	6	0.0
38	7	0.0
38	8	0.0
38	9	0.0
38	10	0.0
38	11	0.0
38	12	0.0
38	13	0.0
38	14	0.0
38	15	0.0
38	16	0.0
38	17	0.0
38	18	0.0
38	19	25.0
38	20	25.0
38	21	25.0
38	22	25.0
38	23	25.0
38	24	25.0
39	1	0.0
39	2	0.0
39	3	0.0
39	4	0.0
39	5	0.0
39	6	0.0
39	7	0.0
39	8	0.0
39	9	0.0
39	10	0.0
39	11	0.0
39	12	0.0
39	13	0.0
39	14	0.0
39	15	0.0
39	16	0.0
39	17	0.0
39	18	0.0
39	19	0.0
39	20	0.0
39	21	0.0
39	22	0.0
39	23	0.0
39	24	0.0
40	1	180.0
40	2	180.0
40	3	180.0
40	4	180.0
40	5	180.0
40	6	185.0
40	7	185.0
40	8	125.0
40	9	120.0
40	10	80.0
40	11	47.0
40	12	53.0
40	13	53.0
40	14	120.0
40	15	100.0
40	16	125.0
40	17	125.0
40	18	185.0
40	19	185.0
40	20	185.0
40	21	185.0
40	22	185.0
40	23	125.0
40	24	0.0
41	1	0.0
41	2	0.0
41	3	0.0
41	4	0.0
41	5	25.0
41	6	25.0
41	7	131.0
41	8	82.0
41	9	40.0
41	10	83.0
41	11	25.0
41	12	25.0
41	13	0.0
41	14	0.0
41	15	0.0
41	16	0.0
41	17	25.0
41	18	83.0
41	19	152.0
41	20	181.0
41	21	206.0
41	22	25.0
41	23	25.0
41	24	25.0
42	1	25.0
42	2	25.0
42	3	25.0
42	4	25.0
42	5	112.0
42	6	170.0
42	7	170.0
42	8	110.0
42	9	110.0
42	10	110.0
42	11	50.0
42	12	50.0
42	13	25.0
42	14	65.0
42	15	85.0
42	16	65.0
42	17	90.0
42	18	110.0
42	19	110.0
42	20	110.0
42	21	110.0
42	22	110.0
42	23	89.0
42	24	40.0
43	1	119.0
43	2	119.0
43	3	119.0
43	4	119.0
43	5	134.0
43	6	184.0
43	7	194.0
43	8	194.0
43	9	194.0
43	10	164.0
43	11	134.0
43	12	134.0
43	13	119.0
43	14	119.0
43	15	119.0
43	16	129.0
43	17	144.0
43	18	144.0
43	19	194.0
43	20	194.0
43	21	194.0
43	22	194.0
43	23	164.0
43	24	75.0
44	1	20.0
44	2	20.0
44	3	20.0
44	4	20.0
44	5	62.0
44	6	99.0
44	7	99.0
44	8	99.0
44	9	96.0
44	10	99.0
44	11	74.0
44	12	45.0
44	13	20.0
44	14	0.0
44	15	16.0
44	16	13.0
44	17	89.0
44	18	99.0
44	19	99.0
44	20	99.0
44	21	99.0
44	22	99.0
44	23	90.0
44	24	79.0
45	1	145.0
45	2	145.0
45	3	145.0
45	4	145.0
45	5	170.0
45	6	170.0
45	7	170.0
45	8	170.0
45	9	170.0
45	10	170.0
45	11	170.0
45	12	170.0
45	13	145.0
45	14	145.0
45	15	145.0
45	16	145.0
45	17	170.0
45	18	170.0
45	19	170.0
45	20	170.0
45	21	170.0
45	22	170.0
45	23	170.0
45	24	95.0
46	1	179.0
46	2	179.0
46	3	179.0
46	4	179.0
46	5	190.0
46	6	205.0
46	7	205.0
46	8	205.0
46	9	205.0
46	10	205.0
46	11	205.0
46	12	205.0
46	13	205.0
46	14	190.0
46	15	190.0
46	16	190.0
46	17	149.0
46	18	199.0
46	19	205.0
46	20	205.0
46	21	205.0
46	22	205.0
46	23	100.0
46	24	183.0
47	1	0.0
47	2	0.0
47	3	0.0
47	4	0.0
47	5	0.0
47	6	0.0
47	7	0.0
47	8	0.0
47	9	0.0
47	10	0.0
47	11	0.0
47	12	0.0
47	13	0.0
47	14	0.0
47	15	0.0
47	16	0.0
47	17	0.0
47	18	0.0
47	19	88.0
47	20	113.0
47	21	88.0
47	22	88.0
47	23	76.0
47	24	43.0
48	1	90.0
48	2	90.0
48	3	90.0
48	4	90.0
48	5	105.0
48	6	105.0
48	7	105.0
48	8	105.0
48	9	105.0
48	10	105.0
48	11	105.0
48	12	105.0
48	13	90.0
48	14	90.0
48	15	90.0
48	16	90.0
48	17	105.0
48	18	105.0
48	19	105.0
48	20	105.0
48	21	105.0
48	22	105.0
48	23	105.0
48	24	206.0
49	1	30.0
49	2	30.0
49	3	30.0
49	4	30.0
49	5	30.0
49	6	30.0
49	7	30.0
49	8	30.0
49	9	30.0
49	10	30.0
49	11	30.0
49	12	30.0
49	13	30.0
49	14	30.0
49	15	30.0
49	16	30.0
49	17	30.0
49	18	30.0
49	19	30.0
49	20	30.0
49	21	30.0
49	22	30.0
49	23	30.0
49	24	30.0
50	1	0.0
50	2	0.0
50	3	0.0
50	4	0.0
50	5	16.0
50	6	16.0
50	7	15.0
50	8	15.0
50	9	16.0
50	10	16.0
50	11	15.0
50	12	16.0
50	13	0.0
50	14	0.0
50	15	0.0
50	16	0.0
50	17	16.0
50	18	16.0
50	19	15.0
50	20	16.0
50	21	16.0
50	22	16.0
50	23	15.0
50	24	16.0
51	1	100.0
51	2	100.0
51	3	100.0
51	4	100.0
51	5	116.0
51	6	116.0
51	7	115.0
51	8	116.0
51	9	116.0
51	10	116.0
51	11	115.0
51	12	116.0
51	13	100.0
51	14	100.0
51	15	100.0
51	16	100.0
51	17	116.0
51	18	116.0
51	19	115.0
51	20	116.0
51	21	116.0
51	22	116.0
51	23	115.0
51	24	60.0
52	1	0.0
52	2	0.0
52	3	0.0
52	4	0.0
52	5	0.0
52	6	20.0
52	7	66.0
52	8	50.0
52	9	20.0
52	10	20.0
52	11	20.0
52	12	5.0
52	13	5.0
52	14	5.0
52	15	5.0
52	16	20.0
52	17	20.0
52	18	20.0
52	19	20.0
52	20	20.0
52	21	20.0
52	22	15.0
52	23	15.0
52	24	143.0
53	1	183.0
53	2	183.0
53	3	183.0
53	4	183.0
53	5	183.0
53	6	183.0
53	7	183.0
53	8	183.0
53	9	168.0
53	10	150.0
53	11	150.0
53	12	150.0
53	13	150.0
53	14	183.0
53	15	183.0
53	16	183.0
53	17	168.0
53	18	168.0
53	19	168.0
53	20	183.0
53	21	183.0
53	22	193.0
53	23	183.0
53	24	10.0
54	1	70.0
54	2	70.0
54	3	70.0
54	4	70.0
54	5	95.0
54	6	95.0
54	7	95.0
54	8	95.0
54	9	95.0
54	10	95.0
54	11	95.0
54	12	70.0
54	13	70.0
54	14	70.0
54	15	70.0
54	16	95.0
54	17	95.0
54	18	95.0
54	19	95.0
54	20	95.0
54	21	95.0
54	22	95.0
54	23	95.0
54	24	95.0
55	1	100.0
55	2	100.0
55	3	100.0
55	4	100.0
55	5	116.0
55	6	116.0
55	7	115.0
55	8	116.0
55	9	116.0
55	10	116.0
55	11	115.0
55	12	116.0
55	13	100.0
55	14	100.0
55	15	100.0
55	16	100.0
55	17	116.0
55	18	116.0
55	19	115.0
55	20	116.0
55	21	116.0
55	22	116.0
55	23	115.0
55	24	76.0
56	1	0.0
56	2	0.0
56	3	0.0
56	4	0.0
56	5	10.0
56	6	80.0
56	7	80.0
56	8	80.0
56	9	0.0
56	10	0.0
56	11	0.0
56	12	0.0
56	13	0.0
56	14	0.0
56	15	0.0
56	16	0.0
56	17	0.0
56	18	61.0
56	19	95.0
56	20	95.0
56	21	95.0
56	22	95.0
56	23	80.0
56	24	15.0
57	1	155.0
57	2	155.0
57	3	155.0
57	4	155.0
57	5	175.0
57	6	175.0
57	7	175.0
57	8	175.0
57	9	175.0
57	10	175.0
57	11	175.0
57	12	155.0
57	13	155.0
57	14	155.0
57	15	155.0
57	16	170.0
57	17	175.0
57	18	175.0
57	19	175.0
57	20	175.0
57	21	175.0
57	22	175.0
57	23	170.0
57	24	155.0
58	1	163.0
58	2	163.0
58	3	163.0
58	4	163.0
58	5	163.0
58	6	163.0
58	7	163.0
58	8	302.0
58	9	302.0
58	10	302.0
58	11	302.0
58	12	188.0
58	13	163.0
58	14	138.0
58	15	138.0
58	16	138.0
58	17	252.0
58	18	302.0
58	19	302.0
58	20	302.0
58	21	223.0
58	22	163.0
58	23	163.0
58	24	163.0
59	1	0.0
59	2	0.0
59	3	0.0
59	4	0.0
59	5	0.0
59	6	0.0
59	7	0.0
59	8	0.0
59	9	0.0
59	10	0.0
59	11	0.0
59	12	0.0
59	13	0.0
59	14	0.0
59	15	0.0
59	16	0.0
59	17	0.0
59	18	0.0
59	19	194.0
59	20	219.0
59	21	194.0
59	22	194.0
59	23	136.0
59	24	0.0
60	1	20.0
60	2	30.0
60	3	30.0
60	4	20.0
60	5	20.0
60	6	20.0
60	7	15.0
60	8	25.0
60	9	25.0
60	10	25.0
60	11	36.0
60	12	45.0
60	13	45.0
60	14	41.0
60	15	35.0
60	16	35.0
60	17	25.0
60	18	25.0
60	19	25.0
60	20	15.0
60	21	15.0
60	22	10.0
60	23	10.0
60	24	10.0
61	1	163.0
61	2	163.0
61	3	163.0
61	4	163.0
61	5	159.0
61	6	163.0
61	7	163.0
61	8	163.0
61	9	163.0
61	10	163.0
61	11	163.0
61	12	163.0
61	13	163.0
61	14	138.0
61	15	138.0
61	16	138.0
61	17	138.0
61	18	163.0
61	19	163.0
61	20	163.0
61	21	163.0
61	22	163.0
61	23	163.0
61	24	163.0
62	1	171.0
62	2	171.0
62	3	171.0
62	4	171.0
62	5	196.0
62	6	196.0
62	7	253.0
62	8	253.0
62	9	253.0
62	10	228.0
62	11	228.0
62	12	228.0
62	13	228.0
62	14	253.0
62	15	253.0
62	16	253.0
62	17	253.0
62	18	283.0
62	19	283.0
62	20	283.0
62	21	283.0
62	22	196.0
62	23	196.0
62	24	138.0
63	1	64.0
63	2	64.0
63	3	64.0
63	4	64.0
63	5	104.0
63	6	205.0
63	7	230.0
63	8	230.0
63	9	230.0
63	10	230.0
63	11	230.0
63	12	176.0
63	13	176.0
63	14	176.0
63	15	176.0
63	16	176.0
63	17	176.0
63	18	176.0
63	19	176.0
63	20	176.0
63	21	151.0
63	22	151.0
63	23	151.0
63	24	165.0
64	1	0.0
64	2	0.0
64	3	0.0
64	4	0.0
64	5	0.0
64	6	139.0
64	7	139.0
64	8	113.0
64	9	25.0
64	10	25.0
64	11	25.0
64	12	25.0
64	13	0.0
64	14	0.0
64	15	0.0
64	16	0.0
64	17	25.0
64	18	79.0
64	19	139.0
64	20	139.0
64	21	139.0
64	22	139.0
64	23	25.0
64	24	30.0
65	1	35.0
65	2	35.0
65	3	10.0
65	4	10.0
65	5	10.0
65	6	53.0
65	7	369.0
65	8	369.0
65	9	362.0
65	10	293.0
65	11	172.0
65	12	89.0
65	13	172.0
65	14	89.0
65	15	274.0
65	16	336.0
65	17	332.0
65	18	292.0
65	19	343.0
65	20	165.0
65	21	107.0
65	22	50.0
65	23	50.0
65	24	25.0
66	1	173.0
66	2	77.0
66	3	76.0
66	4	76.0
66	5	149.0
66	6	174.0
66	7	228.0
66	8	228.0
66	9	228.0
66	10	228.0
66	11	228.0
66	12	228.0
66	13	228.0
66	14	228.0
66	15	228.0
66	16	228.0
66	17	228.0
66	18	228.0
66	19	228.0
66	20	203.0
66	21	203.0
66	22	203.0
66	23	125.0
66	24	35.0
67	1	227.0
67	2	162.0
67	3	162.0
67	4	162.0
67	5	162.0
67	6	162.0
67	7	204.0
67	8	204.0
67	9	204.0
67	10	229.0
67	11	229.0
67	12	229.0
67	13	229.0
67	14	229.0
67	15	229.0
67	16	229.0
67	17	229.0
67	18	229.0
67	19	229.0
67	20	269.0
67	21	269.0
67	22	269.0
67	23	269.0
67	24	204.0
68	1	40.0
68	2	40.0
68	3	55.0
68	4	94.0
68	5	55.0
68	6	40.0
68	7	55.0
68	8	40.0
68	9	65.0
68	10	65.0
68	11	94.0
68	12	94.0
68	13	94.0
68	14	94.0
68	15	94.0
68	16	94.0
68	17	40.0
68	18	104.0
68	19	104.0
68	20	65.0
68	21	40.0
68	22	40.0
68	23	40.0
68	24	40.0
69	1	0.0
69	2	0.0
69	3	0.0
69	4	0.0
69	5	60.0
69	6	131.0
69	7	190.0
69	8	190.0
69	9	190.0
69	10	165.0
69	11	120.0
69	12	120.0
69	13	155.0
69	14	180.0
69	15	180.0
69	16	180.0
69	17	180.0
69	18	180.0
69	19	149.0
69	20	149.0
69	21	149.0
69	22	35.0
69	23	149.0
69	24	167.0
70	1	25.0
70	2	25.0
70	3	0.0
70	4	0.0
70	5	0.0
70	6	126.0
70	7	248.0
70	8	248.0
70	9	248.0
70	10	248.0
70	11	248.0
70	12	194.0
70	13	194.0
70	14	248.0
70	15	238.0
70	16	248.0
70	17	248.0
70	18	248.0
70	19	184.0
70	20	194.0
70	21	169.0
70	22	0.0
70	23	0.0
70	24	35.0
71	1	58.0
71	2	33.0
71	3	64.0
71	4	33.0
71	5	80.0
71	6	195.0
71	7	195.0
71	8	195.0
71	9	195.0
71	10	195.0
71	11	195.0
71	12	195.0
71	13	195.0
71	14	195.0
71	15	195.0
71	16	195.0
71	17	195.0
71	18	195.0
71	19	195.0
71	20	170.0
71	21	170.0
71	22	170.0
71	23	170.0
71	24	152.0
72	1	0.0
72	2	0.0
72	3	0.0
72	4	15.0
72	5	0.0
72	6	0.0
72	7	30.0
72	8	93.0
72	9	89.0
72	10	104.0
72	11	80.0
72	12	30.0
72	13	30.0
72	14	30.0
72	15	30.0
72	16	25.0
72	17	30.0
72	18	94.0
72	19	50.0
72	20	50.0
72	21	28.0
72	22	5.0
72	23	5.0
72	24	0.0
73	1	69.0
73	2	59.0
73	3	59.0
73	4	59.0
73	5	34.0
73	6	34.0
73	7	87.0
73	8	198.0
73	9	179.0
73	10	189.0
73	11	179.0
73	12	189.0
73	13	105.0
73	14	105.0
73	15	105.0
73	16	95.0
73	17	179.0
73	18	179.0
73	19	213.0
73	20	196.0
73	21	213.0
73	22	112.0
73	23	44.0
73	24	44.0
74	1	163.0
74	2	150.0
74	3	120.0
74	4	120.0
74	5	138.0
74	6	181.0
74	7	260.0
74	8	260.0
74	9	260.0
74	10	260.0
74	11	260.0
74	12	260.0
74	13	260.0
74	14	260.0
74	15	260.0
74	16	260.0
74	17	260.0
74	18	260.0
74	19	260.0
74	20	260.0
74	21	235.0
74	22	235.0
74	23	181.0
74	24	133.0
75	1	50.0
75	2	50.0
75	3	60.0
75	4	60.0
75	5	50.0
75	6	0.0
75	7	0.0
75	8	25.0
75	9	68.0
75	10	99.0
75	11	65.0
75	12	65.0
75	13	65.0
75	14	65.0
75	15	65.0
75	16	65.0
75	17	65.0
75	18	75.0
75	19	104.0
75	20	75.0
75	21	65.0
75	22	50.0
75	23	50.0
75	24	50.0
76	1	105.0
76	2	105.0
76	3	105.0
76	4	105.0
76	5	105.0
76	6	105.0
76	7	240.0
76	8	240.0
76	9	240.0
76	10	230.0
76	11	230.0
76	12	230.0
76	13	173.0
76	14	173.0
76	15	173.0
76	16	173.0
76	17	173.0
76	18	183.0
76	19	183.0
76	20	183.0
76	21	183.0
76	22	183.0
76	23	183.0
76	24	183.0
77	1	88.0
77	2	88.0
77	3	135.0
77	4	88.0
77	5	85.0
77	6	181.0
77	7	181.0
77	8	170.0
77	9	112.0
77	10	112.0
77	11	25.0
77	12	112.0
77	13	112.0
77	14	25.0
77	15	49.0
77	16	239.0
77	17	95.0
77	18	49.0
77	19	25.0
77	20	25.0
77	21	25.0
77	22	112.0
77	23	181.0
77	24	163.0
78	1	74.0
78	2	74.0
78	3	74.0
78	4	74.0
78	5	99.0
78	6	159.0
78	7	284.0
78	8	284.0
78	9	138.0
78	10	192.0
78	11	124.0
78	12	74.0
78	13	74.0
78	14	74.0
78	15	74.0
78	16	159.0
78	17	159.0
78	18	184.0
78	19	150.0
78	20	159.0
78	21	175.0
78	22	134.0
78	23	99.0
78	24	45.0
79	1	237.0
79	2	188.0
79	3	188.0
79	4	188.0
79	5	188.0
79	6	242.0
79	7	234.0
79	8	323.0
79	9	323.0
79	10	323.0
79	11	323.0
79	12	323.0
79	13	229.0
79	14	229.0
79	15	229.0
79	16	229.0
79	17	229.0
79	18	229.0
79	19	229.0
79	20	229.0
79	21	269.0
79	22	244.0
79	23	298.0
79	24	258.0
80	1	108.0
80	2	108.0
80	3	108.0
80	4	108.0
80	5	108.0
80	6	128.0
80	7	75.0
80	8	85.0
80	9	85.0
80	10	85.0
80	11	75.0
80	12	75.0
80	13	75.0
80	14	75.0
80	15	75.0
80	16	75.0
80	17	75.0
80	18	85.0
80	19	85.0
80	20	85.0
80	21	75.0
80	22	143.0
80	23	143.0
80	24	108.0
81	1	261.0
81	2	236.0
81	3	236.0
81	4	236.0
81	5	236.0
81	6	260.0
81	7	271.0
81	8	271.0
81	9	271.0
81	10	271.0
81	11	271.0
81	12	261.0
81	13	236.0
81	14	236.0
81	15	236.0
81	16	236.0
81	17	186.0
81	18	196.0
81	19	196.0
81	20	196.0
81	21	196.0
81	22	196.0
81	23	196.0
81	24	196.0
82	1	189.0
82	2	189.0
82	3	189.0
82	4	189.0
82	5	189.0
82	6	189.0
82	7	189.0
82	8	129.0
82	9	129.0
82	10	125.0
82	11	129.0
82	12	75.0
82	13	75.0
82	14	75.0
82	15	75.0
82	16	129.0
82	17	128.0
82	18	0.0
82	19	25.0
82	20	25.0
82	21	35.0
82	22	25.0
82	23	25.0
82	24	99.0
83	1	50.0
83	2	50.0
83	3	50.0
83	4	50.0
83	5	50.0
83	6	50.0
83	7	65.0
83	8	85.0
83	9	105.0
83	10	105.0
83	11	96.0
83	12	85.0
83	13	65.0
83	14	65.0
83	15	65.0
83	16	65.0
83	17	65.0
83	18	75.0
83	19	75.0
83	20	75.0
83	21	65.0
83	22	65.0
83	23	55.0
83	24	55.0
84	1	80.0
84	2	90.0
84	3	100.0
84	4	100.0
84	5	90.0
84	6	90.0
84	7	90.0
84	8	80.0
84	9	100.0
84	10	100.0
84	11	100.0
84	12	100.0
84	13	100.0
84	14	100.0
84	15	100.0
84	16	100.0
84	17	100.0
84	18	105.0
84	19	115.0
84	20	95.0
84	21	80.0
84	22	80.0
84	23	80.0
84	24	90.0
85	1	165.0
85	2	0.0
85	3	0.0
85	4	0.0
85	5	0.0
85	6	106.0
85	7	165.0
85	8	190.0
85	9	190.0
85	10	190.0
85	11	190.0
85	12	190.0
85	13	190.0
85	14	190.0
85	15	190.0
85	16	190.0
85	17	190.0
85	18	180.0
85	19	180.0
85	20	180.0
85	21	180.0
85	22	155.0
85	23	155.0
85	24	155.0
86	1	165.0
86	2	0.0
86	3	0.0
86	4	0.0
86	5	0.0
86	6	106.0
86	7	165.0
86	8	190.0
86	9	190.0
86	10	190.0
86	11	190.0
86	12	190.0
86	13	190.0
86	14	190.0
86	15	190.0
86	16	190.0
86	17	190.0
86	18	180.0
86	19	180.0
86	20	180.0
86	21	180.0
86	22	155.0
86	23	155.0
86	24	155.0
87	1	60.0
87	2	60.0
87	3	60.0
87	4	60.0
87	5	60.0
87	6	60.0
87	7	60.0
87	8	25.0
87	9	67.0
87	10	75.0
87	11	65.0
87	12	65.0
87	13	60.0
87	14	60.0
87	15	60.0
87	16	60.0
87	17	65.0
87	18	105.0
87	19	105.0
87	20	90.0
87	21	65.0
87	22	60.0
87	23	60.0
87	24	60.0
88	1	142.0
88	2	127.0
88	3	169.0
88	4	150.0
88	5	170.0
88	6	195.0
88	7	195.0
88	8	248.0
88	9	248.0
88	10	248.0
88	11	248.0
88	12	248.0
88	13	248.0
88	14	248.0
88	15	248.0
88	16	248.0
88	17	248.0
88	18	248.0
88	19	248.0
88	20	180.0
88	21	170.0
88	22	150.0
88	23	117.0
88	24	142.0
89	1	0.0
89	2	0.0
89	3	0.0
89	4	0.0
89	5	0.0
89	6	0.0
89	7	0.0
89	8	0.0
89	9	0.0
89	10	0.0
89	11	0.0
89	12	0.0
89	13	0.0
89	14	0.0
89	15	0.0
89	16	0.0
89	17	0.0
89	18	25.0
89	19	182.0
89	20	103.0
89	21	103.0
89	22	103.0
89	23	78.0
89	24	0.0
90	1	10.0
90	2	10.0
90	3	10.0
90	4	10.0
90	5	10.0
90	6	10.0
90	7	50.0
90	8	202.0
90	9	259.0
90	10	219.0
90	11	219.0
90	12	219.0
90	13	219.0
90	14	219.0
90	15	219.0
90	16	219.0
90	17	219.0
90	18	219.0
90	19	219.0
90	20	259.0
90	21	259.0
90	22	219.0
90	23	219.0
90	24	219.0
91	1	0.0
91	2	0.0
91	3	0.0
91	4	0.0
91	5	0.0
91	6	0.0
91	7	204.0
91	8	259.0
91	9	176.0
91	10	85.0
91	11	27.0
91	12	0.0
91	13	0.0
91	14	0.0
91	15	0.0
91	16	0.0
91	17	0.0
91	18	139.0
91	19	139.0
91	20	85.0
91	21	85.0
91	22	85.0
91	23	0.0
91	24	0.0
92	1	131.0
92	2	131.0
92	3	131.0
92	4	151.0
92	5	151.0
92	6	131.0
92	7	131.0
92	8	220.0
92	9	220.0
92	10	200.0
92	11	150.0
92	12	106.0
92	13	106.0
92	14	131.0
92	15	131.0
92	16	131.0
92	17	240.0
92	18	240.0
92	19	245.0
92	20	245.0
92	21	191.0
92	22	131.0
92	23	131.0
92	24	131.0
93	1	90.0
93	2	88.0
93	3	88.0
93	4	88.0
93	5	88.0
93	6	90.0
93	7	90.0
93	8	90.0
93	9	90.0
93	10	90.0
93	11	52.0
93	12	90.0
93	13	90.0
93	14	65.0
93	15	90.0
93	16	57.0
93	17	57.0
93	18	57.0
93	19	82.0
93	20	82.0
93	21	115.0
93	22	115.0
93	23	102.0
93	24	95.0
94	1	185.0
94	2	184.0
94	3	184.0
94	4	184.0
94	5	184.0
94	6	186.0
94	7	186.0
94	8	186.0
94	9	186.0
94	10	186.0
94	11	186.0
94	12	186.0
94	13	186.0
94	14	161.0
94	15	161.0
94	16	161.0
94	17	161.0
94	18	186.0
94	19	186.0
94	20	186.0
94	21	186.0
94	22	186.0
94	23	186.0
94	24	186.0
95	1	76.0
95	2	76.0
95	3	51.0
95	4	51.0
95	5	51.0
95	6	51.0
95	7	51.0
95	8	119.0
95	9	119.0
95	10	144.0
95	11	144.0
95	12	144.0
95	13	144.0
95	14	144.0
95	15	144.0
95	16	144.0
95	17	144.0
95	18	144.0
95	19	144.0
95	20	144.0
95	21	144.0
95	22	144.0
95	23	144.0
95	24	119.0
96	1	173.0
96	2	77.0
96	3	76.0
96	4	76.0
96	5	149.0
96	6	174.0
96	7	228.0
96	8	228.0
96	9	228.0
96	10	228.0
96	11	228.0
96	12	228.0
96	13	228.0
96	14	228.0
96	15	228.0
96	16	228.0
96	17	228.0
96	18	228.0
96	19	228.0
96	20	203.0
96	21	203.0
96	22	203.0
96	23	125.0
96	24	35.0
97	1	69.0
97	2	59.0
97	3	59.0
97	4	59.0
97	5	34.0
97	6	34.0
97	7	87.0
97	8	198.0
97	9	179.0
97	10	189.0
97	11	179.0
97	12	189.0
97	13	105.0
97	14	105.0
97	15	105.0
97	16	95.0
97	17	179.0
97	18	179.0
97	19	213.0
97	20	196.0
97	21	213.0
97	22	112.0
97	23	44.0
97	24	44.0
98	1	192.0
98	2	156.0
98	3	156.0
98	4	156.0
98	5	156.0
98	6	167.0
98	7	167.0
98	8	192.0
98	9	192.0
98	10	192.0
98	11	192.0
98	12	222.0
98	13	222.0
98	14	222.0
98	15	222.0
98	16	276.0
98	17	276.0
98	18	276.0
98	19	276.0
98	20	276.0
98	21	276.0
98	22	251.0
98	23	221.0
98	24	221.0
99	1	185.0
99	2	184.0
99	3	184.0
99	4	184.0
99	5	184.0
99	6	186.0
99	7	186.0
99	8	186.0
99	9	186.0
99	10	186.0
99	11	186.0
99	12	186.0
99	13	186.0
99	14	161.0
99	15	161.0
99	16	161.0
99	17	161.0
99	18	186.0
99	19	186.0
99	20	186.0
99	21	186.0
99	22	186.0
99	23	186.0
99	24	186.0
100	1	0.0
100	2	0.0
100	3	0.0
100	4	0.0
100	5	98.0
100	6	240.0
100	7	315.0
100	8	315.0
100	9	315.0
100	10	261.0
100	11	98.0
100	12	98.0
100	13	73.0
100	14	73.0
100	15	73.0
100	16	73.0
100	17	240.0
100	18	315.0
100	19	315.0
100	20	315.0
100	21	261.0
100	22	98.0
100	23	98.0
100	24	0.0
101	1	10.0
101	2	10.0
101	3	10.0
101	4	10.0
101	5	10.0
101	6	10.0
101	7	0.0
101	8	0.0
101	9	0.0
101	10	10.0
101	11	10.0
101	12	10.0
101	13	10.0
101	14	10.0
101	15	10.0
101	16	10.0
101	17	10.0
101	18	30.0
101	19	40.0
101	20	10.0
101	21	22.0
101	22	10.0
101	23	10.0
101	24	10.0
102	1	10.0
102	2	10.0
102	3	0.0
102	4	0.0
102	5	0.0
102	6	35.0
102	7	45.0
102	8	45.0
102	9	55.0
102	10	55.0
102	11	55.0
102	12	45.0
102	13	45.0
102	14	45.0
102	15	45.0
102	16	45.0
102	17	45.0
102	18	55.0
102	19	55.0
102	20	55.0
102	21	45.0
102	22	45.0
102	23	17.0
102	24	0.0
103	1	0.0
103	2	0.0
103	3	0.0
103	4	0.0
103	5	131.0
103	6	210.0
103	7	285.0
103	8	285.0
103	9	285.0
103	10	231.0
103	11	131.0
103	12	131.0
103	13	106.0
103	14	106.0
103	15	106.0
103	16	106.0
103	17	210.0
103	18	285.0
103	19	285.0
103	20	285.0
103	21	285.0
103	22	131.0
103	23	131.0
103	24	73.0
104	1	0.0
104	2	0.0
104	3	0.0
104	4	0.0
104	5	25.0
104	6	134.0
104	7	134.0
104	8	134.0
104	9	25.0
104	10	25.0
104	11	25.0
104	12	0.0
104	13	0.0
104	14	0.0
104	15	0.0
104	16	25.0
104	17	134.0
104	18	134.0
104	19	106.0
104	20	25.0
104	21	25.0
104	22	25.0
104	23	25.0
104	24	25.0
105	1	40.0
105	2	40.0
105	3	30.0
105	4	30.0
105	5	30.0
105	6	50.0
105	7	60.0
105	8	60.0
105	9	60.0
105	10	60.0
105	11	60.0
105	12	60.0
105	13	60.0
105	14	60.0
105	15	60.0
105	16	60.0
105	17	60.0
105	18	60.0
105	19	60.0
105	20	40.0
105	21	40.0
105	22	30.0
105	23	30.0
105	24	25.0
106	1	189.0
106	2	189.0
106	3	189.0
106	4	189.0
106	5	189.0
106	6	189.0
106	7	189.0
106	8	129.0
106	9	129.0
106	10	125.0
106	11	129.0
106	12	75.0
106	13	75.0
106	14	75.0
106	15	75.0
106	16	129.0
106	17	128.0
106	18	0.0
106	19	25.0
106	20	25.0
106	21	35.0
106	22	25.0
106	23	25.0
106	24	99.0
107	1	201.0
107	2	176.0
107	3	176.0
107	4	176.0
107	5	176.0
107	6	201.0
107	7	256.0
107	8	256.0
107	9	256.0
107	10	226.0
107	11	226.0
107	12	226.0
107	13	201.0
107	14	176.0
107	15	176.0
107	16	176.0
107	17	201.0
107	18	226.0
107	19	226.0
107	20	256.0
107	21	256.0
107	22	256.0
107	23	256.0
107	24	201.0
108	1	68.0
108	2	68.0
108	3	43.0
108	4	43.0
108	5	43.0
108	6	53.0
108	7	175.0
108	8	165.0
108	9	165.0
108	10	165.0
108	11	165.0
108	12	165.0
108	13	165.0
108	14	165.0
108	15	165.0
108	16	175.0
108	17	175.0
108	18	175.0
108	19	121.0
108	20	78.0
108	21	53.0
108	22	53.0
108	23	43.0
108	24	174.0
109	1	90.0
109	2	84.0
109	3	90.0
109	4	90.0
109	5	90.0
109	6	90.0
109	7	90.0
109	8	90.0
109	9	90.0
109	10	90.0
109	11	90.0
109	12	90.0
109	13	90.0
109	14	80.0
109	15	80.0
109	16	80.0
109	17	30.0
109	18	30.0
109	19	20.0
109	20	20.0
109	21	20.0
109	22	0.0
109	23	0.0
109	24	0.0
110	1	35.0
110	2	35.0
110	3	10.0
110	4	10.0
110	5	10.0
110	6	53.0
110	7	369.0
110	8	369.0
110	9	362.0
110	10	293.0
110	11	172.0
110	12	89.0
110	13	172.0
110	14	89.0
110	15	274.0
110	16	336.0
110	17	332.0
110	18	292.0
110	19	343.0
110	20	165.0
110	21	107.0
110	22	50.0
110	23	50.0
110	24	25.0
111	1	0.0
111	2	0.0
111	3	0.0
111	4	0.0
111	5	25.0
111	6	134.0
111	7	134.0
111	8	134.0
111	9	25.0
111	10	25.0
111	11	25.0
111	12	0.0
111	13	0.0
111	14	0.0
111	15	0.0
111	16	25.0
111	17	134.0
111	18	134.0
111	19	106.0
111	20	25.0
111	21	25.0
111	22	25.0
111	23	25.0
111	24	25.0
112	1	0.0
112	2	0.0
112	3	0.0
112	4	0.0
112	5	98.0
112	6	240.0
112	7	315.0
112	8	315.0
112	9	315.0
112	10	261.0
112	11	98.0
112	12	98.0
112	13	73.0
112	14	73.0
112	15	73.0
112	16	73.0
112	17	240.0
112	18	315.0
112	19	315.0
112	20	315.0
112	21	261.0
112	22	98.0
112	23	98.0
112	24	0.0
