Node	Time	ID_Capacity_Sell_Volume
1	1	5.3
1	2	6.9
1	3	5.4
1	4	11.2
1	5	7.9
1	6	2.0
1	7	5.1
1	8	10.8
1	9	3.9
1	10	5.6
1	11	1.4
1	12	5.9
1	13	3.0
1	14	135.6
1	15	24.3
1	16	22.7
1	17	68.1
1	18	36.8
1	19	97.5
1	20	8.5
1	21	0.3
1	22	2.1
1	23	8.7
1	24	45.2
2	1	0.0
2	2	0.0
2	3	0.0
2	4	0.0
2	5	0.0
2	6	0.0
2	7	0.0
2	8	0.0
2	9	0.0
2	10	0.1
2	11	16.9
2	12	20.6
2	13	1.7
2	14	5.0
2	15	2.1
2	16	10.6
2	17	55.2
2	18	20.8
2	19	30.8
2	20	26.0
2	21	21.0
2	22	38.3
2	23	122.9
2	24	110.5
3	1	6.0
3	2	2.2
3	3	0.0
3	4	0.0
3	5	0.0
3	6	0.0
3	7	3.9
3	8	32.2
3	9	40.3
3	10	42.3
3	11	258.6
3	12	38.0
3	13	47.5
3	14	17.2
3	15	36.9
3	16	310.8
3	17	48.3
3	18	28.8
3	19	19.5
3	20	82.2
3	21	56.5
3	22	57.0
3	23	21.9
3	24	66.9
4	1	13.4
4	2	0.0
4	3	2.0
4	4	3.1
4	5	1.0
4	6	49.2
4	7	1.6
4	8	12.7
4	9	16.6
4	10	45.1
4	11	8.2
4	12	1.9
4	13	117.0
4	14	25.0
4	15	76.8
4	16	57.7
4	17	39.9
4	18	74.4
4	19	21.6
4	20	10.9
4	21	18.7
4	22	71.4
4	23	61.5
4	24	85.4
5	1	5.3
5	2	6.9
5	3	5.4
5	4	11.2
5	5	7.9
5	6	2.0
5	7	5.1
5	8	10.8
5	9	3.9
5	10	5.6
5	11	1.4
5	12	5.9
5	13	3.0
5	14	135.6
5	15	24.3
5	16	22.7
5	17	68.1
5	18	36.8
5	19	97.5
5	20	8.5
5	21	0.3
5	22	2.1
5	23	8.7
5	24	45.2
6	1	5.3
6	2	6.9
6	3	5.4
6	4	11.2
6	5	7.9
6	6	2.0
6	7	5.1
6	8	10.8
6	9	3.9
6	10	5.6
6	11	1.4
6	12	5.9
6	13	3.0
6	14	135.6
6	15	24.3
6	16	22.7
6	17	68.1
6	18	36.8
6	19	97.5
6	20	8.5
6	21	0.3
6	22	2.1
6	23	8.7
6	24	45.2
7	1	0.0
7	2	0.0
7	3	0.0
7	4	0.0
7	5	0.0
7	6	0.0
7	7	0.0
7	8	0.0
7	9	0.0
7	10	0.1
7	11	16.9
7	12	20.6
7	13	1.7
7	14	5.0
7	15	2.1
7	16	10.6
7	17	55.2
7	18	20.8
7	19	30.8
7	20	26.0
7	21	21.0
7	22	38.3
7	23	122.9
7	24	110.5
8	1	5.3
8	2	6.9
8	3	5.4
8	4	11.2
8	5	7.9
8	6	2.0
8	7	5.1
8	8	10.8
8	9	3.9
8	10	5.6
8	11	1.4
8	12	5.9
8	13	3.0
8	14	135.6
8	15	24.3
8	16	22.7
8	17	68.1
8	18	36.8
8	19	97.5
8	20	8.5
8	21	0.3
8	22	2.1
8	23	8.7
8	24	45.2
9	1	5.3
9	2	6.9
9	3	5.4
9	4	11.2
9	5	7.9
9	6	2.0
9	7	5.1
9	8	10.8
9	9	3.9
9	10	5.6
9	11	1.4
9	12	5.9
9	13	3.0
9	14	135.6
9	15	24.3
9	16	22.7
9	17	68.1
9	18	36.8
9	19	97.5
9	20	8.5
9	21	0.3
9	22	2.1
9	23	8.7
9	24	45.2
10	1	10.0
10	2	19.0
10	3	2.1
10	4	0.1
10	5	5.7
10	6	18.9
10	7	43.2
10	8	69.3
10	9	70.1
10	10	77.0
10	11	20.5
10	12	37.3
10	13	7.6
10	14	19.1
10	15	137.4
10	16	42.0
10	17	12.8
10	18	20.5
10	19	32.8
10	20	19.9
10	21	13.4
10	22	62.7
10	23	74.6
10	24	73.8
11	1	3.0
11	2	25.1
11	3	39.3
11	4	21.7
11	5	39.2
11	6	48.6
11	7	33.1
11	8	6.5
11	9	0.3
11	10	0.1
11	11	26.5
11	12	68.9
11	13	22.5
11	14	0.0
11	15	11.1
11	16	3.6
11	17	127.4
11	18	55.5
11	19	1.1
11	20	0.0
11	21	0.0
11	22	0.0
11	23	19.0
11	24	12.5
12	1	5.3
12	2	6.9
12	3	5.4
12	4	11.2
12	5	7.9
12	6	2.0
12	7	5.1
12	8	10.8
12	9	3.9
12	10	5.6
12	11	1.4
12	12	5.9
12	13	3.0
12	14	135.6
12	15	24.3
12	16	22.7
12	17	68.1
12	18	36.8
12	19	97.5
12	20	8.5
12	21	0.3
12	22	2.1
12	23	8.7
12	24	45.2
13	1	6.0
13	2	2.2
13	3	0.0
13	4	0.0
13	5	0.0
13	6	0.0
13	7	3.9
13	8	32.2
13	9	40.3
13	10	42.3
13	11	258.6
13	12	38.0
13	13	47.5
13	14	17.2
13	15	36.9
13	16	310.8
13	17	48.3
13	18	28.8
13	19	19.5
13	20	82.2
13	21	56.5
13	22	57.0
13	23	21.9
13	24	66.9
14	1	8.8
14	2	10.9
14	3	24.1
14	4	33.0
14	5	11.6
14	6	22.3
14	7	6.6
14	8	0.0
14	9	32.3
14	10	114.6
14	11	34.8
14	12	28.9
14	13	0.5
14	14	15.8
14	15	3.2
14	16	34.0
14	17	78.7
14	18	5.2
14	19	5.8
14	20	7.0
14	21	5.4
14	22	9.2
14	23	11.4
14	24	22.6
15	1	3.0
15	2	25.1
15	3	39.3
15	4	21.7
15	5	39.2
15	6	48.6
15	7	33.1
15	8	6.5
15	9	0.3
15	10	0.1
15	11	26.5
15	12	68.9
15	13	22.5
15	14	0.0
15	15	11.1
15	16	3.6
15	17	127.4
15	18	55.5
15	19	1.1
15	20	0.0
15	21	0.0
15	22	0.0
15	23	19.0
15	24	12.5
16	1	0.0
16	2	0.0
16	3	0.0
16	4	0.0
16	5	0.0
16	6	0.0
16	7	0.0
16	8	0.0
16	9	0.0
16	10	0.1
16	11	16.9
16	12	20.6
16	13	1.7
16	14	5.0
16	15	2.1
16	16	10.6
16	17	55.2
16	18	20.8
16	19	30.8
16	20	26.0
16	21	21.0
16	22	38.3
16	23	122.9
16	24	110.5
17	1	6.0
17	2	2.2
17	3	0.0
17	4	0.0
17	5	0.0
17	6	0.0
17	7	3.9
17	8	32.2
17	9	40.3
17	10	42.3
17	11	258.6
17	12	38.0
17	13	47.5
17	14	17.2
17	15	36.9
17	16	310.8
17	17	48.3
17	18	28.8
17	19	19.5
17	20	82.2
17	21	56.5
17	22	57.0
17	23	21.9
17	24	66.9
18	1	10.0
18	2	19.0
18	3	2.1
18	4	0.1
18	5	5.7
18	6	18.9
18	7	43.2
18	8	69.3
18	9	70.1
18	10	77.0
18	11	20.5
18	12	37.3
18	13	7.6
18	14	19.1
18	15	137.4
18	16	42.0
18	17	12.8
18	18	20.5
18	19	32.8
18	20	19.9
18	21	13.4
18	22	62.7
18	23	74.6
18	24	73.8
19	1	10.0
19	2	19.0
19	3	2.1
19	4	0.1
19	5	5.7
19	6	18.9
19	7	43.2
19	8	69.3
19	9	70.1
19	10	77.0
19	11	20.5
19	12	37.3
19	13	7.6
19	14	19.1
19	15	137.4
19	16	42.0
19	17	12.8
19	18	20.5
19	19	32.8
19	20	19.9
19	21	13.4
19	22	62.7
19	23	74.6
19	24	73.8
20	1	5.3
20	2	6.9
20	3	5.4
20	4	11.2
20	5	7.9
20	6	2.0
20	7	5.1
20	8	10.8
20	9	3.9
20	10	5.6
20	11	1.4
20	12	5.9
20	13	3.0
20	14	135.6
20	15	24.3
20	16	22.7
20	17	68.1
20	18	36.8
20	19	97.5
20	20	8.5
20	21	0.3
20	22	2.1
20	23	8.7
20	24	45.2
21	1	0.0
21	2	0.0
21	3	0.0
21	4	0.0
21	5	0.0
21	6	0.0
21	7	0.0
21	8	0.0
21	9	0.0
21	10	0.1
21	11	16.9
21	12	20.6
21	13	1.7
21	14	5.0
21	15	2.1
21	16	10.6
21	17	55.2
21	18	20.8
21	19	30.8
21	20	26.0
21	21	21.0
21	22	38.3
21	23	122.9
21	24	110.5
22	1	13.4
22	2	0.0
22	3	2.0
22	4	3.1
22	5	1.0
22	6	49.2
22	7	1.6
22	8	12.7
22	9	16.6
22	10	45.1
22	11	8.2
22	12	1.9
22	13	117.0
22	14	25.0
22	15	76.8
22	16	57.7
22	17	39.9
22	18	74.4
22	19	21.6
22	20	10.9
22	21	18.7
22	22	71.4
22	23	61.5
22	24	85.4
23	1	5.3
23	2	6.9
23	3	5.4
23	4	11.2
23	5	7.9
23	6	2.0
23	7	5.1
23	8	10.8
23	9	3.9
23	10	5.6
23	11	1.4
23	12	5.9
23	13	3.0
23	14	135.6
23	15	24.3
23	16	22.7
23	17	68.1
23	18	36.8
23	19	97.5
23	20	8.5
23	21	0.3
23	22	2.1
23	23	8.7
23	24	45.2
24	1	8.8
24	2	10.9
24	3	24.1
24	4	33.0
24	5	11.6
24	6	22.3
24	7	6.6
24	8	0.0
24	9	32.3
24	10	114.6
24	11	34.8
24	12	28.9
24	13	0.5
24	14	15.8
24	15	3.2
24	16	34.0
24	17	78.7
24	18	5.2
24	19	5.8
24	20	7.0
24	21	5.4
24	22	9.2
24	23	11.4
24	24	22.6
25	1	3.0
25	2	25.1
25	3	39.3
25	4	21.7
25	5	39.2
25	6	48.6
25	7	33.1
25	8	6.5
25	9	0.3
25	10	0.1
25	11	26.5
25	12	68.9
25	13	22.5
25	14	0.0
25	15	11.1
25	16	3.6
25	17	127.4
25	18	55.5
25	19	1.1
25	20	0.0
25	21	0.0
25	22	0.0
25	23	19.0
25	24	12.5
26	1	6.0
26	2	2.2
26	3	0.0
26	4	0.0
26	5	0.0
26	6	0.0
26	7	3.9
26	8	32.2
26	9	40.3
26	10	42.3
26	11	258.6
26	12	38.0
26	13	47.5
26	14	17.2
26	15	36.9
26	16	310.8
26	17	48.3
26	18	28.8
26	19	19.5
26	20	82.2
26	21	56.5
26	22	57.0
26	23	21.9
26	24	66.9
27	1	5.3
27	2	6.9
27	3	5.4
27	4	11.2
27	5	7.9
27	6	2.0
27	7	5.1
27	8	10.8
27	9	3.9
27	10	5.6
27	11	1.4
27	12	5.9
27	13	3.0
27	14	135.6
27	15	24.3
27	16	22.7
27	17	68.1
27	18	36.8
27	19	97.5
27	20	8.5
27	21	0.3
27	22	2.1
27	23	8.7
27	24	45.2
28	1	5.3
28	2	6.9
28	3	5.4
28	4	11.2
28	5	7.9
28	6	2.0
28	7	5.1
28	8	10.8
28	9	3.9
28	10	5.6
28	11	1.4
28	12	5.9
28	13	3.0
28	14	135.6
28	15	24.3
28	16	22.7
28	17	68.1
28	18	36.8
28	19	97.5
28	20	8.5
28	21	0.3
28	22	2.1
28	23	8.7
28	24	45.2
29	1	13.4
29	2	0.0
29	3	2.0
29	4	3.1
29	5	1.0
29	6	49.2
29	7	1.6
29	8	12.7
29	9	16.6
29	10	45.1
29	11	8.2
29	12	1.9
29	13	117.0
29	14	25.0
29	15	76.8
29	16	57.7
29	17	39.9
29	18	74.4
29	19	21.6
29	20	10.9
29	21	18.7
29	22	71.4
29	23	61.5
29	24	85.4
30	1	10.0
30	2	19.0
30	3	2.1
30	4	0.1
30	5	5.7
30	6	18.9
30	7	43.2
30	8	69.3
30	9	70.1
30	10	77.0
30	11	20.5
30	12	37.3
30	13	7.6
30	14	19.1
30	15	137.4
30	16	42.0
30	17	12.8
30	18	20.5
30	19	32.8
30	20	19.9
30	21	13.4
30	22	62.7
30	23	74.6
30	24	73.8
31	1	6.0
31	2	2.2
31	3	0.0
31	4	0.0
31	5	0.0
31	6	0.0
31	7	3.9
31	8	32.2
31	9	40.3
31	10	42.3
31	11	258.6
31	12	38.0
31	13	47.5
31	14	17.2
31	15	36.9
31	16	310.8
31	17	48.3
31	18	28.8
31	19	19.5
31	20	82.2
31	21	56.5
31	22	57.0
31	23	21.9
31	24	66.9
32	1	3.0
32	2	25.1
32	3	39.3
32	4	21.7
32	5	39.2
32	6	48.6
32	7	33.1
32	8	6.5
32	9	0.3
32	10	0.1
32	11	26.5
32	12	68.9
32	13	22.5
32	14	0.0
32	15	11.1
32	16	3.6
32	17	127.4
32	18	55.5
32	19	1.1
32	20	0.0
32	21	0.0
32	22	0.0
32	23	19.0
32	24	12.5
33	1	3.0
33	2	25.1
33	3	39.3
33	4	21.7
33	5	39.2
33	6	48.6
33	7	33.1
33	8	6.5
33	9	0.3
33	10	0.1
33	11	26.5
33	12	68.9
33	13	22.5
33	14	0.0
33	15	11.1
33	16	3.6
33	17	127.4
33	18	55.5
33	19	1.1
33	20	0.0
33	21	0.0
33	22	0.0
33	23	19.0
33	24	12.5
34	1	8.8
34	2	10.9
34	3	24.1
34	4	33.0
34	5	11.6
34	6	22.3
34	7	6.6
34	8	0.0
34	9	32.3
34	10	114.6
34	11	34.8
34	12	28.9
34	13	0.5
34	14	15.8
34	15	3.2
34	16	34.0
34	17	78.7
34	18	5.2
34	19	5.8
34	20	7.0
34	21	5.4
34	22	9.2
34	23	11.4
34	24	22.6
35	1	5.3
35	2	6.9
35	3	5.4
35	4	11.2
35	5	7.9
35	6	2.0
35	7	5.1
35	8	10.8
35	9	3.9
35	10	5.6
35	11	1.4
35	12	5.9
35	13	3.0
35	14	135.6
35	15	24.3
35	16	22.7
35	17	68.1
35	18	36.8
35	19	97.5
35	20	8.5
35	21	0.3
35	22	2.1
35	23	8.7
35	24	45.2
36	1	5.3
36	2	6.9
36	3	5.4
36	4	11.2
36	5	7.9
36	6	2.0
36	7	5.1
36	8	10.8
36	9	3.9
36	10	5.6
36	11	1.4
36	12	5.9
36	13	3.0
36	14	135.6
36	15	24.3
36	16	22.7
36	17	68.1
36	18	36.8
36	19	97.5
36	20	8.5
36	21	0.3
36	22	2.1
36	23	8.7
36	24	45.2
37	1	5.3
37	2	6.9
37	3	5.4
37	4	11.2
37	5	7.9
37	6	2.0
37	7	5.1
37	8	10.8
37	9	3.9
37	10	5.6
37	11	1.4
37	12	5.9
37	13	3.0
37	14	135.6
37	15	24.3
37	16	22.7
37	17	68.1
37	18	36.8
37	19	97.5
37	20	8.5
37	21	0.3
37	22	2.1
37	23	8.7
37	24	45.2
38	1	3.0
38	2	25.1
38	3	39.3
38	4	21.7
38	5	39.2
38	6	48.6
38	7	33.1
38	8	6.5
38	9	0.3
38	10	0.1
38	11	26.5
38	12	68.9
38	13	22.5
38	14	0.0
38	15	11.1
38	16	3.6
38	17	127.4
38	18	55.5
38	19	1.1
38	20	0.0
38	21	0.0
38	22	0.0
38	23	19.0
38	24	12.5
39	1	5.3
39	2	6.9
39	3	5.4
39	4	11.2
39	5	7.9
39	6	2.0
39	7	5.1
39	8	10.8
39	9	3.9
39	10	5.6
39	11	1.4
39	12	5.9
39	13	3.0
39	14	135.6
39	15	24.3
39	16	22.7
39	17	68.1
39	18	36.8
39	19	97.5
39	20	8.5
39	21	0.3
39	22	2.1
39	23	8.7
39	24	45.2
40	1	5.3
40	2	6.9
40	3	5.4
40	4	11.2
40	5	7.9
40	6	2.0
40	7	5.1
40	8	10.8
40	9	3.9
40	10	5.6
40	11	1.4
40	12	5.9
40	13	3.0
40	14	135.6
40	15	24.3
40	16	22.7
40	17	68.1
40	18	36.8
40	19	97.5
40	20	8.5
40	21	0.3
40	22	2.1
40	23	8.7
40	24	45.2
41	1	13.4
41	2	0.0
41	3	2.0
41	4	3.1
41	5	1.0
41	6	49.2
41	7	1.6
41	8	12.7
41	9	16.6
41	10	45.1
41	11	8.2
41	12	1.9
41	13	117.0
41	14	25.0
41	15	76.8
41	16	57.7
41	17	39.9
41	18	74.4
41	19	21.6
41	20	10.9
41	21	18.7
41	22	71.4
41	23	61.5
41	24	85.4
42	1	5.3
42	2	6.9
42	3	5.4
42	4	11.2
42	5	7.9
42	6	2.0
42	7	5.1
42	8	10.8
42	9	3.9
42	10	5.6
42	11	1.4
42	12	5.9
42	13	3.0
42	14	135.6
42	15	24.3
42	16	22.7
42	17	68.1
42	18	36.8
42	19	97.5
42	20	8.5
42	21	0.3
42	22	2.1
42	23	8.7
42	24	45.2
43	1	13.4
43	2	0.0
43	3	2.0
43	4	3.1
43	5	1.0
43	6	49.2
43	7	1.6
43	8	12.7
43	9	16.6
43	10	45.1
43	11	8.2
43	12	1.9
43	13	117.0
43	14	25.0
43	15	76.8
43	16	57.7
43	17	39.9
43	18	74.4
43	19	21.6
43	20	10.9
43	21	18.7
43	22	71.4
43	23	61.5
43	24	85.4
44	1	8.8
44	2	10.9
44	3	24.1
44	4	33.0
44	5	11.6
44	6	22.3
44	7	6.6
44	8	0.0
44	9	32.3
44	10	114.6
44	11	34.8
44	12	28.9
44	13	0.5
44	14	15.8
44	15	3.2
44	16	34.0
44	17	78.7
44	18	5.2
44	19	5.8
44	20	7.0
44	21	5.4
44	22	9.2
44	23	11.4
44	24	22.6
45	1	6.0
45	2	2.2
45	3	0.0
45	4	0.0
45	5	0.0
45	6	0.0
45	7	3.9
45	8	32.2
45	9	40.3
45	10	42.3
45	11	258.6
45	12	38.0
45	13	47.5
45	14	17.2
45	15	36.9
45	16	310.8
45	17	48.3
45	18	28.8
45	19	19.5
45	20	82.2
45	21	56.5
45	22	57.0
45	23	21.9
45	24	66.9
46	1	3.0
46	2	25.1
46	3	39.3
46	4	21.7
46	5	39.2
46	6	48.6
46	7	33.1
46	8	6.5
46	9	0.3
46	10	0.1
46	11	26.5
46	12	68.9
46	13	22.5
46	14	0.0
46	15	11.1
46	16	3.6
46	17	127.4
46	18	55.5
46	19	1.1
46	20	0.0
46	21	0.0
46	22	0.0
46	23	19.0
46	24	12.5
47	1	5.3
47	2	6.9
47	3	5.4
47	4	11.2
47	5	7.9
47	6	2.0
47	7	5.1
47	8	10.8
47	9	3.9
47	10	5.6
47	11	1.4
47	12	5.9
47	13	3.0
47	14	135.6
47	15	24.3
47	16	22.7
47	17	68.1
47	18	36.8
47	19	97.5
47	20	8.5
47	21	0.3
47	22	2.1
47	23	8.7
47	24	45.2
48	1	13.4
48	2	0.0
48	3	2.0
48	4	3.1
48	5	1.0
48	6	49.2
48	7	1.6
48	8	12.7
48	9	16.6
48	10	45.1
48	11	8.2
48	12	1.9
48	13	117.0
48	14	25.0
48	15	76.8
48	16	57.7
48	17	39.9
48	18	74.4
48	19	21.6
48	20	10.9
48	21	18.7
48	22	71.4
48	23	61.5
48	24	85.4
49	1	13.4
49	2	0.0
49	3	2.0
49	4	3.1
49	5	1.0
49	6	49.2
49	7	1.6
49	8	12.7
49	9	16.6
49	10	45.1
49	11	8.2
49	12	1.9
49	13	117.0
49	14	25.0
49	15	76.8
49	16	57.7
49	17	39.9
49	18	74.4
49	19	21.6
49	20	10.9
49	21	18.7
49	22	71.4
49	23	61.5
49	24	85.4
50	1	10.0
50	2	19.0
50	3	2.1
50	4	0.1
50	5	5.7
50	6	18.9
50	7	43.2
50	8	69.3
50	9	70.1
50	10	77.0
50	11	20.5
50	12	37.3
50	13	7.6
50	14	19.1
50	15	137.4
50	16	42.0
50	17	12.8
50	18	20.5
50	19	32.8
50	20	19.9
50	21	13.4
50	22	62.7
50	23	74.6
50	24	73.8
51	1	10.0
51	2	19.0
51	3	2.1
51	4	0.1
51	5	5.7
51	6	18.9
51	7	43.2
51	8	69.3
51	9	70.1
51	10	77.0
51	11	20.5
51	12	37.3
51	13	7.6
51	14	19.1
51	15	137.4
51	16	42.0
51	17	12.8
51	18	20.5
51	19	32.8
51	20	19.9
51	21	13.4
51	22	62.7
51	23	74.6
51	24	73.8
52	1	3.0
52	2	25.1
52	3	39.3
52	4	21.7
52	5	39.2
52	6	48.6
52	7	33.1
52	8	6.5
52	9	0.3
52	10	0.1
52	11	26.5
52	12	68.9
52	13	22.5
52	14	0.0
52	15	11.1
52	16	3.6
52	17	127.4
52	18	55.5
52	19	1.1
52	20	0.0
52	21	0.0
52	22	0.0
52	23	19.0
52	24	12.5
53	1	8.8
53	2	10.9
53	3	24.1
53	4	33.0
53	5	11.6
53	6	22.3
53	7	6.6
53	8	0.0
53	9	32.3
53	10	114.6
53	11	34.8
53	12	28.9
53	13	0.5
53	14	15.8
53	15	3.2
53	16	34.0
53	17	78.7
53	18	5.2
53	19	5.8
53	20	7.0
53	21	5.4
53	22	9.2
53	23	11.4
53	24	22.6
54	1	8.8
54	2	10.9
54	3	24.1
54	4	33.0
54	5	11.6
54	6	22.3
54	7	6.6
54	8	0.0
54	9	32.3
54	10	114.6
54	11	34.8
54	12	28.9
54	13	0.5
54	14	15.8
54	15	3.2
54	16	34.0
54	17	78.7
54	18	5.2
54	19	5.8
54	20	7.0
54	21	5.4
54	22	9.2
54	23	11.4
54	24	22.6
55	1	3.0
55	2	25.1
55	3	39.3
55	4	21.7
55	5	39.2
55	6	48.6
55	7	33.1
55	8	6.5
55	9	0.3
55	10	0.1
55	11	26.5
55	12	68.9
55	13	22.5
55	14	0.0
55	15	11.1
55	16	3.6
55	17	127.4
55	18	55.5
55	19	1.1
55	20	0.0
55	21	0.0
55	22	0.0
55	23	19.0
55	24	12.5
56	1	0.0
56	2	0.0
56	3	0.0
56	4	0.0
56	5	0.0
56	6	0.0
56	7	0.0
56	8	0.0
56	9	0.0
56	10	0.1
56	11	16.9
56	12	20.6
56	13	1.7
56	14	5.0
56	15	2.1
56	16	10.6
56	17	55.2
56	18	20.8
56	19	30.8
56	20	26.0
56	21	21.0
56	22	38.3
56	23	122.9
56	24	110.5
57	1	3.0
57	2	25.1
57	3	39.3
57	4	21.7
57	5	39.2
57	6	48.6
57	7	33.1
57	8	6.5
57	9	0.3
57	10	0.1
57	11	26.5
57	12	68.9
57	13	22.5
57	14	0.0
57	15	11.1
57	16	3.6
57	17	127.4
57	18	55.5
57	19	1.1
57	20	0.0
57	21	0.0
57	22	0.0
57	23	19.0
57	24	12.5
58	1	5.3
58	2	6.9
58	3	5.4
58	4	11.2
58	5	7.9
58	6	2.0
58	7	5.1
58	8	10.8
58	9	3.9
58	10	5.6
58	11	1.4
58	12	5.9
58	13	3.0
58	14	135.6
58	15	24.3
58	16	22.7
58	17	68.1
58	18	36.8
58	19	97.5
58	20	8.5
58	21	0.3
58	22	2.1
58	23	8.7
58	24	45.2
59	1	3.0
59	2	25.1
59	3	39.3
59	4	21.7
59	5	39.2
59	6	48.6
59	7	33.1
59	8	6.5
59	9	0.3
59	10	0.1
59	11	26.5
59	12	68.9
59	13	22.5
59	14	0.0
59	15	11.1
59	16	3.6
59	17	127.4
59	18	55.5
59	19	1.1
59	20	0.0
59	21	0.0
59	22	0.0
59	23	19.0
59	24	12.5
60	1	5.3
60	2	6.9
60	3	5.4
60	4	11.2
60	5	7.9
60	6	2.0
60	7	5.1
60	8	10.8
60	9	3.9
60	10	5.6
60	11	1.4
60	12	5.9
60	13	3.0
60	14	135.6
60	15	24.3
60	16	22.7
60	17	68.1
60	18	36.8
60	19	97.5
60	20	8.5
60	21	0.3
60	22	2.1
60	23	8.7
60	24	45.2
61	1	10.0
61	2	19.0
61	3	2.1
61	4	0.1
61	5	5.7
61	6	18.9
61	7	43.2
61	8	69.3
61	9	70.1
61	10	77.0
61	11	20.5
61	12	37.3
61	13	7.6
61	14	19.1
61	15	137.4
61	16	42.0
61	17	12.8
61	18	20.5
61	19	32.8
61	20	19.9
61	21	13.4
61	22	62.7
61	23	74.6
61	24	73.8
62	1	3.0
62	2	25.1
62	3	39.3
62	4	21.7
62	5	39.2
62	6	48.6
62	7	33.1
62	8	6.5
62	9	0.3
62	10	0.1
62	11	26.5
62	12	68.9
62	13	22.5
62	14	0.0
62	15	11.1
62	16	3.6
62	17	127.4
62	18	55.5
62	19	1.1
62	20	0.0
62	21	0.0
62	22	0.0
62	23	19.0
62	24	12.5
63	1	3.0
63	2	25.1
63	3	39.3
63	4	21.7
63	5	39.2
63	6	48.6
63	7	33.1
63	8	6.5
63	9	0.3
63	10	0.1
63	11	26.5
63	12	68.9
63	13	22.5
63	14	0.0
63	15	11.1
63	16	3.6
63	17	127.4
63	18	55.5
63	19	1.1
63	20	0.0
63	21	0.0
63	22	0.0
63	23	19.0
63	24	12.5
64	1	13.4
64	2	0.0
64	3	2.0
64	4	3.1
64	5	1.0
64	6	49.2
64	7	1.6
64	8	12.7
64	9	16.6
64	10	45.1
64	11	8.2
64	12	1.9
64	13	117.0
64	14	25.0
64	15	76.8
64	16	57.7
64	17	39.9
64	18	74.4
64	19	21.6
64	20	10.9
64	21	18.7
64	22	71.4
64	23	61.5
64	24	85.4
65	1	13.4
65	2	0.0
65	3	2.0
65	4	3.1
65	5	1.0
65	6	49.2
65	7	1.6
65	8	12.7
65	9	16.6
65	10	45.1
65	11	8.2
65	12	1.9
65	13	117.0
65	14	25.0
65	15	76.8
65	16	57.7
65	17	39.9
65	18	74.4
65	19	21.6
65	20	10.9
65	21	18.7
65	22	71.4
65	23	61.5
65	24	85.4
66	1	0.0
66	2	0.0
66	3	0.0
66	4	0.0
66	5	0.0
66	6	0.0
66	7	0.0
66	8	0.0
66	9	0.0
66	10	0.1
66	11	16.9
66	12	20.6
66	13	1.7
66	14	5.0
66	15	2.1
66	16	10.6
66	17	55.2
66	18	20.8
66	19	30.8
66	20	26.0
66	21	21.0
66	22	38.3
66	23	122.9
66	24	110.5
67	1	10.0
67	2	19.0
67	3	2.1
67	4	0.1
67	5	5.7
67	6	18.9
67	7	43.2
67	8	69.3
67	9	70.1
67	10	77.0
67	11	20.5
67	12	37.3
67	13	7.6
67	14	19.1
67	15	137.4
67	16	42.0
67	17	12.8
67	18	20.5
67	19	32.8
67	20	19.9
67	21	13.4
67	22	62.7
67	23	74.6
67	24	73.8
68	1	10.0
68	2	19.0
68	3	2.1
68	4	0.1
68	5	5.7
68	6	18.9
68	7	43.2
68	8	69.3
68	9	70.1
68	10	77.0
68	11	20.5
68	12	37.3
68	13	7.6
68	14	19.1
68	15	137.4
68	16	42.0
68	17	12.8
68	18	20.5
68	19	32.8
68	20	19.9
68	21	13.4
68	22	62.7
68	23	74.6
68	24	73.8
69	1	10.0
69	2	19.0
69	3	2.1
69	4	0.1
69	5	5.7
69	6	18.9
69	7	43.2
69	8	69.3
69	9	70.1
69	10	77.0
69	11	20.5
69	12	37.3
69	13	7.6
69	14	19.1
69	15	137.4
69	16	42.0
69	17	12.8
69	18	20.5
69	19	32.8
69	20	19.9
69	21	13.4
69	22	62.7
69	23	74.6
69	24	73.8
70	1	6.0
70	2	2.2
70	3	0.0
70	4	0.0
70	5	0.0
70	6	0.0
70	7	3.9
70	8	32.2
70	9	40.3
70	10	42.3
70	11	258.6
70	12	38.0
70	13	47.5
70	14	17.2
70	15	36.9
70	16	310.8
70	17	48.3
70	18	28.8
70	19	19.5
70	20	82.2
70	21	56.5
70	22	57.0
70	23	21.9
70	24	66.9
71	1	3.0
71	2	25.1
71	3	39.3
71	4	21.7
71	5	39.2
71	6	48.6
71	7	33.1
71	8	6.5
71	9	0.3
71	10	0.1
71	11	26.5
71	12	68.9
71	13	22.5
71	14	0.0
71	15	11.1
71	16	3.6
71	17	127.4
71	18	55.5
71	19	1.1
71	20	0.0
71	21	0.0
71	22	0.0
71	23	19.0
71	24	12.5
72	1	3.0
72	2	25.1
72	3	39.3
72	4	21.7
72	5	39.2
72	6	48.6
72	7	33.1
72	8	6.5
72	9	0.3
72	10	0.1
72	11	26.5
72	12	68.9
72	13	22.5
72	14	0.0
72	15	11.1
72	16	3.6
72	17	127.4
72	18	55.5
72	19	1.1
72	20	0.0
72	21	0.0
72	22	0.0
72	23	19.0
72	24	12.5
73	1	6.0
73	2	2.2
73	3	0.0
73	4	0.0
73	5	0.0
73	6	0.0
73	7	3.9
73	8	32.2
73	9	40.3
73	10	42.3
73	11	258.6
73	12	38.0
73	13	47.5
73	14	17.2
73	15	36.9
73	16	310.8
73	17	48.3
73	18	28.8
73	19	19.5
73	20	82.2
73	21	56.5
73	22	57.0
73	23	21.9
73	24	66.9
74	1	5.3
74	2	6.9
74	3	5.4
74	4	11.2
74	5	7.9
74	6	2.0
74	7	5.1
74	8	10.8
74	9	3.9
74	10	5.6
74	11	1.4
74	12	5.9
74	13	3.0
74	14	135.6
74	15	24.3
74	16	22.7
74	17	68.1
74	18	36.8
74	19	97.5
74	20	8.5
74	21	0.3
74	22	2.1
74	23	8.7
74	24	45.2
75	1	13.4
75	2	0.0
75	3	2.0
75	4	3.1
75	5	1.0
75	6	49.2
75	7	1.6
75	8	12.7
75	9	16.6
75	10	45.1
75	11	8.2
75	12	1.9
75	13	117.0
75	14	25.0
75	15	76.8
75	16	57.7
75	17	39.9
75	18	74.4
75	19	21.6
75	20	10.9
75	21	18.7
75	22	71.4
75	23	61.5
75	24	85.4
76	1	0.0
76	2	0.0
76	3	0.0
76	4	0.0
76	5	0.0
76	6	0.0
76	7	0.0
76	8	0.0
76	9	0.0
76	10	0.1
76	11	16.9
76	12	20.6
76	13	1.7
76	14	5.0
76	15	2.1
76	16	10.6
76	17	55.2
76	18	20.8
76	19	30.8
76	20	26.0
76	21	21.0
76	22	38.3
76	23	122.9
76	24	110.5
77	1	6.0
77	2	2.2
77	3	0.0
77	4	0.0
77	5	0.0
77	6	0.0
77	7	3.9
77	8	32.2
77	9	40.3
77	10	42.3
77	11	258.6
77	12	38.0
77	13	47.5
77	14	17.2
77	15	36.9
77	16	310.8
77	17	48.3
77	18	28.8
77	19	19.5
77	20	82.2
77	21	56.5
77	22	57.0
77	23	21.9
77	24	66.9
78	1	13.4
78	2	0.0
78	3	2.0
78	4	3.1
78	5	1.0
78	6	49.2
78	7	1.6
78	8	12.7
78	9	16.6
78	10	45.1
78	11	8.2
78	12	1.9
78	13	117.0
78	14	25.0
78	15	76.8
78	16	57.7
78	17	39.9
78	18	74.4
78	19	21.6
78	20	10.9
78	21	18.7
78	22	71.4
78	23	61.5
78	24	85.4
79	1	8.8
79	2	10.9
79	3	24.1
79	4	33.0
79	5	11.6
79	6	22.3
79	7	6.6
79	8	0.0
79	9	32.3
79	10	114.6
79	11	34.8
79	12	28.9
79	13	0.5
79	14	15.8
79	15	3.2
79	16	34.0
79	17	78.7
79	18	5.2
79	19	5.8
79	20	7.0
79	21	5.4
79	22	9.2
79	23	11.4
79	24	22.6
80	1	3.0
80	2	25.1
80	3	39.3
80	4	21.7
80	5	39.2
80	6	48.6
80	7	33.1
80	8	6.5
80	9	0.3
80	10	0.1
80	11	26.5
80	12	68.9
80	13	22.5
80	14	0.0
80	15	11.1
80	16	3.6
80	17	127.4
80	18	55.5
80	19	1.1
80	20	0.0
80	21	0.0
80	22	0.0
80	23	19.0
80	24	12.5
81	1	5.3
81	2	6.9
81	3	5.4
81	4	11.2
81	5	7.9
81	6	2.0
81	7	5.1
81	8	10.8
81	9	3.9
81	10	5.6
81	11	1.4
81	12	5.9
81	13	3.0
81	14	135.6
81	15	24.3
81	16	22.7
81	17	68.1
81	18	36.8
81	19	97.5
81	20	8.5
81	21	0.3
81	22	2.1
81	23	8.7
81	24	45.2
82	1	10.0
82	2	19.0
82	3	2.1
82	4	0.1
82	5	5.7
82	6	18.9
82	7	43.2
82	8	69.3
82	9	70.1
82	10	77.0
82	11	20.5
82	12	37.3
82	13	7.6
82	14	19.1
82	15	137.4
82	16	42.0
82	17	12.8
82	18	20.5
82	19	32.8
82	20	19.9
82	21	13.4
82	22	62.7
82	23	74.6
82	24	73.8
83	1	0.0
83	2	0.0
83	3	0.0
83	4	0.0
83	5	0.0
83	6	0.0
83	7	0.0
83	8	0.0
83	9	0.0
83	10	0.1
83	11	16.9
83	12	20.6
83	13	1.7
83	14	5.0
83	15	2.1
83	16	10.6
83	17	55.2
83	18	20.8
83	19	30.8
83	20	26.0
83	21	21.0
83	22	38.3
83	23	122.9
83	24	110.5
84	1	5.3
84	2	6.9
84	3	5.4
84	4	11.2
84	5	7.9
84	6	2.0
84	7	5.1
84	8	10.8
84	9	3.9
84	10	5.6
84	11	1.4
84	12	5.9
84	13	3.0
84	14	135.6
84	15	24.3
84	16	22.7
84	17	68.1
84	18	36.8
84	19	97.5
84	20	8.5
84	21	0.3
84	22	2.1
84	23	8.7
84	24	45.2
85	1	3.0
85	2	25.1
85	3	39.3
85	4	21.7
85	5	39.2
85	6	48.6
85	7	33.1
85	8	6.5
85	9	0.3
85	10	0.1
85	11	26.5
85	12	68.9
85	13	22.5
85	14	0.0
85	15	11.1
85	16	3.6
85	17	127.4
85	18	55.5
85	19	1.1
85	20	0.0
85	21	0.0
85	22	0.0
85	23	19.0
85	24	12.5
86	1	3.0
86	2	25.1
86	3	39.3
86	4	21.7
86	5	39.2
86	6	48.6
86	7	33.1
86	8	6.5
86	9	0.3
86	10	0.1
86	11	26.5
86	12	68.9
86	13	22.5
86	14	0.0
86	15	11.1
86	16	3.6
86	17	127.4
86	18	55.5
86	19	1.1
86	20	0.0
86	21	0.0
86	22	0.0
86	23	19.0
86	24	12.5
87	1	6.0
87	2	2.2
87	3	0.0
87	4	0.0
87	5	0.0
87	6	0.0
87	7	3.9
87	8	32.2
87	9	40.3
87	10	42.3
87	11	258.6
87	12	38.0
87	13	47.5
87	14	17.2
87	15	36.9
87	16	310.8
87	17	48.3
87	18	28.8
87	19	19.5
87	20	82.2
87	21	56.5
87	22	57.0
87	23	21.9
87	24	66.9
88	1	6.0
88	2	2.2
88	3	0.0
88	4	0.0
88	5	0.0
88	6	0.0
88	7	3.9
88	8	32.2
88	9	40.3
88	10	42.3
88	11	258.6
88	12	38.0
88	13	47.5
88	14	17.2
88	15	36.9
88	16	310.8
88	17	48.3
88	18	28.8
88	19	19.5
88	20	82.2
88	21	56.5
88	22	57.0
88	23	21.9
88	24	66.9
89	1	3.0
89	2	25.1
89	3	39.3
89	4	21.7
89	5	39.2
89	6	48.6
89	7	33.1
89	8	6.5
89	9	0.3
89	10	0.1
89	11	26.5
89	12	68.9
89	13	22.5
89	14	0.0
89	15	11.1
89	16	3.6
89	17	127.4
89	18	55.5
89	19	1.1
89	20	0.0
89	21	0.0
89	22	0.0
89	23	19.0
89	24	12.5
90	1	13.4
90	2	0.0
90	3	2.0
90	4	3.1
90	5	1.0
90	6	49.2
90	7	1.6
90	8	12.7
90	9	16.6
90	10	45.1
90	11	8.2
90	12	1.9
90	13	117.0
90	14	25.0
90	15	76.8
90	16	57.7
90	17	39.9
90	18	74.4
90	19	21.6
90	20	10.9
90	21	18.7
90	22	71.4
90	23	61.5
90	24	85.4
91	1	0.0
91	2	0.0
91	3	0.0
91	4	0.0
91	5	0.0
91	6	0.0
91	7	0.0
91	8	0.0
91	9	0.0
91	10	0.1
91	11	16.9
91	12	20.6
91	13	1.7
91	14	5.0
91	15	2.1
91	16	10.6
91	17	55.2
91	18	20.8
91	19	30.8
91	20	26.0
91	21	21.0
91	22	38.3
91	23	122.9
91	24	110.5
92	1	0.0
92	2	0.0
92	3	0.0
92	4	0.0
92	5	0.0
92	6	0.0
92	7	0.0
92	8	0.0
92	9	0.0
92	10	0.1
92	11	16.9
92	12	20.6
92	13	1.7
92	14	5.0
92	15	2.1
92	16	10.6
92	17	55.2
92	18	20.8
92	19	30.8
92	20	26.0
92	21	21.0
92	22	38.3
92	23	122.9
92	24	110.5
93	1	10.0
93	2	19.0
93	3	2.1
93	4	0.1
93	5	5.7
93	6	18.9
93	7	43.2
93	8	69.3
93	9	70.1
93	10	77.0
93	11	20.5
93	12	37.3
93	13	7.6
93	14	19.1
93	15	137.4
93	16	42.0
93	17	12.8
93	18	20.5
93	19	32.8
93	20	19.9
93	21	13.4
93	22	62.7
93	23	74.6
93	24	73.8
94	1	0.0
94	2	0.0
94	3	0.0
94	4	0.0
94	5	0.0
94	6	0.0
94	7	0.0
94	8	0.0
94	9	0.0
94	10	0.1
94	11	16.9
94	12	20.6
94	13	1.7
94	14	5.0
94	15	2.1
94	16	10.6
94	17	55.2
94	18	20.8
94	19	30.8
94	20	26.0
94	21	21.0
94	22	38.3
94	23	122.9
94	24	110.5
95	1	3.0
95	2	25.1
95	3	39.3
95	4	21.7
95	5	39.2
95	6	48.6
95	7	33.1
95	8	6.5
95	9	0.3
95	10	0.1
95	11	26.5
95	12	68.9
95	13	22.5
95	14	0.0
95	15	11.1
95	16	3.6
95	17	127.4
95	18	55.5
95	19	1.1
95	20	0.0
95	21	0.0
95	22	0.0
95	23	19.0
95	24	12.5
96	1	0.0
96	2	0.0
96	3	0.0
96	4	0.0
96	5	0.0
96	6	0.0
96	7	0.0
96	8	0.0
96	9	0.0
96	10	0.1
96	11	16.9
96	12	20.6
96	13	1.7
96	14	5.0
96	15	2.1
96	16	10.6
96	17	55.2
96	18	20.8
96	19	30.8
96	20	26.0
96	21	21.0
96	22	38.3
96	23	122.9
96	24	110.5
97	1	6.0
97	2	2.2
97	3	0.0
97	4	0.0
97	5	0.0
97	6	0.0
97	7	3.9
97	8	32.2
97	9	40.3
97	10	42.3
97	11	258.6
97	12	38.0
97	13	47.5
97	14	17.2
97	15	36.9
97	16	310.8
97	17	48.3
97	18	28.8
97	19	19.5
97	20	82.2
97	21	56.5
97	22	57.0
97	23	21.9
97	24	66.9
98	1	8.8
98	2	10.9
98	3	24.1
98	4	33.0
98	5	11.6
98	6	22.3
98	7	6.6
98	8	0.0
98	9	32.3
98	10	114.6
98	11	34.8
98	12	28.9
98	13	0.5
98	14	15.8
98	15	3.2
98	16	34.0
98	17	78.7
98	18	5.2
98	19	5.8
98	20	7.0
98	21	5.4
98	22	9.2
98	23	11.4
98	24	22.6
99	1	0.0
99	2	0.0
99	3	0.0
99	4	0.0
99	5	0.0
99	6	0.0
99	7	0.0
99	8	0.0
99	9	0.0
99	10	0.1
99	11	16.9
99	12	20.6
99	13	1.7
99	14	5.0
99	15	2.1
99	16	10.6
99	17	55.2
99	18	20.8
99	19	30.8
99	20	26.0
99	21	21.0
99	22	38.3
99	23	122.9
99	24	110.5
100	1	5.3
100	2	6.9
100	3	5.4
100	4	11.2
100	5	7.9
100	6	2.0
100	7	5.1
100	8	10.8
100	9	3.9
100	10	5.6
100	11	1.4
100	12	5.9
100	13	3.0
100	14	135.6
100	15	24.3
100	16	22.7
100	17	68.1
100	18	36.8
100	19	97.5
100	20	8.5
100	21	0.3
100	22	2.1
100	23	8.7
100	24	45.2
101	1	8.8
101	2	10.9
101	3	24.1
101	4	33.0
101	5	11.6
101	6	22.3
101	7	6.6
101	8	0.0
101	9	32.3
101	10	114.6
101	11	34.8
101	12	28.9
101	13	0.5
101	14	15.8
101	15	3.2
101	16	34.0
101	17	78.7
101	18	5.2
101	19	5.8
101	20	7.0
101	21	5.4
101	22	9.2
101	23	11.4
101	24	22.6
102	1	6.0
102	2	2.2
102	3	0.0
102	4	0.0
102	5	0.0
102	6	0.0
102	7	3.9
102	8	32.2
102	9	40.3
102	10	42.3
102	11	258.6
102	12	38.0
102	13	47.5
102	14	17.2
102	15	36.9
102	16	310.8
102	17	48.3
102	18	28.8
102	19	19.5
102	20	82.2
102	21	56.5
102	22	57.0
102	23	21.9
102	24	66.9
103	1	6.0
103	2	2.2
103	3	0.0
103	4	0.0
103	5	0.0
103	6	0.0
103	7	3.9
103	8	32.2
103	9	40.3
103	10	42.3
103	11	258.6
103	12	38.0
103	13	47.5
103	14	17.2
103	15	36.9
103	16	310.8
103	17	48.3
103	18	28.8
103	19	19.5
103	20	82.2
103	21	56.5
103	22	57.0
103	23	21.9
103	24	66.9
104	1	8.8
104	2	10.9
104	3	24.1
104	4	33.0
104	5	11.6
104	6	22.3
104	7	6.6
104	8	0.0
104	9	32.3
104	10	114.6
104	11	34.8
104	12	28.9
104	13	0.5
104	14	15.8
104	15	3.2
104	16	34.0
104	17	78.7
104	18	5.2
104	19	5.8
104	20	7.0
104	21	5.4
104	22	9.2
104	23	11.4
104	24	22.6
105	1	13.4
105	2	0.0
105	3	2.0
105	4	3.1
105	5	1.0
105	6	49.2
105	7	1.6
105	8	12.7
105	9	16.6
105	10	45.1
105	11	8.2
105	12	1.9
105	13	117.0
105	14	25.0
105	15	76.8
105	16	57.7
105	17	39.9
105	18	74.4
105	19	21.6
105	20	10.9
105	21	18.7
105	22	71.4
105	23	61.5
105	24	85.4
106	1	10.0
106	2	19.0
106	3	2.1
106	4	0.1
106	5	5.7
106	6	18.9
106	7	43.2
106	8	69.3
106	9	70.1
106	10	77.0
106	11	20.5
106	12	37.3
106	13	7.6
106	14	19.1
106	15	137.4
106	16	42.0
106	17	12.8
106	18	20.5
106	19	32.8
106	20	19.9
106	21	13.4
106	22	62.7
106	23	74.6
106	24	73.8
107	1	5.3
107	2	6.9
107	3	5.4
107	4	11.2
107	5	7.9
107	6	2.0
107	7	5.1
107	8	10.8
107	9	3.9
107	10	5.6
107	11	1.4
107	12	5.9
107	13	3.0
107	14	135.6
107	15	24.3
107	16	22.7
107	17	68.1
107	18	36.8
107	19	97.5
107	20	8.5
107	21	0.3
107	22	2.1
107	23	8.7
107	24	45.2
108	1	3.0
108	2	25.1
108	3	39.3
108	4	21.7
108	5	39.2
108	6	48.6
108	7	33.1
108	8	6.5
108	9	0.3
108	10	0.1
108	11	26.5
108	12	68.9
108	13	22.5
108	14	0.0
108	15	11.1
108	16	3.6
108	17	127.4
108	18	55.5
108	19	1.1
108	20	0.0
108	21	0.0
108	22	0.0
108	23	19.0
108	24	12.5
109	1	6.0
109	2	2.2
109	3	0.0
109	4	0.0
109	5	0.0
109	6	0.0
109	7	3.9
109	8	32.2
109	9	40.3
109	10	42.3
109	11	258.6
109	12	38.0
109	13	47.5
109	14	17.2
109	15	36.9
109	16	310.8
109	17	48.3
109	18	28.8
109	19	19.5
109	20	82.2
109	21	56.5
109	22	57.0
109	23	21.9
109	24	66.9
110	1	13.4
110	2	0.0
110	3	2.0
110	4	3.1
110	5	1.0
110	6	49.2
110	7	1.6
110	8	12.7
110	9	16.6
110	10	45.1
110	11	8.2
110	12	1.9
110	13	117.0
110	14	25.0
110	15	76.8
110	16	57.7
110	17	39.9
110	18	74.4
110	19	21.6
110	20	10.9
110	21	18.7
110	22	71.4
110	23	61.5
110	24	85.4
111	1	8.8
111	2	10.9
111	3	24.1
111	4	33.0
111	5	11.6
111	6	22.3
111	7	6.6
111	8	0.0
111	9	32.3
111	10	114.6
111	11	34.8
111	12	28.9
111	13	0.5
111	14	15.8
111	15	3.2
111	16	34.0
111	17	78.7
111	18	5.2
111	19	5.8
111	20	7.0
111	21	5.4
111	22	9.2
111	23	11.4
111	24	22.6
112	1	5.3
112	2	6.9
112	3	5.4
112	4	11.2
112	5	7.9
112	6	2.0
112	7	5.1
112	8	10.8
112	9	3.9
112	10	5.6
112	11	1.4
112	12	5.9
112	13	3.0
112	14	135.6
112	15	24.3
112	16	22.7
112	17	68.1
112	18	36.8
112	19	97.5
112	20	8.5
112	21	0.3
112	22	2.1
112	23	8.7
112	24	45.2
