Node	Time	Intraday_Price
3	1	29.339830866206633
3	2	26.832264934491718
3	3	50.278840146414176
3	4	17.21101209099032
3	5	37.43443266771195
3	6	25.056779109247326
3	7	49.79581198114265
3	8	98.39267889748
3	9	83.22984881133965
3	10	40.196210452283744
3	11	59.79307600897323
3	12	53.07479862001944
3	13	39.51308361138668
3	14	48.37672298061808
3	15	38.69041067214579
3	16	41.701860003721876
3	17	25.072985738230432
3	18	35.07920002880697
3	19	46.466856261031104
3	20	18.123282116911053
3	21	26.383494100190028
3	22	38.15135386379165
3	23	42.49808193258786
3	24	35.40916816928422
4	1	18.295187385229255
4	2	15.950644419511962
4	3	16.438925457448033
4	4	27.034716010096904
4	5	19.22127300408367
4	6	32.96434247370538
4	7	33.06026110729526
4	8	9.38662837141921
4	9	26.160974524785406
4	10	16.7068364681709
4	11	5.740840681397087
4	12	0.7888980513309743
4	13	-0.20243364387794438
4	14	-0.14684826453189873
4	15	0.9852563613249659
4	16	13.804882638747076
4	17	15.538690025050004
4	18	17.99907826651092
4	19	31.47772605956632
4	20	22.21887569053579
4	21	22.035108770086502
4	22	12.348729142329015
4	23	36.444026828858114
4	24	13.189000237969402
5	1	6.693450404382477
5	2	3.5707378636002614
5	3	4.342118193266531
5	4	3.5187431667871927
5	5	5.1960606913534235
5	6	7.985937145906879
5	7	5.950542955139863
5	8	12.928817817878208
5	9	13.163998804875089
5	10	14.083238346475714
5	11	11.502608694011382
5	12	5.431131002751436
5	13	3.7468316218593447
5	14	8.92072187706557
5	15	9.962335965830748
5	16	20.727206588508654
5	17	9.784387970606558
5	18	15.236141472000467
5	19	8.456553439532733
5	20	9.707097239566378
5	21	16.31404303725621
5	22	18.604350059867155
5	23	13.473466364186965
5	24	17.541441985815595
6	1	0.088715619517482
6	2	0.0
6	3	0.0
6	4	0.5010543364127497
6	5	2.476904192778244
6	6	2.7117865270337864
6	7	9.31033300885354
6	8	7.565592714750383
6	9	6.957693479940798
6	10	12.10112625060587
6	11	9.536281512315608
6	12	5.04933159171237
6	13	3.5652113142257367
6	14	5.149580503283835
6	15	8.451200441528231
6	16	7.707134420279966
6	17	12.573925917743507
6	18	18.43762831426083
6	19	16.45528221724798
6	20	6.537092391510894
6	21	11.847486987878863
6	22	6.507435895757766
6	23	5.336888593393998
6	24	2.9364248180309667
7	1	18.316014625955173
7	2	7.307391055751996
7	3	16.56920464975034
7	4	11.447010914030079
7	5	16.842534146918855
7	6	11.41761276119443
7	7	25.484452804567137
7	8	14.653641445628846
7	9	22.98182768053817
7	10	22.787956915410508
7	11	14.388269579325566
7	12	20.261434950861386
7	13	16.224864496230285
7	14	20.24797886592418
7	15	10.123679794557122
7	16	13.878283157601297
7	17	17.224413867483612
7	18	14.243474839359349
7	19	23.163411663367217
7	20	21.56582513625677
7	21	22.323364439000084
7	22	25.344901139050794
7	23	17.25559972401952
7	24	17.611810953605456
8	1	0.8137259762737179
8	2	0.6835735740302306
8	3	1.1434188736295037
8	4	3.0965579818715754
8	5	5.962475109292293
8	6	8.944193496017569
8	7	8.824481077774493
8	8	6.496529312140815
8	9	0.0
8	10	1.0576793926150923
8	11	4.343080926880752
8	12	5.727433107085301
8	13	4.253657491416079
8	14	5.339947083960376
8	15	12.009786789973639
8	16	21.04618292973166
8	17	32.67246968887316
8	18	30.545019388880565
8	19	62.239272420432094
8	20	58.364783202635564
8	21	80.36094283208166
8	22	39.91296232711337
8	23	35.41773918134172
8	24	54.299700596404065
9	1	25.603526005841356
9	2	14.049158695514992
9	3	15.342997169619629
9	4	27.331473187633435
9	5	20.8304521724965
9	6	18.57439828172425
9	7	26.572418052180456
9	8	59.980041151135936
9	9	35.04788747222085
9	10	32.95740287236461
9	11	54.64638376798733
9	12	24.872345313812204
9	13	28.155027018806933
9	14	38.305778450957554
9	15	28.119190404006147
9	16	30.396590032343784
9	17	34.89407937857951
9	18	39.21640112557131
9	19	30.863809008791527
9	20	34.38875407957839
9	21	40.86592952112527
9	22	24.501509381057165
9	23	28.95326179682078
9	24	28.51534937595383
10	1	37.08769016365864
10	2	20.57962906682168
10	3	34.11593159964122
10	4	33.026241821002586
10	5	25.539496683877914
10	6	25.775202261666834
10	7	28.042470120022994
10	8	36.63238555015644
10	9	29.939428409146768
10	10	29.34891593693112
10	11	26.166518272059616
10	12	25.35476510741351
10	13	25.274679730515576
10	14	9.808114899288121
10	15	27.00027533159657
10	16	33.32275001223812
10	17	28.94233150728835
10	18	32.00744206144716
10	19	23.31783079624453
10	20	22.316281212367855
10	21	30.643545432267725
10	22	35.98749353746861
10	23	38.732543850546335
10	24	31.81231564490989
11	1	38.94445389810803
11	2	72.93084755747061
11	3	59.30770951104149
11	4	38.20646770405737
11	5	42.96183582843448
11	6	47.522367862322795
11	7	71.89280703107725
11	8	56.562509150828106
11	9	67.94784660526595
11	10	54.13848236343291
11	11	46.043614671681034
11	12	34.494420859701926
11	13	51.4633659622354
11	14	31.839570450689138
11	15	46.57795746191192
11	16	23.858248202687786
11	17	27.741842955506453
11	18	34.30533836553507
11	19	36.82735683003707
11	20	55.537221779783984
11	21	48.559579782242004
11	22	36.978777353665734
11	23	27.72689557633665
11	24	15.225608078218631
12	1	22.426131282199865
12	2	26.234285031119356
12	3	19.224518513070205
12	4	8.842814484515106
12	5	9.209249181439132
12	6	33.96507244624469
12	7	29.90948842622781
12	8	27.334745691485335
12	9	22.51388724841663
12	10	2.258658849327171
12	11	0.0
12	12	-0.04161079024003375
12	13	-5.307782579886142
12	14	-17.88899071517391
12	15	-18.467035875952103
12	16	-0.059936166870511356
12	17	1.115191667184548
12	18	11.72963745698606
12	19	34.923517518557134
12	20	35.53186378685916
12	21	42.62008309154088
12	22	33.35042877662053
12	23	42.18842671965206
12	24	30.602596510459897
13	1	12.815226686883364
13	2	19.48881978368357
13	3	13.252882512596669
13	4	18.35095846359045
13	5	11.688370398989607
13	6	18.05487528533061
13	7	12.352265148655812
13	8	20.723584716120655
13	9	24.60223357766301
13	10	18.429588688403737
13	11	16.631610201857185
13	12	17.224340315887112
13	13	16.530677461234035
13	14	12.210205873075358
13	15	16.001005114229
13	16	18.54981286607809
13	17	17.405253371417686
13	18	22.479441363737575
13	19	18.790241155754583
13	20	11.387305239525677
13	21	9.077218815794891
13	22	21.135491357552482
13	23	13.697495038069125
13	24	11.70407612869036
14	1	24.469565269186837
14	2	20.62610777806606
14	3	21.58825661628528
14	4	20.54645750285089
14	5	25.806690765767076
14	6	25.636569464262067
14	7	10.052304590626225
14	8	25.955171662698145
14	9	25.004175196802425
14	10	15.930516630077783
14	11	19.102422133580593
14	12	22.06260682249535
14	13	8.95697222541021
14	14	22.926870920967133
14	15	27.31214474198307
14	16	21.03471559762109
14	17	21.510048966810356
14	18	20.35860127628551
14	19	21.356738647812204
14	20	27.664730049438777
14	21	31.91523035547237
14	22	20.65408569398237
14	23	17.569472625176857
14	24	13.173534454757801
15	1	49.17111391996143
15	2	29.305941912746473
15	3	36.738282279181774
15	4	31.749201939056185
15	5	45.328431691851684
15	6	17.188821866308867
15	7	4.857786334349382
15	8	2.5995394466777135
15	9	-1.4307731837259692
15	10	-2.826410502865565
15	11	-4.066552454797935
15	12	-5.2932648964655185
15	13	-8.015977216421481
15	14	-5.588502123022827
15	15	-2.3978058141964502
15	16	-0.051607762309878284
15	17	3.0058500078652757
15	18	30.483700134485726
15	19	38.40492498730741
15	20	39.716343588750405
15	21	43.45880099054095
15	22	40.61894463113819
15	23	45.699015332149656
15	24	27.726571787307538
16	1	19.25812220177639
16	2	7.376436322291559
16	3	6.686854242469136
16	4	19.100897599462005
16	5	42.87894686904588
16	6	56.23670712554698
16	7	46.12972383992378
16	8	74.30248390056583
16	9	58.160829152652745
16	10	60.748460607515014
16	11	47.22347625983727
16	12	45.0741415349703
16	13	53.20294887370736
16	14	53.04003023968132
16	15	43.779319617139656
16	16	59.84203469029011
16	17	60.15522388485844
16	18	62.51493930056986
16	19	39.29421778348484
16	20	57.46875762001194
16	21	55.91194630932266
16	22	68.04448559534347
16	23	61.93961530351872
16	24	74.82485842920707
17	1	38.72348288686342
17	2	23.115513508080948
17	3	11.273899902669417
17	4	15.304768913257863
17	5	23.75474948706208
17	6	48.11612815651096
17	7	49.2173191627088
17	8	31.34395294794684
17	9	46.5050301816346
17	10	33.681319485176964
17	11	50.7477391981783
17	12	50.59844584702136
17	13	40.0955837425727
17	14	35.96587348974353
17	15	36.75527785545813
17	16	28.12733429043012
17	17	42.42179477886122
17	18	32.84358611891158
17	19	28.659125843210553
17	20	51.38091813740603
17	21	66.88930690024398
17	22	77.24571107234688
17	23	64.76036503435685
17	24	51.30838921805806
18	1	0.4870460751678557
18	2	0.027621508685901644
18	3	0.04265165127793992
18	4	0.12392404707350728
18	5	0.5135824787502287
18	6	2.178801218192572
18	7	2.294590566201946
18	8	6.90821884234104
18	9	5.6114622748859535
18	10	6.91994748724389
18	11	3.111338227630121
18	12	7.300828241763064
18	13	2.9902099925954513
18	14	2.972468131383272
18	15	2.820882521116772
18	16	2.976575347402261
18	17	3.0665428126028638
18	18	4.128915353461823
18	19	3.2828814173794143
18	20	3.5376484618387316
18	21	2.5052922683868717
18	22	0.7727986356327547
18	23	0.4269808949302126
18	24	0.0
19	1	5.746647654577805
19	2	5.930965635230004
19	3	6.213710351623254
19	4	7.030322378551872
19	5	8.808925578357957
19	6	9.420000103471054
19	7	73.06308227756253
19	8	65.61419926573268
19	9	50.28128188151621
19	10	42.1142532100104
19	11	15.20798442534109
19	12	17.026398212098208
19	13	11.746025393752332
19	14	10.442187780226366
19	15	10.713683019655882
19	16	18.24288196619976
19	17	47.502479029867196
19	18	60.36278607160909
19	19	37.86522199070735
19	20	67.26336544847926
19	21	19.729389038918512
19	22	21.41493139432303
19	23	21.171175031312174
19	24	14.679838221601903
20	1	0.8137259762737179
20	2	0.6835735740302306
20	3	1.1434188736295037
20	4	3.0965579818715754
20	5	5.962475109292293
20	6	8.944193496017569
20	7	8.824481077774493
20	8	6.496529312140815
20	9	0.0
20	10	1.0576793926150923
20	11	4.343080926880752
20	12	5.727433107085301
20	13	4.253657491416079
20	14	5.339947083960376
20	15	12.009786789973639
20	16	21.04618292973166
20	17	32.67246968887316
20	18	30.545019388880565
20	19	62.239272420432094
20	20	58.364783202635564
20	21	80.36094283208166
20	22	39.91296232711337
20	23	35.41773918134172
20	24	54.299700596404065
21	1	18.316014625955173
21	2	7.307391055751996
21	3	16.56920464975034
21	4	11.447010914030079
21	5	16.842534146918855
21	6	11.41761276119443
21	7	25.484452804567137
21	8	14.653641445628846
21	9	22.98182768053817
21	10	22.787956915410508
21	11	14.388269579325566
21	12	20.261434950861386
21	13	16.224864496230285
21	14	20.24797886592418
21	15	10.123679794557122
21	16	13.878283157601297
21	17	17.224413867483612
21	18	14.243474839359349
21	19	23.163411663367217
21	20	21.56582513625677
21	21	22.323364439000084
21	22	25.344901139050794
21	23	17.25559972401952
21	24	17.611810953605456
22	1	22.27644265659559
22	2	21.724117128196326
22	3	25.047815356400562
22	4	26.10610003267548
22	5	14.624609904554953
22	6	18.07250613198615
22	7	22.058313398970775
22	8	20.771014631176964
22	9	18.15531226147965
22	10	19.41132652847853
22	11	24.69498638318028
22	12	28.356194528853695
22	13	21.672246552668327
22	14	9.486318979411706
22	15	9.493518538742732
22	16	19.21302242244643
22	17	23.889959638889735
22	18	11.942918225059568
22	19	15.62312958445238
22	20	15.743071943211945
22	21	30.457249495912897
22	22	22.49739301808138
22	23	18.59986927549468
22	24	20.177623866014457
23	1	11.052745804898807
23	2	8.756592424425188
23	3	10.695364777093362
23	4	9.846533092783035
23	5	25.92368394596589
23	6	32.86970354284965
23	7	67.33908575959774
23	8	55.64437839624362
23	9	29.51823422883335
23	10	22.382291310178726
23	11	10.84704954930477
23	12	4.693852438206219
23	13	0.06959012825258581
23	14	1.370326697387735
23	15	6.079524034614108
23	16	20.752345340051217
23	17	33.657991295133186
23	18	35.263666666484
23	19	27.369122371388496
23	20	63.26179749431
23	21	45.08322748970682
23	22	41.701716545205905
23	23	31.485368951218895
23	24	20.305478275498764
24	1	39.39109020524978
24	2	41.652740099297745
24	3	46.64862905041118
24	4	43.242329290858585
24	5	42.970137061905454
24	6	43.78137054043434
24	7	41.091299315431854
24	8	45.89384313405824
24	9	36.10630538339149
24	10	46.62882186627341
24	11	72.5874076140356
24	12	72.5437745974524
24	13	56.080606318879575
24	14	52.273200799698984
24	15	61.748045456991775
24	16	54.51190109303952
24	17	64.81935615755643
24	18	45.49164346248987
24	19	47.363123258842926
24	20	57.74318015194354
24	21	50.91591738618639
24	22	56.78892264636148
24	23	55.43770436816001
24	24	44.47523033546116
25	1	-0.08446330194810113
25	2	-0.09106136358333496
25	3	-0.1687058338517869
25	4	-0.10502482043089821
25	5	0.0
25	6	1.5732007655512292
25	7	4.219542312978117
25	8	4.351396066005395
25	9	5.969938507942581
25	10	4.196744057603339
25	11	4.733297720358549
25	12	3.697180203499643
25	13	3.371770176349389
25	14	4.102593927086239
25	15	6.039483454184406
25	16	6.413828246147272
25	17	7.066283706815873
25	18	8.777526254396442
25	19	7.109670014698989
25	20	3.4979346582948283
25	21	5.681992985971526
25	22	2.895314431536119
25	23	2.2877409361872423
25	24	0.98008145007753
26	1	12.815226686883364
26	2	19.48881978368357
26	3	13.252882512596669
26	4	18.35095846359045
26	5	11.688370398989607
26	6	18.05487528533061
26	7	12.352265148655812
26	8	20.723584716120655
26	9	24.60223357766301
26	10	18.429588688403737
26	11	16.631610201857185
26	12	17.224340315887112
26	13	16.530677461234035
26	14	12.210205873075358
26	15	16.001005114229
26	16	18.54981286607809
26	17	17.405253371417686
26	18	22.479441363737575
26	19	18.790241155754583
26	20	11.387305239525677
26	21	9.077218815794891
26	22	21.135491357552482
26	23	13.697495038069125
26	24	11.70407612869036
27	1	29.563321954559044
27	2	40.01053285513031
27	3	26.957744756712493
27	4	63.77851696127105
27	5	24.373727906887932
27	6	31.3866912280535
27	7	53.473351999734234
27	8	49.6661044016472
27	9	62.61610702699398
27	10	71.31071351979158
27	11	28.395316466673293
27	12	15.177404982328236
27	13	22.77858122985274
27	14	19.483284605764194
27	15	20.783627070750253
27	16	17.16351103949575
27	17	56.33233602064192
27	18	43.822168447954176
27	19	44.51427394199424
27	20	64.91821143728401
27	21	46.0368875695228
27	22	48.08606220313391
27	23	36.267015541550194
27	24	21.85358615124159
28	1	-0.021692480129113494
28	2	-0.39722815695515884
28	3	-1.1833425662843708
28	4	-0.9664412626933453
28	5	-0.43116792415398053
28	6	-0.027892354353460158
28	7	-0.010291496249855418
28	8	-0.07400757355435209
28	9	-1.4710481740400314
28	10	-7.190120702843657
28	11	-10.240334149533485
28	12	-20.447139468237047
28	13	-18.180079527064073
28	14	-19.711541359116758
28	15	-10.648192838335172
28	16	-0.056912215718075566
28	17	0.9590140256246275
28	18	1.0434510085490427
28	19	0.7495361645320117
28	20	1.5811113806966475
28	21	1.4111504699530377
28	22	0.9050914248039785
28	23	1.605958233637247
28	24	1.1162574575371227
29	1	10.494473147275773
29	2	8.6367277204491
29	3	8.804918766032884
29	4	9.667680573917034
29	5	7.470302946069013
29	6	6.380541333174382
29	7	14.24453275522207
29	8	15.219796730509776
29	9	11.30895184751978
29	10	11.008475892202567
29	11	3.0240698643391126
29	12	0.21166497989061292
29	13	0.2962827632113769
29	14	1.5051474412523036
29	15	9.057700966995066
29	16	10.099280962153765
29	17	32.671239885359384
29	18	26.584656974712868
29	19	57.946700758334984
29	20	91.54291305774804
29	21	30.75879014015525
29	22	52.8568746836114
29	23	71.8265387986131
29	24	12.236946977941988
30	1	0.4870460751678557
30	2	0.027621508685901644
30	3	0.04265165127793992
30	4	0.12392404707350728
30	5	0.5135824787502287
30	6	2.178801218192572
30	7	2.294590566201946
30	8	6.90821884234104
30	9	5.6114622748859535
30	10	6.91994748724389
30	11	3.111338227630121
30	12	7.300828241763064
30	13	2.9902099925954513
30	14	2.972468131383272
30	15	2.820882521116772
30	16	2.976575347402261
30	17	3.0665428126028638
30	18	4.128915353461823
30	19	3.2828814173794143
30	20	3.5376484618387316
30	21	2.5052922683868717
30	22	0.7727986356327547
30	23	0.4269808949302126
30	24	0.0
31	1	25.987133439201447
31	2	41.3753093273869
31	3	32.62242954124497
31	4	31.56258452942059
31	5	43.674613195249705
31	6	35.30341433722814
31	7	35.928805925265905
31	8	27.906662300506476
31	9	31.479680405394348
31	10	41.59024638875919
31	11	23.557795598986406
31	12	22.713430433915036
31	13	29.219682000851567
31	14	22.843419201537095
31	15	23.470785345401325
31	16	38.242902258512885
31	17	28.49121953139784
31	18	28.796755389777598
31	19	40.01559076583894
31	20	28.988356449313994
31	21	26.99135737740202
31	22	63.430033751075015
31	23	29.724537649111028
31	24	27.948696451678103
32	1	23.833144773122886
32	2	25.06550411421686
32	3	15.17190598903633
32	4	14.152709257521806
32	5	10.478489746780319
32	6	27.849154828400554
32	7	20.64256017917565
32	8	32.03570394063135
32	9	21.64104599149155
32	10	29.095679708015208
32	11	14.544887763672426
32	12	1.3055868044793852
32	13	0.011946179132433073
32	14	1.1669563690937943
32	15	21.71351015974504
32	16	19.949839927240753
32	17	21.916700445946805
32	18	25.538822545551202
32	19	22.827490972664414
32	20	20.77017176717209
32	21	22.104169486972854
32	22	33.88330149021964
32	23	18.95437912103544
32	24	18.017115751447186
33	1	41.69817804939944
33	2	20.440485013076625
33	3	25.94698872820498
33	4	49.10484519367306
33	5	24.31486330105337
33	6	35.625396091072304
33	7	21.782862059563094
33	8	32.511687857375534
33	9	26.845133110604756
33	10	30.795457148119958
33	11	35.86031499547037
33	12	30.62219551725465
33	13	42.713984503876326
33	14	36.980124094323344
33	15	47.655370272739304
33	16	34.98210791086013
33	17	46.362905907335445
33	18	30.32064269490731
33	19	42.631513376512174
33	20	23.685709323289366
33	21	43.26166618767898
33	22	28.988784609472987
33	23	22.889098533080528
33	24	29.323263823763437
34	1	34.782281764213806
34	2	13.892579108530258
34	3	35.77088568288304
34	4	27.096803448711505
34	5	21.90232832978742
34	6	27.33975614695344
34	7	20.805934210914927
34	8	25.96575528001874
34	9	25.25843346866092
34	10	37.25788935200465
34	11	18.423476585205908
34	12	20.584643371756254
34	13	11.431102483362256
34	14	19.97392451700352
34	15	12.508575833274673
34	16	10.253691669975453
34	17	27.20276525939677
34	18	28.6186575027911
34	19	31.8841777117232
34	20	40.46679537462547
34	21	35.608911153174475
34	22	36.920891747941546
34	23	28.394719631772723
34	24	35.60220968185629
35	1	29.912500087329217
35	2	28.78563294487249
35	3	17.21670679147058
35	4	39.56965289377778
35	5	41.15293687545944
35	6	34.21003762199594
35	7	44.123965207435376
35	8	37.06162516967177
35	9	53.33017916232162
35	10	57.568935626485185
35	11	29.832564523243402
35	12	39.867412495353264
35	13	47.43412291549469
35	14	37.87415952566456
35	15	23.948795258948284
35	16	33.60330492319973
35	17	26.73121097861516
35	18	51.77130682199739
35	19	30.96412252557276
35	20	32.04656783784036
35	21	42.58997949421327
35	22	41.97625618153852
35	23	43.319137396461755
35	24	35.156934716279785
36	1	12.625408114035077
36	2	22.62069775568982
36	3	20.054186945562492
36	4	23.719205805875053
36	5	14.293588497967733
36	6	25.809696671835596
36	7	32.04341424845702
36	8	27.957303515036205
36	9	16.975891447202464
36	10	22.334190805965548
36	11	22.633442295685438
36	12	15.546098064229668
36	13	37.34187030018541
36	14	20.856049909633548
36	15	17.990512651355083
36	16	26.547322067419564
36	17	28.010298973666945
36	18	28.22117065126297
36	19	27.46502213087909
36	20	22.359560659040156
36	21	37.367400789561884
36	22	15.850391521683243
36	23	23.098240089686712
36	24	31.70188820484729
37	1	12.625408114035077
37	2	22.62069775568982
37	3	20.054186945562492
37	4	23.719205805875053
37	5	14.293588497967733
37	6	25.809696671835596
37	7	32.04341424845702
37	8	27.957303515036205
37	9	16.975891447202464
37	10	22.334190805965548
37	11	22.633442295685438
37	12	15.546098064229668
37	13	37.34187030018541
37	14	20.856049909633548
37	15	17.990512651355083
37	16	26.547322067419564
37	17	28.010298973666945
37	18	28.22117065126297
37	19	27.46502213087909
37	20	22.359560659040156
37	21	37.367400789561884
37	22	15.850391521683243
37	23	23.098240089686712
37	24	31.70188820484729
38	1	8.989952643398121
38	2	6.657024480035311
38	3	7.948675937417336
38	4	8.343133210479266
38	5	11.23518636167508
38	6	7.507698337424533
38	7	8.715796049717895
38	8	13.239851837875673
38	9	12.074836784429555
38	10	6.3776008943637805
38	11	3.6156096844661407
38	12	1.64280657405071
38	13	2.0666794295703506
38	14	3.567234345004252
38	15	4.1544796164027336
38	16	8.528258081277059
38	17	17.645179405621025
38	18	11.062028603640343
38	19	14.159064167957409
38	20	13.209545825528362
38	21	7.249868377874264
38	22	7.164680289547422
38	23	5.124182038740733
38	24	8.340122388240099
39	1	17.42158683337948
39	2	11.819279729786986
39	3	30.697621116323692
39	4	18.71551802338301
39	5	19.765392141043534
39	6	22.35481278134993
39	7	19.767490590779683
39	8	25.97333894767834
39	9	30.41981451675629
39	10	25.47181702906736
39	11	0.6532824982458934
39	12	-0.016965903858944975
39	13	-1.5427863498179433
39	14	-2.773227128803701
39	15	-0.015255198514591131
39	16	20.44494725014199
39	17	20.075959683775544
39	18	20.37877575742371
39	19	20.0267880209326
39	20	23.171633003483542
39	21	28.517038113962062
39	22	18.758446054265608
39	23	17.564829269452325
39	24	34.0496540768053
40	1	14.731859664612175
40	2	25.222678826793818
40	3	28.98397642864352
40	4	19.635582222814556
40	5	27.1234486585988
40	6	11.610695368193879
40	7	30.635429693530117
40	8	24.556796126354357
40	9	26.092476918449947
40	10	19.897069614207687
40	11	10.821775980116453
40	12	0.8642825838651335
40	13	0.02258659166918148
40	14	0.1749046982676455
40	15	11.624110010464431
40	16	29.38836127676896
40	17	29.99073522990963
40	18	22.90479581902203
40	19	25.37190283153265
40	20	30.02115074663869
40	21	33.68320281999803
40	22	24.455181507489474
40	23	12.811158001922536
40	24	17.815982690745834
41	1	18.243487902157973
41	2	13.894183601528466
41	3	12.811812837824677
41	4	18.437161584522638
41	5	14.484723391940495
41	6	8.674000473210775
41	7	18.25892493839385
41	8	18.65868290854721
41	9	12.126199479232822
41	10	20.05543541950344
41	11	15.277258291095762
41	12	12.4815144562713
41	13	8.95696759406638
41	14	13.628074203589165
41	15	13.463111543289957
41	16	12.429524336327896
41	17	8.54968129184891
41	18	13.544416865532591
41	19	18.54319440142454
41	20	23.627313946072185
41	21	22.61776331676135
41	22	18.450564808027366
41	23	16.745540664864475
41	24	7.530420114518427
42	1	25.22920680374195
42	2	34.57741361198348
42	3	36.293817646794196
42	4	28.562341884849882
42	5	32.40669544830444
42	6	31.840457995518307
42	7	26.319194578062152
42	8	28.616413613502726
42	9	45.9444746729762
42	10	32.595101622002886
42	11	19.05135479212541
42	12	28.542570802516735
42	13	13.165277194274259
42	14	18.944686327636365
42	15	18.00921676094453
42	16	36.40562400553277
42	17	29.30475893974586
42	18	38.12596443306173
42	19	23.91470373153533
42	20	47.22120149492477
42	21	35.58605868272514
42	22	50.44656843186019
42	23	25.137660803936726
42	24	28.76665121587973
43	1	32.99393485093908
43	2	47.452854135757676
43	3	39.637768220835184
43	4	26.94313498920828
43	5	34.42697925340898
43	6	38.71685473117496
43	7	41.74224181455293
43	8	56.4829236848479
43	9	37.486294946150736
43	10	43.68206114295102
43	11	41.8108449353873
43	12	31.852584585348225
43	13	30.888048507332517
43	14	34.821528169501484
43	15	36.476317852576024
43	16	33.52250697891519
43	17	19.529118688715258
43	18	31.0755277504002
43	19	52.55895038669518
43	20	49.50257058304495
43	21	30.478055647582927
43	22	45.101010511832534
43	23	53.153696308943715
43	24	36.34942391349376
44	1	24.469565269186837
44	2	20.62610777806606
44	3	21.58825661628528
44	4	20.54645750285089
44	5	25.806690765767076
44	6	25.636569464262067
44	7	10.052304590626225
44	8	25.955171662698145
44	9	25.004175196802425
44	10	15.930516630077783
44	11	19.102422133580593
44	12	22.06260682249535
44	13	8.95697222541021
44	14	22.926870920967133
44	15	27.31214474198307
44	16	21.03471559762109
44	17	21.510048966810356
44	18	20.35860127628551
44	19	21.356738647812204
44	20	27.664730049438777
44	21	31.91523035547237
44	22	20.65408569398237
44	23	17.569472625176857
44	24	13.173534454757801
45	1	29.976737467918028
45	2	33.70669056510092
45	3	16.461258589963904
45	4	37.26238983161458
45	5	24.39553231915431
45	6	54.55769462751022
45	7	55.022629970766715
45	8	39.62822632825364
45	9	16.474890391245456
45	10	43.48342231450129
45	11	29.522723863584897
45	12	45.04943500776084
45	13	28.904375204393112
45	14	38.02953594420352
45	15	14.72833390950771
45	16	42.18671538029596
45	17	43.1955983380277
45	18	43.69626527453364
45	19	28.014380818191178
45	20	25.325624574448273
45	21	50.49564430318757
45	22	35.894683321306786
45	23	29.43874899792961
45	24	39.07130069202887
46	1	25.088053916078884
46	2	28.74738337955782
46	3	21.100555934953515
46	4	20.14164404305801
46	5	26.8750418910271
46	6	31.849355301006863
46	7	26.147069478414778
46	8	21.43304875193845
46	9	30.026785645240967
46	10	22.019976369149703
46	11	18.542521261044268
46	12	30.330086541046807
46	13	29.77549824621374
46	14	31.561218518206534
46	15	27.09306410438476
46	16	20.193141630373297
46	17	36.45071799091602
46	18	35.28696165353719
46	19	16.616945449044863
46	20	18.68178487929973
46	21	17.126321277166593
46	22	31.708591844402758
46	23	29.302236071404547
46	24	12.412709751030633
47	1	-0.021692480129113494
47	2	-0.39722815695515884
47	3	-1.1833425662843708
47	4	-0.9664412626933453
47	5	-0.43116792415398053
47	6	-0.027892354353460158
47	7	-0.010291496249855418
47	8	-0.07400757355435209
47	9	-1.4710481740400314
47	10	-7.190120702843657
47	11	-10.240334149533485
47	12	-20.447139468237047
47	13	-18.180079527064073
47	14	-19.711541359116758
47	15	-10.648192838335172
47	16	-0.056912215718075566
47	17	0.9590140256246275
47	18	1.0434510085490427
47	19	0.7495361645320117
47	20	1.5811113806966475
47	21	1.4111504699530377
47	22	0.9050914248039785
47	23	1.605958233637247
47	24	1.1162574575371227
48	1	45.959952549298166
48	2	45.42177309552178
48	3	42.96212047296435
48	4	31.87191272347258
48	5	50.90064119730026
48	6	62.1803967656914
48	7	109.56584194372948
48	8	100.12081356508897
48	9	57.94261980695661
48	10	45.90902359336965
48	11	27.771543652971733
48	12	40.934080027409756
48	13	38.58301104133864
48	14	36.2535369993276
48	15	47.14980920653275
48	16	46.67060825190487
48	17	39.634325053978955
48	18	57.62087552366459
48	19	39.926336357935604
48	20	47.43995034964675
48	21	63.30466948906189
48	22	54.96795959351776
48	23	44.670754530083656
48	24	32.597754688367445
49	1	55.59482021767728
49	2	47.818685411934695
49	3	46.189225923905056
49	4	49.43541431687569
49	5	74.49866374624344
49	6	55.257566304086055
49	7	70.50483443767301
49	8	61.79993592518297
49	9	64.01591020328864
49	10	55.23516674284376
49	11	45.11249586245422
49	12	54.44165455726919
49	13	65.9147668955923
49	14	49.197161211404776
49	15	40.48717225170437
49	16	43.578370425526266
49	17	47.517773846958065
49	18	39.95449593753187
49	19	28.2292197049424
49	20	48.511608772160315
49	21	54.931267827784836
49	22	42.382943091265986
49	23	28.035399168850372
49	24	66.52841090781394
50	1	32.95354109262376
50	2	31.03248978149901
50	3	40.794172020150626
50	4	22.517426251835285
50	5	31.611129280083667
50	6	33.233037066668054
50	7	44.46214615908031
50	8	33.05160632813512
50	9	14.64975183423959
50	10	11.688860147032205
50	11	6.004972000158506
50	12	0.6927044791219025
50	13	-0.011733641260295267
50	14	-0.16430167967508388
50	15	0.558084793842688
50	16	8.077027938194227
50	17	14.027558542195658
50	18	18.442107857325375
50	19	36.05477740306203
50	20	43.36954267821088
50	21	37.50580219035284
50	22	32.75528711436805
50	23	36.69380721678546
50	24	21.966157085537493
51	1	31.797816799193782
51	2	16.670260953002625
51	3	21.276285558362858
51	4	25.784085675780855
51	5	22.229603502319186
51	6	28.839798653676027
51	7	21.56179631372575
51	8	86.700016778657
51	9	57.42472971052615
51	10	34.26354591412798
51	11	33.91110706448297
51	12	46.156718783432304
51	13	24.871266286734315
51	14	37.622182107687344
51	15	26.285677065187013
51	16	27.973790173413263
51	17	27.630355473634108
51	18	29.712755341126236
51	19	28.64596940626007
51	20	28.870162881920304
51	21	26.996812162429677
51	22	36.1822335144676
51	23	31.22129743062664
51	24	19.437074628709816
52	1	54.46948138122175
52	2	47.34146340190087
52	3	87.09178751243684
52	4	48.139046053152214
52	5	56.375572025991254
52	6	62.05878328171313
52	7	89.65182332986576
52	8	121.9533932154367
52	9	89.12768588494458
52	10	107.18821783390112
52	11	80.55259717079795
52	12	61.53942365373964
52	13	82.73098604863371
52	14	61.63451430193188
52	15	92.46706977229681
52	16	80.49146937499167
52	17	67.12465053816516
52	18	74.38323892615205
52	19	77.17440559568965
52	20	64.02503041350883
52	21	89.23969364874176
52	22	110.83559643117314
52	23	87.07692874433587
52	24	114.55624159882626
53	1	27.512981699865662
53	2	24.191480832224602
53	3	28.43567435188493
53	4	19.78161920660248
53	5	15.526061067630078
53	6	22.87919650110599
53	7	26.371846631779643
53	8	25.716334332245985
53	9	20.2098528938536
53	10	18.282891385924902
53	11	22.150792000280394
53	12	11.756449025069944
53	13	5.179886341127099
53	14	4.964480289630995
53	15	26.21392330441342
53	16	26.689636895816072
53	17	29.619563709832583
53	18	22.139560999558437
53	19	25.485840127068116
53	20	24.13456390568728
53	21	19.597320786290943
53	22	15.935410247211134
53	23	16.750818870401968
53	24	18.37344094893809
54	1	1.57404845260122
54	2	0.854252275793646
54	3	0.8704402472322315
54	4	2.4600578242783864
54	5	2.8624486334590893
54	6	4.370125974728654
54	7	12.66623258686802
54	8	20.602606313958983
54	9	12.736985413049412
54	10	10.9687521538767
54	11	12.955906663285933
54	12	7.471498436453528
54	13	7.966046705644225
54	14	12.925301497015539
54	15	17.84224622419074
54	16	18.251608426038988
54	17	22.096566584012354
54	18	25.664463966434745
54	19	24.338887020758843
54	20	17.082692838224034
54	21	16.283644133340825
54	22	19.037092514668263
54	23	16.99664736933655
54	24	14.401318600854774
55	1	31.753781514488043
55	2	17.295721271487764
55	3	14.650367496230276
55	4	24.04476482214212
55	5	26.270835235383363
55	6	33.664505838844896
55	7	25.864221745735037
55	8	53.29133805102019
55	9	37.60865134458651
55	10	39.30863011165241
55	11	40.11252739904012
55	12	41.168368458180225
55	13	36.36604047739511
55	14	55.24373277048312
55	15	25.441287708999145
55	16	30.054364096024937
55	17	28.649306572683855
55	18	40.23859108852547
55	19	34.82216852879133
55	20	37.4929688285605
55	21	27.049807804391513
55	22	24.06040237071298
55	23	24.88906169608938
55	24	31.502532032678875
56	1	28.891836331326353
56	2	15.393882765145982
56	3	7.020094149572379
56	4	5.791960772003976
56	5	1.2360715760320844
56	6	5.67174810824879
56	7	2.412294054079829
56	8	-0.07209429811334574
56	9	-2.657902044693416
56	10	-3.7529213922739864
56	11	-17.72854189222192
56	12	-39.79710021841682
56	13	-36.77064213328499
56	14	-49.23351905632396
56	15	-20.680407251548697
56	16	-4.755510142718423
56	17	13.192037566194497
56	18	24.385437402893288
56	19	37.07171582610454
56	20	44.76125905168977
56	21	50.12979338030396
56	22	31.927202905461137
56	23	17.601968773321634
56	24	45.25632788891357
57	1	37.36953276584981
57	2	47.219533693364696
57	3	49.57034435217273
57	4	63.46339346964984
57	5	47.065587710365236
57	6	39.980301566764396
57	7	60.92588772903713
57	8	62.11296976595642
57	9	41.11063736456058
57	10	47.907993426257114
57	11	32.664708048436346
57	12	0.7602375924514578
57	13	0.5364472327505964
57	14	11.706086264377529
57	15	39.25335125500869
57	16	44.685153818955214
57	17	69.99578620079741
57	18	70.32323463472207
57	19	49.413415157350514
57	20	13.701093513673426
57	21	66.09973316647901
57	22	58.65064307640903
57	23	42.45311976838737
57	24	53.14914843312476
58	1	37.09489345194838
58	2	34.40455120956996
58	3	29.039471919994366
58	4	34.19554490350956
58	5	21.101352894463595
58	6	38.931563472097054
58	7	30.31967004687671
58	8	37.28014189744549
58	9	45.56195370430917
58	10	43.9257638904529
58	11	39.39206452653682
58	12	47.8150680307438
58	13	42.69369958994252
58	14	39.50704159332574
58	15	23.496895012073878
58	16	32.194842489949075
58	17	31.68886479492649
58	18	30.84625365964068
58	19	41.17993831980544
58	20	37.064284753815656
58	21	29.77143691690458
58	22	56.72014580474035
58	23	26.857634613227013
58	24	33.55984601468025
59	1	44.28798339654486
59	2	22.921280962453828
59	3	44.637697598357015
59	4	34.987956793910605
59	5	46.90053046907911
59	6	51.542001848237035
59	7	41.35373756154187
59	8	16.20135944699734
59	9	54.017266570342564
59	10	30.4765088108874
59	11	54.972964692660696
59	12	68.2191812816675
59	13	32.93094086732171
59	14	17.92761538166815
59	15	50.825574956230604
59	16	44.81302688170785
59	17	41.742330189476405
59	18	52.48702663272827
59	19	40.816844824345004
59	20	64.56126996186113
59	21	43.47577133932479
59	22	63.02324198967632
59	23	35.69415107715971
59	24	19.38456898747173
60	1	45.04605445344887
60	2	51.73274070816335
60	3	18.58045932299229
60	4	30.98120354509425
60	5	32.595171418112685
60	6	53.7051613897247
60	7	46.84703873355853
60	8	71.63431713129603
60	9	42.83819631053911
60	10	58.797399295077796
60	11	54.42477167218781
60	12	47.3474356759371
60	13	66.97335606091244
60	14	38.24704797515741
60	15	57.39428809219741
60	16	36.70664376070678
60	17	44.61152850624152
60	18	45.414643414261654
60	19	61.31300257987287
60	20	53.26893197302674
60	21	64.62992900301606
60	22	34.04413492726427
60	23	43.409672692326296
60	24	78.8280176598109
61	1	25.969350513012387
61	2	25.688315220544254
61	3	27.663688171547125
61	4	22.566975215284046
61	5	35.88303823027472
61	6	53.09489047330989
61	7	28.793994710889294
61	8	86.07856022037782
61	9	45.91433263749402
61	10	58.389642946903095
61	11	41.187959063773484
61	12	35.06960687815514
61	13	58.83155646848344
61	14	22.20308394304995
61	15	35.620862862395214
61	16	51.74386300872234
61	17	30.17161201809111
61	18	46.4139053681078
61	19	42.851051451595396
61	20	25.2516944847465
61	21	37.29010760933122
61	22	40.63508534650658
61	23	41.431243348230545
61	24	44.312482533354704
62	1	85.24630859523268
62	2	111.81876090621006
62	3	94.70295173283661
62	4	106.27078106440837
62	5	84.07210669655203
62	6	68.03451252421485
62	7	64.48282964373871
62	8	88.83136282901005
62	9	120.03405804010322
62	10	92.37036033419442
62	11	94.36104946673291
62	12	95.3099205227894
62	13	80.59981684715413
62	14	109.9257432414036
62	15	125.82047859302162
62	16	110.43842923781718
62	17	60.37643626422558
62	18	106.01930086422126
62	19	94.69926972093151
62	20	103.17326358713694
62	21	112.07045276127896
62	22	87.36628788617335
62	23	91.38238729689616
62	24	81.82314986413728
63	1	84.4017800819276
63	2	69.53743373975044
63	3	72.07051330205218
63	4	82.65967363557277
63	5	62.87455779653206
63	6	79.6732445436844
63	7	56.51559356565665
63	8	56.06925947765065
63	9	65.60305249429283
63	10	76.07982939497205
63	11	41.116344481103965
63	12	85.07877527443793
63	13	98.45682777418942
63	14	79.21187969653623
63	15	76.09480014621181
63	16	77.6581059142098
63	17	96.95884856935035
63	18	59.45328658969548
63	19	69.65528154453007
63	20	25.394902824593547
63	21	80.34224770263586
63	22	20.58763883580699
63	23	94.71390525042956
63	24	60.476082315199065
64	1	5.197603463540582
64	2	3.1277819249528203
64	3	3.605383793629248
64	4	4.172264782475678
64	5	3.7958571716343488
64	6	15.909055136357315
64	7	30.202881443071444
64	8	44.83104491416697
64	9	32.686888200707415
64	10	30.791977391523435
64	11	22.406949083214872
64	12	32.02072096498918
64	13	31.933632769253368
64	14	25.49200648670762
64	15	27.2948022346547
64	16	24.58014539879864
64	17	28.42013419324804
64	18	23.427739523883254
64	19	28.90118110246854
64	20	26.13514478152957
64	21	15.738151694444738
64	22	16.271668795361276
64	23	17.751981951620582
64	24	16.588707990804494
65	1	71.82508116117891
65	2	77.57415195397076
65	3	64.93159468270544
65	4	35.19629136068032
65	5	90.49528544714585
65	6	54.25905997543356
65	7	62.15477380759639
65	8	54.611723823193046
65	9	86.21050549067066
65	10	85.52390025685956
65	11	84.63056501922192
65	12	78.09018762854046
65	13	93.76747096637015
65	14	55.23001777679311
65	15	96.52295319763478
65	16	72.01658442858806
65	17	92.05813203900581
65	18	87.38386298091291
65	19	97.65004781742718
65	20	75.94304942651112
65	21	46.23506396808585
65	22	88.59723291772129
65	23	73.96844202559228
65	24	59.15403021801824
66	1	38.570070663417695
66	2	33.41705408006596
66	3	6.437152914295008
66	4	0.9763000837907454
66	5	0.0
66	6	0.0
66	7	0.0
66	8	1.5672271351272056
66	9	8.911511760494111
66	10	32.155481094848774
66	11	20.604082136428733
66	12	40.92101098112215
66	13	44.49663030118121
66	14	36.242988465886434
66	15	17.323389005280394
66	16	67.21461627970398
66	17	49.07126048607065
66	18	30.703584290999697
66	19	65.72214878508127
66	20	23.79774582695358
66	21	39.52234552300252
66	22	50.29341044432728
66	23	66.03125287077273
66	24	49.66283673419785
67	1	25.687777308877372
67	2	21.648533650021992
67	3	16.745040767936697
67	4	15.212893026430184
67	5	21.777600517599442
67	6	32.039506747231094
67	7	28.929075472774276
67	8	43.788356601101746
67	9	47.986188615810406
67	10	27.4807062864351
67	11	51.53918812135115
67	12	51.797654414267356
67	13	25.19763574722131
67	14	38.72053874643265
67	15	53.0134033124809
67	16	67.31589695567597
67	17	59.45302542746368
67	18	113.03819704674675
67	19	81.17677358831816
67	20	46.049014836926865
67	21	45.68102759676669
67	22	43.67377313574793
67	23	46.11824666956143
67	24	32.83271654016393
68	1	51.463926946692766
68	2	40.66989448013267
68	3	49.143643097375545
68	4	67.31832464964344
68	5	69.21761161590206
68	6	26.616598734502322
68	7	76.14330905137514
68	8	12.662843384799977
68	9	75.74404734974561
68	10	38.87375102895141
68	11	45.457270329080565
68	12	37.37267247966955
68	13	32.79768457549862
68	14	37.37642968751816
68	15	49.10532398932301
68	16	37.83205942996182
68	17	61.967162459948796
68	18	67.96754624845322
68	19	52.55001722688454
68	20	66.1476260063386
68	21	54.50875310134236
68	22	44.7178523759567
68	23	57.58471628678641
68	24	41.97243856265252
69	1	36.33862901300935
69	2	49.85368689740465
69	3	34.660026086413524
69	4	28.31499894318398
69	5	22.19197557649419
69	6	17.553278570981742
69	7	17.729181422530207
69	8	35.74547865765861
69	9	31.669525789335196
69	10	36.041896960710766
69	11	54.19019773156561
69	12	42.706147597090165
69	13	55.31550316009686
69	14	96.85289126740967
69	15	63.01573912774365
69	16	28.64466651507627
69	17	81.77398236324926
69	18	78.73097953120092
69	19	60.133399965882916
69	20	92.83432617354079
69	21	60.338147010709775
69	22	42.39540198052852
69	23	70.07959980203519
69	24	14.327374252737412
70	1	59.62621822679693
70	2	36.125459312938325
70	3	45.79202438086968
70	4	65.73413552471459
70	5	57.100697034578715
70	6	24.730889796054765
70	7	66.59833230530671
70	8	85.07389978622008
70	9	68.40519672112599
70	10	67.5942015322418
70	11	94.02955706016972
70	12	76.15903425137226
70	13	81.86744490771403
70	14	105.73143515910431
70	15	54.26776216905491
70	16	54.055240306103364
70	17	54.00509241042366
70	18	66.23028288848717
70	19	76.39293545435763
70	20	31.75161941157526
70	21	40.22882751995497
70	22	70.46582220456864
70	23	54.72119789627544
70	24	46.632170544116484
71	1	102.77801460194499
71	2	87.29851627073135
71	3	93.16312043678717
71	4	93.51984523667817
71	5	61.93736496519399
71	6	79.29921197165409
71	7	47.99875416700316
71	8	230.82987842360953
71	9	277.85208209187425
71	10	340.7889304735003
71	11	249.89924265391343
71	12	167.7593618204021
71	13	84.37004092629061
71	14	120.42251909539998
71	15	142.23410456245847
71	16	135.38191492975443
71	17	154.7534884719657
71	18	125.85789783903051
71	19	146.64212090576
71	20	131.2891095886668
71	21	73.14293324863237
71	22	80.71508296314455
71	23	104.48387354324846
71	24	89.58618808745419
72	1	47.4107484865766
72	2	73.36480823200021
72	3	75.61415244684142
72	4	49.76055906183607
72	5	58.99333399695533
72	6	76.29009296321989
72	7	72.9886163418495
72	8	96.62527952930576
72	9	78.0500741385292
72	10	70.01853457153403
72	11	71.01810576658427
72	12	62.46799084313571
72	13	36.77443272831822
72	14	53.92352007942846
72	15	63.193019550812885
72	16	52.50376411671592
72	17	74.0917977741886
72	18	93.86603044259827
72	19	107.51179717354067
72	20	83.77647556484416
72	21	105.46802747732795
72	22	100.21350646143767
72	23	68.42099812087038
72	24	57.89536158634196
73	1	54.28810669766636
73	2	69.88298846005006
73	3	62.6011899542613
73	4	59.86826179561721
73	5	54.24971885013893
73	6	45.07778176262648
73	7	77.10017037514528
73	8	139.16886154804732
73	9	98.05711099182554
73	10	250.4227457056409
73	11	200.2604128863282
73	12	191.51445488313885
73	13	121.67167469529203
73	14	112.82886703228374
73	15	103.86194168069134
73	16	231.55401391651563
73	17	226.52276289566763
73	18	200.9045466920195
73	19	153.06186991475474
73	20	133.32967649276762
73	21	76.23618113552273
73	22	71.5490171180688
73	23	77.83039678907355
73	24	31.03769806019248
74	1	46.40462934074621
74	2	64.36727985135614
74	3	47.05574058422598
74	4	72.72481059830098
74	5	34.07745543479339
74	6	51.93228436150405
74	7	81.3480017147271
74	8	38.604029606830096
74	9	60.15540100979256
74	10	72.16274396019914
74	11	47.60711943227022
74	12	68.48328335480471
74	13	52.0231866237926
74	14	65.56345134135348
74	15	68.81196581352933
74	16	80.73292629569143
74	17	52.05323810383544
74	18	83.45365050412838
74	19	83.3332230369605
74	20	75.57889510922027
74	21	84.84658057765623
74	22	75.37756727235832
74	23	55.27270996244126
74	24	58.3518972396615
75	1	74.64384835432527
75	2	62.507613717814955
75	3	47.24849542720689
75	4	53.71427964329778
75	5	74.89882982471399
75	6	58.83437184773808
75	7	45.94963774916774
75	8	24.704586502724368
75	9	61.683491005781306
75	10	60.57201190882433
75	11	31.11458825251152
75	12	43.33957686942529
75	13	71.69803782724246
75	14	56.395042626632964
75	15	53.66109427756754
75	16	60.60467258027938
75	17	42.78313477222916
75	18	83.76297101319555
75	19	33.16763136379117
75	20	55.83683645368267
75	21	55.97704005975886
75	22	53.61074420814307
75	23	68.80982767725882
75	24	58.266550739148194
76	1	40.34406073111799
76	2	34.17215689110503
76	3	32.99878697935252
76	4	49.25555354567845
76	5	62.95777593826917
76	6	42.7790779024285
76	7	57.184315840113584
76	8	74.06673032686365
76	9	175.85683863078964
76	10	109.32268473690486
76	11	90.25373559583983
76	12	47.20152086026721
76	13	90.76357968225138
76	14	62.47975618929812
76	15	82.43926952825294
76	16	63.11681656154671
76	17	55.42983488062171
76	18	77.7496137548142
76	19	187.14670603047122
76	20	137.20869757040535
76	21	108.39389594754567
76	22	130.55874045692104
76	23	125.80033293723059
76	24	100.70763593078223
77	1	102.39476388032764
77	2	76.12392644837989
77	3	98.67417059279849
77	4	111.95610314454578
77	5	78.3640955458755
77	6	35.87049104212392
77	7	97.85474353521917
77	8	125.41630895533613
77	9	176.98863546213713
77	10	158.46876575783608
77	11	149.36491939209586
77	12	135.5904620257945
77	13	106.38564777984499
77	14	45.812779181317154
77	15	66.29815844310079
77	16	96.93952025190454
77	17	121.82507216629209
77	18	105.50431568551434
77	19	131.47384072486602
77	20	68.8210847489814
77	21	149.80233590532447
77	22	74.92623067722981
77	23	68.06414713400798
77	24	74.72374929248394
78	1	45.621410560551915
78	2	36.690107127529636
78	3	34.14201121884531
78	4	42.79898900522068
78	5	47.052152148589904
78	6	40.28581651722654
78	7	44.39372131332072
78	8	60.14631605592139
78	9	74.85421982373767
78	10	29.984388175655724
78	11	44.007621417469046
78	12	39.129098919269346
78	13	38.10123112407961
78	14	54.30158612120815
78	15	35.14753633796608
78	16	41.49537878787804
78	17	20.709218014972805
78	18	73.01739761270882
78	19	49.970695511600226
78	20	48.20632441486445
78	21	40.47136103807741
78	22	38.15898571538034
78	23	32.16136869609538
78	24	31.13424037372286
79	1	1.7112148078281821
79	2	0.23286596827875194
79	3	0.2217041811905449
79	4	0.49390178483653335
79	5	0.49058520560534397
79	6	2.5559544769503217
79	7	17.766601834182865
79	8	23.466805677932925
79	9	24.32575790965025
79	10	30.52119224199776
79	11	27.98817719949122
79	12	25.21349759596516
79	13	32.12263005686191
79	14	25.302886647388323
79	15	25.78615131128685
79	16	23.58512396758509
79	17	33.078866515536696
79	18	27.502371010849398
79	19	21.24138679562339
79	20	25.964079567731112
79	21	26.68185124950954
79	22	22.164590794384978
79	23	28.370087741380384
79	24	8.993574207151305
80	1	74.15057270493763
80	2	50.66536125301041
80	3	72.29672910455126
80	4	62.292697571926716
80	5	49.092326130591594
80	6	60.44531118103058
80	7	40.68576050902475
80	8	58.257047697900106
80	9	101.08116219203012
80	10	65.02389304451765
80	11	74.49837364830371
80	12	45.28109700524201
80	13	63.91087493032785
80	14	75.81403368633435
80	15	75.03053361785042
80	16	43.2720900148171
80	17	76.4331343661642
80	18	71.63203372979677
80	19	55.39365883424824
80	20	32.3888569178132
80	21	43.91145608955085
80	22	74.04319758561448
80	23	73.57945161147326
80	24	53.13435942931055
81	1	12.491534109515282
81	2	10.803973821615472
81	3	7.707454231051101
81	4	9.270243994867279
81	5	8.835838276276728
81	6	10.638448290918964
81	7	30.346385715261743
81	8	34.075556354078834
81	9	46.74394314097395
81	10	47.9117674289909
81	11	45.35225965403359
81	12	44.73658080019325
81	13	31.280497639049987
81	14	37.06313813188126
81	15	45.57916271598493
81	16	52.57852061710249
81	17	40.62730185039332
81	18	57.772830527658556
81	19	47.625651056813865
81	20	46.65821346321834
81	21	36.527670218241425
81	22	35.02099027222992
81	23	49.121705158595525
81	24	51.15976263679987
82	1	42.40094616684403
82	2	39.39519110946086
82	3	28.146808940819703
82	4	35.57956006148347
82	5	41.599812114678016
82	6	21.379014583674312
82	7	49.97544923576728
82	8	48.73493343917977
82	9	44.104865120892335
82	10	41.88469087969659
82	11	28.04447134714081
82	12	31.034630957332777
82	13	26.211840834678338
82	14	32.439627134262594
82	15	46.61865949251499
82	16	42.73990983857617
82	17	37.99029692290413
82	18	29.351698257438166
82	19	52.65924557780995
82	20	45.755777819442855
82	21	53.29601366154263
82	22	21.162403486442866
82	23	46.010993177217536
82	24	34.27771316530912
83	1	54.50202838539336
83	2	69.75207971354062
83	3	87.59008639201733
83	4	35.98440264415962
83	5	65.84961810454294
83	6	69.1913585610778
83	7	76.55976107059527
83	8	83.56604598286373
83	9	63.948665311329584
83	10	77.85728824963769
83	11	63.98066943585617
83	12	49.196706986164706
83	13	61.313632116492805
83	14	79.86307919127088
83	15	64.04974910648657
83	16	43.619257331749985
83	17	34.03025058537315
83	18	60.41816454423257
83	19	63.43705829569958
83	20	65.857450311447
83	21	89.60352819968706
83	22	67.42977787032815
83	23	33.29069016197112
83	24	76.20461722208638
84	1	71.52654691104273
84	2	45.5140758885954
84	3	62.51829059390613
84	4	40.56753674196968
84	5	68.83607530860229
84	6	56.79785158039561
84	7	70.19676754740584
84	8	54.300190552591374
84	9	36.65962386643792
84	10	54.86690027059254
84	11	58.17911054237797
84	12	82.44780779589988
84	13	55.79028791805654
84	14	52.83751263003344
84	15	46.68984270713069
84	16	53.15690845976593
84	17	87.41634248359144
84	18	44.33387762872378
84	19	66.20215679982297
84	20	46.321093395331886
84	21	61.33462803044354
84	22	71.59649775722157
84	23	39.43950977738093
84	24	27.026970373586163
85	1	31.795660231877672
85	2	31.617302532087006
85	3	30.776619842206575
85	4	33.691062517514624
85	5	25.852066168283837
85	6	23.30396108161666
85	7	40.75268387038733
85	8	22.747034343923456
85	9	34.66518639897066
85	10	29.313623769008565
85	11	24.28463402750174
85	12	39.58437526591221
85	13	52.23255056942351
85	14	45.423489044442974
85	15	44.59780339354257
85	16	23.23147379338686
85	17	30.231031449394546
85	18	38.89961736273802
85	19	38.28990438520031
85	20	30.620184097397185
85	21	19.763577049621365
85	22	31.260665229443227
85	23	39.250434599430974
85	24	25.016051176635322
86	1	31.795660231877672
86	2	31.617302532087006
86	3	30.776619842206575
86	4	33.691062517514624
86	5	25.852066168283837
86	6	23.30396108161666
86	7	40.75268387038733
86	8	22.747034343923456
86	9	34.66518639897066
86	10	29.313623769008565
86	11	24.28463402750174
86	12	39.58437526591221
86	13	52.23255056942351
86	14	45.423489044442974
86	15	44.59780339354257
86	16	23.23147379338686
86	17	30.231031449394546
86	18	38.89961736273802
86	19	38.28990438520031
86	20	30.620184097397185
86	21	19.763577049621365
86	22	31.260665229443227
86	23	39.250434599430974
86	24	25.016051176635322
87	1	56.32308608557849
87	2	45.61195702199835
87	3	42.083178687719936
87	4	41.36402199696515
87	5	52.85170842837203
87	6	70.46043930496742
87	7	70.10393935257939
87	8	45.37802142130422
87	9	55.195212700430965
87	10	57.27345017202416
87	11	53.34866190477123
87	12	68.89819159336344
87	13	30.879885577534562
87	14	28.025588317332378
87	15	52.87531650085028
87	16	44.320225818531654
87	17	63.36235362304793
87	18	59.081541026245546
87	19	58.605856356179785
87	20	88.71716833408829
87	21	76.02906899301958
87	22	60.65993036714378
87	23	77.21936783135885
87	24	60.53302515979662
88	1	66.88277692538767
88	2	46.48105657034771
88	3	22.766353145264045
88	4	68.09739168194004
88	5	72.0118153646332
88	6	59.748366716991946
88	7	83.81069823166578
88	8	49.140530211512946
88	9	59.13759297332063
88	10	41.5676652453954
88	11	92.93812910024081
88	12	67.2639366673183
88	13	63.371077617286666
88	14	54.51181139452105
88	15	71.04535814815044
88	16	34.179329252427564
88	17	77.28257471532947
88	18	50.932332272600085
88	19	81.28859958591745
88	20	27.594025379221858
88	21	64.63607207064793
88	22	63.0267046310742
88	23	68.678250804694
88	24	60.42112086367326
89	1	22.286988875388822
89	2	33.704149050150036
89	3	18.940238682840633
89	4	34.66569787616995
89	5	36.00533014984325
89	6	47.29976568481494
89	7	37.49360020221805
89	8	41.065852728418385
89	9	33.91769733401783
89	10	17.7599345571058
89	11	41.8268163646031
89	12	27.01213887675299
89	13	22.256351155440186
89	14	35.80715410309876
89	15	32.25853358853318
89	16	27.8112977329127
89	17	26.005270066185087
89	18	36.67002516458378
89	19	28.688857188922665
89	20	50.026892997488176
89	21	32.54432910455144
89	22	35.80926229819236
89	23	16.845582559127852
89	24	0.0
90	1	23.141077299166326
90	2	11.740735891887532
90	3	21.399483145022497
90	4	26.368606584870896
90	5	27.8665455649637
90	6	19.83555055977911
90	7	31.597908087721624
90	8	32.67385771089747
90	9	20.26082486358027
90	10	22.416918980077664
90	11	38.98615221833275
90	12	17.419363956532735
90	13	23.697216876912908
90	14	23.46802824214246
90	15	22.623921647583767
90	16	41.64812998266552
90	17	27.595285965849012
90	18	26.46859740714008
90	19	11.494947408445713
90	20	26.499761196099005
90	21	22.980304750408937
90	22	15.075138763138465
90	23	25.235541301331512
90	24	14.035542905827018
91	1	40.572627430388785
91	2	47.169762965373216
91	3	21.303491080691597
91	4	44.34168568945987
91	5	40.55000502608261
91	6	39.647323833899044
91	7	74.17376060736177
91	8	135.29084928122137
91	9	141.80301224812555
91	10	61.430181510464365
91	11	63.788907265489
91	12	47.98099867608743
91	13	65.58926909131667
91	14	37.91330200532105
91	15	36.67735914916077
91	16	46.18129389396664
91	17	43.30214875076747
91	18	81.83345220703833
91	19	119.42366374480021
91	20	43.21335816465322
91	21	36.13927334607522
91	22	37.0712320193071
91	23	17.832852026026178
91	24	29.742882527342815
92	1	24.356246126481455
92	2	19.371361032860563
92	3	13.01188890179917
92	4	16.08322307113989
92	5	19.536685256631774
92	6	34.3172757256677
92	7	43.85364761854239
92	8	36.23422183879618
92	9	34.140730761261615
92	10	31.564298863038054
92	11	29.145702347551904
92	12	45.875349995901836
92	13	34.50836409616683
92	14	40.26554847744024
92	15	47.29037351080001
92	16	41.74616471540893
92	17	33.09344562663745
92	18	31.68719749255948
92	19	43.273305247106286
92	20	46.16843504783532
92	21	57.91035808872156
92	22	54.41530703044431
92	23	36.74912878082075
92	24	21.162415226613394
93	1	2.776401414530652
93	2	2.0146117869650113
93	3	2.778740287176113
93	4	2.1457098733321587
93	5	2.5224072429945514
93	6	2.0824921402721936
93	7	1.2795353445170776
93	8	13.356429882327957
93	9	14.110998804236305
93	10	20.28239099526916
93	11	10.03422520760623
93	12	26.39524677523054
93	13	29.00194757970837
93	14	23.044128396664526
93	15	34.53253003669797
93	16	30.04083703573055
93	17	61.484048120507715
93	18	36.414873591960635
93	19	36.79131483144512
93	20	23.211690163268894
93	21	10.38936775846878
93	22	9.865548034194559
93	23	6.141767375484938
93	24	5.423313043963511
94	1	41.48738259313009
94	2	47.63401735454351
94	3	45.05693477921323
94	4	54.607046893816815
94	5	57.91684256070876
94	6	43.89418212092045
94	7	45.06699437824843
94	8	68.63622439079172
94	9	51.26863369152258
94	10	47.39929450226709
94	11	66.60464604944579
94	12	72.0859147353682
94	13	100.78901688034307
94	14	112.80784441632832
94	15	51.42556547627416
94	16	81.10387235145151
94	17	70.46323792702695
94	18	118.80368900456477
94	19	77.73541770368554
94	20	104.508979586685
94	21	64.8341750639585
94	22	63.28965457608249
94	23	55.082917379700575
94	24	62.54188303486458
95	1	28.93668841127936
95	2	20.538560428163812
95	3	18.08407117622769
95	4	8.235198098795697
95	5	9.328089427249012
95	6	15.991250190134277
95	7	20.286464741675058
95	8	26.641995575908425
95	9	55.63580499565858
95	10	55.504148648034615
95	11	29.866916188183286
95	12	28.85524128599003
95	13	35.29163096790887
95	14	44.8814484049868
95	15	52.005980809151644
95	16	99.3267525518341
95	17	60.40651900962925
95	18	82.9437321211912
95	19	87.28970697344293
95	20	77.65087955473398
95	21	68.41214240298918
95	22	71.34139244583208
95	23	55.38012240634665
95	24	41.167626121316495
96	1	38.570070663417695
96	2	33.41705408006596
96	3	6.437152914295008
96	4	0.9763000837907454
96	5	0.0
96	6	0.0
96	7	0.0
96	8	1.5672271351272056
96	9	8.911511760494111
96	10	32.155481094848774
96	11	20.604082136428733
96	12	40.92101098112215
96	13	44.49663030118121
96	14	36.242988465886434
96	15	17.323389005280394
96	16	67.21461627970398
96	17	49.07126048607065
96	18	30.703584290999697
96	19	65.72214878508127
96	20	23.79774582695358
96	21	39.52234552300252
96	22	50.29341044432728
96	23	66.03125287077273
96	24	49.66283673419785
97	1	54.28810669766636
97	2	69.88298846005006
97	3	62.6011899542613
97	4	59.86826179561721
97	5	54.24971885013893
97	6	45.07778176262648
97	7	77.10017037514528
97	8	139.16886154804732
97	9	98.05711099182554
97	10	250.4227457056409
97	11	200.2604128863282
97	12	191.51445488313885
97	13	121.67167469529203
97	14	112.82886703228374
97	15	103.86194168069134
97	16	231.55401391651563
97	17	226.52276289566763
97	18	200.9045466920195
97	19	153.06186991475474
97	20	133.32967649276762
97	21	76.23618113552273
97	22	71.5490171180688
97	23	77.83039678907355
97	24	31.03769806019248
98	1	25.913534971787293
98	2	18.84084622327816
98	3	6.7015226114630675
98	4	21.242130800922066
98	5	11.956601291418115
98	6	12.76894526448738
98	7	22.080266945879128
98	8	22.464262945867734
98	9	20.382703542605267
98	10	30.28125175270664
98	11	22.259289846928496
98	12	17.003343744751625
98	13	33.412137046758595
98	14	24.762140163350562
98	15	19.00888313777887
98	16	13.191196715827225
98	17	34.987898969803744
98	18	38.467732787562774
98	19	35.70374934282583
98	20	28.03241861967895
98	21	32.58048064770836
98	22	19.234988192165883
98	23	22.816161898278263
98	24	15.955851556027458
99	1	41.48738259313009
99	2	47.63401735454351
99	3	45.05693477921323
99	4	54.607046893816815
99	5	57.91684256070876
99	6	43.89418212092045
99	7	45.06699437824843
99	8	68.63622439079172
99	9	51.26863369152258
99	10	47.39929450226709
99	11	66.60464604944579
99	12	72.0859147353682
99	13	100.78901688034307
99	14	112.80784441632832
99	15	51.42556547627416
99	16	81.10387235145151
99	17	70.46323792702695
99	18	118.80368900456477
99	19	77.73541770368554
99	20	104.508979586685
99	21	64.8341750639585
99	22	63.28965457608249
99	23	55.082917379700575
99	24	62.54188303486458
100	1	52.49490090161727
100	2	34.152550331253074
100	3	46.793239550053215
100	4	26.81395192430654
100	5	29.20236422284282
100	6	36.929355431057225
100	7	41.46504946472988
100	8	33.6981624866204
100	9	51.13230294337252
100	10	58.39671554511811
100	11	47.11708172786354
100	12	41.23146152186746
100	13	53.52303795170571
100	14	31.6264170121144
100	15	32.03303107219278
100	16	37.29005282492631
100	17	50.03693574265997
100	18	48.88837105939047
100	19	35.76941715333906
100	20	43.421037873329176
100	21	26.64446254793407
100	22	36.71575850794904
100	23	35.021912349141246
100	24	44.468333152593125
101	1	29.553369286197526
101	2	58.72365850568259
101	3	37.65514635750046
101	4	58.506029779533954
101	5	71.01839066063047
101	6	36.15284532293539
101	7	47.527752200430434
101	8	53.05450292069558
101	9	65.24879609131219
101	10	37.79588194047014
101	11	44.01841555646118
101	12	48.11592501110157
101	13	52.353751872410776
101	14	38.48318492425726
101	15	42.01645939271096
101	16	61.668217951002156
101	17	80.24794128783589
101	18	57.56023516473627
101	19	59.997179427891396
101	20	39.6729835928824
101	21	55.13427709268814
101	22	36.11220455391412
101	23	48.63371254369515
101	24	56.70513918580314
102	1	59.385212033303716
102	2	72.43013502640876
102	3	46.26030669250995
102	4	43.68681363728407
102	5	50.31995727187163
102	6	61.288453942887024
102	7	37.06316111783312
102	8	55.10682942758709
102	9	109.89340573095654
102	10	72.97624713317101
102	11	87.52010035855184
102	12	58.353093354011335
102	13	67.44883557680252
102	14	76.27463898419369
102	15	41.65180179062897
102	16	57.54811442990829
102	17	55.94559306635006
102	18	67.07539709881492
102	19	119.88894930923077
102	20	90.78731313775128
102	21	72.87340727299787
102	22	44.734730498591084
102	23	80.74715854719074
102	24	65.33594422531897
103	1	12.124254168110527
103	2	10.002586391040737
103	3	5.469452112580237
103	4	6.774241094571092
103	5	28.40538664174508
103	6	55.59560763361218
103	7	42.233415807208466
103	8	46.05886826410909
103	9	43.74032384793247
103	10	30.470263400324082
103	11	35.41904153942935
103	12	36.975954786411755
103	13	40.93211768014175
103	14	40.74575191231422
103	15	26.448936635537414
103	16	38.695498172400534
103	17	36.30257099859262
103	18	27.927525650010324
103	19	43.584693859836904
103	20	55.20561775011535
103	21	47.1873885281764
103	22	51.00484378919959
103	23	38.55907631868971
103	24	40.22933340022713
104	1	15.96917706371456
104	2	32.15324154561989
104	3	35.91213268229573
104	4	34.906564681306456
104	5	34.34420218151245
104	6	36.059235728330606
104	7	53.63367176271161
104	8	39.685331318047496
104	9	36.84531647985345
104	10	40.87545278665257
104	11	18.379281941955366
104	12	27.621548226110853
104	13	50.65712227826021
104	14	27.788553429706713
104	15	38.93603336947938
104	16	60.80372138677009
104	17	27.929365609531356
104	18	57.095951579276196
104	19	56.35636074868298
104	20	52.91039976213973
104	21	40.148003867113516
104	22	40.971104109418974
104	23	28.235491620247302
104	24	34.425307570074644
105	1	37.645570766211996
105	2	33.2765407200929
105	3	44.55665790956548
105	4	41.1127165970237
105	5	61.42445611417381
105	6	35.80255096434056
105	7	39.00514343996573
105	8	66.86053926098903
105	9	82.97016805046675
105	10	50.84364121309187
105	11	62.76399515256962
105	12	64.13445781091339
105	13	46.26678210679421
105	14	58.05803705336573
105	15	64.63179073156756
105	16	108.06793012452836
105	17	80.75337129230847
105	18	132.18962391942932
105	19	108.37486349954798
105	20	85.08635731749152
105	21	90.59961832382203
105	22	48.05926131707428
105	23	35.74357216408236
105	24	73.91259883237146
106	1	42.40094616684403
106	2	39.39519110946086
106	3	28.146808940819703
106	4	35.57956006148347
106	5	41.599812114678016
106	6	21.379014583674312
106	7	49.97544923576728
106	8	48.73493343917977
106	9	44.104865120892335
106	10	41.88469087969659
106	11	28.04447134714081
106	12	31.034630957332777
106	13	26.211840834678338
106	14	32.439627134262594
106	15	46.61865949251499
106	16	42.73990983857617
106	17	37.99029692290413
106	18	29.351698257438166
106	19	52.65924557780995
106	20	45.755777819442855
106	21	53.29601366154263
106	22	21.162403486442866
106	23	46.010993177217536
106	24	34.27771316530912
107	1	42.84411336963954
107	2	40.28657305702459
107	3	24.557268260525646
107	4	30.99411790054214
107	5	40.222923459228895
107	6	42.58676129027549
107	7	40.56365636220946
107	8	28.857123398334743
107	9	69.23068673720223
107	10	35.50975694162106
107	11	55.09808246876518
107	12	52.67167473726179
107	13	18.213418898905108
107	14	42.31184712098241
107	15	39.68017087505561
107	16	46.24848061434067
107	17	51.71540450030338
107	18	41.33949236282665
107	19	37.56299221645836
107	20	28.27892296316213
107	21	50.359840823100356
107	22	61.09252677335407
107	23	43.68692430319842
107	24	50.29193036438843
108	1	46.016540015146575
108	2	46.045572893947956
108	3	30.094379536488738
108	4	24.024623008867774
108	5	11.90588638383051
108	6	11.479341635157501
108	7	16.94923248580933
108	8	27.478764658072695
108	9	59.22350261282253
108	10	29.466512255082154
108	11	54.54368817969949
108	12	50.195164269973205
108	13	62.42150011526002
108	14	43.68867852758837
108	15	34.32624415821057
108	16	39.30182241086885
108	17	61.49479182782942
108	18	59.656560247805444
108	19	53.207324489482296
108	20	44.797321578430534
108	21	47.42884529293198
108	22	45.43491777874231
108	23	53.00425906364167
108	24	59.044274279431455
109	1	41.84229924707361
109	2	35.73939401891428
109	3	44.363206163661204
109	4	35.08652370801226
109	5	30.02465706179972
109	6	28.761752837474564
109	7	26.463021549884846
109	8	37.627218650052605
109	9	27.825837678211034
109	10	15.32491870809538
109	11	45.78704334048981
109	12	38.86815609466177
109	13	63.843713640846886
109	14	20.429555992157418
109	15	51.86806315781324
109	16	55.831846123040144
109	17	18.086348573431966
109	18	49.99473530628866
109	19	54.084829549220274
109	20	74.84388443414824
109	21	75.19292528284466
109	22	76.7270939475731
109	23	48.52666232185587
109	24	48.71981292234939
110	1	71.82508116117891
110	2	77.57415195397076
110	3	64.93159468270544
110	4	35.19629136068032
110	5	90.49528544714585
110	6	54.25905997543356
110	7	62.15477380759639
110	8	54.611723823193046
110	9	86.21050549067066
110	10	85.52390025685956
110	11	84.63056501922192
110	12	78.09018762854046
110	13	93.76747096637015
110	14	55.23001777679311
110	15	96.52295319763478
110	16	72.01658442858806
110	17	92.05813203900581
110	18	87.38386298091291
110	19	97.65004781742718
110	20	75.94304942651112
110	21	46.23506396808585
110	22	88.59723291772129
110	23	73.96844202559228
110	24	59.15403021801824
111	1	15.96917706371456
111	2	32.15324154561989
111	3	35.91213268229573
111	4	34.906564681306456
111	5	34.34420218151245
111	6	36.059235728330606
111	7	53.63367176271161
111	8	39.685331318047496
111	9	36.84531647985345
111	10	40.87545278665257
111	11	18.379281941955366
111	12	27.621548226110853
111	13	50.65712227826021
111	14	27.788553429706713
111	15	38.93603336947938
111	16	60.80372138677009
111	17	27.929365609531356
111	18	57.095951579276196
111	19	56.35636074868298
111	20	52.91039976213973
111	21	40.148003867113516
111	22	40.971104109418974
111	23	28.235491620247302
111	24	34.425307570074644
112	1	52.49490090161727
112	2	34.152550331253074
112	3	46.793239550053215
112	4	26.81395192430654
112	5	29.20236422284282
112	6	36.929355431057225
112	7	41.46504946472988
112	8	33.6981624866204
112	9	51.13230294337252
112	10	58.39671554511811
112	11	47.11708172786354
112	12	41.23146152186746
112	13	53.52303795170571
112	14	31.6264170121144
112	15	32.03303107219278
112	16	37.29005282492631
112	17	50.03693574265997
112	18	48.88837105939047
112	19	35.76941715333906
112	20	43.421037873329176
112	21	26.64446254793407
112	22	36.71575850794904
112	23	35.021912349141246
112	24	44.468333152593125
