Node	Time	ID_Capacity_Sell_Volume
1	1	0.0
1	2	0.0
1	3	0.0
1	4	0.0
1	5	0.0
1	6	0.0
1	7	0.0
1	8	0.0
1	9	0.0
1	10	0.1
1	11	16.9
1	12	20.6
1	13	1.7
1	14	5.0
1	15	2.1
1	16	10.6
1	17	55.2
1	18	20.8
1	19	30.8
1	20	26.0
1	21	21.0
1	22	38.3
1	23	122.9
1	24	110.5
2	1	5.3
2	2	6.9
2	3	5.4
2	4	11.2
2	5	7.9
2	6	2.0
2	7	5.1
2	8	10.8
2	9	3.9
2	10	5.6
2	11	1.4
2	12	5.9
2	13	3.0
2	14	135.6
2	15	24.3
2	16	22.7
2	17	68.1
2	18	36.8
2	19	97.5
2	20	8.5
2	21	0.3
2	22	2.1
2	23	8.7
2	24	45.2
3	1	0.0
3	2	0.0
3	3	0.0
3	4	0.0
3	5	0.0
3	6	0.0
3	7	0.0
3	8	0.0
3	9	0.0
3	10	0.1
3	11	16.9
3	12	20.6
3	13	1.7
3	14	5.0
3	15	2.1
3	16	10.6
3	17	55.2
3	18	20.8
3	19	30.8
3	20	26.0
3	21	21.0
3	22	38.3
3	23	122.9
3	24	110.5
4	1	5.3
4	2	6.9
4	3	5.4
4	4	11.2
4	5	7.9
4	6	2.0
4	7	5.1
4	8	10.8
4	9	3.9
4	10	5.6
4	11	1.4
4	12	5.9
4	13	3.0
4	14	135.6
4	15	24.3
4	16	22.7
4	17	68.1
4	18	36.8
4	19	97.5
4	20	8.5
4	21	0.3
4	22	2.1
4	23	8.7
4	24	45.2
5	1	10.0
5	2	19.0
5	3	2.1
5	4	0.1
5	5	5.7
5	6	18.9
5	7	43.2
5	8	69.3
5	9	70.1
5	10	77.0
5	11	20.5
5	12	37.3
5	13	7.6
5	14	19.1
5	15	137.4
5	16	42.0
5	17	12.8
5	18	20.5
5	19	32.8
5	20	19.9
5	21	13.4
5	22	62.7
5	23	74.6
5	24	73.8
6	1	5.3
6	2	6.9
6	3	5.4
6	4	11.2
6	5	7.9
6	6	2.0
6	7	5.1
6	8	10.8
6	9	3.9
6	10	5.6
6	11	1.4
6	12	5.9
6	13	3.0
6	14	135.6
6	15	24.3
6	16	22.7
6	17	68.1
6	18	36.8
6	19	97.5
6	20	8.5
6	21	0.3
6	22	2.1
6	23	8.7
6	24	45.2
7	1	10.0
7	2	19.0
7	3	2.1
7	4	0.1
7	5	5.7
7	6	18.9
7	7	43.2
7	8	69.3
7	9	70.1
7	10	77.0
7	11	20.5
7	12	37.3
7	13	7.6
7	14	19.1
7	15	137.4
7	16	42.0
7	17	12.8
7	18	20.5
7	19	32.8
7	20	19.9
7	21	13.4
7	22	62.7
7	23	74.6
7	24	73.8
8	1	8.8
8	2	10.9
8	3	24.1
8	4	33.0
8	5	11.6
8	6	22.3
8	7	6.6
8	8	0.0
8	9	32.3
8	10	114.6
8	11	34.8
8	12	28.9
8	13	0.5
8	14	15.8
8	15	3.2
8	16	34.0
8	17	78.7
8	18	5.2
8	19	5.8
8	20	7.0
8	21	5.4
8	22	9.2
8	23	11.4
8	24	22.6
9	1	3.0
9	2	25.1
9	3	39.3
9	4	21.7
9	5	39.2
9	6	48.6
9	7	33.1
9	8	6.5
9	9	0.3
9	10	0.1
9	11	26.5
9	12	68.9
9	13	22.5
9	14	0.0
9	15	11.1
9	16	3.6
9	17	127.4
9	18	55.5
9	19	1.1
9	20	0.0
9	21	0.0
9	22	0.0
9	23	19.0
9	24	12.5
10	1	5.3
10	2	6.9
10	3	5.4
10	4	11.2
10	5	7.9
10	6	2.0
10	7	5.1
10	8	10.8
10	9	3.9
10	10	5.6
10	11	1.4
10	12	5.9
10	13	3.0
10	14	135.6
10	15	24.3
10	16	22.7
10	17	68.1
10	18	36.8
10	19	97.5
10	20	8.5
10	21	0.3
10	22	2.1
10	23	8.7
10	24	45.2
11	1	0.0
11	2	0.0
11	3	0.0
11	4	0.0
11	5	0.0
11	6	0.0
11	7	0.0
11	8	0.0
11	9	0.0
11	10	0.1
11	11	16.9
11	12	20.6
11	13	1.7
11	14	5.0
11	15	2.1
11	16	10.6
11	17	55.2
11	18	20.8
11	19	30.8
11	20	26.0
11	21	21.0
11	22	38.3
11	23	122.9
11	24	110.5
12	1	5.3
12	2	6.9
12	3	5.4
12	4	11.2
12	5	7.9
12	6	2.0
12	7	5.1
12	8	10.8
12	9	3.9
12	10	5.6
12	11	1.4
12	12	5.9
12	13	3.0
12	14	135.6
12	15	24.3
12	16	22.7
12	17	68.1
12	18	36.8
12	19	97.5
12	20	8.5
12	21	0.3
12	22	2.1
12	23	8.7
12	24	45.2
13	1	3.0
13	2	25.1
13	3	39.3
13	4	21.7
13	5	39.2
13	6	48.6
13	7	33.1
13	8	6.5
13	9	0.3
13	10	0.1
13	11	26.5
13	12	68.9
13	13	22.5
13	14	0.0
13	15	11.1
13	16	3.6
13	17	127.4
13	18	55.5
13	19	1.1
13	20	0.0
13	21	0.0
13	22	0.0
13	23	19.0
13	24	12.5
14	1	3.0
14	2	25.1
14	3	39.3
14	4	21.7
14	5	39.2
14	6	48.6
14	7	33.1
14	8	6.5
14	9	0.3
14	10	0.1
14	11	26.5
14	12	68.9
14	13	22.5
14	14	0.0
14	15	11.1
14	16	3.6
14	17	127.4
14	18	55.5
14	19	1.1
14	20	0.0
14	21	0.0
14	22	0.0
14	23	19.0
14	24	12.5
15	1	8.8
15	2	10.9
15	3	24.1
15	4	33.0
15	5	11.6
15	6	22.3
15	7	6.6
15	8	0.0
15	9	32.3
15	10	114.6
15	11	34.8
15	12	28.9
15	13	0.5
15	14	15.8
15	15	3.2
15	16	34.0
15	17	78.7
15	18	5.2
15	19	5.8
15	20	7.0
15	21	5.4
15	22	9.2
15	23	11.4
15	24	22.6
16	1	5.3
16	2	6.9
16	3	5.4
16	4	11.2
16	5	7.9
16	6	2.0
16	7	5.1
16	8	10.8
16	9	3.9
16	10	5.6
16	11	1.4
16	12	5.9
16	13	3.0
16	14	135.6
16	15	24.3
16	16	22.7
16	17	68.1
16	18	36.8
16	19	97.5
16	20	8.5
16	21	0.3
16	22	2.1
16	23	8.7
16	24	45.2
17	1	10.0
17	2	19.0
17	3	2.1
17	4	0.1
17	5	5.7
17	6	18.9
17	7	43.2
17	8	69.3
17	9	70.1
17	10	77.0
17	11	20.5
17	12	37.3
17	13	7.6
17	14	19.1
17	15	137.4
17	16	42.0
17	17	12.8
17	18	20.5
17	19	32.8
17	20	19.9
17	21	13.4
17	22	62.7
17	23	74.6
17	24	73.8
18	1	3.0
18	2	25.1
18	3	39.3
18	4	21.7
18	5	39.2
18	6	48.6
18	7	33.1
18	8	6.5
18	9	0.3
18	10	0.1
18	11	26.5
18	12	68.9
18	13	22.5
18	14	0.0
18	15	11.1
18	16	3.6
18	17	127.4
18	18	55.5
18	19	1.1
18	20	0.0
18	21	0.0
18	22	0.0
18	23	19.0
18	24	12.5
19	1	8.8
19	2	10.9
19	3	24.1
19	4	33.0
19	5	11.6
19	6	22.3
19	7	6.6
19	8	0.0
19	9	32.3
19	10	114.6
19	11	34.8
19	12	28.9
19	13	0.5
19	14	15.8
19	15	3.2
19	16	34.0
19	17	78.7
19	18	5.2
19	19	5.8
19	20	7.0
19	21	5.4
19	22	9.2
19	23	11.4
19	24	22.6
20	1	5.3
20	2	6.9
20	3	5.4
20	4	11.2
20	5	7.9
20	6	2.0
20	7	5.1
20	8	10.8
20	9	3.9
20	10	5.6
20	11	1.4
20	12	5.9
20	13	3.0
20	14	135.6
20	15	24.3
20	16	22.7
20	17	68.1
20	18	36.8
20	19	97.5
20	20	8.5
20	21	0.3
20	22	2.1
20	23	8.7
20	24	45.2
21	1	6.0
21	2	2.2
21	3	0.0
21	4	0.0
21	5	0.0
21	6	0.0
21	7	3.9
21	8	32.2
21	9	40.3
21	10	42.3
21	11	258.6
21	12	38.0
21	13	47.5
21	14	17.2
21	15	36.9
21	16	310.8
21	17	48.3
21	18	28.8
21	19	19.5
21	20	82.2
21	21	56.5
21	22	57.0
21	23	21.9
21	24	66.9
22	1	8.8
22	2	10.9
22	3	24.1
22	4	33.0
22	5	11.6
22	6	22.3
22	7	6.6
22	8	0.0
22	9	32.3
22	10	114.6
22	11	34.8
22	12	28.9
22	13	0.5
22	14	15.8
22	15	3.2
22	16	34.0
22	17	78.7
22	18	5.2
22	19	5.8
22	20	7.0
22	21	5.4
22	22	9.2
22	23	11.4
22	24	22.6
23	1	0.0
23	2	0.0
23	3	0.0
23	4	0.0
23	5	0.0
23	6	0.0
23	7	0.0
23	8	0.0
23	9	0.0
23	10	0.1
23	11	16.9
23	12	20.6
23	13	1.7
23	14	5.0
23	15	2.1
23	16	10.6
23	17	55.2
23	18	20.8
23	19	30.8
23	20	26.0
23	21	21.0
23	22	38.3
23	23	122.9
23	24	110.5
24	1	5.3
24	2	6.9
24	3	5.4
24	4	11.2
24	5	7.9
24	6	2.0
24	7	5.1
24	8	10.8
24	9	3.9
24	10	5.6
24	11	1.4
24	12	5.9
24	13	3.0
24	14	135.6
24	15	24.3
24	16	22.7
24	17	68.1
24	18	36.8
24	19	97.5
24	20	8.5
24	21	0.3
24	22	2.1
24	23	8.7
24	24	45.2
25	1	13.4
25	2	0.0
25	3	2.0
25	4	3.1
25	5	1.0
25	6	49.2
25	7	1.6
25	8	12.7
25	9	16.6
25	10	45.1
25	11	8.2
25	12	1.9
25	13	117.0
25	14	25.0
25	15	76.8
25	16	57.7
25	17	39.9
25	18	74.4
25	19	21.6
25	20	10.9
25	21	18.7
25	22	71.4
25	23	61.5
25	24	85.4
26	1	5.3
26	2	6.9
26	3	5.4
26	4	11.2
26	5	7.9
26	6	2.0
26	7	5.1
26	8	10.8
26	9	3.9
26	10	5.6
26	11	1.4
26	12	5.9
26	13	3.0
26	14	135.6
26	15	24.3
26	16	22.7
26	17	68.1
26	18	36.8
26	19	97.5
26	20	8.5
26	21	0.3
26	22	2.1
26	23	8.7
26	24	45.2
27	1	3.0
27	2	25.1
27	3	39.3
27	4	21.7
27	5	39.2
27	6	48.6
27	7	33.1
27	8	6.5
27	9	0.3
27	10	0.1
27	11	26.5
27	12	68.9
27	13	22.5
27	14	0.0
27	15	11.1
27	16	3.6
27	17	127.4
27	18	55.5
27	19	1.1
27	20	0.0
27	21	0.0
27	22	0.0
27	23	19.0
27	24	12.5
28	1	3.0
28	2	25.1
28	3	39.3
28	4	21.7
28	5	39.2
28	6	48.6
28	7	33.1
28	8	6.5
28	9	0.3
28	10	0.1
28	11	26.5
28	12	68.9
28	13	22.5
28	14	0.0
28	15	11.1
28	16	3.6
28	17	127.4
28	18	55.5
28	19	1.1
28	20	0.0
28	21	0.0
28	22	0.0
28	23	19.0
28	24	12.5
29	1	10.0
29	2	19.0
29	3	2.1
29	4	0.1
29	5	5.7
29	6	18.9
29	7	43.2
29	8	69.3
29	9	70.1
29	10	77.0
29	11	20.5
29	12	37.3
29	13	7.6
29	14	19.1
29	15	137.4
29	16	42.0
29	17	12.8
29	18	20.5
29	19	32.8
29	20	19.9
29	21	13.4
29	22	62.7
29	23	74.6
29	24	73.8
30	1	8.8
30	2	10.9
30	3	24.1
30	4	33.0
30	5	11.6
30	6	22.3
30	7	6.6
30	8	0.0
30	9	32.3
30	10	114.6
30	11	34.8
30	12	28.9
30	13	0.5
30	14	15.8
30	15	3.2
30	16	34.0
30	17	78.7
30	18	5.2
30	19	5.8
30	20	7.0
30	21	5.4
30	22	9.2
30	23	11.4
30	24	22.6
31	1	5.3
31	2	6.9
31	3	5.4
31	4	11.2
31	5	7.9
31	6	2.0
31	7	5.1
31	8	10.8
31	9	3.9
31	10	5.6
31	11	1.4
31	12	5.9
31	13	3.0
31	14	135.6
31	15	24.3
31	16	22.7
31	17	68.1
31	18	36.8
31	19	97.5
31	20	8.5
31	21	0.3
31	22	2.1
31	23	8.7
31	24	45.2
32	1	5.3
32	2	6.9
32	3	5.4
32	4	11.2
32	5	7.9
32	6	2.0
32	7	5.1
32	8	10.8
32	9	3.9
32	10	5.6
32	11	1.4
32	12	5.9
32	13	3.0
32	14	135.6
32	15	24.3
32	16	22.7
32	17	68.1
32	18	36.8
32	19	97.5
32	20	8.5
32	21	0.3
32	22	2.1
32	23	8.7
32	24	45.2
33	1	5.3
33	2	6.9
33	3	5.4
33	4	11.2
33	5	7.9
33	6	2.0
33	7	5.1
33	8	10.8
33	9	3.9
33	10	5.6
33	11	1.4
33	12	5.9
33	13	3.0
33	14	135.6
33	15	24.3
33	16	22.7
33	17	68.1
33	18	36.8
33	19	97.5
33	20	8.5
33	21	0.3
33	22	2.1
33	23	8.7
33	24	45.2
34	1	3.0
34	2	25.1
34	3	39.3
34	4	21.7
34	5	39.2
34	6	48.6
34	7	33.1
34	8	6.5
34	9	0.3
34	10	0.1
34	11	26.5
34	12	68.9
34	13	22.5
34	14	0.0
34	15	11.1
34	16	3.6
34	17	127.4
34	18	55.5
34	19	1.1
34	20	0.0
34	21	0.0
34	22	0.0
34	23	19.0
34	24	12.5
35	1	5.3
35	2	6.9
35	3	5.4
35	4	11.2
35	5	7.9
35	6	2.0
35	7	5.1
35	8	10.8
35	9	3.9
35	10	5.6
35	11	1.4
35	12	5.9
35	13	3.0
35	14	135.6
35	15	24.3
35	16	22.7
35	17	68.1
35	18	36.8
35	19	97.5
35	20	8.5
35	21	0.3
35	22	2.1
35	23	8.7
35	24	45.2
36	1	3.0
36	2	25.1
36	3	39.3
36	4	21.7
36	5	39.2
36	6	48.6
36	7	33.1
36	8	6.5
36	9	0.3
36	10	0.1
36	11	26.5
36	12	68.9
36	13	22.5
36	14	0.0
36	15	11.1
36	16	3.6
36	17	127.4
36	18	55.5
36	19	1.1
36	20	0.0
36	21	0.0
36	22	0.0
36	23	19.0
36	24	12.5
37	1	13.4
37	2	0.0
37	3	2.0
37	4	3.1
37	5	1.0
37	6	49.2
37	7	1.6
37	8	12.7
37	9	16.6
37	10	45.1
37	11	8.2
37	12	1.9
37	13	117.0
37	14	25.0
37	15	76.8
37	16	57.7
37	17	39.9
37	18	74.4
37	19	21.6
37	20	10.9
37	21	18.7
37	22	71.4
37	23	61.5
37	24	85.4
38	1	5.3
38	2	6.9
38	3	5.4
38	4	11.2
38	5	7.9
38	6	2.0
38	7	5.1
38	8	10.8
38	9	3.9
38	10	5.6
38	11	1.4
38	12	5.9
38	13	3.0
38	14	135.6
38	15	24.3
38	16	22.7
38	17	68.1
38	18	36.8
38	19	97.5
38	20	8.5
38	21	0.3
38	22	2.1
38	23	8.7
38	24	45.2
39	1	5.3
39	2	6.9
39	3	5.4
39	4	11.2
39	5	7.9
39	6	2.0
39	7	5.1
39	8	10.8
39	9	3.9
39	10	5.6
39	11	1.4
39	12	5.9
39	13	3.0
39	14	135.6
39	15	24.3
39	16	22.7
39	17	68.1
39	18	36.8
39	19	97.5
39	20	8.5
39	21	0.3
39	22	2.1
39	23	8.7
39	24	45.2
40	1	3.0
40	2	25.1
40	3	39.3
40	4	21.7
40	5	39.2
40	6	48.6
40	7	33.1
40	8	6.5
40	9	0.3
40	10	0.1
40	11	26.5
40	12	68.9
40	13	22.5
40	14	0.0
40	15	11.1
40	16	3.6
40	17	127.4
40	18	55.5
40	19	1.1
40	20	0.0
40	21	0.0
40	22	0.0
40	23	19.0
40	24	12.5
41	1	3.0
41	2	25.1
41	3	39.3
41	4	21.7
41	5	39.2
41	6	48.6
41	7	33.1
41	8	6.5
41	9	0.3
41	10	0.1
41	11	26.5
41	12	68.9
41	13	22.5
41	14	0.0
41	15	11.1
41	16	3.6
41	17	127.4
41	18	55.5
41	19	1.1
41	20	0.0
41	21	0.0
41	22	0.0
41	23	19.0
41	24	12.5
42	1	10.0
42	2	19.0
42	3	2.1
42	4	0.1
42	5	5.7
42	6	18.9
42	7	43.2
42	8	69.3
42	9	70.1
42	10	77.0
42	11	20.5
42	12	37.3
42	13	7.6
42	14	19.1
42	15	137.4
42	16	42.0
42	17	12.8
42	18	20.5
42	19	32.8
42	20	19.9
42	21	13.4
42	22	62.7
42	23	74.6
42	24	73.8
43	1	13.4
43	2	0.0
43	3	2.0
43	4	3.1
43	5	1.0
43	6	49.2
43	7	1.6
43	8	12.7
43	9	16.6
43	10	45.1
43	11	8.2
43	12	1.9
43	13	117.0
43	14	25.0
43	15	76.8
43	16	57.7
43	17	39.9
43	18	74.4
43	19	21.6
43	20	10.9
43	21	18.7
43	22	71.4
43	23	61.5
43	24	85.4
44	1	3.0
44	2	25.1
44	3	39.3
44	4	21.7
44	5	39.2
44	6	48.6
44	7	33.1
44	8	6.5
44	9	0.3
44	10	0.1
44	11	26.5
44	12	68.9
44	13	22.5
44	14	0.0
44	15	11.1
44	16	3.6
44	17	127.4
44	18	55.5
44	19	1.1
44	20	0.0
44	21	0.0
44	22	0.0
44	23	19.0
44	24	12.5
45	1	0.0
45	2	0.0
45	3	0.0
45	4	0.0
45	5	0.0
45	6	0.0
45	7	0.0
45	8	0.0
45	9	0.0
45	10	0.1
45	11	16.9
45	12	20.6
45	13	1.7
45	14	5.0
45	15	2.1
45	16	10.6
45	17	55.2
45	18	20.8
45	19	30.8
45	20	26.0
45	21	21.0
45	22	38.3
45	23	122.9
45	24	110.5
46	1	6.0
46	2	2.2
46	3	0.0
46	4	0.0
46	5	0.0
46	6	0.0
46	7	3.9
46	8	32.2
46	9	40.3
46	10	42.3
46	11	258.6
46	12	38.0
46	13	47.5
46	14	17.2
46	15	36.9
46	16	310.8
46	17	48.3
46	18	28.8
46	19	19.5
46	20	82.2
46	21	56.5
46	22	57.0
46	23	21.9
46	24	66.9
47	1	5.3
47	2	6.9
47	3	5.4
47	4	11.2
47	5	7.9
47	6	2.0
47	7	5.1
47	8	10.8
47	9	3.9
47	10	5.6
47	11	1.4
47	12	5.9
47	13	3.0
47	14	135.6
47	15	24.3
47	16	22.7
47	17	68.1
47	18	36.8
47	19	97.5
47	20	8.5
47	21	0.3
47	22	2.1
47	23	8.7
47	24	45.2
48	1	5.3
48	2	6.9
48	3	5.4
48	4	11.2
48	5	7.9
48	6	2.0
48	7	5.1
48	8	10.8
48	9	3.9
48	10	5.6
48	11	1.4
48	12	5.9
48	13	3.0
48	14	135.6
48	15	24.3
48	16	22.7
48	17	68.1
48	18	36.8
48	19	97.5
48	20	8.5
48	21	0.3
48	22	2.1
48	23	8.7
48	24	45.2
49	1	5.3
49	2	6.9
49	3	5.4
49	4	11.2
49	5	7.9
49	6	2.0
49	7	5.1
49	8	10.8
49	9	3.9
49	10	5.6
49	11	1.4
49	12	5.9
49	13	3.0
49	14	135.6
49	15	24.3
49	16	22.7
49	17	68.1
49	18	36.8
49	19	97.5
49	20	8.5
49	21	0.3
49	22	2.1
49	23	8.7
49	24	45.2
50	1	8.8
50	2	10.9
50	3	24.1
50	4	33.0
50	5	11.6
50	6	22.3
50	7	6.6
50	8	0.0
50	9	32.3
50	10	114.6
50	11	34.8
50	12	28.9
50	13	0.5
50	14	15.8
50	15	3.2
50	16	34.0
50	17	78.7
50	18	5.2
50	19	5.8
50	20	7.0
50	21	5.4
50	22	9.2
50	23	11.4
50	24	22.6
51	1	8.8
51	2	10.9
51	3	24.1
51	4	33.0
51	5	11.6
51	6	22.3
51	7	6.6
51	8	0.0
51	9	32.3
51	10	114.6
51	11	34.8
51	12	28.9
51	13	0.5
51	14	15.8
51	15	3.2
51	16	34.0
51	17	78.7
51	18	5.2
51	19	5.8
51	20	7.0
51	21	5.4
51	22	9.2
51	23	11.4
51	24	22.6
52	1	5.3
52	2	6.9
52	3	5.4
52	4	11.2
52	5	7.9
52	6	2.0
52	7	5.1
52	8	10.8
52	9	3.9
52	10	5.6
52	11	1.4
52	12	5.9
52	13	3.0
52	14	135.6
52	15	24.3
52	16	22.7
52	17	68.1
52	18	36.8
52	19	97.5
52	20	8.5
52	21	0.3
52	22	2.1
52	23	8.7
52	24	45.2
53	1	5.3
53	2	6.9
53	3	5.4
53	4	11.2
53	5	7.9
53	6	2.0
53	7	5.1
53	8	10.8
53	9	3.9
53	10	5.6
53	11	1.4
53	12	5.9
53	13	3.0
53	14	135.6
53	15	24.3
53	16	22.7
53	17	68.1
53	18	36.8
53	19	97.5
53	20	8.5
53	21	0.3
53	22	2.1
53	23	8.7
53	24	45.2
54	1	13.4
54	2	0.0
54	3	2.0
54	4	3.1
54	5	1.0
54	6	49.2
54	7	1.6
54	8	12.7
54	9	16.6
54	10	45.1
54	11	8.2
54	12	1.9
54	13	117.0
54	14	25.0
54	15	76.8
54	16	57.7
54	17	39.9
54	18	74.4
54	19	21.6
54	20	10.9
54	21	18.7
54	22	71.4
54	23	61.5
54	24	85.4
55	1	3.0
55	2	25.1
55	3	39.3
55	4	21.7
55	5	39.2
55	6	48.6
55	7	33.1
55	8	6.5
55	9	0.3
55	10	0.1
55	11	26.5
55	12	68.9
55	13	22.5
55	14	0.0
55	15	11.1
55	16	3.6
55	17	127.4
55	18	55.5
55	19	1.1
55	20	0.0
55	21	0.0
55	22	0.0
55	23	19.0
55	24	12.5
56	1	10.0
56	2	19.0
56	3	2.1
56	4	0.1
56	5	5.7
56	6	18.9
56	7	43.2
56	8	69.3
56	9	70.1
56	10	77.0
56	11	20.5
56	12	37.3
56	13	7.6
56	14	19.1
56	15	137.4
56	16	42.0
56	17	12.8
56	18	20.5
56	19	32.8
56	20	19.9
56	21	13.4
56	22	62.7
56	23	74.6
56	24	73.8
57	1	6.0
57	2	2.2
57	3	0.0
57	4	0.0
57	5	0.0
57	6	0.0
57	7	3.9
57	8	32.2
57	9	40.3
57	10	42.3
57	11	258.6
57	12	38.0
57	13	47.5
57	14	17.2
57	15	36.9
57	16	310.8
57	17	48.3
57	18	28.8
57	19	19.5
57	20	82.2
57	21	56.5
57	22	57.0
57	23	21.9
57	24	66.9
58	1	3.0
58	2	25.1
58	3	39.3
58	4	21.7
58	5	39.2
58	6	48.6
58	7	33.1
58	8	6.5
58	9	0.3
58	10	0.1
58	11	26.5
58	12	68.9
58	13	22.5
58	14	0.0
58	15	11.1
58	16	3.6
58	17	127.4
58	18	55.5
58	19	1.1
58	20	0.0
58	21	0.0
58	22	0.0
58	23	19.0
58	24	12.5
59	1	0.0
59	2	0.0
59	3	0.0
59	4	0.0
59	5	0.0
59	6	0.0
59	7	0.0
59	8	0.0
59	9	0.0
59	10	0.1
59	11	16.9
59	12	20.6
59	13	1.7
59	14	5.0
59	15	2.1
59	16	10.6
59	17	55.2
59	18	20.8
59	19	30.8
59	20	26.0
59	21	21.0
59	22	38.3
59	23	122.9
59	24	110.5
60	1	3.0
60	2	25.1
60	3	39.3
60	4	21.7
60	5	39.2
60	6	48.6
60	7	33.1
60	8	6.5
60	9	0.3
60	10	0.1
60	11	26.5
60	12	68.9
60	13	22.5
60	14	0.0
60	15	11.1
60	16	3.6
60	17	127.4
60	18	55.5
60	19	1.1
60	20	0.0
60	21	0.0
60	22	0.0
60	23	19.0
60	24	12.5
61	1	3.0
61	2	25.1
61	3	39.3
61	4	21.7
61	5	39.2
61	6	48.6
61	7	33.1
61	8	6.5
61	9	0.3
61	10	0.1
61	11	26.5
61	12	68.9
61	13	22.5
61	14	0.0
61	15	11.1
61	16	3.6
61	17	127.4
61	18	55.5
61	19	1.1
61	20	0.0
61	21	0.0
61	22	0.0
61	23	19.0
61	24	12.5
62	1	10.0
62	2	19.0
62	3	2.1
62	4	0.1
62	5	5.7
62	6	18.9
62	7	43.2
62	8	69.3
62	9	70.1
62	10	77.0
62	11	20.5
62	12	37.3
62	13	7.6
62	14	19.1
62	15	137.4
62	16	42.0
62	17	12.8
62	18	20.5
62	19	32.8
62	20	19.9
62	21	13.4
62	22	62.7
62	23	74.6
62	24	73.8
63	1	6.0
63	2	2.2
63	3	0.0
63	4	0.0
63	5	0.0
63	6	0.0
63	7	3.9
63	8	32.2
63	9	40.3
63	10	42.3
63	11	258.6
63	12	38.0
63	13	47.5
63	14	17.2
63	15	36.9
63	16	310.8
63	17	48.3
63	18	28.8
63	19	19.5
63	20	82.2
63	21	56.5
63	22	57.0
63	23	21.9
63	24	66.9
64	1	10.0
64	2	19.0
64	3	2.1
64	4	0.1
64	5	5.7
64	6	18.9
64	7	43.2
64	8	69.3
64	9	70.1
64	10	77.0
64	11	20.5
64	12	37.3
64	13	7.6
64	14	19.1
64	15	137.4
64	16	42.0
64	17	12.8
64	18	20.5
64	19	32.8
64	20	19.9
64	21	13.4
64	22	62.7
64	23	74.6
64	24	73.8
65	1	5.3
65	2	6.9
65	3	5.4
65	4	11.2
65	5	7.9
65	6	2.0
65	7	5.1
65	8	10.8
65	9	3.9
65	10	5.6
65	11	1.4
65	12	5.9
65	13	3.0
65	14	135.6
65	15	24.3
65	16	22.7
65	17	68.1
65	18	36.8
65	19	97.5
65	20	8.5
65	21	0.3
65	22	2.1
65	23	8.7
65	24	45.2
66	1	5.3
66	2	6.9
66	3	5.4
66	4	11.2
66	5	7.9
66	6	2.0
66	7	5.1
66	8	10.8
66	9	3.9
66	10	5.6
66	11	1.4
66	12	5.9
66	13	3.0
66	14	135.6
66	15	24.3
66	16	22.7
66	17	68.1
66	18	36.8
66	19	97.5
66	20	8.5
66	21	0.3
66	22	2.1
66	23	8.7
66	24	45.2
67	1	3.0
67	2	25.1
67	3	39.3
67	4	21.7
67	5	39.2
67	6	48.6
67	7	33.1
67	8	6.5
67	9	0.3
67	10	0.1
67	11	26.5
67	12	68.9
67	13	22.5
67	14	0.0
67	15	11.1
67	16	3.6
67	17	127.4
67	18	55.5
67	19	1.1
67	20	0.0
67	21	0.0
67	22	0.0
67	23	19.0
67	24	12.5
68	1	5.3
68	2	6.9
68	3	5.4
68	4	11.2
68	5	7.9
68	6	2.0
68	7	5.1
68	8	10.8
68	9	3.9
68	10	5.6
68	11	1.4
68	12	5.9
68	13	3.0
68	14	135.6
68	15	24.3
68	16	22.7
68	17	68.1
68	18	36.8
68	19	97.5
68	20	8.5
68	21	0.3
68	22	2.1
68	23	8.7
68	24	45.2
69	1	5.3
69	2	6.9
69	3	5.4
69	4	11.2
69	5	7.9
69	6	2.0
69	7	5.1
69	8	10.8
69	9	3.9
69	10	5.6
69	11	1.4
69	12	5.9
69	13	3.0
69	14	135.6
69	15	24.3
69	16	22.7
69	17	68.1
69	18	36.8
69	19	97.5
69	20	8.5
69	21	0.3
69	22	2.1
69	23	8.7
69	24	45.2
70	1	10.0
70	2	19.0
70	3	2.1
70	4	0.1
70	5	5.7
70	6	18.9
70	7	43.2
70	8	69.3
70	9	70.1
70	10	77.0
70	11	20.5
70	12	37.3
70	13	7.6
70	14	19.1
70	15	137.4
70	16	42.0
70	17	12.8
70	18	20.5
70	19	32.8
70	20	19.9
70	21	13.4
70	22	62.7
70	23	74.6
70	24	73.8
71	1	5.3
71	2	6.9
71	3	5.4
71	4	11.2
71	5	7.9
71	6	2.0
71	7	5.1
71	8	10.8
71	9	3.9
71	10	5.6
71	11	1.4
71	12	5.9
71	13	3.0
71	14	135.6
71	15	24.3
71	16	22.7
71	17	68.1
71	18	36.8
71	19	97.5
71	20	8.5
71	21	0.3
71	22	2.1
71	23	8.7
71	24	45.2
72	1	0.0
72	2	0.0
72	3	0.0
72	4	0.0
72	5	0.0
72	6	0.0
72	7	0.0
72	8	0.0
72	9	0.0
72	10	0.1
72	11	16.9
72	12	20.6
72	13	1.7
72	14	5.0
72	15	2.1
72	16	10.6
72	17	55.2
72	18	20.8
72	19	30.8
72	20	26.0
72	21	21.0
72	22	38.3
72	23	122.9
72	24	110.5
73	1	5.3
73	2	6.9
73	3	5.4
73	4	11.2
73	5	7.9
73	6	2.0
73	7	5.1
73	8	10.8
73	9	3.9
73	10	5.6
73	11	1.4
73	12	5.9
73	13	3.0
73	14	135.6
73	15	24.3
73	16	22.7
73	17	68.1
73	18	36.8
73	19	97.5
73	20	8.5
73	21	0.3
73	22	2.1
73	23	8.7
73	24	45.2
74	1	5.3
74	2	6.9
74	3	5.4
74	4	11.2
74	5	7.9
74	6	2.0
74	7	5.1
74	8	10.8
74	9	3.9
74	10	5.6
74	11	1.4
74	12	5.9
74	13	3.0
74	14	135.6
74	15	24.3
74	16	22.7
74	17	68.1
74	18	36.8
74	19	97.5
74	20	8.5
74	21	0.3
74	22	2.1
74	23	8.7
74	24	45.2
75	1	8.8
75	2	10.9
75	3	24.1
75	4	33.0
75	5	11.6
75	6	22.3
75	7	6.6
75	8	0.0
75	9	32.3
75	10	114.6
75	11	34.8
75	12	28.9
75	13	0.5
75	14	15.8
75	15	3.2
75	16	34.0
75	17	78.7
75	18	5.2
75	19	5.8
75	20	7.0
75	21	5.4
75	22	9.2
75	23	11.4
75	24	22.6
76	1	6.0
76	2	2.2
76	3	0.0
76	4	0.0
76	5	0.0
76	6	0.0
76	7	3.9
76	8	32.2
76	9	40.3
76	10	42.3
76	11	258.6
76	12	38.0
76	13	47.5
76	14	17.2
76	15	36.9
76	16	310.8
76	17	48.3
76	18	28.8
76	19	19.5
76	20	82.2
76	21	56.5
76	22	57.0
76	23	21.9
76	24	66.9
77	1	8.8
77	2	10.9
77	3	24.1
77	4	33.0
77	5	11.6
77	6	22.3
77	7	6.6
77	8	0.0
77	9	32.3
77	10	114.6
77	11	34.8
77	12	28.9
77	13	0.5
77	14	15.8
77	15	3.2
77	16	34.0
77	17	78.7
77	18	5.2
77	19	5.8
77	20	7.0
77	21	5.4
77	22	9.2
77	23	11.4
77	24	22.6
78	1	3.0
78	2	25.1
78	3	39.3
78	4	21.7
78	5	39.2
78	6	48.6
78	7	33.1
78	8	6.5
78	9	0.3
78	10	0.1
78	11	26.5
78	12	68.9
78	13	22.5
78	14	0.0
78	15	11.1
78	16	3.6
78	17	127.4
78	18	55.5
78	19	1.1
78	20	0.0
78	21	0.0
78	22	0.0
78	23	19.0
78	24	12.5
79	1	8.8
79	2	10.9
79	3	24.1
79	4	33.0
79	5	11.6
79	6	22.3
79	7	6.6
79	8	0.0
79	9	32.3
79	10	114.6
79	11	34.8
79	12	28.9
79	13	0.5
79	14	15.8
79	15	3.2
79	16	34.0
79	17	78.7
79	18	5.2
79	19	5.8
79	20	7.0
79	21	5.4
79	22	9.2
79	23	11.4
79	24	22.6
80	1	0.0
80	2	0.0
80	3	0.0
80	4	0.0
80	5	0.0
80	6	0.0
80	7	0.0
80	8	0.0
80	9	0.0
80	10	0.1
80	11	16.9
80	12	20.6
80	13	1.7
80	14	5.0
80	15	2.1
80	16	10.6
80	17	55.2
80	18	20.8
80	19	30.8
80	20	26.0
80	21	21.0
80	22	38.3
80	23	122.9
80	24	110.5
81	1	13.4
81	2	0.0
81	3	2.0
81	4	3.1
81	5	1.0
81	6	49.2
81	7	1.6
81	8	12.7
81	9	16.6
81	10	45.1
81	11	8.2
81	12	1.9
81	13	117.0
81	14	25.0
81	15	76.8
81	16	57.7
81	17	39.9
81	18	74.4
81	19	21.6
81	20	10.9
81	21	18.7
81	22	71.4
81	23	61.5
81	24	85.4
82	1	8.8
82	2	10.9
82	3	24.1
82	4	33.0
82	5	11.6
82	6	22.3
82	7	6.6
82	8	0.0
82	9	32.3
82	10	114.6
82	11	34.8
82	12	28.9
82	13	0.5
82	14	15.8
82	15	3.2
82	16	34.0
82	17	78.7
82	18	5.2
82	19	5.8
82	20	7.0
82	21	5.4
82	22	9.2
82	23	11.4
82	24	22.6
83	1	3.0
83	2	25.1
83	3	39.3
83	4	21.7
83	5	39.2
83	6	48.6
83	7	33.1
83	8	6.5
83	9	0.3
83	10	0.1
83	11	26.5
83	12	68.9
83	13	22.5
83	14	0.0
83	15	11.1
83	16	3.6
83	17	127.4
83	18	55.5
83	19	1.1
83	20	0.0
83	21	0.0
83	22	0.0
83	23	19.0
83	24	12.5
84	1	8.8
84	2	10.9
84	3	24.1
84	4	33.0
84	5	11.6
84	6	22.3
84	7	6.6
84	8	0.0
84	9	32.3
84	10	114.6
84	11	34.8
84	12	28.9
84	13	0.5
84	14	15.8
84	15	3.2
84	16	34.0
84	17	78.7
84	18	5.2
84	19	5.8
84	20	7.0
84	21	5.4
84	22	9.2
84	23	11.4
84	24	22.6
85	1	5.3
85	2	6.9
85	3	5.4
85	4	11.2
85	5	7.9
85	6	2.0
85	7	5.1
85	8	10.8
85	9	3.9
85	10	5.6
85	11	1.4
85	12	5.9
85	13	3.0
85	14	135.6
85	15	24.3
85	16	22.7
85	17	68.1
85	18	36.8
85	19	97.5
85	20	8.5
85	21	0.3
85	22	2.1
85	23	8.7
85	24	45.2
86	1	10.0
86	2	19.0
86	3	2.1
86	4	0.1
86	5	5.7
86	6	18.9
86	7	43.2
86	8	69.3
86	9	70.1
86	10	77.0
86	11	20.5
86	12	37.3
86	13	7.6
86	14	19.1
86	15	137.4
86	16	42.0
86	17	12.8
86	18	20.5
86	19	32.8
86	20	19.9
86	21	13.4
86	22	62.7
86	23	74.6
86	24	73.8
87	1	0.0
87	2	0.0
87	3	0.0
87	4	0.0
87	5	0.0
87	6	0.0
87	7	0.0
87	8	0.0
87	9	0.0
87	10	0.1
87	11	16.9
87	12	20.6
87	13	1.7
87	14	5.0
87	15	2.1
87	16	10.6
87	17	55.2
87	18	20.8
87	19	30.8
87	20	26.0
87	21	21.0
87	22	38.3
87	23	122.9
87	24	110.5
88	1	13.4
88	2	0.0
88	3	2.0
88	4	3.1
88	5	1.0
88	6	49.2
88	7	1.6
88	8	12.7
88	9	16.6
88	10	45.1
88	11	8.2
88	12	1.9
88	13	117.0
88	14	25.0
88	15	76.8
88	16	57.7
88	17	39.9
88	18	74.4
88	19	21.6
88	20	10.9
88	21	18.7
88	22	71.4
88	23	61.5
88	24	85.4
89	1	3.0
89	2	25.1
89	3	39.3
89	4	21.7
89	5	39.2
89	6	48.6
89	7	33.1
89	8	6.5
89	9	0.3
89	10	0.1
89	11	26.5
89	12	68.9
89	13	22.5
89	14	0.0
89	15	11.1
89	16	3.6
89	17	127.4
89	18	55.5
89	19	1.1
89	20	0.0
89	21	0.0
89	22	0.0
89	23	19.0
89	24	12.5
90	1	6.0
90	2	2.2
90	3	0.0
90	4	0.0
90	5	0.0
90	6	0.0
90	7	3.9
90	8	32.2
90	9	40.3
90	10	42.3
90	11	258.6
90	12	38.0
90	13	47.5
90	14	17.2
90	15	36.9
90	16	310.8
90	17	48.3
90	18	28.8
90	19	19.5
90	20	82.2
90	21	56.5
90	22	57.0
90	23	21.9
90	24	66.9
91	1	5.3
91	2	6.9
91	3	5.4
91	4	11.2
91	5	7.9
91	6	2.0
91	7	5.1
91	8	10.8
91	9	3.9
91	10	5.6
91	11	1.4
91	12	5.9
91	13	3.0
91	14	135.6
91	15	24.3
91	16	22.7
91	17	68.1
91	18	36.8
91	19	97.5
91	20	8.5
91	21	0.3
91	22	2.1
91	23	8.7
91	24	45.2
92	1	5.3
92	2	6.9
92	3	5.4
92	4	11.2
92	5	7.9
92	6	2.0
92	7	5.1
92	8	10.8
92	9	3.9
92	10	5.6
92	11	1.4
92	12	5.9
92	13	3.0
92	14	135.6
92	15	24.3
92	16	22.7
92	17	68.1
92	18	36.8
92	19	97.5
92	20	8.5
92	21	0.3
92	22	2.1
92	23	8.7
92	24	45.2
93	1	5.3
93	2	6.9
93	3	5.4
93	4	11.2
93	5	7.9
93	6	2.0
93	7	5.1
93	8	10.8
93	9	3.9
93	10	5.6
93	11	1.4
93	12	5.9
93	13	3.0
93	14	135.6
93	15	24.3
93	16	22.7
93	17	68.1
93	18	36.8
93	19	97.5
93	20	8.5
93	21	0.3
93	22	2.1
93	23	8.7
93	24	45.2
94	1	5.3
94	2	6.9
94	3	5.4
94	4	11.2
94	5	7.9
94	6	2.0
94	7	5.1
94	8	10.8
94	9	3.9
94	10	5.6
94	11	1.4
94	12	5.9
94	13	3.0
94	14	135.6
94	15	24.3
94	16	22.7
94	17	68.1
94	18	36.8
94	19	97.5
94	20	8.5
94	21	0.3
94	22	2.1
94	23	8.7
94	24	45.2
95	1	0.0
95	2	0.0
95	3	0.0
95	4	0.0
95	5	0.0
95	6	0.0
95	7	0.0
95	8	0.0
95	9	0.0
95	10	0.1
95	11	16.9
95	12	20.6
95	13	1.7
95	14	5.0
95	15	2.1
95	16	10.6
95	17	55.2
95	18	20.8
95	19	30.8
95	20	26.0
95	21	21.0
95	22	38.3
95	23	122.9
95	24	110.5
96	1	3.0
96	2	25.1
96	3	39.3
96	4	21.7
96	5	39.2
96	6	48.6
96	7	33.1
96	8	6.5
96	9	0.3
96	10	0.1
96	11	26.5
96	12	68.9
96	13	22.5
96	14	0.0
96	15	11.1
96	16	3.6
96	17	127.4
96	18	55.5
96	19	1.1
96	20	0.0
96	21	0.0
96	22	0.0
96	23	19.0
96	24	12.5
97	1	10.0
97	2	19.0
97	3	2.1
97	4	0.1
97	5	5.7
97	6	18.9
97	7	43.2
97	8	69.3
97	9	70.1
97	10	77.0
97	11	20.5
97	12	37.3
97	13	7.6
97	14	19.1
97	15	137.4
97	16	42.0
97	17	12.8
97	18	20.5
97	19	32.8
97	20	19.9
97	21	13.4
97	22	62.7
97	23	74.6
97	24	73.8
98	1	0.0
98	2	0.0
98	3	0.0
98	4	0.0
98	5	0.0
98	6	0.0
98	7	0.0
98	8	0.0
98	9	0.0
98	10	0.1
98	11	16.9
98	12	20.6
98	13	1.7
98	14	5.0
98	15	2.1
98	16	10.6
98	17	55.2
98	18	20.8
98	19	30.8
98	20	26.0
98	21	21.0
98	22	38.3
98	23	122.9
98	24	110.5
99	1	10.0
99	2	19.0
99	3	2.1
99	4	0.1
99	5	5.7
99	6	18.9
99	7	43.2
99	8	69.3
99	9	70.1
99	10	77.0
99	11	20.5
99	12	37.3
99	13	7.6
99	14	19.1
99	15	137.4
99	16	42.0
99	17	12.8
99	18	20.5
99	19	32.8
99	20	19.9
99	21	13.4
99	22	62.7
99	23	74.6
99	24	73.8
100	1	10.0
100	2	19.0
100	3	2.1
100	4	0.1
100	5	5.7
100	6	18.9
100	7	43.2
100	8	69.3
100	9	70.1
100	10	77.0
100	11	20.5
100	12	37.3
100	13	7.6
100	14	19.1
100	15	137.4
100	16	42.0
100	17	12.8
100	18	20.5
100	19	32.8
100	20	19.9
100	21	13.4
100	22	62.7
100	23	74.6
100	24	73.8
101	1	3.0
101	2	25.1
101	3	39.3
101	4	21.7
101	5	39.2
101	6	48.6
101	7	33.1
101	8	6.5
101	9	0.3
101	10	0.1
101	11	26.5
101	12	68.9
101	13	22.5
101	14	0.0
101	15	11.1
101	16	3.6
101	17	127.4
101	18	55.5
101	19	1.1
101	20	0.0
101	21	0.0
101	22	0.0
101	23	19.0
101	24	12.5
102	1	0.0
102	2	0.0
102	3	0.0
102	4	0.0
102	5	0.0
102	6	0.0
102	7	0.0
102	8	0.0
102	9	0.0
102	10	0.1
102	11	16.9
102	12	20.6
102	13	1.7
102	14	5.0
102	15	2.1
102	16	10.6
102	17	55.2
102	18	20.8
102	19	30.8
102	20	26.0
102	21	21.0
102	22	38.3
102	23	122.9
102	24	110.5
103	1	10.0
103	2	19.0
103	3	2.1
103	4	0.1
103	5	5.7
103	6	18.9
103	7	43.2
103	8	69.3
103	9	70.1
103	10	77.0
103	11	20.5
103	12	37.3
103	13	7.6
103	14	19.1
103	15	137.4
103	16	42.0
103	17	12.8
103	18	20.5
103	19	32.8
103	20	19.9
103	21	13.4
103	22	62.7
103	23	74.6
103	24	73.8
104	1	3.0
104	2	25.1
104	3	39.3
104	4	21.7
104	5	39.2
104	6	48.6
104	7	33.1
104	8	6.5
104	9	0.3
104	10	0.1
104	11	26.5
104	12	68.9
104	13	22.5
104	14	0.0
104	15	11.1
104	16	3.6
104	17	127.4
104	18	55.5
104	19	1.1
104	20	0.0
104	21	0.0
104	22	0.0
104	23	19.0
104	24	12.5
105	1	13.4
105	2	0.0
105	3	2.0
105	4	3.1
105	5	1.0
105	6	49.2
105	7	1.6
105	8	12.7
105	9	16.6
105	10	45.1
105	11	8.2
105	12	1.9
105	13	117.0
105	14	25.0
105	15	76.8
105	16	57.7
105	17	39.9
105	18	74.4
105	19	21.6
105	20	10.9
105	21	18.7
105	22	71.4
105	23	61.5
105	24	85.4
106	1	5.3
106	2	6.9
106	3	5.4
106	4	11.2
106	5	7.9
106	6	2.0
106	7	5.1
106	8	10.8
106	9	3.9
106	10	5.6
106	11	1.4
106	12	5.9
106	13	3.0
106	14	135.6
106	15	24.3
106	16	22.7
106	17	68.1
106	18	36.8
106	19	97.5
106	20	8.5
106	21	0.3
106	22	2.1
106	23	8.7
106	24	45.2
107	1	0.0
107	2	0.0
107	3	0.0
107	4	0.0
107	5	0.0
107	6	0.0
107	7	0.0
107	8	0.0
107	9	0.0
107	10	0.1
107	11	16.9
107	12	20.6
107	13	1.7
107	14	5.0
107	15	2.1
107	16	10.6
107	17	55.2
107	18	20.8
107	19	30.8
107	20	26.0
107	21	21.0
107	22	38.3
107	23	122.9
107	24	110.5
108	1	8.8
108	2	10.9
108	3	24.1
108	4	33.0
108	5	11.6
108	6	22.3
108	7	6.6
108	8	0.0
108	9	32.3
108	10	114.6
108	11	34.8
108	12	28.9
108	13	0.5
108	14	15.8
108	15	3.2
108	16	34.0
108	17	78.7
108	18	5.2
108	19	5.8
108	20	7.0
108	21	5.4
108	22	9.2
108	23	11.4
108	24	22.6
109	1	3.0
109	2	25.1
109	3	39.3
109	4	21.7
109	5	39.2
109	6	48.6
109	7	33.1
109	8	6.5
109	9	0.3
109	10	0.1
109	11	26.5
109	12	68.9
109	13	22.5
109	14	0.0
109	15	11.1
109	16	3.6
109	17	127.4
109	18	55.5
109	19	1.1
109	20	0.0
109	21	0.0
109	22	0.0
109	23	19.0
109	24	12.5
110	1	0.0
110	2	0.0
110	3	0.0
110	4	0.0
110	5	0.0
110	6	0.0
110	7	0.0
110	8	0.0
110	9	0.0
110	10	0.1
110	11	16.9
110	12	20.6
110	13	1.7
110	14	5.0
110	15	2.1
110	16	10.6
110	17	55.2
110	18	20.8
110	19	30.8
110	20	26.0
110	21	21.0
110	22	38.3
110	23	122.9
110	24	110.5
111	1	5.3
111	2	6.9
111	3	5.4
111	4	11.2
111	5	7.9
111	6	2.0
111	7	5.1
111	8	10.8
111	9	3.9
111	10	5.6
111	11	1.4
111	12	5.9
111	13	3.0
111	14	135.6
111	15	24.3
111	16	22.7
111	17	68.1
111	18	36.8
111	19	97.5
111	20	8.5
111	21	0.3
111	22	2.1
111	23	8.7
111	24	45.2
112	1	0.0
112	2	0.0
112	3	0.0
112	4	0.0
112	5	0.0
112	6	0.0
112	7	0.0
112	8	0.0
112	9	0.0
112	10	0.1
112	11	16.9
112	12	20.6
112	13	1.7
112	14	5.0
112	15	2.1
112	16	10.6
112	17	55.2
112	18	20.8
112	19	30.8
112	20	26.0
112	21	21.0
112	22	38.3
112	23	122.9
112	24	110.5
