Node	Time	ID_Capacity_Buy_Volume
1	1	0.0
1	2	0.0
1	3	0.0
1	4	0.0
1	5	0.0
1	6	0.0
1	7	0.0
1	8	0.0
1	9	0.0
1	10	0.1
1	11	16.9
1	12	4.4
1	13	1.7
1	14	5.0
1	15	2.1
1	16	10.5
1	17	12.3
1	18	4.6
1	19	17.8
1	20	11.5
1	21	5.5
1	22	16.9
1	23	14.6
1	24	11.0
2	1	10.2
2	2	42.5
2	3	50.0
2	4	44.6
2	5	32.9
2	6	5.0
2	7	8.8
2	8	31.8
2	9	20.9
2	10	2.0
2	11	0.0
2	12	9.1
2	13	14.6
2	14	31.2
2	15	25.3
2	16	16.0
2	17	45.7
2	18	12.4
2	19	46.0
2	20	9.5
2	21	0.5
2	22	4.2
2	23	27.9
2	24	56.5
3	1	0.0
3	2	0.0
3	3	0.0
3	4	0.0
3	5	0.0
3	6	0.0
3	7	0.0
3	8	0.0
3	9	0.0
3	10	0.1
3	11	16.9
3	12	4.4
3	13	1.7
3	14	5.0
3	15	2.1
3	16	10.5
3	17	12.3
3	18	4.6
3	19	17.8
3	20	11.5
3	21	5.5
3	22	16.9
3	23	14.6
3	24	11.0
4	1	10.2
4	2	42.5
4	3	50.0
4	4	44.6
4	5	32.9
4	6	5.0
4	7	8.8
4	8	31.8
4	9	20.9
4	10	2.0
4	11	0.0
4	12	9.1
4	13	14.6
4	14	31.2
4	15	25.3
4	16	16.0
4	17	45.7
4	18	12.4
4	19	46.0
4	20	9.5
4	21	0.5
4	22	4.2
4	23	27.9
4	24	56.5
5	1	0.0
5	2	5.0
5	3	2.0
5	4	0.0
5	5	2.1
5	6	7.3
5	7	17.3
5	8	7.4
5	9	6.4
5	10	25.8
5	11	12.3
5	12	33.8
5	13	12.8
5	14	92.7
5	15	211.7
5	16	113.2
5	17	78.7
5	18	74.8
5	19	65.6
5	20	73.9
5	21	47.9
5	22	84.6
5	23	32.7
5	24	30.3
6	1	10.2
6	2	42.5
6	3	50.0
6	4	44.6
6	5	32.9
6	6	5.0
6	7	8.8
6	8	31.8
6	9	20.9
6	10	2.0
6	11	0.0
6	12	9.1
6	13	14.6
6	14	31.2
6	15	25.3
6	16	16.0
6	17	45.7
6	18	12.4
6	19	46.0
6	20	9.5
6	21	0.5
6	22	4.2
6	23	27.9
6	24	56.5
7	1	0.0
7	2	5.0
7	3	2.0
7	4	0.0
7	5	2.1
7	6	7.3
7	7	17.3
7	8	7.4
7	9	6.4
7	10	25.8
7	11	12.3
7	12	33.8
7	13	12.8
7	14	92.7
7	15	211.7
7	16	113.2
7	17	78.7
7	18	74.8
7	19	65.6
7	20	73.9
7	21	47.9
7	22	84.6
7	23	32.7
7	24	30.3
8	1	21.7
8	2	13.6
8	3	18.7
8	4	32.9
8	5	9.1
8	6	19.8
8	7	7.0
8	8	0.0
8	9	37.3
8	10	47.4
8	11	37.0
8	12	7.3
8	13	2.4
8	14	9.9
8	15	5.5
8	16	41.2
8	17	76.6
8	18	4.1
8	19	10.2
8	20	10.1
8	21	9.9
8	22	7.8
8	23	20.4
8	24	21.4
9	1	0.4
9	2	15.0
9	3	23.2
9	4	12.1
9	5	54.2
9	6	61.1
9	7	75.5
9	8	20.7
9	9	0.3
9	10	10.8
9	11	28.0
9	12	67.2
9	13	33.4
9	14	0.0
9	15	11.2
9	16	0.0
9	17	166.6
9	18	75.8
9	19	4.5
9	20	0.0
9	21	0.0
9	22	0.0
9	23	6.9
9	24	13.3
10	1	10.2
10	2	42.5
10	3	50.0
10	4	44.6
10	5	32.9
10	6	5.0
10	7	8.8
10	8	31.8
10	9	20.9
10	10	2.0
10	11	0.0
10	12	9.1
10	13	14.6
10	14	31.2
10	15	25.3
10	16	16.0
10	17	45.7
10	18	12.4
10	19	46.0
10	20	9.5
10	21	0.5
10	22	4.2
10	23	27.9
10	24	56.5
11	1	0.0
11	2	0.0
11	3	0.0
11	4	0.0
11	5	0.0
11	6	0.0
11	7	0.0
11	8	0.0
11	9	0.0
11	10	0.1
11	11	16.9
11	12	4.4
11	13	1.7
11	14	5.0
11	15	2.1
11	16	10.5
11	17	12.3
11	18	4.6
11	19	17.8
11	20	11.5
11	21	5.5
11	22	16.9
11	23	14.6
11	24	11.0
12	1	10.2
12	2	42.5
12	3	50.0
12	4	44.6
12	5	32.9
12	6	5.0
12	7	8.8
12	8	31.8
12	9	20.9
12	10	2.0
12	11	0.0
12	12	9.1
12	13	14.6
12	14	31.2
12	15	25.3
12	16	16.0
12	17	45.7
12	18	12.4
12	19	46.0
12	20	9.5
12	21	0.5
12	22	4.2
12	23	27.9
12	24	56.5
13	1	0.4
13	2	15.0
13	3	23.2
13	4	12.1
13	5	54.2
13	6	61.1
13	7	75.5
13	8	20.7
13	9	0.3
13	10	10.8
13	11	28.0
13	12	67.2
13	13	33.4
13	14	0.0
13	15	11.2
13	16	0.0
13	17	166.6
13	18	75.8
13	19	4.5
13	20	0.0
13	21	0.0
13	22	0.0
13	23	6.9
13	24	13.3
14	1	0.4
14	2	15.0
14	3	23.2
14	4	12.1
14	5	54.2
14	6	61.1
14	7	75.5
14	8	20.7
14	9	0.3
14	10	10.8
14	11	28.0
14	12	67.2
14	13	33.4
14	14	0.0
14	15	11.2
14	16	0.0
14	17	166.6
14	18	75.8
14	19	4.5
14	20	0.0
14	21	0.0
14	22	0.0
14	23	6.9
14	24	13.3
15	1	21.7
15	2	13.6
15	3	18.7
15	4	32.9
15	5	9.1
15	6	19.8
15	7	7.0
15	8	0.0
15	9	37.3
15	10	47.4
15	11	37.0
15	12	7.3
15	13	2.4
15	14	9.9
15	15	5.5
15	16	41.2
15	17	76.6
15	18	4.1
15	19	10.2
15	20	10.1
15	21	9.9
15	22	7.8
15	23	20.4
15	24	21.4
16	1	10.2
16	2	42.5
16	3	50.0
16	4	44.6
16	5	32.9
16	6	5.0
16	7	8.8
16	8	31.8
16	9	20.9
16	10	2.0
16	11	0.0
16	12	9.1
16	13	14.6
16	14	31.2
16	15	25.3
16	16	16.0
16	17	45.7
16	18	12.4
16	19	46.0
16	20	9.5
16	21	0.5
16	22	4.2
16	23	27.9
16	24	56.5
17	1	0.0
17	2	5.0
17	3	2.0
17	4	0.0
17	5	2.1
17	6	7.3
17	7	17.3
17	8	7.4
17	9	6.4
17	10	25.8
17	11	12.3
17	12	33.8
17	13	12.8
17	14	92.7
17	15	211.7
17	16	113.2
17	17	78.7
17	18	74.8
17	19	65.6
17	20	73.9
17	21	47.9
17	22	84.6
17	23	32.7
17	24	30.3
18	1	0.4
18	2	15.0
18	3	23.2
18	4	12.1
18	5	54.2
18	6	61.1
18	7	75.5
18	8	20.7
18	9	0.3
18	10	10.8
18	11	28.0
18	12	67.2
18	13	33.4
18	14	0.0
18	15	11.2
18	16	0.0
18	17	166.6
18	18	75.8
18	19	4.5
18	20	0.0
18	21	0.0
18	22	0.0
18	23	6.9
18	24	13.3
19	1	21.7
19	2	13.6
19	3	18.7
19	4	32.9
19	5	9.1
19	6	19.8
19	7	7.0
19	8	0.0
19	9	37.3
19	10	47.4
19	11	37.0
19	12	7.3
19	13	2.4
19	14	9.9
19	15	5.5
19	16	41.2
19	17	76.6
19	18	4.1
19	19	10.2
19	20	10.1
19	21	9.9
19	22	7.8
19	23	20.4
19	24	21.4
20	1	10.2
20	2	42.5
20	3	50.0
20	4	44.6
20	5	32.9
20	6	5.0
20	7	8.8
20	8	31.8
20	9	20.9
20	10	2.0
20	11	0.0
20	12	9.1
20	13	14.6
20	14	31.2
20	15	25.3
20	16	16.0
20	17	45.7
20	18	12.4
20	19	46.0
20	20	9.5
20	21	0.5
20	22	4.2
20	23	27.9
20	24	56.5
21	1	6.4
21	2	2.2
21	3	0.0
21	4	0.0
21	5	0.0
21	6	0.0
21	7	1.9
21	8	56.7
21	9	41.1
21	10	42.8
21	11	247.2
21	12	36.3
21	13	88.8
21	14	23.7
21	15	113.5
21	16	455.4
21	17	144.6
21	18	130.0
21	19	65.1
21	20	95.4
21	21	59.1
21	22	67.1
21	23	88.8
21	24	107.0
22	1	21.7
22	2	13.6
22	3	18.7
22	4	32.9
22	5	9.1
22	6	19.8
22	7	7.0
22	8	0.0
22	9	37.3
22	10	47.4
22	11	37.0
22	12	7.3
22	13	2.4
22	14	9.9
22	15	5.5
22	16	41.2
22	17	76.6
22	18	4.1
22	19	10.2
22	20	10.1
22	21	9.9
22	22	7.8
22	23	20.4
22	24	21.4
23	1	0.0
23	2	0.0
23	3	0.0
23	4	0.0
23	5	0.0
23	6	0.0
23	7	0.0
23	8	0.0
23	9	0.0
23	10	0.1
23	11	16.9
23	12	4.4
23	13	1.7
23	14	5.0
23	15	2.1
23	16	10.5
23	17	12.3
23	18	4.6
23	19	17.8
23	20	11.5
23	21	5.5
23	22	16.9
23	23	14.6
23	24	11.0
24	1	10.2
24	2	42.5
24	3	50.0
24	4	44.6
24	5	32.9
24	6	5.0
24	7	8.8
24	8	31.8
24	9	20.9
24	10	2.0
24	11	0.0
24	12	9.1
24	13	14.6
24	14	31.2
24	15	25.3
24	16	16.0
24	17	45.7
24	18	12.4
24	19	46.0
24	20	9.5
24	21	0.5
24	22	4.2
24	23	27.9
24	24	56.5
25	1	8.9
25	2	1.7
25	3	2.5
25	4	1.5
25	5	0.9
25	6	36.1
25	7	3.1
25	8	7.7
25	9	13.2
25	10	30.8
25	11	5.1
25	12	12.9
25	13	119.5
25	14	18.0
25	15	87.8
25	16	23.1
25	17	23.8
25	18	34.2
25	19	5.4
25	20	10.1
25	21	10.3
25	22	35.1
25	23	25.6
25	24	13.8
26	1	10.2
26	2	42.5
26	3	50.0
26	4	44.6
26	5	32.9
26	6	5.0
26	7	8.8
26	8	31.8
26	9	20.9
26	10	2.0
26	11	0.0
26	12	9.1
26	13	14.6
26	14	31.2
26	15	25.3
26	16	16.0
26	17	45.7
26	18	12.4
26	19	46.0
26	20	9.5
26	21	0.5
26	22	4.2
26	23	27.9
26	24	56.5
27	1	0.4
27	2	15.0
27	3	23.2
27	4	12.1
27	5	54.2
27	6	61.1
27	7	75.5
27	8	20.7
27	9	0.3
27	10	10.8
27	11	28.0
27	12	67.2
27	13	33.4
27	14	0.0
27	15	11.2
27	16	0.0
27	17	166.6
27	18	75.8
27	19	4.5
27	20	0.0
27	21	0.0
27	22	0.0
27	23	6.9
27	24	13.3
28	1	0.4
28	2	15.0
28	3	23.2
28	4	12.1
28	5	54.2
28	6	61.1
28	7	75.5
28	8	20.7
28	9	0.3
28	10	10.8
28	11	28.0
28	12	67.2
28	13	33.4
28	14	0.0
28	15	11.2
28	16	0.0
28	17	166.6
28	18	75.8
28	19	4.5
28	20	0.0
28	21	0.0
28	22	0.0
28	23	6.9
28	24	13.3
29	1	0.0
29	2	5.0
29	3	2.0
29	4	0.0
29	5	2.1
29	6	7.3
29	7	17.3
29	8	7.4
29	9	6.4
29	10	25.8
29	11	12.3
29	12	33.8
29	13	12.8
29	14	92.7
29	15	211.7
29	16	113.2
29	17	78.7
29	18	74.8
29	19	65.6
29	20	73.9
29	21	47.9
29	22	84.6
29	23	32.7
29	24	30.3
30	1	21.7
30	2	13.6
30	3	18.7
30	4	32.9
30	5	9.1
30	6	19.8
30	7	7.0
30	8	0.0
30	9	37.3
30	10	47.4
30	11	37.0
30	12	7.3
30	13	2.4
30	14	9.9
30	15	5.5
30	16	41.2
30	17	76.6
30	18	4.1
30	19	10.2
30	20	10.1
30	21	9.9
30	22	7.8
30	23	20.4
30	24	21.4
31	1	10.2
31	2	42.5
31	3	50.0
31	4	44.6
31	5	32.9
31	6	5.0
31	7	8.8
31	8	31.8
31	9	20.9
31	10	2.0
31	11	0.0
31	12	9.1
31	13	14.6
31	14	31.2
31	15	25.3
31	16	16.0
31	17	45.7
31	18	12.4
31	19	46.0
31	20	9.5
31	21	0.5
31	22	4.2
31	23	27.9
31	24	56.5
32	1	10.2
32	2	42.5
32	3	50.0
32	4	44.6
32	5	32.9
32	6	5.0
32	7	8.8
32	8	31.8
32	9	20.9
32	10	2.0
32	11	0.0
32	12	9.1
32	13	14.6
32	14	31.2
32	15	25.3
32	16	16.0
32	17	45.7
32	18	12.4
32	19	46.0
32	20	9.5
32	21	0.5
32	22	4.2
32	23	27.9
32	24	56.5
33	1	10.2
33	2	42.5
33	3	50.0
33	4	44.6
33	5	32.9
33	6	5.0
33	7	8.8
33	8	31.8
33	9	20.9
33	10	2.0
33	11	0.0
33	12	9.1
33	13	14.6
33	14	31.2
33	15	25.3
33	16	16.0
33	17	45.7
33	18	12.4
33	19	46.0
33	20	9.5
33	21	0.5
33	22	4.2
33	23	27.9
33	24	56.5
34	1	0.4
34	2	15.0
34	3	23.2
34	4	12.1
34	5	54.2
34	6	61.1
34	7	75.5
34	8	20.7
34	9	0.3
34	10	10.8
34	11	28.0
34	12	67.2
34	13	33.4
34	14	0.0
34	15	11.2
34	16	0.0
34	17	166.6
34	18	75.8
34	19	4.5
34	20	0.0
34	21	0.0
34	22	0.0
34	23	6.9
34	24	13.3
35	1	10.2
35	2	42.5
35	3	50.0
35	4	44.6
35	5	32.9
35	6	5.0
35	7	8.8
35	8	31.8
35	9	20.9
35	10	2.0
35	11	0.0
35	12	9.1
35	13	14.6
35	14	31.2
35	15	25.3
35	16	16.0
35	17	45.7
35	18	12.4
35	19	46.0
35	20	9.5
35	21	0.5
35	22	4.2
35	23	27.9
35	24	56.5
36	1	0.4
36	2	15.0
36	3	23.2
36	4	12.1
36	5	54.2
36	6	61.1
36	7	75.5
36	8	20.7
36	9	0.3
36	10	10.8
36	11	28.0
36	12	67.2
36	13	33.4
36	14	0.0
36	15	11.2
36	16	0.0
36	17	166.6
36	18	75.8
36	19	4.5
36	20	0.0
36	21	0.0
36	22	0.0
36	23	6.9
36	24	13.3
37	1	8.9
37	2	1.7
37	3	2.5
37	4	1.5
37	5	0.9
37	6	36.1
37	7	3.1
37	8	7.7
37	9	13.2
37	10	30.8
37	11	5.1
37	12	12.9
37	13	119.5
37	14	18.0
37	15	87.8
37	16	23.1
37	17	23.8
37	18	34.2
37	19	5.4
37	20	10.1
37	21	10.3
37	22	35.1
37	23	25.6
37	24	13.8
38	1	10.2
38	2	42.5
38	3	50.0
38	4	44.6
38	5	32.9
38	6	5.0
38	7	8.8
38	8	31.8
38	9	20.9
38	10	2.0
38	11	0.0
38	12	9.1
38	13	14.6
38	14	31.2
38	15	25.3
38	16	16.0
38	17	45.7
38	18	12.4
38	19	46.0
38	20	9.5
38	21	0.5
38	22	4.2
38	23	27.9
38	24	56.5
39	1	10.2
39	2	42.5
39	3	50.0
39	4	44.6
39	5	32.9
39	6	5.0
39	7	8.8
39	8	31.8
39	9	20.9
39	10	2.0
39	11	0.0
39	12	9.1
39	13	14.6
39	14	31.2
39	15	25.3
39	16	16.0
39	17	45.7
39	18	12.4
39	19	46.0
39	20	9.5
39	21	0.5
39	22	4.2
39	23	27.9
39	24	56.5
40	1	0.4
40	2	15.0
40	3	23.2
40	4	12.1
40	5	54.2
40	6	61.1
40	7	75.5
40	8	20.7
40	9	0.3
40	10	10.8
40	11	28.0
40	12	67.2
40	13	33.4
40	14	0.0
40	15	11.2
40	16	0.0
40	17	166.6
40	18	75.8
40	19	4.5
40	20	0.0
40	21	0.0
40	22	0.0
40	23	6.9
40	24	13.3
41	1	0.4
41	2	15.0
41	3	23.2
41	4	12.1
41	5	54.2
41	6	61.1
41	7	75.5
41	8	20.7
41	9	0.3
41	10	10.8
41	11	28.0
41	12	67.2
41	13	33.4
41	14	0.0
41	15	11.2
41	16	0.0
41	17	166.6
41	18	75.8
41	19	4.5
41	20	0.0
41	21	0.0
41	22	0.0
41	23	6.9
41	24	13.3
42	1	0.0
42	2	5.0
42	3	2.0
42	4	0.0
42	5	2.1
42	6	7.3
42	7	17.3
42	8	7.4
42	9	6.4
42	10	25.8
42	11	12.3
42	12	33.8
42	13	12.8
42	14	92.7
42	15	211.7
42	16	113.2
42	17	78.7
42	18	74.8
42	19	65.6
42	20	73.9
42	21	47.9
42	22	84.6
42	23	32.7
42	24	30.3
43	1	8.9
43	2	1.7
43	3	2.5
43	4	1.5
43	5	0.9
43	6	36.1
43	7	3.1
43	8	7.7
43	9	13.2
43	10	30.8
43	11	5.1
43	12	12.9
43	13	119.5
43	14	18.0
43	15	87.8
43	16	23.1
43	17	23.8
43	18	34.2
43	19	5.4
43	20	10.1
43	21	10.3
43	22	35.1
43	23	25.6
43	24	13.8
44	1	0.4
44	2	15.0
44	3	23.2
44	4	12.1
44	5	54.2
44	6	61.1
44	7	75.5
44	8	20.7
44	9	0.3
44	10	10.8
44	11	28.0
44	12	67.2
44	13	33.4
44	14	0.0
44	15	11.2
44	16	0.0
44	17	166.6
44	18	75.8
44	19	4.5
44	20	0.0
44	21	0.0
44	22	0.0
44	23	6.9
44	24	13.3
45	1	0.0
45	2	0.0
45	3	0.0
45	4	0.0
45	5	0.0
45	6	0.0
45	7	0.0
45	8	0.0
45	9	0.0
45	10	0.1
45	11	16.9
45	12	4.4
45	13	1.7
45	14	5.0
45	15	2.1
45	16	10.5
45	17	12.3
45	18	4.6
45	19	17.8
45	20	11.5
45	21	5.5
45	22	16.9
45	23	14.6
45	24	11.0
46	1	6.4
46	2	2.2
46	3	0.0
46	4	0.0
46	5	0.0
46	6	0.0
46	7	1.9
46	8	56.7
46	9	41.1
46	10	42.8
46	11	247.2
46	12	36.3
46	13	88.8
46	14	23.7
46	15	113.5
46	16	455.4
46	17	144.6
46	18	130.0
46	19	65.1
46	20	95.4
46	21	59.1
46	22	67.1
46	23	88.8
46	24	107.0
47	1	10.2
47	2	42.5
47	3	50.0
47	4	44.6
47	5	32.9
47	6	5.0
47	7	8.8
47	8	31.8
47	9	20.9
47	10	2.0
47	11	0.0
47	12	9.1
47	13	14.6
47	14	31.2
47	15	25.3
47	16	16.0
47	17	45.7
47	18	12.4
47	19	46.0
47	20	9.5
47	21	0.5
47	22	4.2
47	23	27.9
47	24	56.5
48	1	10.2
48	2	42.5
48	3	50.0
48	4	44.6
48	5	32.9
48	6	5.0
48	7	8.8
48	8	31.8
48	9	20.9
48	10	2.0
48	11	0.0
48	12	9.1
48	13	14.6
48	14	31.2
48	15	25.3
48	16	16.0
48	17	45.7
48	18	12.4
48	19	46.0
48	20	9.5
48	21	0.5
48	22	4.2
48	23	27.9
48	24	56.5
49	1	10.2
49	2	42.5
49	3	50.0
49	4	44.6
49	5	32.9
49	6	5.0
49	7	8.8
49	8	31.8
49	9	20.9
49	10	2.0
49	11	0.0
49	12	9.1
49	13	14.6
49	14	31.2
49	15	25.3
49	16	16.0
49	17	45.7
49	18	12.4
49	19	46.0
49	20	9.5
49	21	0.5
49	22	4.2
49	23	27.9
49	24	56.5
50	1	21.7
50	2	13.6
50	3	18.7
50	4	32.9
50	5	9.1
50	6	19.8
50	7	7.0
50	8	0.0
50	9	37.3
50	10	47.4
50	11	37.0
50	12	7.3
50	13	2.4
50	14	9.9
50	15	5.5
50	16	41.2
50	17	76.6
50	18	4.1
50	19	10.2
50	20	10.1
50	21	9.9
50	22	7.8
50	23	20.4
50	24	21.4
51	1	21.7
51	2	13.6
51	3	18.7
51	4	32.9
51	5	9.1
51	6	19.8
51	7	7.0
51	8	0.0
51	9	37.3
51	10	47.4
51	11	37.0
51	12	7.3
51	13	2.4
51	14	9.9
51	15	5.5
51	16	41.2
51	17	76.6
51	18	4.1
51	19	10.2
51	20	10.1
51	21	9.9
51	22	7.8
51	23	20.4
51	24	21.4
52	1	10.2
52	2	42.5
52	3	50.0
52	4	44.6
52	5	32.9
52	6	5.0
52	7	8.8
52	8	31.8
52	9	20.9
52	10	2.0
52	11	0.0
52	12	9.1
52	13	14.6
52	14	31.2
52	15	25.3
52	16	16.0
52	17	45.7
52	18	12.4
52	19	46.0
52	20	9.5
52	21	0.5
52	22	4.2
52	23	27.9
52	24	56.5
53	1	10.2
53	2	42.5
53	3	50.0
53	4	44.6
53	5	32.9
53	6	5.0
53	7	8.8
53	8	31.8
53	9	20.9
53	10	2.0
53	11	0.0
53	12	9.1
53	13	14.6
53	14	31.2
53	15	25.3
53	16	16.0
53	17	45.7
53	18	12.4
53	19	46.0
53	20	9.5
53	21	0.5
53	22	4.2
53	23	27.9
53	24	56.5
54	1	8.9
54	2	1.7
54	3	2.5
54	4	1.5
54	5	0.9
54	6	36.1
54	7	3.1
54	8	7.7
54	9	13.2
54	10	30.8
54	11	5.1
54	12	12.9
54	13	119.5
54	14	18.0
54	15	87.8
54	16	23.1
54	17	23.8
54	18	34.2
54	19	5.4
54	20	10.1
54	21	10.3
54	22	35.1
54	23	25.6
54	24	13.8
55	1	0.4
55	2	15.0
55	3	23.2
55	4	12.1
55	5	54.2
55	6	61.1
55	7	75.5
55	8	20.7
55	9	0.3
55	10	10.8
55	11	28.0
55	12	67.2
55	13	33.4
55	14	0.0
55	15	11.2
55	16	0.0
55	17	166.6
55	18	75.8
55	19	4.5
55	20	0.0
55	21	0.0
55	22	0.0
55	23	6.9
55	24	13.3
56	1	0.0
56	2	5.0
56	3	2.0
56	4	0.0
56	5	2.1
56	6	7.3
56	7	17.3
56	8	7.4
56	9	6.4
56	10	25.8
56	11	12.3
56	12	33.8
56	13	12.8
56	14	92.7
56	15	211.7
56	16	113.2
56	17	78.7
56	18	74.8
56	19	65.6
56	20	73.9
56	21	47.9
56	22	84.6
56	23	32.7
56	24	30.3
57	1	6.4
57	2	2.2
57	3	0.0
57	4	0.0
57	5	0.0
57	6	0.0
57	7	1.9
57	8	56.7
57	9	41.1
57	10	42.8
57	11	247.2
57	12	36.3
57	13	88.8
57	14	23.7
57	15	113.5
57	16	455.4
57	17	144.6
57	18	130.0
57	19	65.1
57	20	95.4
57	21	59.1
57	22	67.1
57	23	88.8
57	24	107.0
58	1	0.4
58	2	15.0
58	3	23.2
58	4	12.1
58	5	54.2
58	6	61.1
58	7	75.5
58	8	20.7
58	9	0.3
58	10	10.8
58	11	28.0
58	12	67.2
58	13	33.4
58	14	0.0
58	15	11.2
58	16	0.0
58	17	166.6
58	18	75.8
58	19	4.5
58	20	0.0
58	21	0.0
58	22	0.0
58	23	6.9
58	24	13.3
59	1	0.0
59	2	0.0
59	3	0.0
59	4	0.0
59	5	0.0
59	6	0.0
59	7	0.0
59	8	0.0
59	9	0.0
59	10	0.1
59	11	16.9
59	12	4.4
59	13	1.7
59	14	5.0
59	15	2.1
59	16	10.5
59	17	12.3
59	18	4.6
59	19	17.8
59	20	11.5
59	21	5.5
59	22	16.9
59	23	14.6
59	24	11.0
60	1	0.4
60	2	15.0
60	3	23.2
60	4	12.1
60	5	54.2
60	6	61.1
60	7	75.5
60	8	20.7
60	9	0.3
60	10	10.8
60	11	28.0
60	12	67.2
60	13	33.4
60	14	0.0
60	15	11.2
60	16	0.0
60	17	166.6
60	18	75.8
60	19	4.5
60	20	0.0
60	21	0.0
60	22	0.0
60	23	6.9
60	24	13.3
61	1	0.4
61	2	15.0
61	3	23.2
61	4	12.1
61	5	54.2
61	6	61.1
61	7	75.5
61	8	20.7
61	9	0.3
61	10	10.8
61	11	28.0
61	12	67.2
61	13	33.4
61	14	0.0
61	15	11.2
61	16	0.0
61	17	166.6
61	18	75.8
61	19	4.5
61	20	0.0
61	21	0.0
61	22	0.0
61	23	6.9
61	24	13.3
62	1	0.0
62	2	5.0
62	3	2.0
62	4	0.0
62	5	2.1
62	6	7.3
62	7	17.3
62	8	7.4
62	9	6.4
62	10	25.8
62	11	12.3
62	12	33.8
62	13	12.8
62	14	92.7
62	15	211.7
62	16	113.2
62	17	78.7
62	18	74.8
62	19	65.6
62	20	73.9
62	21	47.9
62	22	84.6
62	23	32.7
62	24	30.3
63	1	6.4
63	2	2.2
63	3	0.0
63	4	0.0
63	5	0.0
63	6	0.0
63	7	1.9
63	8	56.7
63	9	41.1
63	10	42.8
63	11	247.2
63	12	36.3
63	13	88.8
63	14	23.7
63	15	113.5
63	16	455.4
63	17	144.6
63	18	130.0
63	19	65.1
63	20	95.4
63	21	59.1
63	22	67.1
63	23	88.8
63	24	107.0
64	1	0.0
64	2	5.0
64	3	2.0
64	4	0.0
64	5	2.1
64	6	7.3
64	7	17.3
64	8	7.4
64	9	6.4
64	10	25.8
64	11	12.3
64	12	33.8
64	13	12.8
64	14	92.7
64	15	211.7
64	16	113.2
64	17	78.7
64	18	74.8
64	19	65.6
64	20	73.9
64	21	47.9
64	22	84.6
64	23	32.7
64	24	30.3
65	1	10.2
65	2	42.5
65	3	50.0
65	4	44.6
65	5	32.9
65	6	5.0
65	7	8.8
65	8	31.8
65	9	20.9
65	10	2.0
65	11	0.0
65	12	9.1
65	13	14.6
65	14	31.2
65	15	25.3
65	16	16.0
65	17	45.7
65	18	12.4
65	19	46.0
65	20	9.5
65	21	0.5
65	22	4.2
65	23	27.9
65	24	56.5
66	1	10.2
66	2	42.5
66	3	50.0
66	4	44.6
66	5	32.9
66	6	5.0
66	7	8.8
66	8	31.8
66	9	20.9
66	10	2.0
66	11	0.0
66	12	9.1
66	13	14.6
66	14	31.2
66	15	25.3
66	16	16.0
66	17	45.7
66	18	12.4
66	19	46.0
66	20	9.5
66	21	0.5
66	22	4.2
66	23	27.9
66	24	56.5
67	1	0.4
67	2	15.0
67	3	23.2
67	4	12.1
67	5	54.2
67	6	61.1
67	7	75.5
67	8	20.7
67	9	0.3
67	10	10.8
67	11	28.0
67	12	67.2
67	13	33.4
67	14	0.0
67	15	11.2
67	16	0.0
67	17	166.6
67	18	75.8
67	19	4.5
67	20	0.0
67	21	0.0
67	22	0.0
67	23	6.9
67	24	13.3
68	1	10.2
68	2	42.5
68	3	50.0
68	4	44.6
68	5	32.9
68	6	5.0
68	7	8.8
68	8	31.8
68	9	20.9
68	10	2.0
68	11	0.0
68	12	9.1
68	13	14.6
68	14	31.2
68	15	25.3
68	16	16.0
68	17	45.7
68	18	12.4
68	19	46.0
68	20	9.5
68	21	0.5
68	22	4.2
68	23	27.9
68	24	56.5
69	1	10.2
69	2	42.5
69	3	50.0
69	4	44.6
69	5	32.9
69	6	5.0
69	7	8.8
69	8	31.8
69	9	20.9
69	10	2.0
69	11	0.0
69	12	9.1
69	13	14.6
69	14	31.2
69	15	25.3
69	16	16.0
69	17	45.7
69	18	12.4
69	19	46.0
69	20	9.5
69	21	0.5
69	22	4.2
69	23	27.9
69	24	56.5
70	1	0.0
70	2	5.0
70	3	2.0
70	4	0.0
70	5	2.1
70	6	7.3
70	7	17.3
70	8	7.4
70	9	6.4
70	10	25.8
70	11	12.3
70	12	33.8
70	13	12.8
70	14	92.7
70	15	211.7
70	16	113.2
70	17	78.7
70	18	74.8
70	19	65.6
70	20	73.9
70	21	47.9
70	22	84.6
70	23	32.7
70	24	30.3
71	1	10.2
71	2	42.5
71	3	50.0
71	4	44.6
71	5	32.9
71	6	5.0
71	7	8.8
71	8	31.8
71	9	20.9
71	10	2.0
71	11	0.0
71	12	9.1
71	13	14.6
71	14	31.2
71	15	25.3
71	16	16.0
71	17	45.7
71	18	12.4
71	19	46.0
71	20	9.5
71	21	0.5
71	22	4.2
71	23	27.9
71	24	56.5
72	1	0.0
72	2	0.0
72	3	0.0
72	4	0.0
72	5	0.0
72	6	0.0
72	7	0.0
72	8	0.0
72	9	0.0
72	10	0.1
72	11	16.9
72	12	4.4
72	13	1.7
72	14	5.0
72	15	2.1
72	16	10.5
72	17	12.3
72	18	4.6
72	19	17.8
72	20	11.5
72	21	5.5
72	22	16.9
72	23	14.6
72	24	11.0
73	1	10.2
73	2	42.5
73	3	50.0
73	4	44.6
73	5	32.9
73	6	5.0
73	7	8.8
73	8	31.8
73	9	20.9
73	10	2.0
73	11	0.0
73	12	9.1
73	13	14.6
73	14	31.2
73	15	25.3
73	16	16.0
73	17	45.7
73	18	12.4
73	19	46.0
73	20	9.5
73	21	0.5
73	22	4.2
73	23	27.9
73	24	56.5
74	1	10.2
74	2	42.5
74	3	50.0
74	4	44.6
74	5	32.9
74	6	5.0
74	7	8.8
74	8	31.8
74	9	20.9
74	10	2.0
74	11	0.0
74	12	9.1
74	13	14.6
74	14	31.2
74	15	25.3
74	16	16.0
74	17	45.7
74	18	12.4
74	19	46.0
74	20	9.5
74	21	0.5
74	22	4.2
74	23	27.9
74	24	56.5
75	1	21.7
75	2	13.6
75	3	18.7
75	4	32.9
75	5	9.1
75	6	19.8
75	7	7.0
75	8	0.0
75	9	37.3
75	10	47.4
75	11	37.0
75	12	7.3
75	13	2.4
75	14	9.9
75	15	5.5
75	16	41.2
75	17	76.6
75	18	4.1
75	19	10.2
75	20	10.1
75	21	9.9
75	22	7.8
75	23	20.4
75	24	21.4
76	1	6.4
76	2	2.2
76	3	0.0
76	4	0.0
76	5	0.0
76	6	0.0
76	7	1.9
76	8	56.7
76	9	41.1
76	10	42.8
76	11	247.2
76	12	36.3
76	13	88.8
76	14	23.7
76	15	113.5
76	16	455.4
76	17	144.6
76	18	130.0
76	19	65.1
76	20	95.4
76	21	59.1
76	22	67.1
76	23	88.8
76	24	107.0
77	1	21.7
77	2	13.6
77	3	18.7
77	4	32.9
77	5	9.1
77	6	19.8
77	7	7.0
77	8	0.0
77	9	37.3
77	10	47.4
77	11	37.0
77	12	7.3
77	13	2.4
77	14	9.9
77	15	5.5
77	16	41.2
77	17	76.6
77	18	4.1
77	19	10.2
77	20	10.1
77	21	9.9
77	22	7.8
77	23	20.4
77	24	21.4
78	1	0.4
78	2	15.0
78	3	23.2
78	4	12.1
78	5	54.2
78	6	61.1
78	7	75.5
78	8	20.7
78	9	0.3
78	10	10.8
78	11	28.0
78	12	67.2
78	13	33.4
78	14	0.0
78	15	11.2
78	16	0.0
78	17	166.6
78	18	75.8
78	19	4.5
78	20	0.0
78	21	0.0
78	22	0.0
78	23	6.9
78	24	13.3
79	1	21.7
79	2	13.6
79	3	18.7
79	4	32.9
79	5	9.1
79	6	19.8
79	7	7.0
79	8	0.0
79	9	37.3
79	10	47.4
79	11	37.0
79	12	7.3
79	13	2.4
79	14	9.9
79	15	5.5
79	16	41.2
79	17	76.6
79	18	4.1
79	19	10.2
79	20	10.1
79	21	9.9
79	22	7.8
79	23	20.4
79	24	21.4
80	1	0.0
80	2	0.0
80	3	0.0
80	4	0.0
80	5	0.0
80	6	0.0
80	7	0.0
80	8	0.0
80	9	0.0
80	10	0.1
80	11	16.9
80	12	4.4
80	13	1.7
80	14	5.0
80	15	2.1
80	16	10.5
80	17	12.3
80	18	4.6
80	19	17.8
80	20	11.5
80	21	5.5
80	22	16.9
80	23	14.6
80	24	11.0
81	1	8.9
81	2	1.7
81	3	2.5
81	4	1.5
81	5	0.9
81	6	36.1
81	7	3.1
81	8	7.7
81	9	13.2
81	10	30.8
81	11	5.1
81	12	12.9
81	13	119.5
81	14	18.0
81	15	87.8
81	16	23.1
81	17	23.8
81	18	34.2
81	19	5.4
81	20	10.1
81	21	10.3
81	22	35.1
81	23	25.6
81	24	13.8
82	1	21.7
82	2	13.6
82	3	18.7
82	4	32.9
82	5	9.1
82	6	19.8
82	7	7.0
82	8	0.0
82	9	37.3
82	10	47.4
82	11	37.0
82	12	7.3
82	13	2.4
82	14	9.9
82	15	5.5
82	16	41.2
82	17	76.6
82	18	4.1
82	19	10.2
82	20	10.1
82	21	9.9
82	22	7.8
82	23	20.4
82	24	21.4
83	1	0.4
83	2	15.0
83	3	23.2
83	4	12.1
83	5	54.2
83	6	61.1
83	7	75.5
83	8	20.7
83	9	0.3
83	10	10.8
83	11	28.0
83	12	67.2
83	13	33.4
83	14	0.0
83	15	11.2
83	16	0.0
83	17	166.6
83	18	75.8
83	19	4.5
83	20	0.0
83	21	0.0
83	22	0.0
83	23	6.9
83	24	13.3
84	1	21.7
84	2	13.6
84	3	18.7
84	4	32.9
84	5	9.1
84	6	19.8
84	7	7.0
84	8	0.0
84	9	37.3
84	10	47.4
84	11	37.0
84	12	7.3
84	13	2.4
84	14	9.9
84	15	5.5
84	16	41.2
84	17	76.6
84	18	4.1
84	19	10.2
84	20	10.1
84	21	9.9
84	22	7.8
84	23	20.4
84	24	21.4
85	1	10.2
85	2	42.5
85	3	50.0
85	4	44.6
85	5	32.9
85	6	5.0
85	7	8.8
85	8	31.8
85	9	20.9
85	10	2.0
85	11	0.0
85	12	9.1
85	13	14.6
85	14	31.2
85	15	25.3
85	16	16.0
85	17	45.7
85	18	12.4
85	19	46.0
85	20	9.5
85	21	0.5
85	22	4.2
85	23	27.9
85	24	56.5
86	1	0.0
86	2	5.0
86	3	2.0
86	4	0.0
86	5	2.1
86	6	7.3
86	7	17.3
86	8	7.4
86	9	6.4
86	10	25.8
86	11	12.3
86	12	33.8
86	13	12.8
86	14	92.7
86	15	211.7
86	16	113.2
86	17	78.7
86	18	74.8
86	19	65.6
86	20	73.9
86	21	47.9
86	22	84.6
86	23	32.7
86	24	30.3
87	1	0.0
87	2	0.0
87	3	0.0
87	4	0.0
87	5	0.0
87	6	0.0
87	7	0.0
87	8	0.0
87	9	0.0
87	10	0.1
87	11	16.9
87	12	4.4
87	13	1.7
87	14	5.0
87	15	2.1
87	16	10.5
87	17	12.3
87	18	4.6
87	19	17.8
87	20	11.5
87	21	5.5
87	22	16.9
87	23	14.6
87	24	11.0
88	1	8.9
88	2	1.7
88	3	2.5
88	4	1.5
88	5	0.9
88	6	36.1
88	7	3.1
88	8	7.7
88	9	13.2
88	10	30.8
88	11	5.1
88	12	12.9
88	13	119.5
88	14	18.0
88	15	87.8
88	16	23.1
88	17	23.8
88	18	34.2
88	19	5.4
88	20	10.1
88	21	10.3
88	22	35.1
88	23	25.6
88	24	13.8
89	1	0.4
89	2	15.0
89	3	23.2
89	4	12.1
89	5	54.2
89	6	61.1
89	7	75.5
89	8	20.7
89	9	0.3
89	10	10.8
89	11	28.0
89	12	67.2
89	13	33.4
89	14	0.0
89	15	11.2
89	16	0.0
89	17	166.6
89	18	75.8
89	19	4.5
89	20	0.0
89	21	0.0
89	22	0.0
89	23	6.9
89	24	13.3
90	1	6.4
90	2	2.2
90	3	0.0
90	4	0.0
90	5	0.0
90	6	0.0
90	7	1.9
90	8	56.7
90	9	41.1
90	10	42.8
90	11	247.2
90	12	36.3
90	13	88.8
90	14	23.7
90	15	113.5
90	16	455.4
90	17	144.6
90	18	130.0
90	19	65.1
90	20	95.4
90	21	59.1
90	22	67.1
90	23	88.8
90	24	107.0
91	1	10.2
91	2	42.5
91	3	50.0
91	4	44.6
91	5	32.9
91	6	5.0
91	7	8.8
91	8	31.8
91	9	20.9
91	10	2.0
91	11	0.0
91	12	9.1
91	13	14.6
91	14	31.2
91	15	25.3
91	16	16.0
91	17	45.7
91	18	12.4
91	19	46.0
91	20	9.5
91	21	0.5
91	22	4.2
91	23	27.9
91	24	56.5
92	1	10.2
92	2	42.5
92	3	50.0
92	4	44.6
92	5	32.9
92	6	5.0
92	7	8.8
92	8	31.8
92	9	20.9
92	10	2.0
92	11	0.0
92	12	9.1
92	13	14.6
92	14	31.2
92	15	25.3
92	16	16.0
92	17	45.7
92	18	12.4
92	19	46.0
92	20	9.5
92	21	0.5
92	22	4.2
92	23	27.9
92	24	56.5
93	1	10.2
93	2	42.5
93	3	50.0
93	4	44.6
93	5	32.9
93	6	5.0
93	7	8.8
93	8	31.8
93	9	20.9
93	10	2.0
93	11	0.0
93	12	9.1
93	13	14.6
93	14	31.2
93	15	25.3
93	16	16.0
93	17	45.7
93	18	12.4
93	19	46.0
93	20	9.5
93	21	0.5
93	22	4.2
93	23	27.9
93	24	56.5
94	1	10.2
94	2	42.5
94	3	50.0
94	4	44.6
94	5	32.9
94	6	5.0
94	7	8.8
94	8	31.8
94	9	20.9
94	10	2.0
94	11	0.0
94	12	9.1
94	13	14.6
94	14	31.2
94	15	25.3
94	16	16.0
94	17	45.7
94	18	12.4
94	19	46.0
94	20	9.5
94	21	0.5
94	22	4.2
94	23	27.9
94	24	56.5
95	1	0.0
95	2	0.0
95	3	0.0
95	4	0.0
95	5	0.0
95	6	0.0
95	7	0.0
95	8	0.0
95	9	0.0
95	10	0.1
95	11	16.9
95	12	4.4
95	13	1.7
95	14	5.0
95	15	2.1
95	16	10.5
95	17	12.3
95	18	4.6
95	19	17.8
95	20	11.5
95	21	5.5
95	22	16.9
95	23	14.6
95	24	11.0
96	1	0.4
96	2	15.0
96	3	23.2
96	4	12.1
96	5	54.2
96	6	61.1
96	7	75.5
96	8	20.7
96	9	0.3
96	10	10.8
96	11	28.0
96	12	67.2
96	13	33.4
96	14	0.0
96	15	11.2
96	16	0.0
96	17	166.6
96	18	75.8
96	19	4.5
96	20	0.0
96	21	0.0
96	22	0.0
96	23	6.9
96	24	13.3
97	1	0.0
97	2	5.0
97	3	2.0
97	4	0.0
97	5	2.1
97	6	7.3
97	7	17.3
97	8	7.4
97	9	6.4
97	10	25.8
97	11	12.3
97	12	33.8
97	13	12.8
97	14	92.7
97	15	211.7
97	16	113.2
97	17	78.7
97	18	74.8
97	19	65.6
97	20	73.9
97	21	47.9
97	22	84.6
97	23	32.7
97	24	30.3
98	1	0.0
98	2	0.0
98	3	0.0
98	4	0.0
98	5	0.0
98	6	0.0
98	7	0.0
98	8	0.0
98	9	0.0
98	10	0.1
98	11	16.9
98	12	4.4
98	13	1.7
98	14	5.0
98	15	2.1
98	16	10.5
98	17	12.3
98	18	4.6
98	19	17.8
98	20	11.5
98	21	5.5
98	22	16.9
98	23	14.6
98	24	11.0
99	1	0.0
99	2	5.0
99	3	2.0
99	4	0.0
99	5	2.1
99	6	7.3
99	7	17.3
99	8	7.4
99	9	6.4
99	10	25.8
99	11	12.3
99	12	33.8
99	13	12.8
99	14	92.7
99	15	211.7
99	16	113.2
99	17	78.7
99	18	74.8
99	19	65.6
99	20	73.9
99	21	47.9
99	22	84.6
99	23	32.7
99	24	30.3
100	1	0.0
100	2	5.0
100	3	2.0
100	4	0.0
100	5	2.1
100	6	7.3
100	7	17.3
100	8	7.4
100	9	6.4
100	10	25.8
100	11	12.3
100	12	33.8
100	13	12.8
100	14	92.7
100	15	211.7
100	16	113.2
100	17	78.7
100	18	74.8
100	19	65.6
100	20	73.9
100	21	47.9
100	22	84.6
100	23	32.7
100	24	30.3
101	1	0.4
101	2	15.0
101	3	23.2
101	4	12.1
101	5	54.2
101	6	61.1
101	7	75.5
101	8	20.7
101	9	0.3
101	10	10.8
101	11	28.0
101	12	67.2
101	13	33.4
101	14	0.0
101	15	11.2
101	16	0.0
101	17	166.6
101	18	75.8
101	19	4.5
101	20	0.0
101	21	0.0
101	22	0.0
101	23	6.9
101	24	13.3
102	1	0.0
102	2	0.0
102	3	0.0
102	4	0.0
102	5	0.0
102	6	0.0
102	7	0.0
102	8	0.0
102	9	0.0
102	10	0.1
102	11	16.9
102	12	4.4
102	13	1.7
102	14	5.0
102	15	2.1
102	16	10.5
102	17	12.3
102	18	4.6
102	19	17.8
102	20	11.5
102	21	5.5
102	22	16.9
102	23	14.6
102	24	11.0
103	1	0.0
103	2	5.0
103	3	2.0
103	4	0.0
103	5	2.1
103	6	7.3
103	7	17.3
103	8	7.4
103	9	6.4
103	10	25.8
103	11	12.3
103	12	33.8
103	13	12.8
103	14	92.7
103	15	211.7
103	16	113.2
103	17	78.7
103	18	74.8
103	19	65.6
103	20	73.9
103	21	47.9
103	22	84.6
103	23	32.7
103	24	30.3
104	1	0.4
104	2	15.0
104	3	23.2
104	4	12.1
104	5	54.2
104	6	61.1
104	7	75.5
104	8	20.7
104	9	0.3
104	10	10.8
104	11	28.0
104	12	67.2
104	13	33.4
104	14	0.0
104	15	11.2
104	16	0.0
104	17	166.6
104	18	75.8
104	19	4.5
104	20	0.0
104	21	0.0
104	22	0.0
104	23	6.9
104	24	13.3
105	1	8.9
105	2	1.7
105	3	2.5
105	4	1.5
105	5	0.9
105	6	36.1
105	7	3.1
105	8	7.7
105	9	13.2
105	10	30.8
105	11	5.1
105	12	12.9
105	13	119.5
105	14	18.0
105	15	87.8
105	16	23.1
105	17	23.8
105	18	34.2
105	19	5.4
105	20	10.1
105	21	10.3
105	22	35.1
105	23	25.6
105	24	13.8
106	1	10.2
106	2	42.5
106	3	50.0
106	4	44.6
106	5	32.9
106	6	5.0
106	7	8.8
106	8	31.8
106	9	20.9
106	10	2.0
106	11	0.0
106	12	9.1
106	13	14.6
106	14	31.2
106	15	25.3
106	16	16.0
106	17	45.7
106	18	12.4
106	19	46.0
106	20	9.5
106	21	0.5
106	22	4.2
106	23	27.9
106	24	56.5
107	1	0.0
107	2	0.0
107	3	0.0
107	4	0.0
107	5	0.0
107	6	0.0
107	7	0.0
107	8	0.0
107	9	0.0
107	10	0.1
107	11	16.9
107	12	4.4
107	13	1.7
107	14	5.0
107	15	2.1
107	16	10.5
107	17	12.3
107	18	4.6
107	19	17.8
107	20	11.5
107	21	5.5
107	22	16.9
107	23	14.6
107	24	11.0
108	1	21.7
108	2	13.6
108	3	18.7
108	4	32.9
108	5	9.1
108	6	19.8
108	7	7.0
108	8	0.0
108	9	37.3
108	10	47.4
108	11	37.0
108	12	7.3
108	13	2.4
108	14	9.9
108	15	5.5
108	16	41.2
108	17	76.6
108	18	4.1
108	19	10.2
108	20	10.1
108	21	9.9
108	22	7.8
108	23	20.4
108	24	21.4
109	1	0.4
109	2	15.0
109	3	23.2
109	4	12.1
109	5	54.2
109	6	61.1
109	7	75.5
109	8	20.7
109	9	0.3
109	10	10.8
109	11	28.0
109	12	67.2
109	13	33.4
109	14	0.0
109	15	11.2
109	16	0.0
109	17	166.6
109	18	75.8
109	19	4.5
109	20	0.0
109	21	0.0
109	22	0.0
109	23	6.9
109	24	13.3
110	1	0.0
110	2	0.0
110	3	0.0
110	4	0.0
110	5	0.0
110	6	0.0
110	7	0.0
110	8	0.0
110	9	0.0
110	10	0.1
110	11	16.9
110	12	4.4
110	13	1.7
110	14	5.0
110	15	2.1
110	16	10.5
110	17	12.3
110	18	4.6
110	19	17.8
110	20	11.5
110	21	5.5
110	22	16.9
110	23	14.6
110	24	11.0
111	1	10.2
111	2	42.5
111	3	50.0
111	4	44.6
111	5	32.9
111	6	5.0
111	7	8.8
111	8	31.8
111	9	20.9
111	10	2.0
111	11	0.0
111	12	9.1
111	13	14.6
111	14	31.2
111	15	25.3
111	16	16.0
111	17	45.7
111	18	12.4
111	19	46.0
111	20	9.5
111	21	0.5
111	22	4.2
111	23	27.9
111	24	56.5
112	1	0.0
112	2	0.0
112	3	0.0
112	4	0.0
112	5	0.0
112	6	0.0
112	7	0.0
112	8	0.0
112	9	0.0
112	10	0.1
112	11	16.9
112	12	4.4
112	13	1.7
112	14	5.0
112	15	2.1
112	16	10.5
112	17	12.3
112	18	4.6
112	19	17.8
112	20	11.5
112	21	5.5
112	22	16.9
112	23	14.6
112	24	11.0
