Node	Time	Intraday_Price
3	1	31.04231677301669
3	2	18.39450281562818
3	3	26.198526168273656
3	4	25.96271276988844
3	5	22.532166556088654
3	6	34.49071798753746
3	7	44.024577206277876
3	8	29.01360806774783
3	9	36.37858571898897
3	10	21.96338430208767
3	11	17.160129882693177
3	12	23.336374040841093
3	13	12.434821225058574
3	14	15.38941676142762
3	15	31.20051616317118
3	16	20.876014124772
3	17	29.83112236109584
3	18	43.936232294251326
3	19	29.60723130455881
3	20	37.388047059637564
3	21	36.49498932034372
3	22	9.231100770231674
3	23	30.8268804937996
3	24	39.28684746040255
4	1	12.625408114035077
4	2	22.62069775568982
4	3	20.054186945562492
4	4	23.719205805875053
4	5	14.293588497967733
4	6	25.809696671835596
4	7	32.04341424845702
4	8	27.957303515036205
4	9	16.975891447202464
4	10	22.334190805965548
4	11	22.633442295685438
4	12	15.546098064229668
4	13	37.34187030018541
4	14	20.856049909633548
4	15	17.990512651355083
4	16	26.547322067419564
4	17	28.010298973666945
4	18	28.22117065126297
4	19	27.46502213087909
4	20	22.359560659040156
4	21	37.367400789561884
4	22	15.850391521683243
4	23	23.098240089686712
4	24	31.70188820484729
5	1	37.08769016365864
5	2	20.57962906682168
5	3	34.11593159964122
5	4	33.026241821002586
5	5	25.539496683877914
5	6	25.775202261666834
5	7	28.042470120022994
5	8	36.63238555015644
5	9	29.939428409146768
5	10	29.34891593693112
5	11	26.166518272059616
5	12	25.35476510741351
5	13	25.274679730515576
5	14	9.808114899288121
5	15	27.00027533159657
5	16	33.32275001223812
5	17	28.94233150728835
5	18	32.00744206144716
5	19	23.31783079624453
5	20	22.316281212367855
5	21	30.643545432267725
5	22	35.98749353746861
5	23	38.732543850546335
5	24	31.81231564490989
6	1	17.42158683337948
6	2	11.819279729786986
6	3	30.697621116323692
6	4	18.71551802338301
6	5	19.765392141043534
6	6	22.35481278134993
6	7	19.767490590779683
6	8	25.97333894767834
6	9	30.41981451675629
6	10	25.47181702906736
6	11	0.6532824982458934
6	12	-0.016965903858944975
6	13	-1.5427863498179433
6	14	-2.773227128803701
6	15	-0.015255198514591131
6	16	20.44494725014199
6	17	20.075959683775544
6	18	20.37877575742371
6	19	20.0267880209326
6	20	23.171633003483542
6	21	28.517038113962062
6	22	18.758446054265608
6	23	17.564829269452325
6	24	34.0496540768053
7	1	77.31714837944571
7	2	63.98130212096129
7	3	68.67392502673516
7	4	61.910517850636914
7	5	82.70931833965783
7	6	70.73229950308075
7	7	62.50320575459011
7	8	63.33810854820279
7	9	66.81179063304533
7	10	55.28053301632015
7	11	49.96922724844325
7	12	36.35341392921753
7	13	31.79016093609736
7	14	52.98202240412844
7	15	26.720609370424505
7	16	29.11622537961846
7	17	52.71849961115724
7	18	110.3593846819973
7	19	91.76619411708835
7	20	96.57937077552931
7	21	69.07766489693468
7	22	80.43973802449857
7	23	81.98768786581535
7	24	59.07235861512235
8	1	34.782281764213806
8	2	13.892579108530258
8	3	35.77088568288304
8	4	27.096803448711505
8	5	21.90232832978742
8	6	27.33975614695344
8	7	20.805934210914927
8	8	25.96575528001874
8	9	25.25843346866092
8	10	37.25788935200465
8	11	18.423476585205908
8	12	20.584643371756254
8	13	11.431102483362256
8	14	19.97392451700352
8	15	12.508575833274673
8	16	10.253691669975453
8	17	27.20276525939677
8	18	28.6186575027911
8	19	31.8841777117232
8	20	40.46679537462547
8	21	35.608911153174475
8	22	36.920891747941546
8	23	28.394719631772723
8	24	35.60220968185629
9	1	42.21645872598955
9	2	51.20741003446531
9	3	47.77426234623332
9	4	24.706568661145653
9	5	34.54143784837795
9	6	42.68207750314418
9	7	37.61959855722351
9	8	57.65825437419037
9	9	43.24616093946714
9	10	41.61225925476228
9	11	37.89480696443966
9	12	46.53919633071693
9	13	21.999814257043617
9	14	20.200524479184825
9	15	30.669632392948902
9	16	32.58683836887881
9	17	54.850410037423885
9	18	39.02303235606017
9	19	56.77901474806331
9	20	28.060607251636682
9	21	50.831840466998564
9	22	35.135182476944294
9	23	38.169964286408096
9	24	31.57654887070494
10	1	27.507059880281343
10	2	38.47065857552758
10	3	44.23414436054263
10	4	47.14152824262199
10	5	37.4939756234985
10	6	29.50995784898931
10	7	49.50167388169209
10	8	33.14831188023607
10	9	47.75732428891395
10	10	49.98717997904891
10	11	28.435203277488274
10	12	31.578209300180646
10	13	30.71824512111527
10	14	33.57423033647852
10	15	37.94273046073513
10	16	9.958918513958544
10	17	38.17351326154347
10	18	31.442444324363734
10	19	36.4556113097868
10	20	31.67986468499146
10	21	56.88077718499361
10	22	55.57251196850158
10	23	51.55939965021513
10	24	47.080414699713096
11	1	35.07281543120678
11	2	56.50549295739777
11	3	38.52968431771275
11	4	29.685604501310767
11	5	33.67017969350673
11	6	49.41940399802895
11	7	69.8365479860176
11	8	87.72614901086462
11	9	92.31164372875438
11	10	50.701684046837386
11	11	34.84049698916098
11	12	37.60605839320603
11	13	44.0792087944352
11	14	36.922116666055736
11	15	28.38522288269388
11	16	37.942159925047285
11	17	35.394790376284845
11	18	37.85787699336966
11	19	34.52042320211902
11	20	29.922780591809605
11	21	20.21632722101338
11	22	23.106220648503534
11	23	37.410714796755364
11	24	31.854142556467217
12	1	17.42158683337948
12	2	11.819279729786986
12	3	30.697621116323692
12	4	18.71551802338301
12	5	19.765392141043534
12	6	22.35481278134993
12	7	19.767490590779683
12	8	25.97333894767834
12	9	30.41981451675629
12	10	25.47181702906736
12	11	0.6532824982458934
12	12	-0.016965903858944975
12	13	-1.5427863498179433
12	14	-2.773227128803701
12	15	-0.015255198514591131
12	16	20.44494725014199
12	17	20.075959683775544
12	18	20.37877575742371
12	19	20.0267880209326
12	20	23.171633003483542
12	21	28.517038113962062
12	22	18.758446054265608
12	23	17.564829269452325
12	24	34.0496540768053
13	1	37.668116462736585
13	2	38.88294944444917
13	3	42.39498961037595
13	4	17.382725645298848
13	5	37.05550517543456
13	6	17.664014687199327
13	7	14.750685540945934
13	8	0.2738978492591402
13	9	-1.7702210528387403
13	10	-3.010493963455737
13	11	-2.3309347066994683
13	12	-4.683151370322128
13	13	-5.505056702039791
13	14	-6.509356613792289
13	15	-4.757808942262098
13	16	7.730826870529352
13	17	24.149168576697132
13	18	29.19625067616875
13	19	32.86441835040244
13	20	30.686087059969985
13	21	27.35354698830083
13	22	32.53967660027006
13	23	36.74184353957159
13	24	31.937675133793928
14	1	18.653972156269514
14	2	20.03413701922337
14	3	15.243807586586557
14	4	27.284992409173782
14	5	20.44415293834968
14	6	17.42400865015192
14	7	22.863589395363025
14	8	29.181415460458577
14	9	19.882676376989384
14	10	2.6554581442816696
14	11	-0.16309896443780575
14	12	-0.9734654321575381
14	13	-8.156872275536621
14	14	-13.984429492275662
14	15	-5.211806332813581
14	16	1.331820977316341
14	17	23.41573326441668
14	18	29.644786397646797
14	19	22.993313333992866
14	20	23.729055656236184
14	21	23.52966544850489
14	22	28.411796178876934
14	23	24.133305227984724
14	24	35.75112613180308
15	1	22.143852964061207
15	2	26.43846621068583
15	3	21.10704302876368
15	4	23.300136042289882
15	5	27.73577501582617
15	6	13.47037462392357
15	7	34.16660876933155
15	8	40.47653432082959
15	9	39.68533654962426
15	10	37.04564890814214
15	11	7.020631032521016
15	12	0.7212041186283338
15	13	-0.02011060083754783
15	14	-0.8121199641118695
15	15	-1.1195609194125473
15	16	1.5203356325262316
15	17	21.12392893210919
15	18	24.32329175019187
15	19	32.89585917946161
15	20	23.275821005067954
15	21	43.56635538714079
15	22	13.439526566677355
15	23	30.201005515529303
15	24	19.472271509041878
16	1	41.5902718759786
16	2	56.48417735743874
16	3	38.993934496608034
16	4	47.68097177332386
16	5	63.37213740078454
16	6	47.82701703073198
16	7	38.61390166458435
16	8	40.42531197929437
16	9	29.53315515047175
16	10	12.30534495552678
16	11	2.4054495249362184
16	12	0.43341515417988524
16	13	-0.12119173829528704
16	14	-0.04665329188063616
16	15	10.549861560030928
16	16	38.23429254702518
16	17	39.76405961119516
16	18	62.0778829401598
16	19	31.000145921906668
16	20	45.644153832265964
16	21	44.456139750907774
16	22	66.3731634988907
16	23	50.093785033088054
16	24	27.853155215171782
17	1	57.464324638033865
17	2	20.878458328753034
17	3	45.14423150494659
17	4	40.34252351303247
17	5	26.390886860813623
17	6	26.482163906476618
17	7	34.85782285245788
17	8	71.36074694685308
17	9	62.131994908464186
17	10	51.77954761053675
17	11	67.66572468883487
17	12	99.26349491707784
17	13	48.83674562396131
17	14	44.69558268475656
17	15	39.643260368336634
17	16	38.775219119010764
17	17	59.21518318340292
17	18	54.863024695472795
17	19	42.263887828443394
17	20	26.588584472212446
17	21	59.47920674680942
17	22	24.225138163262947
17	23	38.46772202460812
17	24	32.280939947164704
18	1	42.34727186257433
18	2	39.217299716199385
18	3	25.427866835088842
18	4	41.78783935732593
18	5	37.594671203002186
18	6	37.37384820718808
18	7	28.09297884349786
18	8	50.48889603583473
18	9	50.46186598257425
18	10	29.395103518223777
18	11	42.52627925404184
18	12	28.397483487957473
18	13	32.46985864004001
18	14	41.89764409718057
18	15	34.152184251106256
18	16	39.51484842356667
18	17	48.554842233508175
18	18	35.71113028846526
18	19	31.78445177385526
18	20	32.86988480056862
18	21	24.91088549846374
18	22	43.01980032758523
18	23	41.13365851898325
18	24	36.88396635903748
19	1	18.972145098777453
19	2	29.825081461587583
19	3	7.209889428040424
19	4	18.940428992637916
19	5	25.87993219477776
19	6	36.99938242220178
19	7	43.37766919761257
19	8	21.008081465449987
19	9	19.474424393261867
19	10	0.194859977693083
19	11	-1.594635460734672
19	12	-2.8080124278130043
19	13	-4.228807560662302
19	14	-3.589363026396519
19	15	-3.0470389727114555
19	16	-0.08245266726962874
19	17	3.118702167960159
19	18	27.37222676060791
19	19	41.062490274486045
19	20	37.00248179523335
19	21	25.87182024514717
19	22	27.03342866646873
19	23	19.121918406082834
19	24	29.146281033626096
20	1	22.426131282199865
20	2	26.234285031119356
20	3	19.224518513070205
20	4	8.842814484515106
20	5	9.209249181439132
20	6	33.96507244624469
20	7	29.90948842622781
20	8	27.334745691485335
20	9	22.51388724841663
20	10	2.258658849327171
20	11	0.0
20	12	-0.04161079024003375
20	13	-5.307782579886142
20	14	-17.88899071517391
20	15	-18.467035875952103
20	16	-0.059936166870511356
20	17	1.115191667184548
20	18	11.72963745698606
20	19	34.923517518557134
20	20	35.53186378685916
20	21	42.62008309154088
20	22	33.35042877662053
20	23	42.18842671965206
20	24	30.602596510459897
21	1	1.8357641239614355
21	2	0.9767371828823666
21	3	0.5072001766986167
21	4	1.1910392756488655
21	5	1.2788140033566222
21	6	1.3985498749155985
21	7	2.7824060751661124
21	8	2.5860917230163714
21	9	1.764521825999535
21	10	1.020797053955176
21	11	-0.02580096750143734
21	12	-2.76198628585505
21	13	-5.1946358840118085
21	14	-4.5694643309510665
21	15	-1.129145616117431
21	16	0.5402360432120048
21	17	1.3289577453750445
21	18	2.9757107385460992
21	19	2.105137912391749
21	20	3.0695132339600044
21	21	2.22316508304938
21	22	2.56109714630831
21	23	0.5459311409621295
21	24	0.30246303596621443
22	1	34.782281764213806
22	2	13.892579108530258
22	3	35.77088568288304
22	4	27.096803448711505
22	5	21.90232832978742
22	6	27.33975614695344
22	7	20.805934210914927
22	8	25.96575528001874
22	9	25.25843346866092
22	10	37.25788935200465
22	11	18.423476585205908
22	12	20.584643371756254
22	13	11.431102483362256
22	14	19.97392451700352
22	15	12.508575833274673
22	16	10.253691669975453
22	17	27.20276525939677
22	18	28.6186575027911
22	19	31.8841777117232
22	20	40.46679537462547
22	21	35.608911153174475
22	22	36.920891747941546
22	23	28.394719631772723
22	24	35.60220968185629
23	1	40.79585392336159
23	2	37.32381899566863
23	3	33.55795276840716
23	4	31.87901301996569
23	5	23.092394785141654
23	6	6.875066621305225
23	7	6.0371945077598355
23	8	3.0294999379467002
23	9	0.483104285800737
23	10	-0.03698331495678122
23	11	-0.01983887996151055
23	12	-0.03127091505066681
23	13	-0.07601913431309298
23	14	-1.3492381528719215
23	15	-2.3332952240122693
23	16	-0.3809453645725535
23	17	0.010050378817372987
23	18	1.5533551184298082
23	19	0.4106035613901804
23	20	4.553258133211309
23	21	14.627493174922812
23	22	26.419154139140307
23	23	10.231501215197587
23	24	-0.025417833813260664
24	1	12.99944294968344
24	2	7.721609559432125
24	3	7.431541843356826
24	4	7.295659969456681
24	5	8.275795358782418
24	6	9.913620639489322
24	7	15.678712031364988
24	8	11.093401548646467
24	9	13.838518562599827
24	10	23.70115665656915
24	11	17.72591367698565
24	12	49.68331862858881
24	13	14.206012432581758
24	14	31.722264186682988
24	15	8.865206794842116
24	16	18.67478981874936
24	17	21.815877210575362
24	18	15.662159609754301
24	19	15.866066240849921
24	20	8.932991758244443
24	21	14.679238309161075
24	22	18.77219980959942
24	23	17.73523061384664
24	24	6.258169892824702
25	1	55.855399172201594
25	2	27.591299281903545
25	3	50.092633775592724
25	4	28.107263103247853
25	5	69.51326084418376
25	6	86.30855971461305
25	7	65.62341074094803
25	8	62.7244934993562
25	9	84.76054665840131
25	10	73.90054717100502
25	11	55.182286776560346
25	12	52.140387766019764
25	13	40.2558082757536
25	14	55.63946866361613
25	15	43.809283460429754
25	16	45.024544401210406
25	17	61.80852596245511
25	18	47.74549111979194
25	19	70.16380661861236
25	20	38.886864011083304
25	21	73.14467840238214
25	22	33.509208098506825
25	23	45.95315919502694
25	24	33.45156272856336
26	1	31.487473677089447
26	2	33.06375298932251
26	3	23.62352250617115
26	4	31.028877741135073
26	5	41.7134148073646
26	6	18.89119299144935
26	7	24.840319362736007
26	8	24.628141060282914
26	9	26.76093596403165
26	10	4.099245299626834
26	11	0.04444108724252881
26	12	-0.009585025714778634
26	13	-0.8839692500751826
26	14	-0.8950028998585005
26	15	-0.023072115848238896
26	16	0.8988144685493494
26	17	16.753022309085043
26	18	38.44288038254874
26	19	34.90345107390605
26	20	29.81185210037278
26	21	41.626733538549125
26	22	28.84778844691827
26	23	36.92777124754499
26	24	32.730402612320894
27	1	17.10881670241814
27	2	12.006034917209398
27	3	19.12545694571356
27	4	14.248847709198197
27	5	16.514927402159152
27	6	18.339050143372784
27	7	23.00851498850139
27	8	18.220260627059133
27	9	17.322139642353164
27	10	15.163817567946873
27	11	14.058231378123484
27	12	13.088282928988248
27	13	6.668208962023788
27	14	11.21046866728196
27	15	13.888320574233687
27	16	18.576500028184252
27	17	19.55582051425688
27	18	26.09288719881919
27	19	10.911883297444636
27	20	20.055268230413933
27	21	19.952184112237706
27	22	19.721971216964704
27	23	21.735501160950573
27	24	20.37885097484569
28	1	8.989952643398121
28	2	6.657024480035311
28	3	7.948675937417336
28	4	8.343133210479266
28	5	11.23518636167508
28	6	7.507698337424533
28	7	8.715796049717895
28	8	13.239851837875673
28	9	12.074836784429555
28	10	6.3776008943637805
28	11	3.6156096844661407
28	12	1.64280657405071
28	13	2.0666794295703506
28	14	3.567234345004252
28	15	4.1544796164027336
28	16	8.528258081277059
28	17	17.645179405621025
28	18	11.062028603640343
28	19	14.159064167957409
28	20	13.209545825528362
28	21	7.249868377874264
28	22	7.164680289547422
28	23	5.124182038740733
28	24	8.340122388240099
29	1	71.36648342323265
29	2	68.68816418480458
29	3	63.074537173213635
29	4	60.73840477105986
29	5	63.95282487134178
29	6	47.35182564703163
29	7	140.85893217399553
29	8	138.1505148279447
29	9	74.40040345887026
29	10	77.45121944560549
29	11	56.18274181329598
29	12	73.00090326981235
29	13	60.51118548548919
29	14	55.22241406612236
29	15	60.479283846480435
29	16	50.64618036497255
29	17	33.620171681698615
29	18	81.44898827089216
29	19	80.59148681294276
29	20	88.96631861445938
29	21	58.58102341854068
29	22	38.88182698638093
29	23	55.22603792904656
29	24	78.06105107440759
30	1	27.512981699865662
30	2	24.191480832224602
30	3	28.43567435188493
30	4	19.78161920660248
30	5	15.526061067630078
30	6	22.87919650110599
30	7	26.371846631779643
30	8	25.716334332245985
30	9	20.2098528938536
30	10	18.282891385924902
30	11	22.150792000280394
30	12	11.756449025069944
30	13	5.179886341127099
30	14	4.964480289630995
30	15	26.21392330441342
30	16	26.689636895816072
30	17	29.619563709832583
30	18	22.139560999558437
30	19	25.485840127068116
30	20	24.13456390568728
30	21	19.597320786290943
30	22	15.935410247211134
30	23	16.750818870401968
30	24	18.37344094893809
31	1	6.693450404382477
31	2	3.5707378636002614
31	3	4.342118193266531
31	4	3.5187431667871927
31	5	5.1960606913534235
31	6	7.985937145906879
31	7	5.950542955139863
31	8	12.928817817878208
31	9	13.163998804875089
31	10	14.083238346475714
31	11	11.502608694011382
31	12	5.431131002751436
31	13	3.7468316218593447
31	14	8.92072187706557
31	15	9.962335965830748
31	16	20.727206588508654
31	17	9.784387970606558
31	18	15.236141472000467
31	19	8.456553439532733
31	20	9.707097239566378
31	21	16.31404303725621
31	22	18.604350059867155
31	23	13.473466364186965
31	24	17.541441985815595
32	1	75.2778877661989
32	2	91.85246633838429
32	3	56.394489895225284
32	4	65.60264459071341
32	5	66.6258013103833
32	6	45.524916028114994
32	7	56.4028985242364
32	8	56.676190623810456
32	9	53.97790442922025
32	10	30.458016742626413
32	11	51.41403228749225
32	12	52.30453123455354
32	13	45.09854922743605
32	14	43.72881580097034
32	15	49.14183765791508
32	16	9.851589933952098
32	17	56.860547503511796
32	18	51.77604445655945
32	19	62.670043585153834
32	20	68.97965917696112
32	21	63.97381063604252
32	22	86.80724704463479
32	23	47.838623177758976
32	24	67.84297536693752
33	1	16.80893264591262
33	2	23.187060662205838
33	3	20.24510551158616
33	4	24.380266521855994
33	5	24.021150345230836
33	6	27.31062046764776
33	7	31.16416785991963
33	8	19.487002460887112
33	9	24.849234113175132
33	10	21.36988436612062
33	11	31.215670464012987
33	12	22.684407241567794
33	13	35.151291396887096
33	14	21.422054845585826
33	15	21.501171029784253
33	16	18.18550188967028
33	17	21.553687227402694
33	18	20.194963287095305
33	19	20.56149207468136
33	20	14.476233692416672
33	21	29.46234732598924
33	22	21.68989438829415
33	23	29.73129201134556
33	24	31.865220718421924
34	1	13.659928731144182
34	2	5.930879992713104
34	3	5.421046595577599
34	4	8.024997144567598
34	5	8.009600428265232
34	6	9.088915079764915
34	7	13.44881036739886
34	8	9.641990933339327
34	9	15.830275364410031
34	10	10.4334399442153
34	11	13.772492933124187
34	12	17.736925695946013
34	13	7.223133864102232
34	14	10.499656872847849
34	15	11.329711765522779
34	16	18.286872248793376
34	17	10.013977931437372
34	18	10.92505855862708
34	19	19.237213317836
34	20	12.529867815298019
34	21	10.17161386663366
34	22	18.28153376638364
34	23	9.913012590086066
34	24	8.374711935208865
35	1	30.244890861403782
35	2	14.610783812508888
35	3	25.063447631854405
35	4	23.550409661454594
35	5	25.325610970916674
35	6	33.97030260193919
35	7	43.71970048131353
35	8	38.492325081572076
35	9	55.56032059155717
35	10	38.728430517719694
35	11	41.67906848971569
35	12	35.29666124322292
35	13	29.306901811258804
35	14	35.193079818162154
35	15	33.75665666489485
35	16	23.68589977861642
35	17	38.742937412369834
35	18	36.78884889846547
35	19	52.44071715052187
35	20	43.38604639768668
35	21	67.89877465433142
35	22	41.47940267591778
35	23	44.43274034634667
35	24	47.974077685333796
36	1	-0.08446330194810113
36	2	-0.09106136358333496
36	3	-0.1687058338517869
36	4	-0.10502482043089821
36	5	0.0
36	6	1.5732007655512292
36	7	4.219542312978117
36	8	4.351396066005395
36	9	5.969938507942581
36	10	4.196744057603339
36	11	4.733297720358549
36	12	3.697180203499643
36	13	3.371770176349389
36	14	4.102593927086239
36	15	6.039483454184406
36	16	6.413828246147272
36	17	7.066283706815873
36	18	8.777526254396442
36	19	7.109670014698989
36	20	3.4979346582948283
36	21	5.681992985971526
36	22	2.895314431536119
36	23	2.2877409361872423
36	24	0.98008145007753
37	1	10.494473147275773
37	2	8.6367277204491
37	3	8.804918766032884
37	4	9.667680573917034
37	5	7.470302946069013
37	6	6.380541333174382
37	7	14.24453275522207
37	8	15.219796730509776
37	9	11.30895184751978
37	10	11.008475892202567
37	11	3.0240698643391126
37	12	0.21166497989061292
37	13	0.2962827632113769
37	14	1.5051474412523036
37	15	9.057700966995066
37	16	10.099280962153765
37	17	32.671239885359384
37	18	26.584656974712868
37	19	57.946700758334984
37	20	91.54291305774804
37	21	30.75879014015525
37	22	52.8568746836114
37	23	71.8265387986131
37	24	12.236946977941988
38	1	6.693450404382477
38	2	3.5707378636002614
38	3	4.342118193266531
38	4	3.5187431667871927
38	5	5.1960606913534235
38	6	7.985937145906879
38	7	5.950542955139863
38	8	12.928817817878208
38	9	13.163998804875089
38	10	14.083238346475714
38	11	11.502608694011382
38	12	5.431131002751436
38	13	3.7468316218593447
38	14	8.92072187706557
38	15	9.962335965830748
38	16	20.727206588508654
38	17	9.784387970606558
38	18	15.236141472000467
38	19	8.456553439532733
38	20	9.707097239566378
38	21	16.31404303725621
38	22	18.604350059867155
38	23	13.473466364186965
38	24	17.541441985815595
39	1	-0.021692480129113494
39	2	-0.39722815695515884
39	3	-1.1833425662843708
39	4	-0.9664412626933453
39	5	-0.43116792415398053
39	6	-0.027892354353460158
39	7	-0.010291496249855418
39	8	-0.07400757355435209
39	9	-1.4710481740400314
39	10	-7.190120702843657
39	11	-10.240334149533485
39	12	-20.447139468237047
39	13	-18.180079527064073
39	14	-19.711541359116758
39	15	-10.648192838335172
39	16	-0.056912215718075566
39	17	0.9590140256246275
39	18	1.0434510085490427
39	19	0.7495361645320117
39	20	1.5811113806966475
39	21	1.4111504699530377
39	22	0.9050914248039785
39	23	1.605958233637247
39	24	1.1162574575371227
40	1	4.003476294076236
40	2	1.4577572139454849
40	3	0.4665571853530034
40	4	0.9648383186495776
40	5	0.847904269972667
40	6	0.5753607330852382
40	7	3.299575828055654
40	8	9.140161648247851
40	9	0.14408531111745815
40	10	-2.4415140780422213
40	11	-14.21922082691204
40	12	-20.989855364541604
40	13	-34.2793388835258
40	14	-40.90483180824855
40	15	-27.875319332757506
40	16	-1.9066519946409852
40	17	1.567399490700299
40	18	17.401349180388127
40	19	14.066670820734858
40	20	12.789508391524087
40	21	13.012018270220343
40	22	7.213063723452679
40	23	9.25881697521137
40	24	1.0719572567143623
41	1	23.833144773122886
41	2	25.06550411421686
41	3	15.17190598903633
41	4	14.152709257521806
41	5	10.478489746780319
41	6	27.849154828400554
41	7	20.64256017917565
41	8	32.03570394063135
41	9	21.64104599149155
41	10	29.095679708015208
41	11	14.544887763672426
41	12	1.3055868044793852
41	13	0.011946179132433073
41	14	1.1669563690937943
41	15	21.71351015974504
41	16	19.949839927240753
41	17	21.916700445946805
41	18	25.538822545551202
41	19	22.827490972664414
41	20	20.77017176717209
41	21	22.104169486972854
41	22	33.88330149021964
41	23	18.95437912103544
41	24	18.017115751447186
42	1	42.17704669627807
42	2	25.27128863389072
42	3	18.44669552341072
42	4	20.1471189196155
42	5	39.79306526799108
42	6	41.044416213677
42	7	82.98216294418445
42	8	114.94769930374076
42	9	56.898134765833674
42	10	54.931193609097384
42	11	33.02693386351857
42	12	33.47964464006413
42	13	21.309948827069825
42	14	26.186193381749675
42	15	31.441349215948396
42	16	25.834821098689964
42	17	55.01155631262906
42	18	31.78861614828696
42	19	60.952196408921154
42	20	24.83168603930277
42	21	71.1564677615572
42	22	52.642215056710455
42	23	51.19768543697663
42	24	38.91356905215969
43	1	19.759976499615984
43	2	27.324932879310946
43	3	28.473020892743726
43	4	17.6191554852021
43	5	40.128554631559446
43	6	24.359428074547335
43	7	18.544480258942748
43	8	23.19271032412571
43	9	9.152322090133651
43	10	0.8975158612618954
43	11	0.0
43	12	0.0
43	13	0.0
43	14	0.8795611476576098
43	15	25.030442429070458
43	16	28.796366577072344
43	17	32.983259398514335
43	18	47.48537622362249
43	19	29.33552803727757
43	20	25.91828479155057
43	21	25.034384690456676
43	22	31.24652942840094
43	23	43.57289730298243
43	24	39.33424199097925
44	1	52.91461095151485
44	2	22.16621458904972
44	3	41.0956191524163
44	4	36.65604889763715
44	5	29.025130932557463
44	6	36.79590667353842
44	7	31.96344077939171
44	8	46.58908192159226
44	9	41.09170370175193
44	10	47.424381828776
44	11	38.22594682360321
44	12	28.725280964423522
44	13	35.320252041258975
44	14	26.69035626177884
44	15	44.23865636522007
44	16	56.35199243565345
44	17	40.26916030547068
44	18	52.762703201477024
44	19	25.43278877078424
44	20	26.671709954820646
44	21	26.220971135809208
44	22	25.391710600674447
44	23	38.517465552850155
44	24	36.919712819348995
45	1	32.44455046942121
45	2	19.371881613069853
45	3	38.84748588973096
45	4	32.050683978504104
45	5	29.35601119581806
45	6	19.202315045639207
45	7	85.46356347920262
45	8	64.13464160601553
45	9	84.29296928856827
45	10	86.28610025840008
45	11	81.39209169041877
45	12	39.59597241638698
45	13	31.19515315135311
45	14	42.69831008999728
45	15	27.87954315462675
45	16	35.36334235137611
45	17	27.31897106625839
45	18	43.6424094571487
45	19	37.350371611972825
45	20	31.45784527087329
45	21	40.690437217614644
45	22	35.270582736231006
45	23	30.16473902084301
45	24	29.269427430517446
46	1	21.256601976410604
46	2	27.191040999048
46	3	21.131074242531877
46	4	21.31105735185459
46	5	15.981774611818551
46	6	26.64020457839296
46	7	17.35982635774052
46	8	19.632503791320268
46	9	5.868595295286494
46	10	0.0
46	11	-4.02035129826449
46	12	-16.553983143258375
46	13	-33.587464961821766
46	14	-50.237332720431475
46	15	-34.26220749342924
46	16	-5.964758707235223
46	17	0.7930613361662533
46	18	22.310666918827284
46	19	12.117797588742828
46	20	24.022229794789855
46	21	19.32670745981007
46	22	34.48530610728865
46	23	26.453933896078876
46	24	19.91440655902986
47	1	16.80893264591262
47	2	23.187060662205838
47	3	20.24510551158616
47	4	24.380266521855994
47	5	24.021150345230836
47	6	27.31062046764776
47	7	31.16416785991963
47	8	19.487002460887112
47	9	24.849234113175132
47	10	21.36988436612062
47	11	31.215670464012987
47	12	22.684407241567794
47	13	35.151291396887096
47	14	21.422054845585826
47	15	21.501171029784253
47	16	18.18550188967028
47	17	21.553687227402694
47	18	20.194963287095305
47	19	20.56149207468136
47	20	14.476233692416672
47	21	29.46234732598924
47	22	21.68989438829415
47	23	29.73129201134556
47	24	31.865220718421924
48	1	59.10378108143742
48	2	57.797683490948494
48	3	58.239378325438345
48	4	53.60848705350544
48	5	43.96363155767441
48	6	50.30012734615157
48	7	104.84709318343481
48	8	134.76436697914576
48	9	79.01546788170751
48	10	100.59205219183991
48	11	87.0475616018507
48	12	42.09342455372121
48	13	54.548300287619014
48	14	65.67814166584296
48	15	50.79508089175297
48	16	86.52699558597313
48	17	56.03581810793366
48	18	62.84314348478558
48	19	64.2527079020042
48	20	76.80647878575323
48	21	61.27640826322242
48	22	55.23446657749393
48	23	36.540247587281115
48	24	49.46460264048185
49	1	14.96594084761394
49	2	14.134098485378003
49	3	19.54706601071762
49	4	14.566238958630809
49	5	11.392893321188525
49	6	19.322490313481666
49	7	23.151084452138203
49	8	41.413249528406006
49	9	48.24460801707196
49	10	22.523289016796912
49	11	17.97143487348082
49	12	13.18682922011021
49	13	11.673850727906803
49	14	24.710238394334624
49	15	15.854405873627298
49	16	21.320132548886956
49	17	20.86506910501239
49	18	18.623304572466726
49	19	14.581234208782293
49	20	15.581756082745734
49	21	20.055148862197825
49	22	26.64321990757304
49	23	7.6230105863624695
49	24	13.555115546521344
50	1	17.52224366026273
50	2	23.77179152804612
50	3	37.47418580767702
50	4	24.667919030123972
50	5	34.517294494734166
50	6	48.59645249838673
50	7	44.47242638962852
50	8	29.699351436087223
50	9	36.5805051890602
50	10	34.86573901228939
50	11	26.802212404154115
50	12	39.180671323062626
50	13	41.972125944465574
50	14	39.76191551942847
50	15	30.940049073485007
50	16	58.50737592495043
50	17	54.8906684464243
50	18	26.16988817423497
50	19	55.70701130124173
50	20	36.07923694120095
50	21	55.7044409713157
50	22	47.370689405453874
50	23	39.88127096830584
50	24	36.819410318477516
51	1	15.208378300130253
51	2	14.120542478664072
51	3	7.808703221668437
51	4	19.298347080615034
51	5	20.196183563521434
51	6	22.524006983777888
51	7	25.82307537278649
51	8	42.72787951858897
51	9	61.292168142405
51	10	18.662395247274432
51	11	14.008198574512527
51	12	23.41077732357866
51	13	19.546334140781806
51	14	7.896387326662162
51	15	22.927846421085214
51	16	60.5258065333772
51	17	32.695220861778736
51	18	50.12379052102453
51	19	66.37610824070342
51	20	41.31715725258984
51	21	56.927202011258075
51	22	18.796681940067252
51	23	10.891962177389079
51	24	12.4553993692582
52	1	30.20901989712914
52	2	16.578057613591497
52	3	10.345118364244652
52	4	25.172928761351255
52	5	24.864650505707484
52	6	21.33278150513051
52	7	25.07907451479902
52	8	14.237602554076865
52	9	36.6882313347459
52	10	43.04218588922685
52	11	30.0232404031691
52	12	25.71381272776761
52	13	11.622071340601437
52	14	17.636658980211948
52	15	22.053360241783345
52	16	17.1263092105997
52	17	23.24869044894848
52	18	21.605230979909674
52	19	22.278404449927777
52	20	34.212236756824936
52	21	26.88191954236663
52	22	23.370648854876105
52	23	30.58692881201577
52	24	19.071455134781054
53	1	36.60836678688487
53	2	44.49695969084373
53	3	49.59562356658372
53	4	31.83872456347127
53	5	36.90219718771109
53	6	38.67540647291671
53	7	29.532606760413476
53	8	30.25983850402027
53	9	11.656256742482572
53	10	5.018885745290383
53	11	0.8594283273237615
53	12	0.8499974092960536
53	13	0.47820854999870166
53	14	0.055870376035026245
53	15	1.305497557312015
53	16	16.164788715825367
53	17	35.502732168183435
53	18	30.052553347624883
53	19	41.09017019624832
53	20	33.937378754474516
53	21	33.766389336387284
53	22	30.713806727859538
53	23	35.42329391057902
53	24	38.38397143383976
54	1	18.295187385229255
54	2	15.950644419511962
54	3	16.438925457448033
54	4	27.034716010096904
54	5	19.22127300408367
54	6	32.96434247370538
54	7	33.06026110729526
54	8	9.38662837141921
54	9	26.160974524785406
54	10	16.7068364681709
54	11	5.740840681397087
54	12	0.7888980513309743
54	13	-0.20243364387794438
54	14	-0.14684826453189873
54	15	0.9852563613249659
54	16	13.804882638747076
54	17	15.538690025050004
54	18	17.99907826651092
54	19	31.47772605956632
54	20	22.21887569053579
54	21	22.035108770086502
54	22	12.348729142329015
54	23	36.444026828858114
54	24	13.189000237969402
55	1	52.91461095151485
55	2	22.16621458904972
55	3	41.0956191524163
55	4	36.65604889763715
55	5	29.025130932557463
55	6	36.79590667353842
55	7	31.96344077939171
55	8	46.58908192159226
55	9	41.09170370175193
55	10	47.424381828776
55	11	38.22594682360321
55	12	28.725280964423522
55	13	35.320252041258975
55	14	26.69035626177884
55	15	44.23865636522007
55	16	56.35199243565345
55	17	40.26916030547068
55	18	52.762703201477024
55	19	25.43278877078424
55	20	26.671709954820646
55	21	26.220971135809208
55	22	25.391710600674447
55	23	38.517465552850155
55	24	36.919712819348995
56	1	32.95354109262376
56	2	31.03248978149901
56	3	40.794172020150626
56	4	22.517426251835285
56	5	31.611129280083667
56	6	33.233037066668054
56	7	44.46214615908031
56	8	33.05160632813512
56	9	14.64975183423959
56	10	11.688860147032205
56	11	6.004972000158506
56	12	0.6927044791219025
56	13	-0.011733641260295267
56	14	-0.16430167967508388
56	15	0.558084793842688
56	16	8.077027938194227
56	17	14.027558542195658
56	18	18.442107857325375
56	19	36.05477740306203
56	20	43.36954267821088
56	21	37.50580219035284
56	22	32.75528711436805
56	23	36.69380721678546
56	24	21.966157085537493
57	1	12.126267578333474
57	2	28.878596644260867
57	3	23.60983752211044
57	4	14.211477965588456
57	5	12.52234365537796
57	6	17.939138499233575
57	7	18.566670418488556
57	8	29.84820411208507
57	9	22.11850323325979
57	10	35.68688134869305
57	11	17.58673248087019
57	12	15.771922770182343
57	13	19.520014103699577
57	14	29.404916057221712
57	15	17.061769006913842
57	16	15.911319610795143
57	17	35.61707185751158
57	18	34.263432388301204
57	19	26.042480734759195
57	20	22.26727022959381
57	21	27.30396249024781
57	22	26.456691257834134
57	23	21.354397167561203
57	24	15.38036132438051
58	1	75.51868724573463
58	2	46.856917686398354
58	3	62.91912923639931
58	4	64.63835665783981
58	5	34.91736602921746
58	6	33.45210895586859
58	7	41.77189922379957
58	8	70.94499948245868
58	9	73.76084686690584
58	10	68.71457527911953
58	11	59.76129109412108
58	12	72.59613554650444
58	13	61.75796457867554
58	14	64.5117039845169
58	15	55.769245153084164
58	16	72.36729671502768
58	17	55.692164207734166
58	18	82.50553742855861
58	19	68.80845979153902
58	20	85.58737435201563
58	21	49.319095892771024
58	22	45.50691768427144
58	23	28.6250063417393
58	24	64.31522815400534
59	1	41.48738259313009
59	2	47.63401735454351
59	3	45.05693477921323
59	4	54.607046893816815
59	5	57.91684256070876
59	6	43.89418212092045
59	7	45.06699437824843
59	8	68.63622439079172
59	9	51.26863369152258
59	10	47.39929450226709
59	11	66.60464604944579
59	12	72.0859147353682
59	13	100.78901688034307
59	14	112.80784441632832
59	15	51.42556547627416
59	16	81.10387235145151
59	17	70.46323792702695
59	18	118.80368900456477
59	19	77.73541770368554
59	20	104.508979586685
59	21	64.8341750639585
59	22	63.28965457608249
59	23	55.082917379700575
59	24	62.54188303486458
60	1	29.458700019620828
60	2	41.78571017234134
60	3	8.609162042987183
60	4	22.58114279078206
60	5	25.588437326173157
60	6	39.64177938904787
60	7	57.75381066618021
60	8	52.2260564664181
60	9	32.48259483368094
60	10	47.931077356362934
60	11	50.94351923588343
60	12	65.75594322108996
60	13	33.43378443286824
60	14	25.826934111616787
60	15	52.968534399544964
60	16	38.80484015968193
60	17	20.747892007438317
60	18	41.4556573565397
60	19	40.55874327848641
60	20	40.44958655656464
60	21	24.418176210697094
60	22	41.747372106065164
60	23	32.00774778514367
60	24	32.81651450031176
61	1	47.69098015355293
61	2	38.50635171391742
61	3	25.020517017852455
61	4	30.540063700364012
61	5	23.928753903615135
61	6	50.5559786654863
61	7	46.1959111012648
61	8	53.183989998697974
61	9	69.77046141946624
61	10	35.87519958685611
61	11	53.8112630668868
61	12	76.87347905248161
61	13	60.445967828274064
61	14	47.85875524105006
61	15	81.93299021830664
61	16	84.671503651044
61	17	102.47052520874368
61	18	81.88758939526235
61	19	112.56496396632893
61	20	182.47994690389564
61	21	73.5017069745683
61	22	138.2983663094241
61	23	70.98197068326553
61	24	58.96174833930357
62	1	2.776401414530652
62	2	2.0146117869650113
62	3	2.778740287176113
62	4	2.1457098733321587
62	5	2.5224072429945514
62	6	2.0824921402721936
62	7	1.2795353445170776
62	8	13.356429882327957
62	9	14.110998804236305
62	10	20.28239099526916
62	11	10.03422520760623
62	12	26.39524677523054
62	13	29.00194757970837
62	14	23.044128396664526
62	15	34.53253003669797
62	16	30.04083703573055
62	17	61.484048120507715
62	18	36.414873591960635
62	19	36.79131483144512
62	20	23.211690163268894
62	21	10.38936775846878
62	22	9.865548034194559
62	23	6.141767375484938
62	24	5.423313043963511
63	1	21.808897499140507
63	2	11.273459237623621
63	3	4.760391543716021
63	4	2.93366047777074
63	5	7.423403611289179
63	6	10.180063155976143
63	7	19.234826401564316
63	8	26.15395094423692
63	9	30.238170643564747
63	10	34.71794991779204
63	11	25.25970137645762
63	12	34.942341166813605
63	13	19.58246404038783
63	14	26.187232464164158
63	15	31.151019651824633
63	16	34.5769397655598
63	17	39.93923463673085
63	18	25.96712184026146
63	19	20.011236487759415
63	20	45.500423159377355
63	21	22.086422055983263
63	22	23.183676126523736
63	23	16.859220147912506
63	24	24.691257418995413
64	1	36.33862901300935
64	2	49.85368689740465
64	3	34.660026086413524
64	4	28.31499894318398
64	5	22.19197557649419
64	6	17.553278570981742
64	7	17.729181422530207
64	8	35.74547865765861
64	9	31.669525789335196
64	10	36.041896960710766
64	11	54.19019773156561
64	12	42.706147597090165
64	13	55.31550316009686
64	14	96.85289126740967
64	15	63.01573912774365
64	16	28.64466651507627
64	17	81.77398236324926
64	18	78.73097953120092
64	19	60.133399965882916
64	20	92.83432617354079
64	21	60.338147010709775
64	22	42.39540198052852
64	23	70.07959980203519
64	24	14.327374252737412
65	1	46.04526125926876
65	2	46.04305415758467
65	3	47.74801810633179
65	4	39.27146239203956
65	5	49.334356887606575
65	6	75.53122604853992
65	7	49.78978001116801
65	8	60.863510725711976
65	9	44.87873578734414
65	10	46.22237711613967
65	11	60.62796104096503
65	12	69.89851864578593
65	13	59.227274093151536
65	14	40.617349100232055
65	15	54.3518974539987
65	16	79.54219151364248
65	17	48.48622934524952
65	18	22.803711692294414
65	19	43.793563325792405
65	20	72.3573479060745
65	21	50.44654561313245
65	22	43.966330406506955
65	23	50.18081156060167
65	24	32.652335870658554
66	1	53.77269348137242
66	2	42.505157163642245
66	3	52.585869836900606
66	4	49.091614058444435
66	5	53.09886728325078
66	6	84.3109589323335
66	7	125.81209737520095
66	8	120.17990342132724
66	9	105.4334158866017
66	10	69.86116404016003
66	11	74.6384937055437
66	12	47.260007993447324
66	13	79.92328951225737
66	14	58.56565818834097
66	15	46.8728836777217
66	16	68.04140106072862
66	17	73.39167350171728
66	18	104.93107769012144
66	19	124.37201502052456
66	20	75.79190344312524
66	21	32.58855629926948
66	22	73.78645553948014
66	23	60.7157239371918
66	24	51.29339902860137
67	1	85.24630859523268
67	2	111.81876090621006
67	3	94.70295173283661
67	4	106.27078106440837
67	5	84.07210669655203
67	6	68.03451252421485
67	7	64.48282964373871
67	8	88.83136282901005
67	9	120.03405804010322
67	10	92.37036033419442
67	11	94.36104946673291
67	12	95.3099205227894
67	13	80.59981684715413
67	14	109.9257432414036
67	15	125.82047859302162
67	16	110.43842923781718
67	17	60.37643626422558
67	18	106.01930086422126
67	19	94.69926972093151
67	20	103.17326358713694
67	21	112.07045276127896
67	22	87.36628788617335
67	23	91.38238729689616
67	24	81.82314986413728
68	1	51.94842064490381
68	2	70.46190097625625
68	3	13.085904878659969
68	4	44.79619635277947
68	5	24.148352529875854
68	6	54.01063225125386
68	7	40.717255075542944
68	8	60.787328268863845
68	9	46.47244773297681
68	10	26.37293021335235
68	11	44.30190926696656
68	12	66.62255601701146
68	13	33.862129331486024
68	14	23.59263559138799
68	15	46.471862701749295
68	16	38.53445390813569
68	17	50.21231979783386
68	18	49.624292149531435
68	19	40.08686975887662
68	20	36.08958960428314
68	21	60.15905682035852
68	22	47.81238417297188
68	23	52.5554819384837
68	24	68.68069590928235
69	1	78.96718314983693
69	2	83.81395382398146
69	3	46.16844518402662
69	4	113.01091377036163
69	5	99.1283890726454
69	6	63.39456161814619
69	7	87.51257112757577
69	8	68.45211947472527
69	9	79.70238539721241
69	10	47.58029998068228
69	11	108.64825203252138
69	12	114.25079345521314
69	13	92.49783963267843
69	14	96.93554011671613
69	15	41.926326094574165
69	16	86.73137515595884
69	17	40.01262889569527
69	18	122.37472691009336
69	19	108.65057740317424
69	20	112.18927572355773
69	21	41.45817452480898
69	22	130.9385117811858
69	23	73.62382132573522
69	24	69.03297773396227
70	1	42.40094616684403
70	2	39.39519110946086
70	3	28.146808940819703
70	4	35.57956006148347
70	5	41.599812114678016
70	6	21.379014583674312
70	7	49.97544923576728
70	8	48.73493343917977
70	9	44.104865120892335
70	10	41.88469087969659
70	11	28.04447134714081
70	12	31.034630957332777
70	13	26.211840834678338
70	14	32.439627134262594
70	15	46.61865949251499
70	16	42.73990983857617
70	17	37.99029692290413
70	18	29.351698257438166
70	19	52.65924557780995
70	20	45.755777819442855
70	21	53.29601366154263
70	22	21.162403486442866
70	23	46.010993177217536
70	24	34.27771316530912
71	1	60.165458209743136
71	2	64.62358273438377
71	3	56.98227566371132
71	4	52.99043458667632
71	5	24.214016325199218
71	6	48.23304582081808
71	7	125.5880427595892
71	8	186.9914630259829
71	9	287.80607643271134
71	10	191.50896084143596
71	11	218.36123176787427
71	12	125.56724081682466
71	13	62.06870627716628
71	14	150.20807591396107
71	15	89.44903942014734
71	16	90.80324628556164
71	17	138.02530297082865
71	18	64.12055707793874
71	19	91.09118485231937
71	20	48.654360819741974
71	21	61.487763277930526
71	22	66.389567608793
71	23	65.28352378446635
71	24	45.3547422323573
72	1	35.08674419786226
72	2	18.294129584574932
72	3	32.28439506378484
72	4	24.662411537489906
72	5	43.56374852594323
72	6	39.856093173868366
72	7	35.252918735555845
72	8	37.79652958983904
72	9	40.93522791216933
72	10	45.09818224188461
72	11	25.572871851186665
72	12	39.08334367571659
72	13	34.55384598090952
72	14	50.70369777672581
72	15	25.889133711398767
72	16	29.888163587229204
72	17	35.4178001655914
72	18	35.513790588514496
72	19	23.80607833859626
72	20	14.921053772248237
72	21	15.412601603704621
72	22	15.316029214165994
72	23	9.233451577198876
72	24	2.330355292893592
73	1	55.864573455989394
73	2	67.66629665400978
73	3	91.07534533867074
73	4	49.830363776707706
73	5	48.26978840493998
73	6	41.82773743572032
73	7	96.57977079363314
73	8	46.68443008739684
73	9	86.94661405079864
73	10	86.14069803457492
73	11	90.9435344348751
73	12	79.85075773356569
73	13	73.32796898811978
73	14	71.71228874519139
73	15	61.067459936186225
73	16	78.16182309509298
73	17	95.63037046376034
73	18	74.65841437744447
73	19	64.37790960687393
73	20	96.39446072413483
73	21	36.637506747981114
73	22	57.59186535805377
73	23	56.37036400609246
73	24	77.1906230850834
74	1	70.1148466908821
74	2	74.51898852601295
74	3	87.04237161911604
74	4	72.27786362379896
74	5	75.51028083238627
74	6	63.19813489406206
74	7	101.13844407686112
74	8	135.55246876332302
74	9	124.19558602170261
74	10	51.46384991697487
74	11	71.36843290101035
74	12	64.36244451213129
74	13	55.63273382779808
74	14	67.14661840148756
74	15	65.12715337419185
74	16	95.20230391379111
74	17	69.5910746710081
74	18	68.99205672716853
74	19	161.68081922243977
74	20	90.31557640560607
74	21	105.06536730470559
74	22	68.12121826772807
74	23	54.30718840115708
74	24	102.06432978456631
75	1	24.218064738413243
75	2	60.76147312955513
75	3	47.7455276237272
75	4	57.02771710699356
75	5	68.6243385505877
75	6	46.12887938277072
75	7	37.853637211113636
75	8	50.705051319236674
75	9	44.81148141577255
75	10	81.27754325789661
75	11	55.891183994641
75	12	63.69091153908775
75	13	50.176824006694794
75	14	85.09261625094726
75	15	67.75637116649574
75	16	60.65071609211509
75	17	85.77475394013666
75	18	74.42643653839976
75	19	57.03322322177791
75	20	38.90659437509164
75	21	57.27400750468655
75	22	65.45924991224776
75	23	64.7221961804138
75	24	78.18790935500301
76	1	59.62621822679693
76	2	36.125459312938325
76	3	45.79202438086968
76	4	65.73413552471459
76	5	57.100697034578715
76	6	24.730889796054765
76	7	66.59833230530671
76	8	85.07389978622008
76	9	68.40519672112599
76	10	67.5942015322418
76	11	94.02955706016972
76	12	76.15903425137226
76	13	81.86744490771403
76	14	105.73143515910431
76	15	54.26776216905491
76	16	54.055240306103364
76	17	54.00509241042366
76	18	66.23028288848717
76	19	76.39293545435763
76	20	31.75161941157526
76	21	40.22882751995497
76	22	70.46582220456864
76	23	54.72119789627544
76	24	46.632170544116484
77	1	8.765584681322943
77	2	8.597926625797967
77	3	10.828930857908508
77	4	3.8373873848392743
77	5	6.925892934748347
77	6	19.666769392425415
77	7	41.21386678128287
77	8	65.59889257271627
77	9	60.40267475124531
77	10	28.66840765825883
77	11	44.86546154857312
77	12	49.43043935039393
77	13	54.97458481111866
77	14	50.606715609518226
77	15	58.34296513689851
77	16	44.60458092811218
77	17	42.08891148282179
77	18	59.01942625027089
77	19	66.4748602514092
77	20	83.3274301149188
77	21	56.625920407325076
77	22	22.827513956918047
77	23	63.20278800836561
77	24	42.48782155449259
78	1	-0.1321791048485858
78	2	-0.139104100475056
78	3	-0.07837652123124617
78	4	-0.047003810675598674
78	5	3.9717136823121404
78	6	14.561066931989108
78	7	21.00647452176877
78	8	18.839172547101718
78	9	32.7529364424358
78	10	25.94054555112177
78	11	24.131496841850122
78	12	35.12516015515515
78	13	37.87188951821912
78	14	31.381570771243013
78	15	38.26598462070335
78	16	32.97124757087486
78	17	40.960200187991234
78	18	44.682057985230045
78	19	13.231480019338465
78	20	45.29541810968548
78	21	42.44856355045632
78	22	38.83587435212234
78	23	32.82172656931016
78	24	17.589536752515855
79	1	8.765584681322943
79	2	8.597926625797967
79	3	10.828930857908508
79	4	3.8373873848392743
79	5	6.925892934748347
79	6	19.666769392425415
79	7	41.21386678128287
79	8	65.59889257271627
79	9	60.40267475124531
79	10	28.66840765825883
79	11	44.86546154857312
79	12	49.43043935039393
79	13	54.97458481111866
79	14	50.606715609518226
79	15	58.34296513689851
79	16	44.60458092811218
79	17	42.08891148282179
79	18	59.01942625027089
79	19	66.4748602514092
79	20	83.3274301149188
79	21	56.625920407325076
79	22	22.827513956918047
79	23	63.20278800836561
79	24	42.48782155449259
80	1	65.65755379150046
80	2	25.484271479041315
80	3	56.398170845446
80	4	50.87430814827322
80	5	59.975000675470184
80	6	71.7138043507157
80	7	54.9906834528441
80	8	79.99478716175288
80	9	75.74070968159907
80	10	25.523297677663457
80	11	97.6298023206485
80	12	57.70659350177092
80	13	60.13164643949462
80	14	36.093301788159806
80	15	78.1879311272574
80	16	103.17596176073367
80	17	60.50362508252327
80	18	84.49411825815224
80	19	97.02482817782199
80	20	112.09301893113292
80	21	69.90022762459645
80	22	58.0362803593494
80	23	65.5640832228089
80	24	59.24005353169569
81	1	49.38162357762006
81	2	50.30483135131419
81	3	60.56425966487236
81	4	55.78832115609082
81	5	48.74827253097193
81	6	52.35785075600422
81	7	60.75924237212618
81	8	37.84416022568236
81	9	33.49805969894448
81	10	29.657324125650135
81	11	8.536155863193228
81	12	10.450647828478258
81	13	7.5799445016951355
81	14	13.424423432982268
81	15	24.142985117880844
81	16	24.30947298401305
81	17	33.590783563851254
81	18	40.624792810868236
81	19	75.55974053623243
81	20	63.8338387631287
81	21	56.741731186627895
81	22	56.194521986388594
81	23	42.63307750851048
81	24	22.2634617353183
82	1	1.4852652576262335
82	2	0.9884137940365799
82	3	0.6476042529098721
82	4	0.7256183829623335
82	5	0.5838560153755518
82	6	1.0134603254051364
82	7	2.421408021847094
82	8	2.3651064396717483
82	9	3.2477259072658757
82	10	2.6727645223565264
82	11	1.8487667682808877
82	12	2.63203351962394
82	13	1.9852846412657035
82	14	1.870892709480193
82	15	1.8878404578462666
82	16	2.5599174161004394
82	17	4.171956208616682
82	18	9.8714433990812
82	19	14.837870079735083
82	20	11.046572020641776
82	21	6.185342573734075
82	22	1.612738193421534
82	23	1.5420584925953469
82	24	1.878171530992906
83	1	29.116610431165395
83	2	34.4235884181483
83	3	31.976580112164992
83	4	39.307249319131486
83	5	37.75799472299613
83	6	39.628286604062076
83	7	20.381517022401283
83	8	53.200439078012664
83	9	41.768828844097435
83	10	56.59158143591573
83	11	61.384096509510044
83	12	39.90278568176855
83	13	31.793358564854667
83	14	31.869157712346507
83	15	38.040667276409366
83	16	28.325554756448167
83	17	37.626370844237215
83	18	36.21205745347741
83	19	29.34069780286292
83	20	58.171286312254246
83	21	41.94635467686224
83	22	33.69656522946449
83	23	35.14667502052593
83	24	32.31698556204936
84	1	77.16106271456762
84	2	113.76556854877605
84	3	76.62097815651448
84	4	104.28944475380477
84	5	82.58834373370183
84	6	78.9310036519886
84	7	28.861221391763298
84	8	127.16319540220645
84	9	172.67623993554358
84	10	194.9613060697522
84	11	118.55188129018673
84	12	109.25739400520092
84	13	122.82876408135328
84	14	140.94760363711893
84	15	77.78462504399185
84	16	134.67673847096268
84	17	131.26163170844237
84	18	168.88498714300468
84	19	65.09900141982521
84	20	144.30353190291936
84	21	127.27005585280243
84	22	86.11781186024774
84	23	72.19705492024062
84	24	98.6048219383309
85	1	26.14094697351921
85	2	36.49358155949473
85	3	30.257834893195707
85	4	29.492832295117115
85	5	43.14955216434537
85	6	31.86014159944308
85	7	31.18553536288463
85	8	25.542522616974264
85	9	40.71466420792017
85	10	32.64548798477223
85	11	0.10876356340370423
85	12	0.0
85	13	-1.2766743599830277
85	14	-2.4129275472078136
85	15	0.0
85	16	31.136576896931807
85	17	27.548227364229227
85	18	34.18855321732519
85	19	32.53104979571284
85	20	30.926770638802637
85	21	29.056918014066046
85	22	10.911724773855138
85	23	1.4768601777759898
85	24	-0.04872156218682587
86	1	73.07475716574805
86	2	73.87965714068709
86	3	43.31988572940098
86	4	74.1348003047808
86	5	70.26036506238407
86	6	40.28489296900361
86	7	89.1080416141732
86	8	114.52919202598447
86	9	77.13545002623442
86	10	139.7544517727907
86	11	73.94627546949428
86	12	84.39672406388789
86	13	85.6779713233428
86	14	74.5531693960423
86	15	83.02910664612433
86	16	75.05009895788801
86	17	74.3216057561868
86	18	94.34152828154438
86	19	116.769012531755
86	20	124.977852260705
86	21	74.664645205181
86	22	63.89647880194971
86	23	80.04827872351402
86	24	63.926884623754205
87	1	54.50202838539336
87	2	69.75207971354062
87	3	87.59008639201733
87	4	35.98440264415962
87	5	65.84961810454294
87	6	69.1913585610778
87	7	76.55976107059527
87	8	83.56604598286373
87	9	63.948665311329584
87	10	77.85728824963769
87	11	63.98066943585617
87	12	49.196706986164706
87	13	61.313632116492805
87	14	79.86307919127088
87	15	64.04974910648657
87	16	43.619257331749985
87	17	34.03025058537315
87	18	60.41816454423257
87	19	63.43705829569958
87	20	65.857450311447
87	21	89.60352819968706
87	22	67.42977787032815
87	23	33.29069016197112
87	24	76.20461722208638
88	1	37.645570766211996
88	2	33.2765407200929
88	3	44.55665790956548
88	4	41.1127165970237
88	5	61.42445611417381
88	6	35.80255096434056
88	7	39.00514343996573
88	8	66.86053926098903
88	9	82.97016805046675
88	10	50.84364121309187
88	11	62.76399515256962
88	12	64.13445781091339
88	13	46.26678210679421
88	14	58.05803705336573
88	15	64.63179073156756
88	16	108.06793012452836
88	17	80.75337129230847
88	18	132.18962391942932
88	19	108.37486349954798
88	20	85.08635731749152
88	21	90.59961832382203
88	22	48.05926131707428
88	23	35.74357216408236
88	24	73.91259883237146
89	1	31.795660231877672
89	2	31.617302532087006
89	3	30.776619842206575
89	4	33.691062517514624
89	5	25.852066168283837
89	6	23.30396108161666
89	7	40.75268387038733
89	8	22.747034343923456
89	9	34.66518639897066
89	10	29.313623769008565
89	11	24.28463402750174
89	12	39.58437526591221
89	13	52.23255056942351
89	14	45.423489044442974
89	15	44.59780339354257
89	16	23.23147379338686
89	17	30.231031449394546
89	18	38.89961736273802
89	19	38.28990438520031
89	20	30.620184097397185
89	21	19.763577049621365
89	22	31.260665229443227
89	23	39.250434599430974
89	24	25.016051176635322
90	1	66.88277692538767
90	2	46.48105657034771
90	3	22.766353145264045
90	4	68.09739168194004
90	5	72.0118153646332
90	6	59.748366716991946
90	7	83.81069823166578
90	8	49.140530211512946
90	9	59.13759297332063
90	10	41.5676652453954
90	11	92.93812910024081
90	12	67.2639366673183
90	13	63.371077617286666
90	14	54.51181139452105
90	15	71.04535814815044
90	16	34.179329252427564
90	17	77.28257471532947
90	18	50.932332272600085
90	19	81.28859958591745
90	20	27.594025379221858
90	21	64.63607207064793
90	22	63.0267046310742
90	23	68.678250804694
90	24	60.42112086367326
91	1	2.311206327663646
91	2	1.4405547302106023
91	3	1.1419811552294032
91	4	1.41786003941658
91	5	1.3601811256942609
91	6	0.6414468417247103
91	7	1.1638313469987813
91	8	4.48580796414712
91	9	3.842610103019702
91	10	6.190036837808522
91	11	6.608886982365803
91	12	3.6354724420824795
91	13	4.97148543771532
91	14	3.0534038948665967
91	15	5.4278110263442185
91	16	4.243210080320556
91	17	5.505167473164301
91	18	5.545465529028272
91	19	9.753191851074988
91	20	9.120172735950813
91	21	4.703577965551797
91	22	3.151395033221639
91	23	20.008994877255347
91	24	14.455608392951868
92	1	68.1816223844946
92	2	72.22340246523659
92	3	42.69287425612601
92	4	44.32431175962978
92	5	61.163768952082364
92	6	35.21456219554189
92	7	75.16397132711423
92	8	69.51990528256347
92	9	124.31582374405076
92	10	70.42892469231026
92	11	85.56548400245794
92	12	73.44711813073195
92	13	90.17407009461625
92	14	45.337231872426436
92	15	48.04058213357098
92	16	48.33811820649168
92	17	58.29107273592376
92	18	75.37311138003658
92	19	39.91241303657693
92	20	37.89506621026062
92	21	58.29606701792674
92	22	67.24175040768044
92	23	50.40227438002284
92	24	57.40807451762673
93	1	71.52654691104273
93	2	45.5140758885954
93	3	62.51829059390613
93	4	40.56753674196968
93	5	68.83607530860229
93	6	56.79785158039561
93	7	70.19676754740584
93	8	54.300190552591374
93	9	36.65962386643792
93	10	54.86690027059254
93	11	58.17911054237797
93	12	82.44780779589988
93	13	55.79028791805654
93	14	52.83751263003344
93	15	46.68984270713069
93	16	53.15690845976593
93	17	87.41634248359144
93	18	44.33387762872378
93	19	66.20215679982297
93	20	46.321093395331886
93	21	61.33462803044354
93	22	71.59649775722157
93	23	39.43950977738093
93	24	27.026970373586163
94	1	37.09489345194838
94	2	34.40455120956996
94	3	29.039471919994366
94	4	34.19554490350956
94	5	21.101352894463595
94	6	38.931563472097054
94	7	30.31967004687671
94	8	37.28014189744549
94	9	45.56195370430917
94	10	43.9257638904529
94	11	39.39206452653682
94	12	47.8150680307438
94	13	42.69369958994252
94	14	39.50704159332574
94	15	23.496895012073878
94	16	32.194842489949075
94	17	31.68886479492649
94	18	30.84625365964068
94	19	41.17993831980544
94	20	37.064284753815656
94	21	29.77143691690458
94	22	56.72014580474035
94	23	26.857634613227013
94	24	33.55984601468025
95	1	42.47607822822887
95	2	24.483679932262675
95	3	29.24811478045715
95	4	29.005556645176195
95	5	28.37607982307177
95	6	33.13178819580709
95	7	36.98277686191513
95	8	26.684202218115516
95	9	29.48653834107403
95	10	29.501688086355983
95	11	23.293109988447295
95	12	19.298790495625965
95	13	30.40084209876003
95	14	21.77402600406918
95	15	36.15229428127751
95	16	20.714724743031
95	17	46.42312997639045
95	18	31.83484945122022
95	19	25.602547013781166
95	20	32.91948528207809
95	21	50.0448429574641
95	22	23.487627040731294
95	23	49.686817149548716
95	24	19.63476795065292
96	1	128.87644386831423
96	2	92.52234643038732
96	3	59.38402799409964
96	4	97.74544888890902
96	5	73.11319779150159
96	6	89.84758626546493
96	7	80.30467815580107
96	8	518.6817972605968
96	9	276.2904936076941
96	10	361.4537953396259
96	11	197.0610786787354
96	12	260.1025878225145
96	13	233.0235248045471
96	14	268.9717282154919
96	15	388.15234614155383
96	16	239.42726602145163
96	17	377.04318671127146
96	18	422.3712184943561
96	19	437.94785756524755
96	20	276.7468882134156
96	21	121.93158792442293
96	22	101.41458160297569
96	23	135.3047167833316
96	24	53.993060838240815
97	1	65.25499923659133
97	2	50.68285331262442
97	3	76.31799562279163
97	4	52.248801665585006
97	5	66.14845373687554
97	6	47.830891416378435
97	7	34.472399253304125
97	8	53.49376837346425
97	9	37.15598787962311
97	10	53.110772261721046
97	11	49.48060454255581
97	12	37.12648084494618
97	13	29.143316160163433
97	14	57.19430398202565
97	15	27.070861425817
97	16	36.53952014945902
97	17	42.809991070427806
97	18	56.49100296940755
97	19	41.22866343297126
97	20	65.34233045785447
97	21	57.23646247528839
97	22	40.23430475626478
97	23	79.45811358683977
97	24	62.17175368170984
98	1	42.47607822822887
98	2	24.483679932262675
98	3	29.24811478045715
98	4	29.005556645176195
98	5	28.37607982307177
98	6	33.13178819580709
98	7	36.98277686191513
98	8	26.684202218115516
98	9	29.48653834107403
98	10	29.501688086355983
98	11	23.293109988447295
98	12	19.298790495625965
98	13	30.40084209876003
98	14	21.77402600406918
98	15	36.15229428127751
98	16	20.714724743031
98	17	46.42312997639045
98	18	31.83484945122022
98	19	25.602547013781166
98	20	32.91948528207809
98	21	50.0448429574641
98	22	23.487627040731294
98	23	49.686817149548716
98	24	19.63476795065292
99	1	46.807618732582426
99	2	76.25909273432497
99	3	39.77138632983848
99	4	64.1635641455192
99	5	39.87201397432486
99	6	78.16851937493966
99	7	34.68325871143263
99	8	48.81026946484493
99	9	88.37075569927838
99	10	50.33284579485032
99	11	64.14093668983962
99	12	65.44601779973611
99	13	60.71636581195082
99	14	58.506093919175996
99	15	64.20136955569644
99	16	45.172624367169625
99	17	48.0555317529588
99	18	45.90537522759198
99	19	64.23040670224222
99	20	54.10326194830979
99	21	54.45876923907866
99	22	45.47880850047165
99	23	57.13496199939629
99	24	23.081639761471514
100	1	36.33862901300935
100	2	49.85368689740465
100	3	34.660026086413524
100	4	28.31499894318398
100	5	22.19197557649419
100	6	17.553278570981742
100	7	17.729181422530207
100	8	35.74547865765861
100	9	31.669525789335196
100	10	36.041896960710766
100	11	54.19019773156561
100	12	42.706147597090165
100	13	55.31550316009686
100	14	96.85289126740967
100	15	63.01573912774365
100	16	28.64466651507627
100	17	81.77398236324926
100	18	78.73097953120092
100	19	60.133399965882916
100	20	92.83432617354079
100	21	60.338147010709775
100	22	42.39540198052852
100	23	70.07959980203519
100	24	14.327374252737412
101	1	47.4107484865766
101	2	73.36480823200021
101	3	75.61415244684142
101	4	49.76055906183607
101	5	58.99333399695533
101	6	76.29009296321989
101	7	72.9886163418495
101	8	96.62527952930576
101	9	78.0500741385292
101	10	70.01853457153403
101	11	71.01810576658427
101	12	62.46799084313571
101	13	36.77443272831822
101	14	53.92352007942846
101	15	63.193019550812885
101	16	52.50376411671592
101	17	74.0917977741886
101	18	93.86603044259827
101	19	107.51179717354067
101	20	83.77647556484416
101	21	105.46802747732795
101	22	100.21350646143767
101	23	68.42099812087038
101	24	57.89536158634196
102	1	70.90699696467075
102	2	75.41122268707667
102	3	41.731790456753394
102	4	49.16431901501898
102	5	49.582413629241024
102	6	74.09991823328943
102	7	87.05879350223303
102	8	41.59402756838006
102	9	57.882790591228385
102	10	72.7904547158722
102	11	40.072063858926974
102	12	36.74736822617217
102	13	66.81214772753171
102	14	46.82906365393895
102	15	63.25829440271417
102	16	38.81865978706702
102	17	45.572666077108714
102	18	79.87504169315798
102	19	41.94722878594546
102	20	47.26596784297729
102	21	20.781596630957225
102	22	40.222533052090824
102	23	61.00926294675651
102	24	51.31566660527313
103	1	34.33181435557197
103	2	49.973096968216915
103	3	55.59987893660327
103	4	49.8442062447625
103	5	44.91048424499103
103	6	51.790503858482936
103	7	59.165611990254035
103	8	49.93651782344848
103	9	47.66309966894555
103	10	44.81171642358177
103	11	55.18691819025911
103	12	47.23375608517247
103	13	47.198354072058414
103	14	69.84891777918327
103	15	60.71101987911785
103	16	36.797496479356
103	17	65.54654756291994
103	18	40.36106411534786
103	19	67.92982834979179
103	20	46.30538247865384
103	21	69.48939509246873
103	22	37.80490534037363
103	23	33.53187584829492
103	24	62.518069427785164
104	1	18.931493040408945
104	2	32.72158222270664
104	3	33.45976865014815
104	4	28.294760615309542
104	5	29.400142851419332
104	6	34.57393336016653
104	7	22.09398799009978
104	8	32.78710106771384
104	9	55.00166942870166
104	10	32.36898037090758
104	11	24.686747667226403
104	12	24.80905422216382
104	13	29.818610357608975
104	14	48.426893645640945
104	15	41.241337370243976
104	16	18.98130433954454
104	17	38.77511369569271
104	18	48.787140092139886
104	19	37.47237051742911
104	20	34.256412536305156
104	21	39.41714772262829
104	22	52.04712868811952
104	23	43.06906870302912
104	24	44.13379790371334
105	1	30.18208670900213
105	2	46.74585035359645
105	3	47.585958394238766
105	4	27.447637597775746
105	5	28.865674241796366
105	6	32.795149437052665
105	7	36.287536831901384
105	8	92.17678024654339
105	9	158.64277491543166
105	10	143.42546867880412
105	11	147.31665264656053
105	12	104.29793310142846
105	13	82.1189504939204
105	14	66.5741512426404
105	15	61.48996679660389
105	16	45.16254464839417
105	17	73.04422840705877
105	18	63.620962959113164
105	19	50.55276242634354
105	20	40.71232832569831
105	21	45.72764136418851
105	22	36.48672117478438
105	23	42.6862002736898
105	24	41.02140837552022
106	1	55.864573455989394
106	2	67.66629665400978
106	3	91.07534533867074
106	4	49.830363776707706
106	5	48.26978840493998
106	6	41.82773743572032
106	7	96.57977079363314
106	8	46.68443008739684
106	9	86.94661405079864
106	10	86.14069803457492
106	11	90.9435344348751
106	12	79.85075773356569
106	13	73.32796898811978
106	14	71.71228874519139
106	15	61.067459936186225
106	16	78.16182309509298
106	17	95.63037046376034
106	18	74.65841437744447
106	19	64.37790960687393
106	20	96.39446072413483
106	21	36.637506747981114
106	22	57.59186535805377
106	23	56.37036400609246
106	24	77.1906230850834
107	1	40.572627430388785
107	2	47.169762965373216
107	3	21.303491080691597
107	4	44.34168568945987
107	5	40.55000502608261
107	6	39.647323833899044
107	7	74.17376060736177
107	8	135.29084928122137
107	9	141.80301224812555
107	10	61.430181510464365
107	11	63.788907265489
107	12	47.98099867608743
107	13	65.58926909131667
107	14	37.91330200532105
107	15	36.67735914916077
107	16	46.18129389396664
107	17	43.30214875076747
107	18	81.83345220703833
107	19	119.42366374480021
107	20	43.21335816465322
107	21	36.13927334607522
107	22	37.0712320193071
107	23	17.832852026026178
107	24	29.742882527342815
108	1	1.7112148078281821
108	2	0.23286596827875194
108	3	0.2217041811905449
108	4	0.49390178483653335
108	5	0.49058520560534397
108	6	2.5559544769503217
108	7	17.766601834182865
108	8	23.466805677932925
108	9	24.32575790965025
108	10	30.52119224199776
108	11	27.98817719949122
108	12	25.21349759596516
108	13	32.12263005686191
108	14	25.302886647388323
108	15	25.78615131128685
108	16	23.58512396758509
108	17	33.078866515536696
108	18	27.502371010849398
108	19	21.24138679562339
108	20	25.964079567731112
108	21	26.68185124950954
108	22	22.164590794384978
108	23	28.370087741380384
108	24	8.993574207151305
109	1	36.20095460564779
109	2	44.75684308267455
109	3	37.93429565660942
109	4	40.09851516021489
109	5	40.7482421721661
109	6	34.70569649435559
109	7	24.166683202024473
109	8	45.44031708434119
109	9	44.682471874055985
109	10	46.115633628844584
109	11	39.59049510490079
109	12	35.46756179788069
109	13	23.308919432374278
109	14	20.78488201713241
109	15	31.525427308584174
109	16	49.11177453563259
109	17	37.87815515224417
109	18	41.89063785332341
109	19	33.952737034517924
109	20	36.58182817923612
109	21	50.305075536945616
109	22	30.59056037641237
109	23	48.0018191862611
109	24	18.452513820331358
110	1	24.356246126481455
110	2	19.371361032860563
110	3	13.01188890179917
110	4	16.08322307113989
110	5	19.536685256631774
110	6	34.3172757256677
110	7	43.85364761854239
110	8	36.23422183879618
110	9	34.140730761261615
110	10	31.564298863038054
110	11	29.145702347551904
110	12	45.875349995901836
110	13	34.50836409616683
110	14	40.26554847744024
110	15	47.29037351080001
110	16	41.74616471540893
110	17	33.09344562663745
110	18	31.68719749255948
110	19	43.273305247106286
110	20	46.16843504783532
110	21	57.91035808872156
110	22	54.41530703044431
110	23	36.74912878082075
110	24	21.162415226613394
111	1	28.954866568903622
111	2	35.20146750220618
111	3	51.159706377333166
111	4	23.588372658220344
111	5	39.485000801824654
111	6	79.13907481851122
111	7	59.485290465475174
111	8	148.34393504647656
111	9	86.08173285985302
111	10	69.02665595874241
111	11	36.87092229242056
111	12	58.50777170869099
111	13	56.12597792274381
111	14	39.31976889247735
111	15	36.06422475075361
111	16	45.332019193173295
111	17	75.38747034737446
111	18	63.12536949094096
111	19	52.739996385015715
111	20	53.304886003580066
111	21	33.069569262071134
111	22	27.40052747762303
111	23	37.47867406310375
111	24	40.485832673204534
112	1	44.30419753627526
112	2	38.668029744529875
112	3	45.83567896029509
112	4	28.90018501174418
112	5	45.22878522449429
112	6	49.60639898913143
112	7	40.955156550983446
112	8	1.2444773315937612
112	9	87.30476370096987
112	10	54.042815056619226
112	11	71.46101502290689
112	12	64.75539929875121
112	13	60.84632861988897
112	14	54.48831540870698
112	15	56.62649296215689
112	16	66.6308240777521
112	17	53.34779937714218
112	18	65.73403088857025
112	19	79.90106556691042
112	20	31.746915625846682
112	21	54.58938979514859
112	22	59.80165922376167
112	23	45.13415053004605
112	24	41.42064433862668
