Node	Time	ActivationFactorDwnRegulation
3	1	0
4	1	0
5	1	0
6	1	0
7	1	0
8	1	1
9	1	0
10	1	1
11	1	1
12	1	1
13	1	0
14	1	0
15	1	0
16	1	0
17	1	1
18	1	0
19	1	1
20	1	1
21	1	0
22	1	1
23	1	0
24	1	0
25	1	0
26	1	1
27	1	0
28	1	1
29	1	0
30	1	0
31	1	0
32	1	1
33	1	0
34	1	0
35	1	0
36	1	1
37	1	0
38	1	1
39	1	1
40	1	0
41	1	0
42	1	0
43	1	1
44	1	0
45	1	0
46	1	1
47	1	0
48	1	1
49	1	0
50	1	0
51	1	0
52	1	0
53	1	0
54	1	0
55	1	0
56	1	0
57	1	0
3	2	1
4	2	1
5	2	1
6	2	0
7	2	0
8	2	1
9	2	0
10	2	0
11	2	0
12	2	1
13	2	0
14	2	0
15	2	0
16	2	1
17	2	1
18	2	1
19	2	0
20	2	1
21	2	0
22	2	1
23	2	1
24	2	0
25	2	0
26	2	0
27	2	0
28	2	1
29	2	0
30	2	1
31	2	1
32	2	0
33	2	1
34	2	0
35	2	1
36	2	0
37	2	1
38	2	0
39	2	1
40	2	0
41	2	1
42	2	0
43	2	1
44	2	0
45	2	0
46	2	1
47	2	1
48	2	1
49	2	0
50	2	0
51	2	0
52	2	0
53	2	0
54	2	1
55	2	1
56	2	1
57	2	1
3	3	0
4	3	1
5	3	1
6	3	0
7	3	1
8	3	0
9	3	0
10	3	1
11	3	0
12	3	1
13	3	1
14	3	1
15	3	1
16	3	0
17	3	1
18	3	0
19	3	0
20	3	1
21	3	1
22	3	0
23	3	0
24	3	0
25	3	0
26	3	0
27	3	0
28	3	0
29	3	1
30	3	0
31	3	1
32	3	1
33	3	0
34	3	1
35	3	1
36	3	1
37	3	1
38	3	1
39	3	1
40	3	1
41	3	0
42	3	1
43	3	0
44	3	0
45	3	0
46	3	1
47	3	0
48	3	0
49	3	0
50	3	1
51	3	0
52	3	1
53	3	0
54	3	0
55	3	0
56	3	0
57	3	0
3	4	0
4	4	1
5	4	1
6	4	0
7	4	0
8	4	0
9	4	0
10	4	1
11	4	0
12	4	1
13	4	1
14	4	1
15	4	1
16	4	1
17	4	0
18	4	0
19	4	0
20	4	0
21	4	1
22	4	0
23	4	1
24	4	0
25	4	0
26	4	1
27	4	1
28	4	1
29	4	0
30	4	1
31	4	0
32	4	0
33	4	0
34	4	0
35	4	1
36	4	1
37	4	1
38	4	0
39	4	0
40	4	1
41	4	1
42	4	0
43	4	1
44	4	0
45	4	0
46	4	0
47	4	0
48	4	0
49	4	0
50	4	0
51	4	1
52	4	1
53	4	1
54	4	1
55	4	1
56	4	1
57	4	1
3	5	1
4	5	0
5	5	1
6	5	0
7	5	1
8	5	0
9	5	1
10	5	0
11	5	1
12	5	1
13	5	0
14	5	0
15	5	1
16	5	0
17	5	0
18	5	0
19	5	0
20	5	1
21	5	1
22	5	0
23	5	1
24	5	1
25	5	1
26	5	0
27	5	0
28	5	0
29	5	0
30	5	1
31	5	0
32	5	0
33	5	1
34	5	0
35	5	0
36	5	0
37	5	0
38	5	0
39	5	1
40	5	0
41	5	0
42	5	0
43	5	1
44	5	0
45	5	0
46	5	1
47	5	1
48	5	1
49	5	0
50	5	1
51	5	0
52	5	1
53	5	1
54	5	0
55	5	0
56	5	0
57	5	1
3	6	0
4	6	1
5	6	0
6	6	0
7	6	1
8	6	0
9	6	0
10	6	0
11	6	1
12	6	1
13	6	1
14	6	0
15	6	1
16	6	0
17	6	1
18	6	0
19	6	0
20	6	1
21	6	1
22	6	1
23	6	1
24	6	0
25	6	0
26	6	1
27	6	0
28	6	1
29	6	1
30	6	0
31	6	0
32	6	0
33	6	0
34	6	1
35	6	0
36	6	0
37	6	0
38	6	0
39	6	0
40	6	0
41	6	1
42	6	1
43	6	0
44	6	0
45	6	0
46	6	0
47	6	0
48	6	0
49	6	1
50	6	1
51	6	0
52	6	0
53	6	0
54	6	0
55	6	0
56	6	0
57	6	1
3	7	0
4	7	0
5	7	0
6	7	0
7	7	0
8	7	0
9	7	1
10	7	1
11	7	0
12	7	0
13	7	0
14	7	1
15	7	1
16	7	0
17	7	1
18	7	1
19	7	1
20	7	1
21	7	1
22	7	0
23	7	0
24	7	0
25	7	0
26	7	0
27	7	0
28	7	1
29	7	0
30	7	1
31	7	0
32	7	1
33	7	0
34	7	1
35	7	0
36	7	1
37	7	1
38	7	1
39	7	0
40	7	0
41	7	1
42	7	1
43	7	1
44	7	0
45	7	0
46	7	0
47	7	0
48	7	1
49	7	0
50	7	0
51	7	0
52	7	1
53	7	1
54	7	1
55	7	1
56	7	0
57	7	1
3	8	0
4	8	0
5	8	0
6	8	0
7	8	0
8	8	1
9	8	1
10	8	1
11	8	0
12	8	0
13	8	0
14	8	0
15	8	1
16	8	1
17	8	0
18	8	0
19	8	0
20	8	1
21	8	1
22	8	0
23	8	0
24	8	1
25	8	0
26	8	1
27	8	1
28	8	0
29	8	1
30	8	0
31	8	1
32	8	0
33	8	0
34	8	1
35	8	1
36	8	0
37	8	0
38	8	0
39	8	1
40	8	0
41	8	0
42	8	0
43	8	1
44	8	0
45	8	1
46	8	1
47	8	0
48	8	0
49	8	0
50	8	0
51	8	1
52	8	0
53	8	0
54	8	1
55	8	0
56	8	1
57	8	1
3	9	0
4	9	0
5	9	0
6	9	1
7	9	0
8	9	0
9	9	1
10	9	0
11	9	1
12	9	1
13	9	1
14	9	0
15	9	0
16	9	1
17	9	0
18	9	1
19	9	1
20	9	1
21	9	0
22	9	1
23	9	0
24	9	0
25	9	0
26	9	0
27	9	0
28	9	1
29	9	1
30	9	0
31	9	1
32	9	0
33	9	0
34	9	0
35	9	0
36	9	0
37	9	0
38	9	0
39	9	1
40	9	0
41	9	0
42	9	0
43	9	0
44	9	1
45	9	1
46	9	1
47	9	0
48	9	1
49	9	0
50	9	0
51	9	1
52	9	1
53	9	0
54	9	1
55	9	0
56	9	0
57	9	0
3	10	1
4	10	0
5	10	1
6	10	0
7	10	0
8	10	0
9	10	1
10	10	0
11	10	1
12	10	0
13	10	1
14	10	1
15	10	1
16	10	1
17	10	0
18	10	1
19	10	1
20	10	0
21	10	0
22	10	1
23	10	1
24	10	0
25	10	0
26	10	0
27	10	1
28	10	0
29	10	1
30	10	0
31	10	0
32	10	0
33	10	0
34	10	1
35	10	0
36	10	1
37	10	0
38	10	0
39	10	0
40	10	1
41	10	0
42	10	1
43	10	1
44	10	0
45	10	1
46	10	1
47	10	1
48	10	0
49	10	1
50	10	1
51	10	0
52	10	1
53	10	0
54	10	0
55	10	1
56	10	1
57	10	0
3	11	1
4	11	0
5	11	1
6	11	0
7	11	0
8	11	1
9	11	0
10	11	1
11	11	1
12	11	0
13	11	0
14	11	0
15	11	0
16	11	0
17	11	0
18	11	0
19	11	0
20	11	1
21	11	1
22	11	1
23	11	0
24	11	0
25	11	1
26	11	0
27	11	1
28	11	0
29	11	1
30	11	0
31	11	1
32	11	0
33	11	0
34	11	0
35	11	0
36	11	1
37	11	0
38	11	0
39	11	1
40	11	1
41	11	1
42	11	1
43	11	0
44	11	1
45	11	1
46	11	0
47	11	0
48	11	1
49	11	1
50	11	1
51	11	1
52	11	1
53	11	1
54	11	0
55	11	0
56	11	1
57	11	1
3	12	1
4	12	0
5	12	0
6	12	1
7	12	1
8	12	1
9	12	0
10	12	0
11	12	1
12	12	0
13	12	0
14	12	0
15	12	0
16	12	0
17	12	1
18	12	0
19	12	0
20	12	0
21	12	0
22	12	1
23	12	0
24	12	1
25	12	1
26	12	0
27	12	0
28	12	1
29	12	1
30	12	0
31	12	1
32	12	1
33	12	1
34	12	0
35	12	1
36	12	0
37	12	1
38	12	0
39	12	1
40	12	1
41	12	0
42	12	0
43	12	0
44	12	1
45	12	0
46	12	1
47	12	1
48	12	1
49	12	0
50	12	0
51	12	0
52	12	0
53	12	0
54	12	0
55	12	1
56	12	1
57	12	1
3	13	0
4	13	1
5	13	1
6	13	0
7	13	0
8	13	1
9	13	1
10	13	1
11	13	0
12	13	0
13	13	0
14	13	0
15	13	1
16	13	0
17	13	0
18	13	0
19	13	0
20	13	0
21	13	0
22	13	1
23	13	0
24	13	0
25	13	0
26	13	0
27	13	0
28	13	0
29	13	0
30	13	0
31	13	0
32	13	1
33	13	0
34	13	1
35	13	0
36	13	0
37	13	0
38	13	0
39	13	1
40	13	1
41	13	1
42	13	1
43	13	0
44	13	0
45	13	0
46	13	0
47	13	0
48	13	1
49	13	1
50	13	0
51	13	0
52	13	1
53	13	0
54	13	0
55	13	0
56	13	1
57	13	1
3	14	0
4	14	0
5	14	0
6	14	1
7	14	1
8	14	0
9	14	0
10	14	0
11	14	0
12	14	1
13	14	0
14	14	1
15	14	0
16	14	1
17	14	1
18	14	0
19	14	1
20	14	0
21	14	0
22	14	0
23	14	0
24	14	1
25	14	1
26	14	0
27	14	1
28	14	1
29	14	0
30	14	0
31	14	0
32	14	1
33	14	0
34	14	1
35	14	0
36	14	1
37	14	1
38	14	0
39	14	0
40	14	0
41	14	0
42	14	0
43	14	0
44	14	0
45	14	1
46	14	0
47	14	1
48	14	0
49	14	1
50	14	0
51	14	0
52	14	1
53	14	0
54	14	0
55	14	0
56	14	0
57	14	0
3	15	1
4	15	1
5	15	0
6	15	0
7	15	1
8	15	0
9	15	1
10	15	0
11	15	1
12	15	1
13	15	0
14	15	1
15	15	0
16	15	0
17	15	1
18	15	1
19	15	1
20	15	0
21	15	0
22	15	0
23	15	1
24	15	1
25	15	0
26	15	0
27	15	1
28	15	1
29	15	0
30	15	0
31	15	1
32	15	1
33	15	0
34	15	1
35	15	1
36	15	1
37	15	0
38	15	1
39	15	1
40	15	1
41	15	0
42	15	0
43	15	0
44	15	0
45	15	0
46	15	1
47	15	0
48	15	0
49	15	0
50	15	0
51	15	1
52	15	0
53	15	1
54	15	0
55	15	1
56	15	0
57	15	1
3	16	0
4	16	1
5	16	1
6	16	1
7	16	0
8	16	0
9	16	1
10	16	1
11	16	0
12	16	0
13	16	1
14	16	1
15	16	0
16	16	0
17	16	1
18	16	0
19	16	0
20	16	0
21	16	0
22	16	0
23	16	0
24	16	1
25	16	1
26	16	0
27	16	0
28	16	1
29	16	1
30	16	1
31	16	1
32	16	0
33	16	0
34	16	0
35	16	0
36	16	0
37	16	1
38	16	0
39	16	0
40	16	0
41	16	1
42	16	0
43	16	1
44	16	1
45	16	1
46	16	0
47	16	1
48	16	0
49	16	0
50	16	0
51	16	0
52	16	1
53	16	0
54	16	1
55	16	1
56	16	1
57	16	0
3	17	0
4	17	0
5	17	0
6	17	0
7	17	1
8	17	1
9	17	1
10	17	0
11	17	0
12	17	1
13	17	0
14	17	1
15	17	0
16	17	0
17	17	1
18	17	1
19	17	1
20	17	1
21	17	0
22	17	0
23	17	0
24	17	0
25	17	1
26	17	0
27	17	0
28	17	1
29	17	1
30	17	1
31	17	1
32	17	0
33	17	0
34	17	0
35	17	1
36	17	1
37	17	1
38	17	0
39	17	1
40	17	1
41	17	1
42	17	0
43	17	0
44	17	1
45	17	0
46	17	0
47	17	0
48	17	0
49	17	0
50	17	1
51	17	0
52	17	1
53	17	1
54	17	1
55	17	1
56	17	0
57	17	1
3	18	0
4	18	0
5	18	0
6	18	0
7	18	0
8	18	1
9	18	1
10	18	0
11	18	0
12	18	1
13	18	1
14	18	0
15	18	0
16	18	0
17	18	0
18	18	1
19	18	0
20	18	0
21	18	0
22	18	0
23	18	1
24	18	0
25	18	0
26	18	0
27	18	0
28	18	0
29	18	0
30	18	0
31	18	0
32	18	0
33	18	1
34	18	0
35	18	0
36	18	0
37	18	0
38	18	1
39	18	0
40	18	1
41	18	1
42	18	0
43	18	1
44	18	1
45	18	0
46	18	1
47	18	1
48	18	1
49	18	0
50	18	0
51	18	0
52	18	1
53	18	0
54	18	0
55	18	0
56	18	1
57	18	0
3	19	0
4	19	1
5	19	0
6	19	1
7	19	0
8	19	1
9	19	1
10	19	1
11	19	0
12	19	0
13	19	0
14	19	0
15	19	0
16	19	1
17	19	0
18	19	1
19	19	0
20	19	1
21	19	1
22	19	0
23	19	0
24	19	0
25	19	0
26	19	1
27	19	0
28	19	1
29	19	1
30	19	1
31	19	1
32	19	1
33	19	0
34	19	1
35	19	0
36	19	0
37	19	1
38	19	1
39	19	1
40	19	1
41	19	0
42	19	1
43	19	0
44	19	1
45	19	0
46	19	1
47	19	0
48	19	0
49	19	0
50	19	0
51	19	0
52	19	0
53	19	1
54	19	0
55	19	1
56	19	1
57	19	0
3	20	0
4	20	0
5	20	0
6	20	0
7	20	0
8	20	0
9	20	1
10	20	1
11	20	0
12	20	0
13	20	0
14	20	0
15	20	0
16	20	1
17	20	0
18	20	0
19	20	1
20	20	1
21	20	0
22	20	0
23	20	1
24	20	0
25	20	0
26	20	1
27	20	1
28	20	1
29	20	0
30	20	1
31	20	0
32	20	0
33	20	1
34	20	1
35	20	0
36	20	1
37	20	0
38	20	1
39	20	0
40	20	0
41	20	0
42	20	0
43	20	0
44	20	1
45	20	0
46	20	1
47	20	1
48	20	0
49	20	1
50	20	0
51	20	0
52	20	1
53	20	1
54	20	0
55	20	0
56	20	1
57	20	1
3	21	0
4	21	1
5	21	1
6	21	0
7	21	1
8	21	1
9	21	1
10	21	1
11	21	1
12	21	0
13	21	0
14	21	1
15	21	0
16	21	1
17	21	1
18	21	0
19	21	1
20	21	0
21	21	0
22	21	1
23	21	0
24	21	0
25	21	0
26	21	1
27	21	0
28	21	1
29	21	0
30	21	1
31	21	0
32	21	1
33	21	1
34	21	0
35	21	0
36	21	0
37	21	0
38	21	1
39	21	0
40	21	1
41	21	1
42	21	0
43	21	0
44	21	1
45	21	0
46	21	0
47	21	1
48	21	0
49	21	0
50	21	1
51	21	1
52	21	0
53	21	1
54	21	0
55	21	0
56	21	0
57	21	0
3	22	0
4	22	0
5	22	0
6	22	0
7	22	1
8	22	0
9	22	1
10	22	0
11	22	1
12	22	0
13	22	0
14	22	1
15	22	0
16	22	0
17	22	0
18	22	0
19	22	0
20	22	1
21	22	1
22	22	1
23	22	0
24	22	0
25	22	0
26	22	0
27	22	0
28	22	0
29	22	1
30	22	1
31	22	0
32	22	0
33	22	0
34	22	0
35	22	0
36	22	1
37	22	0
38	22	0
39	22	0
40	22	1
41	22	1
42	22	1
43	22	0
44	22	0
45	22	0
46	22	1
47	22	1
48	22	1
49	22	0
50	22	0
51	22	1
52	22	1
53	22	1
54	22	0
55	22	0
56	22	0
57	22	0
3	23	0
4	23	0
5	23	1
6	23	1
7	23	1
8	23	0
9	23	1
10	23	1
11	23	0
12	23	1
13	23	0
14	23	0
15	23	0
16	23	0
17	23	0
18	23	0
19	23	0
20	23	0
21	23	0
22	23	1
23	23	0
24	23	1
25	23	0
26	23	0
27	23	0
28	23	0
29	23	0
30	23	0
31	23	0
32	23	0
33	23	0
34	23	0
35	23	0
36	23	0
37	23	1
38	23	1
39	23	0
40	23	1
41	23	0
42	23	1
43	23	0
44	23	0
45	23	0
46	23	0
47	23	1
48	23	0
49	23	1
50	23	0
51	23	1
52	23	1
53	23	0
54	23	0
55	23	0
56	23	1
57	23	1
3	24	0
4	24	0
5	24	1
6	24	0
7	24	1
8	24	0
9	24	0
10	24	0
11	24	1
12	24	1
13	24	0
14	24	0
15	24	1
16	24	1
17	24	0
18	24	0
19	24	1
20	24	1
21	24	0
22	24	0
23	24	0
24	24	0
25	24	1
26	24	0
27	24	0
28	24	0
29	24	0
30	24	1
31	24	0
32	24	0
33	24	0
34	24	0
35	24	1
36	24	0
37	24	0
38	24	1
39	24	0
40	24	0
41	24	0
42	24	1
43	24	0
44	24	0
45	24	1
46	24	0
47	24	0
48	24	1
49	24	0
50	24	0
51	24	1
52	24	1
53	24	1
54	24	1
55	24	0
56	24	0
57	24	0
58	1	0
59	1	0
60	1	0
61	1	1
62	1	0
63	1	0
64	1	0
65	1	0
66	1	0
67	1	0
68	1	1
69	1	0
70	1	0
71	1	0
72	1	1
73	1	0
74	1	1
75	1	0
76	1	0
77	1	1
78	1	1
79	1	0
80	1	1
81	1	1
82	1	0
83	1	1
84	1	0
85	1	1
86	1	0
87	1	1
88	1	1
89	1	0
90	1	0
91	1	1
92	1	1
93	1	1
94	1	0
95	1	0
96	1	0
97	1	0
98	1	0
99	1	0
100	1	1
101	1	0
102	1	0
103	1	0
104	1	0
105	1	0
106	1	0
107	1	0
108	1	0
109	1	0
110	1	1
111	1	1
112	1	0
58	2	0
59	2	1
60	2	0
61	2	1
62	2	1
63	2	1
64	2	0
65	2	1
66	2	1
67	2	1
68	2	0
69	2	1
70	2	1
71	2	1
72	2	0
73	2	1
74	2	0
75	2	0
76	2	1
77	2	0
78	2	0
79	2	0
80	2	1
81	2	1
82	2	1
83	2	0
84	2	1
85	2	1
86	2	0
87	2	0
88	2	0
89	2	1
90	2	0
91	2	1
92	2	1
93	2	0
94	2	1
95	2	0
96	2	1
97	2	0
98	2	0
99	2	1
100	2	1
101	2	0
102	2	0
103	2	0
104	2	0
105	2	0
106	2	0
107	2	1
108	2	1
109	2	0
110	2	0
111	2	0
112	2	0
58	3	0
59	3	0
60	3	0
61	3	0
62	3	1
63	3	0
64	3	1
65	3	0
66	3	0
67	3	0
68	3	1
69	3	0
70	3	1
71	3	0
72	3	1
73	3	0
74	3	1
75	3	1
76	3	0
77	3	1
78	3	0
79	3	1
80	3	1
81	3	0
82	3	0
83	3	1
84	3	0
85	3	0
86	3	1
87	3	1
88	3	0
89	3	0
90	3	0
91	3	1
92	3	0
93	3	0
94	3	1
95	3	0
96	3	0
97	3	1
98	3	0
99	3	1
100	3	0
101	3	0
102	3	0
103	3	0
104	3	0
105	3	1
106	3	0
107	3	1
108	3	1
109	3	1
110	3	1
111	3	0
112	3	1
58	4	1
59	4	1
60	4	0
61	4	1
62	4	1
63	4	0
64	4	1
65	4	1
66	4	0
67	4	1
68	4	0
69	4	1
70	4	1
71	4	0
72	4	1
73	4	1
74	4	0
75	4	0
76	4	0
77	4	1
78	4	1
79	4	0
80	4	0
81	4	0
82	4	1
83	4	0
84	4	1
85	4	0
86	4	1
87	4	0
88	4	0
89	4	1
90	4	0
91	4	0
92	4	1
93	4	1
94	4	1
95	4	0
96	4	0
97	4	0
98	4	0
99	4	1
100	4	0
101	4	1
102	4	0
103	4	0
104	4	0
105	4	0
106	4	1
107	4	0
108	4	1
109	4	1
110	4	1
111	4	0
112	4	1
58	5	0
59	5	0
60	5	0
61	5	0
62	5	1
63	5	1
64	5	1
65	5	1
66	5	1
67	5	1
68	5	0
69	5	0
70	5	1
71	5	1
72	5	0
73	5	1
74	5	0
75	5	0
76	5	1
77	5	0
78	5	1
79	5	1
80	5	1
81	5	0
82	5	1
83	5	0
84	5	0
85	5	1
86	5	0
87	5	0
88	5	0
89	5	0
90	5	0
91	5	0
92	5	0
93	5	1
94	5	0
95	5	0
96	5	0
97	5	0
98	5	1
99	5	1
100	5	0
101	5	1
102	5	0
103	5	1
104	5	1
105	5	0
106	5	1
107	5	0
108	5	1
109	5	1
110	5	0
111	5	0
112	5	0
58	6	0
59	6	0
60	6	1
61	6	1
62	6	0
63	6	0
64	6	0
65	6	0
66	6	1
67	6	0
68	6	1
69	6	0
70	6	1
71	6	0
72	6	1
73	6	0
74	6	0
75	6	1
76	6	0
77	6	1
78	6	0
79	6	1
80	6	1
81	6	1
82	6	1
83	6	0
84	6	0
85	6	0
86	6	0
87	6	1
88	6	1
89	6	0
90	6	1
91	6	0
92	6	0
93	6	1
94	6	1
95	6	1
96	6	0
97	6	1
98	6	1
99	6	1
100	6	0
101	6	1
102	6	1
103	6	0
104	6	0
105	6	0
106	6	0
107	6	0
108	6	0
109	6	1
110	6	0
111	6	0
112	6	0
58	7	1
59	7	0
60	7	0
61	7	1
62	7	0
63	7	1
64	7	0
65	7	1
66	7	1
67	7	0
68	7	0
69	7	0
70	7	1
71	7	1
72	7	0
73	7	0
74	7	1
75	7	0
76	7	0
77	7	0
78	7	1
79	7	0
80	7	1
81	7	0
82	7	0
83	7	0
84	7	0
85	7	0
86	7	0
87	7	1
88	7	1
89	7	0
90	7	0
91	7	0
92	7	0
93	7	0
94	7	0
95	7	1
96	7	0
97	7	1
98	7	0
99	7	0
100	7	0
101	7	0
102	7	0
103	7	0
104	7	0
105	7	1
106	7	1
107	7	1
108	7	0
109	7	0
110	7	1
111	7	0
112	7	0
58	8	0
59	8	0
60	8	0
61	8	0
62	8	1
63	8	1
64	8	0
65	8	1
66	8	1
67	8	1
68	8	0
69	8	1
70	8	1
71	8	0
72	8	1
73	8	1
74	8	0
75	8	1
76	8	0
77	8	0
78	8	0
79	8	1
80	8	1
81	8	1
82	8	0
83	8	1
84	8	1
85	8	0
86	8	1
87	8	1
88	8	0
89	8	1
90	8	0
91	8	1
92	8	1
93	8	1
94	8	1
95	8	0
96	8	1
97	8	1
98	8	1
99	8	1
100	8	0
101	8	0
102	8	0
103	8	0
104	8	0
105	8	0
106	8	1
107	8	0
108	8	0
109	8	0
110	8	0
111	8	0
112	8	0
58	9	0
59	9	0
60	9	1
61	9	1
62	9	0
63	9	1
64	9	1
65	9	0
66	9	1
67	9	0
68	9	0
69	9	0
70	9	0
71	9	0
72	9	1
73	9	0
74	9	1
75	9	1
76	9	1
77	9	0
78	9	1
79	9	0
80	9	1
81	9	0
82	9	1
83	9	1
84	9	0
85	9	1
86	9	0
87	9	1
88	9	1
89	9	0
90	9	1
91	9	0
92	9	1
93	9	1
94	9	0
95	9	1
96	9	0
97	9	0
98	9	0
99	9	1
100	9	0
101	9	1
102	9	0
103	9	0
104	9	0
105	9	1
106	9	0
107	9	0
108	9	0
109	9	0
110	9	0
111	9	1
112	9	1
58	10	1
59	10	1
60	10	0
61	10	1
62	10	1
63	10	1
64	10	1
65	10	1
66	10	0
67	10	0
68	10	0
69	10	0
70	10	1
71	10	0
72	10	1
73	10	0
74	10	0
75	10	0
76	10	0
77	10	1
78	10	0
79	10	0
80	10	0
81	10	0
82	10	1
83	10	1
84	10	1
85	10	1
86	10	1
87	10	0
88	10	1
89	10	0
90	10	0
91	10	0
92	10	0
93	10	0
94	10	0
95	10	1
96	10	0
97	10	1
98	10	0
99	10	0
100	10	1
101	10	0
102	10	0
103	10	1
104	10	1
105	10	1
106	10	1
107	10	0
108	10	0
109	10	0
110	10	0
111	10	0
112	10	0
58	11	0
59	11	0
60	11	1
61	11	1
62	11	1
63	11	0
64	11	1
65	11	1
66	11	0
67	11	0
68	11	0
69	11	1
70	11	1
71	11	1
72	11	1
73	11	0
74	11	0
75	11	0
76	11	1
77	11	0
78	11	0
79	11	0
80	11	0
81	11	1
82	11	1
83	11	0
84	11	1
85	11	1
86	11	1
87	11	1
88	11	0
89	11	0
90	11	0
91	11	0
92	11	0
93	11	0
94	11	1
95	11	0
96	11	1
97	11	1
98	11	0
99	11	0
100	11	0
101	11	0
102	11	0
103	11	0
104	11	1
105	11	0
106	11	1
107	11	1
108	11	0
109	11	1
110	11	1
111	11	0
112	11	0
58	12	0
59	12	0
60	12	0
61	12	1
62	12	0
63	12	1
64	12	1
65	12	0
66	12	1
67	12	0
68	12	1
69	12	0
70	12	0
71	12	0
72	12	0
73	12	0
74	12	1
75	12	0
76	12	0
77	12	1
78	12	1
79	12	0
80	12	1
81	12	1
82	12	1
83	12	1
84	12	1
85	12	0
86	12	0
87	12	1
88	12	0
89	12	1
90	12	0
91	12	1
92	12	0
93	12	1
94	12	0
95	12	0
96	12	0
97	12	1
98	12	1
99	12	1
100	12	1
101	12	0
102	12	1
103	12	1
104	12	0
105	12	0
106	12	0
107	12	0
108	12	0
109	12	0
110	12	1
111	12	0
112	12	0
58	13	0
59	13	0
60	13	0
61	13	0
62	13	0
63	13	1
64	13	0
65	13	0
66	13	1
67	13	0
68	13	0
69	13	0
70	13	0
71	13	1
72	13	1
73	13	1
74	13	0
75	13	1
76	13	1
77	13	0
78	13	0
79	13	0
80	13	1
81	13	1
82	13	0
83	13	1
84	13	1
85	13	0
86	13	0
87	13	0
88	13	0
89	13	1
90	13	0
91	13	1
92	13	1
93	13	1
94	13	1
95	13	0
96	13	0
97	13	1
98	13	0
99	13	1
100	13	0
101	13	1
102	13	0
103	13	1
104	13	0
105	13	0
106	13	1
107	13	1
108	13	0
109	13	0
110	13	1
111	13	1
112	13	0
58	14	0
59	14	1
60	14	0
61	14	1
62	14	0
63	14	0
64	14	0
65	14	0
66	14	1
67	14	0
68	14	0
69	14	1
70	14	0
71	14	0
72	14	0
73	14	0
74	14	0
75	14	0
76	14	1
77	14	0
78	14	1
79	14	0
80	14	0
81	14	0
82	14	0
83	14	0
84	14	1
85	14	0
86	14	0
87	14	0
88	14	0
89	14	0
90	14	1
91	14	0
92	14	1
93	14	0
94	14	0
95	14	0
96	14	1
97	14	1
98	14	1
99	14	0
100	14	0
101	14	1
102	14	0
103	14	1
104	14	1
105	14	0
106	14	1
107	14	0
108	14	1
109	14	0
110	14	0
111	14	0
112	14	1
58	15	1
59	15	0
60	15	0
61	15	1
62	15	0
63	15	1
64	15	0
65	15	1
66	15	0
67	15	0
68	15	0
69	15	0
70	15	1
71	15	0
72	15	1
73	15	0
74	15	0
75	15	0
76	15	0
77	15	1
78	15	0
79	15	1
80	15	0
81	15	0
82	15	1
83	15	0
84	15	1
85	15	0
86	15	0
87	15	0
88	15	1
89	15	1
90	15	0
91	15	0
92	15	1
93	15	0
94	15	0
95	15	0
96	15	1
97	15	0
98	15	0
99	15	1
100	15	0
101	15	1
102	15	1
103	15	1
104	15	0
105	15	0
106	15	0
107	15	1
108	15	0
109	15	0
110	15	0
111	15	0
112	15	0
58	16	0
59	16	0
60	16	0
61	16	1
62	16	0
63	16	0
64	16	1
65	16	0
66	16	0
67	16	0
68	16	0
69	16	0
70	16	0
71	16	0
72	16	0
73	16	1
74	16	1
75	16	1
76	16	0
77	16	0
78	16	1
79	16	1
80	16	1
81	16	0
82	16	1
83	16	0
84	16	0
85	16	1
86	16	0
87	16	0
88	16	0
89	16	1
90	16	0
91	16	0
92	16	0
93	16	0
94	16	0
95	16	0
96	16	0
97	16	0
98	16	0
99	16	1
100	16	0
101	16	1
102	16	1
103	16	1
104	16	0
105	16	0
106	16	1
107	16	0
108	16	0
109	16	1
110	16	1
111	16	1
112	16	0
58	17	0
59	17	1
60	17	0
61	17	1
62	17	0
63	17	1
64	17	0
65	17	0
66	17	0
67	17	1
68	17	1
69	17	0
70	17	1
71	17	1
72	17	0
73	17	0
74	17	0
75	17	1
76	17	0
77	17	0
78	17	1
79	17	1
80	17	0
81	17	0
82	17	0
83	17	0
84	17	1
85	17	1
86	17	1
87	17	0
88	17	0
89	17	0
90	17	0
91	17	1
92	17	0
93	17	1
94	17	0
95	17	0
96	17	0
97	17	0
98	17	0
99	17	0
100	17	0
101	17	0
102	17	1
103	17	1
104	17	1
105	17	0
106	17	0
107	17	0
108	17	0
109	17	0
110	17	0
111	17	1
112	17	1
58	18	1
59	18	0
60	18	1
61	18	0
62	18	0
63	18	0
64	18	0
65	18	1
66	18	1
67	18	1
68	18	1
69	18	0
70	18	1
71	18	0
72	18	1
73	18	1
74	18	0
75	18	0
76	18	1
77	18	0
78	18	1
79	18	1
80	18	1
81	18	1
82	18	0
83	18	0
84	18	1
85	18	0
86	18	1
87	18	0
88	18	0
89	18	1
90	18	0
91	18	0
92	18	1
93	18	0
94	18	0
95	18	1
96	18	1
97	18	0
98	18	1
99	18	0
100	18	0
101	18	1
102	18	0
103	18	1
104	18	0
105	18	0
106	18	0
107	18	0
108	18	1
109	18	1
110	18	0
111	18	0
112	18	0
58	19	1
59	19	0
60	19	1
61	19	0
62	19	0
63	19	0
64	19	1
65	19	0
66	19	0
67	19	1
68	19	0
69	19	1
70	19	0
71	19	1
72	19	0
73	19	1
74	19	1
75	19	0
76	19	1
77	19	1
78	19	1
79	19	1
80	19	1
81	19	0
82	19	0
83	19	1
84	19	1
85	19	0
86	19	1
87	19	0
88	19	0
89	19	0
90	19	1
91	19	0
92	19	0
93	19	0
94	19	1
95	19	0
96	19	0
97	19	1
98	19	1
99	19	1
100	19	1
101	19	0
102	19	0
103	19	1
104	19	1
105	19	0
106	19	1
107	19	0
108	19	0
109	19	0
110	19	0
111	19	0
112	19	0
58	20	0
59	20	0
60	20	0
61	20	0
62	20	1
63	20	1
64	20	1
65	20	1
66	20	0
67	20	0
68	20	1
69	20	1
70	20	0
71	20	1
72	20	1
73	20	0
74	20	1
75	20	0
76	20	0
77	20	0
78	20	1
79	20	0
80	20	0
81	20	1
82	20	1
83	20	0
84	20	1
85	20	0
86	20	0
87	20	1
88	20	1
89	20	0
90	20	0
91	20	1
92	20	0
93	20	0
94	20	1
95	20	0
96	20	0
97	20	1
98	20	0
99	20	1
100	20	0
101	20	0
102	20	0
103	20	0
104	20	1
105	20	1
106	20	0
107	20	0
108	20	1
109	20	1
110	20	1
111	20	0
112	20	0
58	21	1
59	21	1
60	21	1
61	21	0
62	21	0
63	21	0
64	21	1
65	21	1
66	21	0
67	21	0
68	21	0
69	21	0
70	21	0
71	21	1
72	21	1
73	21	0
74	21	1
75	21	1
76	21	0
77	21	0
78	21	1
79	21	1
80	21	1
81	21	0
82	21	1
83	21	0
84	21	1
85	21	0
86	21	1
87	21	1
88	21	1
89	21	1
90	21	1
91	21	1
92	21	1
93	21	1
94	21	0
95	21	0
96	21	0
97	21	1
98	21	0
99	21	0
100	21	0
101	21	0
102	21	0
103	21	0
104	21	1
105	21	0
106	21	0
107	21	1
108	21	0
109	21	0
110	21	1
111	21	0
112	21	0
58	22	0
59	22	0
60	22	0
61	22	0
62	22	0
63	22	1
64	22	0
65	22	0
66	22	0
67	22	0
68	22	1
69	22	1
70	22	0
71	22	1
72	22	0
73	22	1
74	22	0
75	22	1
76	22	0
77	22	0
78	22	0
79	22	1
80	22	1
81	22	0
82	22	0
83	22	1
84	22	0
85	22	1
86	22	0
87	22	1
88	22	1
89	22	0
90	22	0
91	22	0
92	22	1
93	22	0
94	22	0
95	22	0
96	22	0
97	22	0
98	22	1
99	22	1
100	22	0
101	22	0
102	22	0
103	22	0
104	22	0
105	22	0
106	22	0
107	22	0
108	22	1
109	22	0
110	22	1
111	22	1
112	22	0
58	23	1
59	23	0
60	23	1
61	23	0
62	23	0
63	23	1
64	23	1
65	23	0
66	23	0
67	23	1
68	23	0
69	23	0
70	23	0
71	23	0
72	23	0
73	23	0
74	23	0
75	23	0
76	23	1
77	23	0
78	23	1
79	23	0
80	23	0
81	23	1
82	23	0
83	23	1
84	23	0
85	23	1
86	23	0
87	23	1
88	23	1
89	23	0
90	23	1
91	23	0
92	23	0
93	23	1
94	23	0
95	23	0
96	23	1
97	23	0
98	23	1
99	23	0
100	23	0
101	23	0
102	23	1
103	23	1
104	23	1
105	23	1
106	23	0
107	23	0
108	23	0
109	23	0
110	23	0
111	23	0
112	23	0
58	24	0
59	24	1
60	24	0
61	24	1
62	24	0
63	24	1
64	24	1
65	24	0
66	24	0
67	24	0
68	24	1
69	24	0
70	24	0
71	24	0
72	24	0
73	24	1
74	24	1
75	24	0
76	24	1
77	24	0
78	24	1
79	24	0
80	24	0
81	24	0
82	24	0
83	24	1
84	24	1
85	24	0
86	24	0
87	24	0
88	24	0
89	24	0
90	24	0
91	24	0
92	24	0
93	24	1
94	24	0
95	24	1
96	24	0
97	24	0
98	24	0
99	24	1
100	24	0
101	24	0
102	24	1
103	24	0
104	24	0
105	24	1
106	24	1
107	24	0
108	24	1
109	24	1
110	24	0
111	24	0
112	24	0
