Node	Time	ActivationFactorUpRegulation
3	1	0
4	1	0
5	1	1
6	1	1
7	1	0
8	1	0
3	2	1
4	2	0
5	2	0
6	2	0
7	2	1
8	2	0
3	3	0
4	3	1
5	3	1
6	3	0
7	3	0
8	3	0
3	4	0
4	4	0
5	4	1
6	4	0
7	4	1
8	4	0
3	5	0
4	5	0
5	5	1
6	5	0
7	5	1
8	5	1
3	6	0
4	6	0
5	6	1
6	6	0
7	6	0
8	6	0
3	7	0
4	7	0
5	7	1
6	7	0
7	7	1
8	7	0
3	8	0
4	8	1
5	8	0
6	8	0
7	8	1
8	8	1
3	9	1
4	9	0
5	9	0
6	9	0
7	9	0
8	9	0
3	10	1
4	10	0
5	10	0
6	10	1
7	10	0
8	10	0
3	11	0
4	11	1
5	11	0
6	11	0
7	11	1
8	11	0
3	12	1
4	12	0
5	12	0
6	12	0
7	12	0
8	12	0
3	13	0
4	13	0
5	13	0
6	13	1
7	13	0
8	13	1
3	14	0
4	14	1
5	14	0
6	14	0
7	14	0
8	14	0
3	15	1
4	15	0
5	15	0
6	15	0
7	15	0
8	15	1
3	16	1
4	16	0
5	16	0
6	16	1
7	16	0
8	16	1
3	17	1
4	17	0
5	17	1
6	17	0
7	17	0
8	17	0
3	18	0
4	18	0
5	18	0
6	18	0
7	18	0
8	18	1
3	19	0
4	19	1
5	19	1
6	19	0
7	19	0
8	19	0
3	20	0
4	20	0
5	20	0
6	20	0
7	20	1
8	20	1
3	21	0
4	21	1
5	21	0
6	21	0
7	21	1
8	21	1
3	22	0
4	22	0
5	22	0
6	22	0
7	22	0
8	22	1
3	23	1
4	23	0
5	23	0
6	23	0
7	23	0
8	23	0
3	24	1
4	24	0
5	24	0
6	24	1
7	24	0
8	24	0
9	1	0
10	1	0
11	1	0
12	1	0
13	1	1
14	1	1
9	2	0
10	2	1
11	2	1
12	2	1
13	2	0
14	2	0
9	3	0
10	3	0
11	3	0
12	3	0
13	3	1
14	3	0
9	4	1
10	4	0
11	4	0
12	4	0
13	4	1
14	4	1
9	5	1
10	5	0
11	5	1
12	5	0
13	5	0
14	5	0
9	6	0
10	6	1
11	6	1
12	6	0
13	6	0
14	6	1
9	7	0
10	7	0
11	7	1
12	7	1
13	7	0
14	7	0
9	8	0
10	8	1
11	8	0
12	8	0
13	8	0
14	8	0
9	9	0
10	9	0
11	9	1
12	9	0
13	9	1
14	9	0
9	10	1
10	10	1
11	10	1
12	10	0
13	10	0
14	10	0
9	11	0
10	11	0
11	11	0
12	11	1
13	11	0
14	11	0
9	12	0
10	12	0
11	12	1
12	12	0
13	12	0
14	12	1
9	13	0
10	13	1
11	13	0
12	13	1
13	13	0
14	13	1
9	14	1
10	14	1
11	14	0
12	14	1
13	14	0
14	14	0
9	15	1
10	15	0
11	15	0
12	15	1
13	15	1
14	15	0
9	16	0
10	16	0
11	16	1
12	16	0
13	16	1
14	16	0
9	17	0
10	17	1
11	17	0
12	17	0
13	17	0
14	17	0
9	18	0
10	18	1
11	18	1
12	18	0
13	18	0
14	18	1
9	19	1
10	19	0
11	19	0
12	19	0
13	19	0
14	19	0
9	20	0
10	20	0
11	20	0
12	20	0
13	20	0
14	20	1
9	21	0
10	21	1
11	21	0
12	21	0
13	21	0
14	21	1
9	22	1
10	22	1
11	22	0
12	22	0
13	22	0
14	22	0
9	23	0
10	23	0
11	23	0
12	23	1
13	23	0
14	23	0
9	24	0
10	24	0
11	24	0
12	24	1
13	24	0
14	24	1
15	1	0
16	1	1
17	1	0
18	1	1
19	1	1
20	1	0
15	2	1
16	2	1
17	2	0
18	2	1
19	2	0
20	2	0
15	3	1
16	3	0
17	3	0
18	3	0
19	3	1
20	3	0
15	4	0
16	4	0
17	4	0
18	4	0
19	4	1
20	4	0
15	5	1
16	5	0
17	5	0
18	5	0
19	5	1
20	5	0
15	6	0
16	6	1
17	6	0
18	6	1
19	6	1
20	6	0
15	7	1
16	7	0
17	7	1
18	7	0
19	7	0
20	7	0
15	8	0
16	8	0
17	8	0
18	8	1
19	8	0
20	8	0
15	9	0
16	9	0
17	9	0
18	9	1
19	9	0
20	9	0
15	10	0
16	10	0
17	10	1
18	10	0
19	10	0
20	10	1
15	11	1
16	11	0
17	11	0
18	11	1
19	11	1
20	11	0
15	12	1
16	12	1
17	12	0
18	12	1
19	12	0
20	12	0
15	13	0
16	13	1
17	13	0
18	13	0
19	13	0
20	13	1
15	14	1
16	14	0
17	14	1
18	14	1
19	14	0
20	14	0
15	15	0
16	15	0
17	15	0
18	15	1
19	15	1
20	15	0
15	16	1
16	16	1
17	16	0
18	16	0
19	16	0
20	16	0
15	17	0
16	17	0
17	17	1
18	17	0
19	17	0
20	17	0
15	18	1
16	18	0
17	18	1
18	18	0
19	18	1
20	18	0
15	19	0
16	19	0
17	19	0
18	19	0
19	19	1
20	19	0
15	20	0
16	20	1
17	20	0
18	20	1
19	20	1
20	20	0
15	21	0
16	21	0
17	21	1
18	21	0
19	21	0
20	21	1
15	22	0
16	22	1
17	22	0
18	22	0
19	22	1
20	22	0
15	23	0
16	23	1
17	23	0
18	23	0
19	23	0
20	23	0
15	24	0
16	24	0
17	24	1
18	24	0
19	24	1
20	24	0
21	1	0
22	1	1
23	1	0
24	1	0
25	1	1
26	1	1
21	2	0
22	2	0
23	2	0
24	2	1
25	2	0
26	2	1
21	3	1
22	3	0
23	3	0
24	3	0
25	3	0
26	3	0
21	4	0
22	4	0
23	4	0
24	4	0
25	4	0
26	4	1
21	5	1
22	5	0
23	5	0
24	5	1
25	5	1
26	5	0
21	6	1
22	6	1
23	6	0
24	6	0
25	6	0
26	6	0
21	7	1
22	7	0
23	7	0
24	7	0
25	7	1
26	7	0
21	8	0
22	8	0
23	8	1
24	8	1
25	8	0
26	8	1
21	9	0
22	9	0
23	9	0
24	9	1
25	9	0
26	9	0
21	10	1
22	10	0
23	10	1
24	10	0
25	10	0
26	10	0
21	11	1
22	11	0
23	11	0
24	11	0
25	11	1
26	11	1
21	12	0
22	12	0
23	12	0
24	12	1
25	12	1
26	12	0
21	13	0
22	13	0
23	13	1
24	13	0
25	13	0
26	13	0
21	14	0
22	14	1
23	14	1
24	14	0
25	14	0
26	14	0
21	15	1
22	15	0
23	15	1
24	15	1
25	15	0
26	15	0
21	16	1
22	16	0
23	16	0
24	16	0
25	16	1
26	16	0
21	17	0
22	17	1
23	17	0
24	17	0
25	17	0
26	17	0
21	18	0
22	18	1
23	18	1
24	18	0
25	18	0
26	18	0
21	19	0
22	19	1
23	19	0
24	19	0
25	19	0
26	19	0
21	20	0
22	20	0
23	20	1
24	20	0
25	20	0
26	20	0
21	21	1
22	21	0
23	21	0
24	21	0
25	21	1
26	21	1
21	22	0
22	22	1
23	22	0
24	22	1
25	22	0
26	22	1
21	23	1
22	23	0
23	23	0
24	23	0
25	23	1
26	23	0
21	24	1
22	24	0
23	24	0
24	24	0
25	24	0
26	24	0
27	1	1
28	1	0
29	1	0
30	1	0
31	1	1
32	1	0
27	2	1
28	2	0
29	2	0
30	2	1
31	2	1
32	2	0
27	3	0
28	3	1
29	3	0
30	3	0
31	3	1
32	3	0
27	4	0
28	4	0
29	4	0
30	4	0
31	4	1
32	4	1
27	5	0
28	5	0
29	5	1
30	5	0
31	5	0
32	5	0
27	6	0
28	6	1
29	6	0
30	6	0
31	6	0
32	6	1
27	7	0
28	7	1
29	7	0
30	7	0
31	7	0
32	7	0
27	8	0
28	8	1
29	8	0
30	8	1
31	8	0
32	8	0
27	9	1
28	9	1
29	9	0
30	9	0
31	9	0
32	9	0
27	10	1
28	10	0
29	10	1
30	10	0
31	10	1
32	10	0
27	11	0
28	11	0
29	11	1
30	11	1
31	11	0
32	11	0
27	12	0
28	12	1
29	12	1
30	12	0
31	12	1
32	12	0
27	13	1
28	13	1
29	13	0
30	13	0
31	13	0
32	13	1
27	14	1
28	14	1
29	14	1
30	14	0
31	14	0
32	14	0
27	15	1
28	15	0
29	15	0
30	15	0
31	15	0
32	15	1
27	16	1
28	16	0
29	16	1
30	16	0
31	16	0
32	16	1
27	17	0
28	17	0
29	17	0
30	17	0
31	17	1
32	17	1
27	18	1
28	18	0
29	18	1
30	18	0
31	18	0
32	18	1
27	19	0
28	19	0
29	19	0
30	19	1
31	19	0
32	19	0
27	20	1
28	20	0
29	20	0
30	20	1
31	20	0
32	20	0
27	21	1
28	21	1
29	21	0
30	21	1
31	21	0
32	21	0
27	22	0
28	22	0
29	22	0
30	22	1
31	22	0
32	22	0
27	23	1
28	23	1
29	23	0
30	23	0
31	23	0
32	23	0
27	24	0
28	24	1
29	24	0
30	24	0
31	24	1
32	24	0
33	1	0
34	1	0
35	1	0
36	1	0
37	1	0
38	1	1
33	2	0
34	2	0
35	2	0
36	2	1
37	2	0
38	2	0
33	3	0
34	3	1
35	3	0
36	3	1
37	3	0
38	3	0
33	4	0
34	4	0
35	4	0
36	4	1
37	4	0
38	4	1
33	5	0
34	5	0
35	5	0
36	5	1
37	5	0
38	5	1
33	6	0
34	6	1
35	6	0
36	6	1
37	6	1
38	6	0
33	7	1
34	7	0
35	7	1
36	7	0
37	7	1
38	7	0
33	8	0
34	8	0
35	8	0
36	8	0
37	8	0
38	8	1
33	9	0
34	9	0
35	9	1
36	9	1
37	9	0
38	9	0
33	10	0
34	10	1
35	10	0
36	10	1
37	10	1
38	10	0
33	11	0
34	11	0
35	11	0
36	11	0
37	11	0
38	11	1
33	12	0
34	12	1
35	12	1
36	12	0
37	12	1
38	12	0
33	13	1
34	13	0
35	13	0
36	13	0
37	13	1
38	13	0
33	14	0
34	14	0
35	14	1
36	14	0
37	14	1
38	14	0
33	15	0
34	15	0
35	15	0
36	15	0
37	15	1
38	15	1
33	16	0
34	16	0
35	16	1
36	16	0
37	16	0
38	16	0
33	17	0
34	17	0
35	17	1
36	17	1
37	17	0
38	17	1
33	18	1
34	18	1
35	18	0
36	18	0
37	18	1
38	18	0
33	19	1
34	19	1
35	19	0
36	19	1
37	19	0
38	19	0
33	20	1
34	20	0
35	20	0
36	20	0
37	20	0
38	20	0
33	21	0
34	21	0
35	21	1
36	21	0
37	21	0
38	21	1
33	22	0
34	22	0
35	22	1
36	22	0
37	22	1
38	22	0
33	23	0
34	23	0
35	23	1
36	23	0
37	23	1
38	23	0
33	24	1
34	24	0
35	24	0
36	24	1
37	24	0
38	24	1
39	1	1
40	1	0
41	1	0
42	1	1
43	1	0
44	1	0
39	2	0
40	2	0
41	2	0
42	2	1
43	2	0
44	2	1
39	3	0
40	3	0
41	3	1
42	3	0
43	3	0
44	3	0
39	4	0
40	4	1
41	4	0
42	4	0
43	4	0
44	4	0
39	5	1
40	5	0
41	5	0
42	5	0
43	5	1
44	5	0
39	6	0
40	6	1
41	6	0
42	6	0
43	6	1
44	6	0
39	7	1
40	7	0
41	7	0
42	7	0
43	7	1
44	7	1
39	8	0
40	8	0
41	8	1
42	8	0
43	8	1
44	8	1
39	9	1
40	9	0
41	9	1
42	9	0
43	9	0
44	9	0
39	10	0
40	10	1
41	10	0
42	10	0
43	10	1
44	10	0
39	11	0
40	11	0
41	11	0
42	11	1
43	11	0
44	11	1
39	12	1
40	12	0
41	12	1
42	12	0
43	12	0
44	12	0
39	13	0
40	13	0
41	13	1
42	13	0
43	13	1
44	13	0
39	14	0
40	14	1
41	14	1
42	14	0
43	14	1
44	14	0
39	15	1
40	15	0
41	15	0
42	15	0
43	15	1
44	15	1
39	16	1
40	16	0
41	16	1
42	16	1
43	16	0
44	16	0
39	17	0
40	17	1
41	17	0
42	17	0
43	17	0
44	17	1
39	18	0
40	18	1
41	18	1
42	18	0
43	18	0
44	18	0
39	19	0
40	19	1
41	19	0
42	19	0
43	19	1
44	19	0
39	20	0
40	20	0
41	20	0
42	20	1
43	20	0
44	20	0
39	21	1
40	21	1
41	21	0
42	21	0
43	21	0
44	21	1
39	22	1
40	22	0
41	22	0
42	22	0
43	22	0
44	22	0
39	23	0
40	23	0
41	23	0
42	23	0
43	23	0
44	23	1
39	24	0
40	24	0
41	24	1
42	24	0
43	24	1
44	24	1
45	1	0
46	1	0
47	1	1
48	1	0
49	1	1
50	1	0
45	2	0
46	2	1
47	2	0
48	2	0
49	2	1
50	2	0
45	3	0
46	3	1
47	3	0
48	3	0
49	3	0
50	3	0
45	4	0
46	4	0
47	4	0
48	4	1
49	4	0
50	4	0
45	5	1
46	5	0
47	5	0
48	5	1
49	5	0
50	5	0
45	6	0
46	6	0
47	6	0
48	6	1
49	6	0
50	6	1
45	7	0
46	7	0
47	7	1
48	7	0
49	7	0
50	7	1
45	8	1
46	8	0
47	8	0
48	8	0
49	8	0
50	8	1
45	9	0
46	9	0
47	9	0
48	9	1
49	9	0
50	9	0
45	10	0
46	10	1
47	10	0
48	10	1
49	10	0
50	10	1
45	11	0
46	11	0
47	11	0
48	11	0
49	11	0
50	11	1
45	12	0
46	12	0
47	12	1
48	12	1
49	12	0
50	12	1
45	13	0
46	13	0
47	13	0
48	13	0
49	13	1
50	13	0
45	14	1
46	14	0
47	14	1
48	14	0
49	14	0
50	14	1
45	15	0
46	15	1
47	15	0
48	15	0
49	15	1
50	15	0
45	16	0
46	16	1
47	16	0
48	16	0
49	16	0
50	16	1
45	17	0
46	17	0
47	17	1
48	17	1
49	17	0
50	17	0
45	18	1
46	18	0
47	18	0
48	18	0
49	18	1
50	18	0
45	19	0
46	19	0
47	19	1
48	19	1
49	19	0
50	19	0
45	20	0
46	20	0
47	20	1
48	20	0
49	20	1
50	20	0
45	21	1
46	21	0
47	21	0
48	21	0
49	21	0
50	21	1
45	22	0
46	22	0
47	22	0
48	22	0
49	22	1
50	22	1
45	23	0
46	23	0
47	23	1
48	23	0
49	23	1
50	23	0
45	24	1
46	24	1
47	24	0
48	24	1
49	24	0
50	24	0
51	1	0
52	1	0
53	1	0
54	1	1
55	1	0
56	1	0
51	2	1
52	2	1
53	2	0
54	2	1
55	2	0
56	2	0
51	3	0
52	3	0
53	3	0
54	3	1
55	3	0
56	3	0
51	4	0
52	4	1
53	4	1
54	4	1
55	4	0
56	4	0
51	5	0
52	5	1
53	5	0
54	5	0
55	5	0
56	5	1
51	6	0
52	6	0
53	6	1
54	6	1
55	6	0
56	6	0
51	7	0
52	7	1
53	7	1
54	7	0
55	7	1
56	7	0
51	8	0
52	8	0
53	8	0
54	8	0
55	8	0
56	8	1
51	9	0
52	9	1
53	9	0
54	9	0
55	9	1
56	9	0
51	10	1
52	10	0
53	10	0
54	10	0
55	10	1
56	10	1
51	11	0
52	11	0
53	11	0
54	11	1
55	11	0
56	11	1
51	12	0
52	12	0
53	12	0
54	12	1
55	12	0
56	12	1
51	13	0
52	13	1
53	13	0
54	13	1
55	13	0
56	13	0
51	14	0
52	14	1
53	14	1
54	14	1
55	14	0
56	14	0
51	15	0
52	15	0
53	15	0
54	15	0
55	15	1
56	15	0
51	16	0
52	16	0
53	16	0
54	16	1
55	16	0
56	16	0
51	17	0
52	17	0
53	17	1
54	17	0
55	17	0
56	17	0
51	18	1
52	18	0
53	18	1
54	18	0
55	18	0
56	18	0
51	19	0
52	19	1
53	19	0
54	19	1
55	19	0
56	19	0
51	20	0
52	20	0
53	20	1
54	20	0
55	20	1
56	20	1
51	21	0
52	21	1
53	21	0
54	21	0
55	21	0
56	21	1
51	22	0
52	22	1
53	22	0
54	22	0
55	22	1
56	22	0
51	23	1
52	23	1
53	23	0
54	23	0
55	23	1
56	23	0
51	24	0
52	24	1
53	24	1
54	24	0
55	24	1
56	24	0
57	1	1
58	1	0
59	1	1
60	1	0
61	1	0
62	1	0
57	2	0
58	2	1
59	2	0
60	2	1
61	2	0
62	2	0
57	3	0
58	3	0
59	3	1
60	3	0
61	3	0
62	3	1
57	4	0
58	4	0
59	4	0
60	4	1
61	4	0
62	4	0
57	5	1
58	5	1
59	5	0
60	5	0
61	5	0
62	5	0
57	6	0
58	6	0
59	6	1
60	6	1
61	6	0
62	6	1
57	7	0
58	7	1
59	7	0
60	7	1
61	7	0
62	7	0
57	8	0
58	8	1
59	8	0
60	8	0
61	8	0
62	8	0
57	9	0
58	9	0
59	9	0
60	9	1
61	9	1
62	9	0
57	10	0
58	10	1
59	10	0
60	10	0
61	10	0
62	10	0
57	11	0
58	11	0
59	11	1
60	11	0
61	11	0
62	11	1
57	12	0
58	12	0
59	12	1
60	12	1
61	12	0
62	12	0
57	13	0
58	13	0
59	13	1
60	13	1
61	13	0
62	13	1
57	14	0
58	14	1
59	14	1
60	14	0
61	14	0
62	14	0
57	15	0
58	15	0
59	15	0
60	15	0
61	15	0
62	15	1
57	16	0
58	16	0
59	16	0
60	16	0
61	16	1
62	16	0
57	17	1
58	17	0
59	17	0
60	17	0
61	17	1
62	17	0
57	18	1
58	18	0
59	18	0
60	18	1
61	18	0
62	18	0
57	19	0
58	19	0
59	19	0
60	19	0
61	19	1
62	19	0
57	20	0
58	20	0
59	20	0
60	20	0
61	20	1
62	20	0
57	21	1
58	21	0
59	21	0
60	21	0
61	21	0
62	21	0
57	22	1
58	22	1
59	22	0
60	22	0
61	22	0
62	22	0
57	23	0
58	23	0
59	23	0
60	23	1
61	23	0
62	23	1
57	24	0
58	24	1
59	24	0
60	24	0
61	24	0
62	24	0
63	1	0
64	1	0
65	1	1
66	1	1
67	1	0
68	1	0
63	2	1
64	2	1
65	2	1
66	2	0
67	2	0
68	2	0
63	3	0
64	3	0
65	3	0
66	3	0
67	3	0
68	3	1
63	4	0
64	4	1
65	4	0
66	4	0
67	4	1
68	4	0
63	5	0
64	5	0
65	5	1
66	5	1
67	5	1
68	5	0
63	6	0
64	6	1
65	6	0
66	6	1
67	6	1
68	6	0
63	7	1
64	7	1
65	7	0
66	7	0
67	7	0
68	7	0
63	8	0
64	8	0
65	8	0
66	8	0
67	8	1
68	8	0
63	9	1
64	9	0
65	9	0
66	9	0
67	9	0
68	9	0
63	10	0
64	10	0
65	10	0
66	10	1
67	10	1
68	10	1
63	11	0
64	11	1
65	11	0
66	11	0
67	11	1
68	11	0
63	12	0
64	12	1
65	12	0
66	12	0
67	12	1
68	12	1
63	13	1
64	13	1
65	13	0
66	13	0
67	13	0
68	13	1
63	14	1
64	14	1
65	14	0
66	14	1
67	14	0
68	14	0
63	15	1
64	15	0
65	15	0
66	15	1
67	15	1
68	15	0
63	16	1
64	16	0
65	16	0
66	16	0
67	16	1
68	16	0
63	17	0
64	17	0
65	17	1
66	17	1
67	17	0
68	17	0
63	18	0
64	18	1
65	18	1
66	18	0
67	18	0
68	18	0
63	19	0
64	19	0
65	19	0
66	19	0
67	19	0
68	19	1
63	20	1
64	20	0
65	20	0
66	20	0
67	20	1
68	20	1
63	21	1
64	21	1
65	21	0
66	21	0
67	21	0
68	21	1
63	22	0
64	22	0
65	22	1
66	22	0
67	22	1
68	22	0
63	23	1
64	23	0
65	23	0
66	23	0
67	23	1
68	23	0
63	24	1
64	24	0
65	24	1
66	24	0
67	24	0
68	24	0
69	1	0
70	1	0
71	1	0
72	1	1
73	1	0
74	1	0
69	2	1
70	2	1
71	2	0
72	2	0
73	2	0
74	2	0
69	3	1
70	3	0
71	3	1
72	3	0
73	3	0
74	3	1
69	4	0
70	4	0
71	4	0
72	4	0
73	4	1
74	4	1
69	5	0
70	5	0
71	5	1
72	5	1
73	5	1
74	5	0
69	6	0
70	6	0
71	6	1
72	6	0
73	6	0
74	6	1
69	7	0
70	7	1
71	7	1
72	7	0
73	7	1
74	7	0
69	8	0
70	8	0
71	8	1
72	8	0
73	8	0
74	8	1
69	9	0
70	9	1
71	9	1
72	9	0
73	9	0
74	9	0
69	10	0
70	10	0
71	10	0
72	10	1
73	10	0
74	10	0
69	11	0
70	11	0
71	11	0
72	11	1
73	11	0
74	11	0
69	12	0
70	12	0
71	12	1
72	12	0
73	12	0
74	12	0
69	13	0
70	13	0
71	13	0
72	13	0
73	13	0
74	13	1
69	14	0
70	14	1
71	14	1
72	14	1
73	14	0
74	14	0
69	15	0
70	15	0
71	15	1
72	15	0
73	15	0
74	15	0
69	16	1
70	16	0
71	16	1
72	16	0
73	16	0
74	16	0
69	17	0
70	17	0
71	17	0
72	17	0
73	17	1
74	17	0
69	18	1
70	18	0
71	18	1
72	18	0
73	18	0
74	18	0
69	19	0
70	19	0
71	19	0
72	19	1
73	19	0
74	19	1
69	20	0
70	20	0
71	20	1
72	20	1
73	20	0
74	20	0
69	21	1
70	21	0
71	21	1
72	21	0
73	21	0
74	21	0
69	22	1
70	22	0
71	22	0
72	22	1
73	22	1
74	22	0
69	23	1
70	23	1
71	23	0
72	23	0
73	23	0
74	23	0
69	24	1
70	24	0
71	24	0
72	24	1
73	24	1
74	24	0
75	1	0
76	1	1
77	1	0
78	1	0
79	1	0
80	1	1
75	2	1
76	2	0
77	2	0
78	2	0
79	2	0
80	2	1
75	3	0
76	3	0
77	3	0
78	3	0
79	3	1
80	3	1
75	4	0
76	4	0
77	4	0
78	4	0
79	4	1
80	4	0
75	5	0
76	5	0
77	5	1
78	5	0
79	5	0
80	5	0
75	6	1
76	6	0
77	6	0
78	6	1
79	6	1
80	6	0
75	7	0
76	7	0
77	7	1
78	7	0
79	7	0
80	7	0
75	8	0
76	8	0
77	8	1
78	8	1
79	8	0
80	8	1
75	9	1
76	9	0
77	9	0
78	9	1
79	9	0
80	9	0
75	10	0
76	10	0
77	10	1
78	10	0
79	10	1
80	10	0
75	11	0
76	11	0
77	11	1
78	11	0
79	11	0
80	11	0
75	12	1
76	12	1
77	12	0
78	12	1
79	12	0
80	12	0
75	13	0
76	13	1
77	13	0
78	13	0
79	13	1
80	13	1
75	14	0
76	14	0
77	14	0
78	14	1
79	14	1
80	14	0
75	15	0
76	15	0
77	15	1
78	15	0
79	15	0
80	15	0
75	16	1
76	16	0
77	16	0
78	16	0
79	16	1
80	16	1
75	17	1
76	17	0
77	17	1
78	17	0
79	17	0
80	17	0
75	18	1
76	18	0
77	18	0
78	18	1
79	18	0
80	18	0
75	19	1
76	19	0
77	19	0
78	19	1
79	19	0
80	19	1
75	20	0
76	20	0
77	20	0
78	20	1
79	20	0
80	20	0
75	21	1
76	21	0
77	21	0
78	21	0
79	21	1
80	21	0
75	22	0
76	22	1
77	22	0
78	22	1
79	22	0
80	22	0
75	23	0
76	23	1
77	23	0
78	23	0
79	23	0
80	23	1
75	24	1
76	24	0
77	24	0
78	24	0
79	24	0
80	24	1
81	1	0
82	1	0
83	1	0
84	1	1
85	1	0
86	1	0
81	2	1
82	2	0
83	2	0
84	2	0
85	2	0
86	2	0
81	3	0
82	3	1
83	3	0
84	3	1
85	3	0
86	3	0
81	4	0
82	4	1
83	4	0
84	4	0
85	4	0
86	4	1
81	5	0
82	5	0
83	5	0
84	5	1
85	5	1
86	5	0
81	6	0
82	6	0
83	6	0
84	6	0
85	6	1
86	6	0
81	7	1
82	7	0
83	7	0
84	7	0
85	7	0
86	7	1
81	8	0
82	8	0
83	8	0
84	8	0
85	8	0
86	8	1
81	9	1
82	9	0
83	9	0
84	9	0
85	9	0
86	9	0
81	10	0
82	10	0
83	10	1
84	10	1
85	10	0
86	10	0
81	11	0
82	11	0
83	11	0
84	11	1
85	11	1
86	11	1
81	12	1
82	12	0
83	12	0
84	12	1
85	12	1
86	12	0
81	13	0
82	13	0
83	13	1
84	13	1
85	13	0
86	13	0
81	14	0
82	14	1
83	14	0
84	14	0
85	14	1
86	14	0
81	15	0
82	15	0
83	15	0
84	15	0
85	15	1
86	15	1
81	16	1
82	16	1
83	16	0
84	16	0
85	16	1
86	16	0
81	17	0
82	17	0
83	17	0
84	17	0
85	17	1
86	17	0
81	18	0
82	18	0
83	18	1
84	18	0
85	18	0
86	18	1
81	19	1
82	19	0
83	19	0
84	19	0
85	19	1
86	19	1
81	20	1
82	20	0
83	20	0
84	20	0
85	20	1
86	20	0
81	21	0
82	21	0
83	21	1
84	21	1
85	21	0
86	21	1
81	22	0
82	22	1
83	22	0
84	22	0
85	22	1
86	22	0
81	23	0
82	23	0
83	23	1
84	23	1
85	23	0
86	23	0
81	24	1
82	24	0
83	24	0
84	24	0
85	24	0
86	24	1
