Node	Time	ActivationUpPrice
3	1	19.51
3	2	4.12
3	3	2.67
3	4	2.92
3	5	5.72
3	6	20.84
3	7	32.0
3	8	32.0
3	9	30.0
3	10	30.0
3	11	28.0
3	12	23.0
3	13	23.0
3	14	23.0
3	15	9.42
3	16	27.5
3	17	29.49
3	18	33.63
3	19	36.7
3	20	37.81
3	21	38.11
3	22	37.99
3	23	37.68
3	24	37.72
4	1	64.65
4	2	64.55
4	3	64.38
4	4	64.7
4	5	64.84
4	6	75.0
4	7	81.0
4	8	117.0
4	9	94.04
4	10	81.0
4	11	77.0
4	12	75.0
4	13	70.38
4	14	71.0
4	15	70.0
4	16	67.51
4	17	69.43
4	18	68.53
4	19	68.01
4	20	68.89
4	21	67.69
4	22	67.1
4	23	66.21
4	24	80.0
5	1	37.0
5	2	36.66
5	3	36.55
5	4	36.47
5	5	37.0
5	6	38.87
5	7	46.5
5	8	69.36
5	9	60.45
5	10	54.83
5	11	58.65
5	12	52.07
5	13	42.08
5	14	36.02
5	15	37.08
5	16	42.01
5	17	40.7
5	18	42.08
5	19	42.63
5	20	42.65
5	21	42.03
5	22	42.1
5	23	38.89
5	24	32.06
6	1	65.5
6	2	65.5
6	3	42.5
6	4	42.5
6	5	31.5
6	6	42.5
6	7	43.5
6	8	44.0
6	9	44.0
6	10	35.02
6	11	35.01
6	12	33.84
6	13	33.91
6	14	34.13
6	15	33.65
6	16	33.1
6	17	33.01
6	18	32.4
6	19	30.65
6	20	30.52
6	21	31.22
6	22	32.48
6	23	30.34
6	24	31.56
7	1	4.54
7	2	3.97
7	3	3.88
7	4	3.75
7	5	3.88
7	6	3.9
7	7	4.7
7	8	5.11
7	9	5.55
7	10	5.92
7	11	2.49
7	12	0.04
7	13	0.01
7	14	1.19
7	15	3.14
7	16	5.34
7	17	11.0
7	18	11.0
7	19	5.13
7	20	3.85
7	21	3.19
7	22	3.85
7	23	1.52
7	24	0.43
8	1	5.27
8	2	5.15
8	3	9.21
8	4	25.49
8	5	37.95
8	6	41.07
8	7	41.74
8	8	43.04
8	9	42.72
8	10	42.72
8	11	41.04
8	12	36.41
8	13	24.76
8	14	7.59
8	15	25.28
8	16	39.08
8	17	45.97
8	18	50.1
8	19	78.91
8	20	141.1
8	21	89.95
8	22	49.66
8	23	47.22
8	24	42.44
9	1	58.86
9	2	57.34
9	3	56.68
9	4	56.18
9	5	56.49
9	6	58.41
9	7	60.25
9	8	68.65
9	9	87.12
9	10	74.62
9	11	65.43
9	12	60.98
9	13	65.0
9	14	67.68
9	15	68.5
9	16	69.0
9	17	69.0
9	18	67.49
9	19	71.0
9	20	70.7
9	21	64.0
9	22	63.0
9	23	61.0
9	24	53.33
10	1	26.0
10	2	21.82
10	3	24.0
10	4	24.0
10	5	24.0
10	6	24.0
10	7	25.87
10	8	33.0
10	9	35.0
10	10	35.0
10	11	28.31
10	12	28.24
10	13	28.14
10	14	33.0
10	15	36.72
10	16	45.0
10	17	45.0
10	18	45.5
10	19	45.5
10	20	44.5
10	21	40.5
10	22	39.5
10	23	37.5
10	24	32.5
11	1	34.0
11	2	30.0
11	3	30.0
11	4	30.0
11	5	30.0
11	6	30.0
11	7	29.0
11	8	29.0
11	9	29.68
11	10	31.17
11	11	33.0
11	12	38.0
11	13	38.0
11	14	38.0
11	15	38.5
11	16	38.5
11	17	38.5
11	18	38.0
11	19	38.0
11	20	36.5
11	21	35.5
11	22	35.0
11	23	33.0
11	24	31.0
12	1	63.5
12	2	60.5
12	3	59.0
12	4	59.0
12	5	62.0
12	6	62.0
12	7	59.73
12	8	111.95
12	9	96.28
12	10	70.0
12	11	65.5
12	12	65.0
12	13	62.5
12	14	65.0
12	15	62.81
12	16	68.13
12	17	74.82
12	18	113.0
12	19	159.0
12	20	110.0
12	21	70.0
12	22	83.0
12	23	83.0
12	24	67.0
13	1	57.5
13	2	55.0
13	3	52.0
13	4	47.26
13	5	45.21
13	6	48.35
13	7	51.3
13	8	60.0
13	9	59.0
13	10	55.64
13	11	53.25
13	12	51.45
13	13	55.0
13	14	60.0
13	15	51.29
13	16	52.8
13	17	53.42
13	18	58.03
13	19	64.51
13	20	64.5
13	21	61.5
13	22	58.75
13	23	56.8
13	24	54.51
14	1	55.83
14	2	55.65
14	3	55.51
14	4	55.05
14	5	54.96
14	6	55.68
14	7	60.12
14	8	92.67
14	9	92.81
14	10	78.3
14	11	76.0
14	12	76.0
14	13	73.0
14	14	60.0
14	15	60.0
14	16	65.0
14	17	65.0
14	18	65.0
14	19	61.0
14	20	60.5
14	21	56.13
14	22	56.81
14	23	56.05
14	24	55.18
15	1	43.57
15	2	42.0
15	3	40.82
15	4	39.98
15	5	40.0
15	6	41.29
15	7	54.0
15	8	64.09
15	9	61.87
15	10	42.16
15	11	25.74
15	12	20.09
15	13	4.98
15	14	0.81
15	15	0.43
15	16	27.32
15	17	39.4
15	18	43.54
15	19	45.55
15	20	48.09
15	21	49.0
15	22	49.0
15	23	49.0
15	24	50.0
16	1	21.01
16	2	20.95
16	3	20.94
16	4	20.95
16	5	20.95
16	6	22.18
16	7	24.59
16	8	26.34
16	9	27.43
16	10	23.77
16	11	20.97
16	12	4.18
16	13	-1.7
16	14	-0.02
16	15	20.82
16	16	22.7
16	17	26.11
16	18	26.12
16	19	28.0
16	20	28.0
16	21	28.0
16	22	25.89
16	23	25.0
16	24	28.0
17	1	40.52
17	2	40.1
17	3	40.19
17	4	39.93
17	5	41.08
17	6	43.95
17	7	76.08
17	8	102.99
17	9	71.43
17	10	55.13
17	11	48.26
17	12	44.15
17	13	42.62
17	14	42.0
17	15	44.06
17	16	42.99
17	17	43.3
17	18	46.33
17	19	49.0
17	20	50.0
17	21	50.0
17	22	50.0
17	23	43.0
17	24	41.0
18	1	32.56
18	2	31.92
18	3	32.07
18	4	32.67
18	5	32.56
18	6	27.77
18	7	17.58
18	8	0.29
18	9	-2.29
18	10	-3.02
18	11	-3.4
18	12	-4.22
18	13	-5.16
18	14	-6.41
18	15	-4.78
18	16	7.65
18	17	24.47
18	18	31.97
18	19	33.6
18	20	33.6
18	21	33.56
18	22	33.63
18	23	33.37
18	24	32.94
19	1	71.65
19	2	71.51
19	3	69.94
19	4	69.16
19	5	68.47
19	6	69.59
19	7	77.6
19	8	89.0
19	9	85.47
19	10	76.64
19	11	71.99
19	12	69.86
19	13	68.6
19	14	76.81
19	15	68.04
19	16	69.68
19	17	77.4
19	18	90.66
19	19	89.0
19	20	90.0
19	21	90.0
19	22	71.84
19	23	71.13
19	24	77.24
20	1	35.52
20	2	35.22
20	3	35.09
20	4	35.19
20	5	35.2
20	6	42.0
20	7	108.55
20	8	100.9
20	9	76.19
20	10	53.33
20	11	44.48
20	12	40.13
20	13	34.56
20	14	21.87
20	15	18.95
20	16	28.94
20	17	35.52
20	18	37.09
20	19	38.48
20	20	43.01
20	21	40.01
20	22	40.0
20	23	38.62
20	24	37.15
21	1	41.0
21	2	40.0
21	3	40.0
21	4	39.5
21	5	40.0
21	6	54.26
21	7	57.63
21	8	66.0
21	9	66.0
21	10	60.0
21	11	51.5
21	12	40.96
21	13	39.37
21	14	36.55
21	15	36.95
21	16	39.25
21	17	39.5
21	18	52.5
21	19	39.54
21	20	38.42
21	21	37.3
21	22	36.8
21	23	36.63
21	24	36.43
22	1	71.65
22	2	71.51
22	3	69.94
22	4	69.16
22	5	68.47
22	6	69.59
22	7	77.6
22	8	89.0
22	9	85.47
22	10	76.64
22	11	71.99
22	12	69.86
22	13	68.6
22	14	76.81
22	15	68.04
22	16	69.68
22	17	77.4
22	18	90.66
22	19	89.0
22	20	90.0
22	21	90.0
22	22	71.84
22	23	71.13
22	24	77.24
23	1	15.54
23	2	15.37
23	3	15.26
23	4	15.26
23	5	15.92
23	6	16.93
23	7	20.81
23	8	25.82
23	9	32.0
23	10	32.0
23	11	28.0
23	12	27.0
23	13	25.0
23	14	30.0
23	15	30.0
23	16	30.0
23	17	30.0
23	18	25.59
23	19	25.16
23	20	19.24
23	21	18.58
23	22	18.05
23	23	17.0
23	24	17.91
24	1	23.24
24	2	23.19
24	3	22.99
24	4	22.99
24	5	22.99
24	6	23.92
24	7	24.99
24	8	25.52
24	9	25.52
24	10	25.49
24	11	25.2
24	12	25.16
24	13	24.94
24	14	24.52
24	15	24.24
24	16	24.19
24	17	24.23
24	18	24.23
24	19	24.98
24	20	24.98
24	21	23.94
24	22	24.68
24	23	24.42
24	24	24.28
25	1	29.75
25	2	29.2
25	3	28.93
25	4	28.83
25	5	29.16
25	6	30.96
25	7	61.98
25	8	61.04
25	9	53.05
25	10	40.87
25	11	40.38
25	12	34.14
25	13	32.14
25	14	33.28
25	15	35.48
25	16	42.65
25	17	52.9
25	18	71.0
25	19	76.02
25	20	61.21
25	21	58.82
25	22	57.53
25	23	41.14
25	24	34.93
26	1	25.13
26	2	24.05
26	3	24.09
26	4	24.04
26	5	24.05
26	6	33.0
26	7	33.61
26	8	48.92
26	9	40.98
26	10	40.97
26	11	35.92
26	12	32.91
26	13	31.49
26	14	31.52
26	15	31.49
26	16	55.0
26	17	59.0
26	18	63.5
26	19	59.0
26	20	59.0
26	21	59.0
26	22	34.67
26	23	30.71
26	24	65.5
27	1	23.01
27	2	22.98
27	3	22.51
27	4	22.51
27	5	20.17
27	6	18.12
27	7	20.17
27	8	12.02
27	9	1.25
27	10	0.0
27	11	-0.09
27	12	3.0
27	13	1.0
27	14	-5.1
27	15	-0.38
27	16	19.65
27	17	25.86
27	18	25.15
27	19	25.75
27	20	26.46
27	21	27.43
27	22	28.02
27	23	26.97
27	24	26.52
28	1	36.0
28	2	36.0
28	3	33.0
28	4	31.95
28	5	32.68
28	6	36.49
28	7	37.47
28	8	37.71
28	9	38.06
28	10	38.06
28	11	38.47
28	12	37.77
28	13	37.2
28	14	36.87
28	15	36.46
28	16	38.0
28	17	38.36
28	18	38.16
28	19	38.03
28	20	37.91
28	21	37.98
28	22	37.81
28	23	37.56
28	24	36.17
29	1	1.06
29	2	1.01
29	3	1.01
29	4	1.01
29	5	1.11
29	6	2.23
29	7	17.0
29	8	23.97
29	9	30.0
29	10	22.49
29	11	7.86
29	12	5.5
29	13	0.0
29	14	-0.07
29	15	-0.01
29	16	1.4
29	17	3.96
29	18	8.58
29	19	7.4
29	20	5.38
29	21	5.37
29	22	5.74
29	23	5.21
29	24	3.18
30	1	22.98
30	2	22.9
30	3	22.33
30	4	22.24
30	5	22.12
30	6	22.5
30	7	23.77
30	8	23.92
30	9	24.18
30	10	25.24
30	11	24.94
30	12	21.74
30	13	11.73
30	14	20.11
30	15	24.18
30	16	22.99
30	17	22.95
30	18	22.77
30	19	22.34
30	20	26.0
30	21	26.0
30	22	23.11
30	23	23.36
30	24	23.48
31	1	35.49
31	2	35.07
31	3	34.91
31	4	34.54
31	5	34.94
31	6	36.16
31	7	36.93
31	8	36.71
31	9	36.83
31	10	36.87
31	11	36.82
31	12	31.93
31	13	29.45
31	14	30.23
31	15	36.08
31	16	36.89
31	17	36.77
31	18	36.72
31	19	36.69
31	20	36.53
31	21	36.62
31	22	36.77
31	23	36.42
31	24	36.37
32	1	7.94
32	2	7.4
32	3	7.19
32	4	7.22
32	5	14.0
32	6	15.72
32	7	15.67
32	8	9.94
32	9	16.0
32	10	16.0
32	11	3.65
32	12	2.86
32	13	1.96
32	14	3.09
32	15	5.43
32	16	11.28
32	17	13.69
32	18	15.0
32	19	14.21
32	20	12.48
32	21	10.9
32	22	9.01
32	23	7.53
32	24	14.5
33	1	17.55
33	2	8.4
33	3	5.53
33	4	9.02
33	5	22.41
33	6	36.09
33	7	56.51
33	8	65.0
33	9	49.0
33	10	36.11
33	11	24.39
33	12	19.92
33	13	13.72
33	14	14.99
33	15	22.61
33	16	26.97
33	17	32.72
33	18	35.99
33	19	36.63
33	20	34.14
33	21	25.78
33	22	20.65
33	23	10.16
33	24	3.31
34	1	32.09
34	2	30.86
34	3	30.17
34	4	30.17
34	5	31.02
34	6	34.36
34	7	36.45
34	8	37.27
34	9	36.77
34	10	34.26
34	11	28.38
34	12	26.1
34	13	22.08
34	14	22.77
34	15	25.95
34	16	60.0
34	17	68.0
34	18	68.0
34	19	45.0
34	20	35.03
34	21	34.18
34	22	32.94
34	23	32.84
34	24	30.64
35	1	21.01
35	2	20.95
35	3	20.94
35	4	20.95
35	5	20.95
35	6	22.18
35	7	24.59
35	8	26.34
35	9	27.43
35	10	23.77
35	11	20.97
35	12	4.18
35	13	-1.7
35	14	-0.02
35	15	20.82
35	16	22.7
35	17	26.11
35	18	26.12
35	19	28.0
35	20	28.0
35	21	28.0
35	22	25.89
35	23	25.0
35	24	28.0
36	1	33.33
36	2	32.9
36	3	33.21
36	4	33.37
36	5	34.65
36	6	48.69
36	7	54.43
36	8	67.96
36	9	69.81
36	10	60.02
36	11	49.55
36	12	48.79
36	13	48.92
36	14	52.0
36	15	51.0
36	16	51.0
36	17	58.44
36	18	71.0
36	19	71.0
36	20	134.0
36	21	82.0
36	22	57.1
36	23	50.0
36	24	50.0
37	1	57.38
37	2	50.53
37	3	48.25
37	4	46.91
37	5	49.08
37	6	58.08
37	7	63.08
37	8	63.99
37	9	67.0
37	10	61.27
37	11	57.28
37	12	52.16
37	13	48.67
37	14	54.0
37	15	54.0
37	16	50.91
37	17	56.95
37	18	60.04
37	19	61.86
37	20	62.2
37	21	62.08
37	22	62.09
37	23	61.19
37	24	60.24
38	1	5.0
38	2	5.0
38	3	5.0
38	4	8.58
38	5	9.5
38	6	18.0
38	7	50.0
38	8	89.89
38	9	51.9
38	10	50.3
38	11	11.33
38	12	9.97
38	13	11.07
38	14	9.33
38	15	9.31
38	16	9.99
38	17	14.0
38	18	15.0
38	19	18.0
38	20	18.0
38	21	18.0
38	22	15.0
38	23	12.0
38	24	8.4
39	1	68.64
39	2	60.5
39	3	60.5
39	4	60.5
39	5	60.5
39	6	60.5
39	7	60.5
39	8	60.5
39	9	60.5
39	10	29.0
39	11	19.0
39	12	11.0
39	13	11.0
39	14	9.16
39	15	8.1
39	16	36.82
39	17	65.17
39	18	69.0
39	19	61.5
39	20	51.0
39	21	50.5
39	22	50.22
39	23	47.37
39	24	48.06
40	1	21.32
40	2	20.76
40	3	20.25
40	4	20.01
40	5	19.9
40	6	20.97
40	7	21.68
40	8	22.14
40	9	4.99
40	10	0.0
40	11	-2.43
40	12	-15.04
40	13	-29.8
40	14	-48.69
40	15	-33.53
40	16	-13.28
40	17	1.0
40	18	21.33
40	19	21.95
40	20	27.0
40	21	27.0
40	22	25.0
40	23	21.81
40	24	21.26
41	1	16.6
41	2	15.33
41	3	15.01
41	4	15.46
41	5	16.22
41	6	16.37
41	7	17.3
41	8	19.69
41	9	33.0
41	10	36.0
41	11	22.5
41	12	17.46
41	13	16.96
41	14	16.77
41	15	16.83
41	16	22.5
41	17	29.0
41	18	28.0
41	19	33.0
41	20	25.0
41	21	16.98
41	22	18.7
41	23	15.15
41	24	18.16
42	1	21.94
42	2	21.78
42	3	21.77
42	4	21.72
42	5	23.58
42	6	24.99
42	7	29.84
42	8	29.84
42	9	29.84
42	10	27.92
42	11	27.67
42	12	27.6
42	13	27.01
42	14	26.51
42	15	25.88
42	16	26.0
42	17	26.0
42	18	26.65
42	19	26.0
42	20	25.75
42	21	25.2
42	22	24.58
42	23	24.48
42	24	21.62
43	1	24.95
43	2	23.79
43	3	23.72
43	4	27.0
43	5	27.0
43	6	26.0
43	7	23.93
43	8	24.51
43	9	24.12
43	10	23.73
43	11	23.44
43	12	23.43
43	13	23.35
43	14	23.4
43	15	23.22
43	16	22.9
43	17	23.52
43	18	23.99
43	19	24.46
43	20	23.72
43	21	23.39
43	22	25.27
43	23	23.83
43	24	22.92
44	1	14.94
44	2	13.55
44	3	12.88
44	4	12.83
44	5	13.56
44	6	17.37
44	7	28.92
44	8	29.22
44	9	19.99
44	10	18.29
44	11	17.94
44	12	13.8
44	13	12.3
44	14	12.53
44	15	14.14
44	16	18.0
44	17	18.66
44	18	19.33
44	19	19.78
44	20	17.49
44	21	17.24
44	22	14.97
44	23	13.58
44	24	12.47
45	1	70.59
45	2	70.17
45	3	69.16
45	4	68.45
45	5	69.65
45	6	70.98
45	7	92.72
45	8	104.0
45	9	81.0
45	10	77.37
45	11	73.16
45	12	70.98
45	13	69.65
45	14	69.45
45	15	68.21
45	16	69.39
45	17	68.96
45	18	70.37
45	19	71.56
45	20	80.5
45	21	120.0
45	22	120.0
45	23	96.0
45	24	73.21
46	1	24.0
46	2	23.04
46	3	22.97
46	4	21.24
46	5	20.94
46	6	21.93
46	7	23.15
46	8	25.0
46	9	25.41
46	10	23.52
46	11	11.71
46	12	1.37
46	13	0.02
46	14	0.44
46	15	10.6
46	16	22.47
46	17	25.25
46	18	25.21
46	19	25.21
46	20	24.52
46	21	23.77
46	22	23.95
46	23	23.72
46	24	23.73
47	1	47.28
47	2	47.29
47	3	42.63
47	4	43.09
47	5	40.78
47	6	38.29
47	7	40.0
47	8	14.99
47	9	25.0
47	10	14.0
47	11	4.17
47	12	2.29
47	13	1.5
47	14	0.44
47	15	0.66
47	16	3.29
47	17	4.37
47	18	40.0
47	19	48.0
47	20	48.0
47	21	48.0
47	22	48.0
47	23	22.65
47	24	14.99
48	1	62.44
48	2	62.69
48	3	63.03
48	4	63.81
48	5	63.03
48	6	67.9
48	7	150.34
48	8	127.13
48	9	97.89
48	10	87.02
48	11	74.58
48	12	64.15
48	13	64.71
48	14	62.63
48	15	61.49
48	16	63.15
48	17	64.97
48	18	66.47
48	19	77.04
48	20	74.98
48	21	69.05
48	22	63.98
48	23	61.09
48	24	61.23
49	1	29.88
49	2	30.0
49	3	30.0
49	4	28.9
49	5	28.18
49	6	27.03
49	7	30.0
49	8	33.41
49	9	40.0
49	10	36.0
49	11	23.0
49	12	3.24
49	13	11.67
49	14	11.67
49	15	1.05
49	16	32.0
49	17	30.0
49	18	30.0
49	19	28.89
49	20	28.42
49	21	29.67
49	22	30.15
49	23	28.9
49	24	24.1
50	1	70.5
50	2	73.0
50	3	73.0
50	4	67.0
50	5	61.59
50	6	67.0
50	7	67.0
50	8	67.0
50	9	54.73
50	10	43.29
50	11	42.47
50	12	43.94
50	13	42.14
50	14	41.48
50	15	41.93
50	16	48.15
50	17	58.68
50	18	66.0
50	19	63.35
50	20	66.02
50	21	66.75
50	22	65.45
50	23	66.0
50	24	64.75
51	1	11.55
51	2	12.3
51	3	11.84
51	4	26.23
51	5	27.05
51	6	28.41
51	7	31.72
51	8	144.0
51	9	142.0
51	10	80.34
51	11	40.23
51	12	36.47
51	13	35.91
51	14	55.0
51	15	50.5
51	16	50.5
51	17	43.97
51	18	72.65
51	19	60.41
51	20	90.2
51	21	54.19
51	22	38.95
51	23	35.43
51	24	29.33
52	1	88.15
52	2	82.05
52	3	79.17
52	4	77.83
52	5	80.5
52	6	82.01
52	7	118.08
52	8	422.37
52	9	386.16
52	10	375.43
52	11	329.85
52	12	273.54
52	13	243.28
52	14	248.45
52	15	277.55
52	16	374.28
52	17	510.47
52	18	532.26
52	19	386.04
52	20	317.05
52	21	182.58
52	22	114.46
52	23	104.23
52	24	81.58
53	1	34.8
53	2	34.59
53	3	33.78
53	4	33.56
53	5	32.43
53	6	32.23
53	7	35.48
53	8	35.95
53	9	33.1
53	10	24.62
53	11	0.08
53	12	0.0
53	13	-0.98
53	14	9.0
53	15	9.0
53	16	26.56
53	17	33.99
53	18	38.19
53	19	36.06
53	20	33.28
53	21	21.58
53	22	12.26
53	23	1.95
53	24	-0.09
54	1	88.83
54	2	83.09
54	3	80.0
54	4	80.17
54	5	82.49
54	6	88.14
54	7	109.79
54	8	165.01
54	9	299.01
54	10	249.12
54	11	255.86
54	12	211.511
54	13	203.28
54	14	196.98
54	15	197.86
54	16	299.94
54	17	449.64
54	18	526.25
54	19	349.95
54	20	181.91
54	21	149.6
54	22	112.82
54	23	100.1
54	24	92.87
55	1	11.55
55	2	12.3
55	3	11.84
55	4	26.23
55	5	27.05
55	6	28.41
55	7	31.72
55	8	144.0
55	9	142.0
55	10	80.34
55	11	40.23
55	12	36.47
55	13	35.91
55	14	55.0
55	15	50.5
55	16	50.5
55	17	43.97
55	18	72.65
55	19	60.41
55	20	90.2
55	21	54.19
55	22	38.95
55	23	35.43
55	24	29.33
56	1	91.432
56	2	83.3
56	3	81.25
56	4	79.84
56	5	79.98
56	6	81.8
56	7	86.66
56	8	111.86
56	9	136.38
56	10	130.78
56	11	118.22
56	12	111.41
56	13	103.67
56	14	99.88
56	15	101.3
56	16	106.81
56	17	116.52
56	18	123.8
56	19	122.35
56	20	116.01
56	21	104.03
56	22	88.77
56	23	82.83
56	24	80.1
57	1	44.0
57	2	44.0
57	3	42.0
57	4	40.0
57	5	40.0
57	6	33.0
57	7	31.58
57	8	45.0
57	9	54.0
57	10	50.0
57	11	50.0
57	12	45.0
57	13	45.0
57	14	45.0
57	15	53.0
57	16	55.0
57	17	57.0
57	18	70.0
57	19	46.0
57	20	45.0
57	21	45.0
57	22	43.0
57	23	43.0
57	24	40.0
58	1	1.23
58	2	1.19
58	3	1.0
58	4	1.02
58	5	1.15
58	6	2.23
58	7	3.16
58	8	6.24
58	9	17.08
58	10	8.67
58	11	6.35
58	12	6.19
58	13	10.99
58	14	12.17
58	15	11.95
58	16	8.39
58	17	27.06
58	18	26.98
58	19	29.14
58	20	32.98
58	21	32.19
58	22	22.05
58	23	11.98
58	24	9.42
59	1	52.04
59	2	47.53
59	3	42.29
59	4	36.69
59	5	42.0
59	6	47.0
59	7	47.0
59	8	49.0
59	9	47.0
59	10	47.0
59	11	47.16
59	12	50.81
59	13	49.26
59	14	49.08
59	15	49.31
59	16	52.0
59	17	60.0
59	18	60.0
59	19	60.0
59	20	63.0
59	21	63.0
59	22	64.0
59	23	64.0
59	24	63.5
60	1	53.15
60	2	52.35
60	3	53.61
60	4	52.0
60	5	52.0
60	6	53.73
60	7	54.71
60	8	60.09
60	9	57.48
60	10	55.43
60	11	54.09
60	12	53.05
60	13	52.51
60	14	51.57
60	15	51.09
60	16	52.12
60	17	56.28
60	18	57.34
60	19	56.53
60	20	55.49
60	21	53.95
60	22	52.27
60	23	49.89
60	24	47.36
61	1	43.19
61	2	44.36
61	3	38.37
61	4	17.29
61	5	8.8
61	6	9.08
61	7	17.0
61	8	35.26
61	9	47.46
61	10	48.45
61	11	49.44
61	12	49.09
61	13	48.82
61	14	46.92
61	15	43.94
61	16	49.62
61	17	52.34
61	18	55.15
61	19	57.3
61	20	56.19
61	21	54.08
61	22	52.85
61	23	50.81
61	24	42.37
62	1	28.0
62	2	26.0
62	3	22.93
62	4	21.26
62	5	19.8
62	6	22.03
62	7	21.19
62	8	23.21
62	9	25.0
62	10	28.98
62	11	29.93
62	12	29.75
62	13	29.44
62	14	28.87
62	15	26.94
62	16	27.24
62	17	29.01
62	18	32.0
62	19	28.0
62	20	24.5
62	21	19.56
62	22	13.06
62	23	10.48
62	24	4.86
63	1	57.95
63	2	54.91
63	3	53.96
63	4	53.42
63	5	50.05
63	6	49.22
63	7	51.63
63	8	53.06
63	9	53.06
63	10	51.36
63	11	49.31
63	12	47.98
63	13	49.28
63	14	49.09
63	15	48.53
63	16	50.46
63	17	54.17
63	18	59.85
63	19	62.06
63	20	60.16
63	21	64.0
63	22	64.0
63	23	64.0
63	24	62.0
64	1	60.63
64	2	59.34
64	3	60.0
64	4	60.0
64	5	60.0
64	6	59.66
64	7	73.0
64	8	73.0
64	9	77.41
64	10	71.0
64	11	79.24
64	12	80.5
64	13	77.0
64	14	62.9
64	15	66.89
64	16	70.0
64	17	77.0
64	18	80.56
64	19	84.89
64	20	81.85
64	21	74.15
64	22	67.48
64	23	66.02
64	24	61.99
65	1	95.73
65	2	89.59
65	3	85.07
65	4	81.5
65	5	77.67
65	6	84.44
65	7	95.06
65	8	133.66
65	9	145.69
65	10	145.98
65	11	144.3
65	12	141.13
65	13	135.78
65	14	132.17
65	15	170.0
65	16	920.0
65	17	920.0
65	18	190.0
65	19	132.96
65	20	117.49
65	21	117.5
65	22	106.72
65	23	106.72
65	24	66.52
66	1	1.23
66	2	1.19
66	3	1.0
66	4	1.02
66	5	1.15
66	6	2.23
66	7	3.16
66	8	6.24
66	9	17.08
66	10	8.67
66	11	6.35
66	12	6.19
66	13	10.99
66	14	12.17
66	15	11.95
66	16	8.39
66	17	27.06
66	18	26.98
66	19	29.14
66	20	32.98
66	21	32.19
66	22	22.05
66	23	11.98
66	24	9.42
67	1	9.98
67	2	7.66
67	3	7.48
67	4	5.68
67	5	9.69
67	6	14.17
67	7	19.37
67	8	24.62
67	9	27.99
67	10	28.33
67	11	28.34
67	12	28.54
67	13	28.21
67	14	28.27
67	15	28.35
67	16	26.89
67	17	28.05
67	18	28.68
67	19	28.23
67	20	23.81
67	21	19.46
67	22	12.08
67	23	4.68
67	24	7.0
68	1	46.0
68	2	46.0
68	3	36.39
68	4	36.15
68	5	35.9
68	6	45.0
68	7	45.0
68	8	45.0
68	9	42.0
68	10	46.0
68	11	46.0
68	12	46.0
68	13	45.0
68	14	43.0
68	15	43.5
68	16	43.0
68	17	44.0
68	18	46.0
68	19	46.0
68	20	43.0
68	21	41.0
68	22	42.0
68	23	43.0
68	24	43.0
69	1	60.5
69	2	60.5
69	3	60.5
69	4	60.5
69	5	60.5
69	6	60.0
69	7	58.0
69	8	73.0
69	9	73.0
69	10	68.0
69	11	62.0
69	12	60.5
69	13	60.5
69	14	61.0
69	15	61.0
69	16	46.49
69	17	48.8
69	18	48.74
69	19	44.18
69	20	43.62
69	21	42.71
69	22	42.39
69	23	42.27
69	24	41.25
70	1	10.2
70	2	10.09
70	3	10.09
70	4	10.12
70	5	10.21
70	6	10.47
70	7	17.01
70	8	22.66
70	9	21.41
70	10	21.27
70	11	20.02
70	12	19.36
70	13	18.77
70	14	18.03
70	15	18.15
70	16	20.03
70	17	53.0
70	18	53.0
70	19	53.0
70	20	53.0
70	21	53.0
70	22	45.0
70	23	30.0
70	24	13.93
71	1	6.84
71	2	0.39
71	3	0.27
71	4	0.28
71	5	0.54
71	6	2.18
71	7	16.19
71	8	33.5
71	9	33.0
71	10	30.49
71	11	30.57
71	12	30.16
71	13	29.74
71	14	29.42
71	15	29.99
71	16	34.0
71	17	34.0
71	18	34.0
71	19	30.63
71	20	28.81
71	21	28.04
71	22	25.66
71	23	25.66
71	24	27.5
72	1	42.0
72	2	42.0
72	3	42.0
72	4	42.0
72	5	42.0
72	6	37.0
72	7	34.0
72	8	40.0
72	9	40.0
72	10	40.0
72	11	40.0
72	12	50.5
72	13	50.0
72	14	46.0
72	15	46.0
72	16	47.0
72	17	46.0
72	18	46.0
72	19	45.0
72	20	45.0
72	21	38.0
72	22	44.0
72	23	42.0
72	24	40.0
73	1	60.5
73	2	60.5
73	3	60.5
73	4	60.5
73	5	60.5
73	6	60.0
73	7	58.0
73	8	73.0
73	9	73.0
73	10	68.0
73	11	62.0
73	12	60.5
73	13	60.5
73	14	61.0
73	15	61.0
73	16	46.49
73	17	48.8
73	18	48.74
73	19	44.18
73	20	43.62
73	21	42.71
73	22	42.39
73	23	42.27
73	24	41.25
74	1	56.0
74	2	52.5
74	3	52.5
74	4	52.5
74	5	48.22
74	6	50.86
74	7	51.85
74	8	64.0
74	9	64.0
74	10	62.0
74	11	53.03
74	12	52.34
74	13	52.38
74	14	51.93
74	15	51.9
74	16	52.28
74	17	53.42
74	18	65.0
74	19	65.0
74	20	55.06
74	21	55.03
74	22	54.93
74	23	54.79
74	24	54.32
75	1	57.36
75	2	54.96
75	3	54.34
75	4	53.88
75	5	53.37
75	6	54.25
75	7	54.97
75	8	57.1
75	9	58.02
75	10	58.67
75	11	63.0
75	12	63.0
75	13	55.0
75	14	54.81
75	15	56.73
75	16	58.58
75	17	67.0
75	18	70.0
75	19	69.0
75	20	67.0
75	21	60.51
75	22	60.57
75	23	60.0
75	24	54.99
76	1	73.2
76	2	64.15
76	3	57.62
76	4	53.89
76	5	52.38
76	6	57.43
76	7	86.73
76	8	119.47
76	9	129.63
76	10	125.2
76	11	108.38
76	12	105.0
76	13	106.41
76	14	76.86
76	15	84.31
76	16	99.37
76	17	104.23
76	18	127.78
76	19	128.46
76	20	126.29
76	21	121.95
76	22	110.6
76	23	95.29
76	24	70.08
77	1	29.27
77	2	34.0
77	3	34.0
77	4	10.35
77	5	34.0
77	6	39.0
77	7	33.5
77	8	33.5
77	9	31.0
77	10	14.66
77	11	33.5
77	12	42.0
77	13	43.0
77	14	43.0
77	15	43.0
77	16	46.0
77	17	44.0
77	18	46.0
77	19	46.0
77	20	44.0
77	21	41.0
77	22	31.5
77	23	22.62
77	24	11.56
78	1	42.53
78	2	41.69
78	3	41.53
78	4	41.16
78	5	44.58
78	6	58.0
78	7	122.61
78	8	136.89
78	9	112.66
78	10	56.95
78	11	49.77
78	12	47.0
78	13	45.55
78	14	44.57
78	15	42.14
78	16	43.72
78	17	49.18
78	18	79.98
78	19	123.05
78	20	48.94
78	21	46.14
78	22	42.59
78	23	41.99
78	24	40.08
79	1	98.0
79	2	84.32
79	3	81.82
79	4	87.0
79	5	87.0
79	6	82.1
79	7	133.0
79	8	499.12
79	9	1206.14
79	10	1205.86
79	11	499.12
79	12	293.0
79	13	133.0
79	14	94.88
79	15	102.46
79	16	110.64
79	17	128.0
79	18	132.31
79	19	130.01
79	20	129.0
79	21	129.0
79	22	129.0
79	23	132.0
79	24	110.0
80	1	26.0
80	2	26.0
80	3	25.5
80	4	21.45
80	5	22.32
80	6	26.5
80	7	36.0
80	8	38.5
80	9	42.0
80	10	46.0
80	11	46.0
80	12	43.0
80	13	39.43
80	14	41.66
80	15	59.0
80	16	70.0
80	17	64.0
80	18	85.87
80	19	61.42
80	20	56.52
80	21	69.53
80	22	55.0
80	23	48.0
80	24	44.0
81	1	26.0
81	2	21.82
81	3	24.0
81	4	24.0
81	5	24.0
81	6	24.0
81	7	25.87
81	8	33.0
81	9	35.0
81	10	35.0
81	11	28.31
81	12	28.24
81	13	28.14
81	14	33.0
81	15	36.72
81	16	45.0
81	17	45.0
81	18	45.5
81	19	45.5
81	20	44.5
81	21	40.5
81	22	39.5
81	23	37.5
81	24	32.5
82	1	56.21
82	2	56.48
82	3	56.46
82	4	56.36
82	5	56.47
82	6	57.39
82	7	58.38
82	8	60.3
82	9	61.24
82	10	59.64
82	11	59.18
82	12	59.22
82	13	58.61
82	14	58.59
82	15	59.06
82	16	59.65
82	17	60.69
82	18	73.86
82	19	95.72
82	20	78.77
82	21	67.87
82	22	68.0
82	23	64.0
82	24	60.79
83	1	34.8
83	2	34.59
83	3	33.78
83	4	33.56
83	5	32.43
83	6	32.23
83	7	35.48
83	8	35.95
83	9	33.1
83	10	24.62
83	11	0.08
83	12	0.0
83	13	-0.98
83	14	9.0
83	15	9.0
83	16	26.56
83	17	33.99
83	18	38.19
83	19	36.06
83	20	33.28
83	21	21.58
83	22	12.26
83	23	1.95
83	24	-0.09
84	1	95.73
84	2	89.59
84	3	85.07
84	4	81.5
84	5	77.67
84	6	84.44
84	7	95.06
84	8	133.66
84	9	145.69
84	10	145.98
84	11	144.3
84	12	141.13
84	13	135.78
84	14	132.17
84	15	170.0
84	16	920.0
84	17	920.0
84	18	190.0
84	19	132.96
84	20	117.49
84	21	117.5
84	22	106.72
84	23	106.72
84	24	66.52
85	1	92.0
85	2	92.0
85	3	92.0
85	4	92.0
85	5	92.0
85	6	98.0
85	7	120.0
85	8	135.0
85	9	250.0
85	10	250.0
85	11	250.0
85	12	493.48
85	13	126.0
85	14	97.69
85	15	107.45
85	16	120.0
85	17	134.0
85	18	139.401
85	19	139.401
85	20	139.401
85	21	125.0
85	22	99.96
85	23	91.69
85	24	90.91
86	1	26.0
86	2	21.82
86	3	24.0
86	4	24.0
86	5	24.0
86	6	24.0
86	7	25.87
86	8	33.0
86	9	35.0
86	10	35.0
86	11	28.31
86	12	28.24
86	13	28.14
86	14	33.0
86	15	36.72
86	16	45.0
86	17	45.0
86	18	45.5
86	19	45.5
86	20	44.5
86	21	40.5
86	22	39.5
86	23	37.5
86	24	32.5
