Node	Time	Intraday_Price
3	1	23.361955550181058
3	2	4.965140327033337
3	3	2.1924984250981834
3	4	3.4059752062858406
3	5	5.703754469118555
3	6	16.73686157847432
3	7	33.81691844709872
3	8	30.575326668389025
3	9	27.156490727158456
3	10	3.5324565203595997
3	11	0.4395412009146324
3	12	0.38880843016526107
3	13	-0.05090687660963291
3	14	-0.05365923366485903
3	15	7.740799369552877
3	16	40.55188489358653
3	17	27.652714076515604
3	18	33.60556133539296
3	19	39.905663501158294
3	20	35.68673415844382
3	21	52.99763731602701
3	22	44.868883939401584
3	23	26.93028830159056
3	24	38.62704994659342
4	1	65.05876454889871
4	2	57.1462328123369
4	3	84.52075398305583
4	4	56.66786850678512
4	5	81.3438793284178
4	6	80.52482842457533
4	7	93.14349658355758
4	8	180.05113360809364
4	9	101.2471304095336
4	10	80.66924561256542
4	11	86.13781074096504
4	12	41.05674631448878
4	13	40.85425169684181
4	14	61.34248639347215
4	15	66.94421209173052
4	16	85.16329744845856
4	17	67.61721053103535
4	18	55.671351722133764
4	19	80.37949906104771
4	20	80.76685119854595
4	21	53.96194870171672
4	22	104.37797673558454
4	23	77.67892728502414
4	24	74.64021214984419
5	1	25.080980011546504
5	2	43.842844750251096
5	3	45.34954099697707
5	4	41.145829544836715
5	5	40.97740517266498
5	6	37.16663105208041
5	7	41.15855493723993
5	8	80.40028429749886
5	9	21.45831556861439
5	10	62.96714927236209
5	11	66.7304685664657
5	12	65.61777805203755
5	13	46.12723594257834
5	14	32.70077168175432
5	15	41.91592329039955
5	16	35.587982868672185
5	17	40.76248267041162
5	18	28.07425236709763
5	19	46.852438123628474
5	20	39.89645581981158
5	21	28.499406434033357
5	22	46.572674289930134
5	23	43.71784584394288
5	24	35.634407815504105
6	1	30.684453498064254
6	2	29.818980626506583
6	3	29.501726686779236
6	4	23.39617058148661
6	5	35.87796849481975
6	6	25.448870322423666
6	7	34.69117091607925
6	8	36.85165616705963
6	9	39.11320404992183
6	10	31.582767096439532
6	11	47.59996985520952
6	12	39.65342285180983
6	13	35.331541321647954
6	14	29.6171294179885
6	15	34.30229777419293
6	16	39.779854981203776
6	17	38.072906847743965
6	18	35.3213604074066
6	19	27.596570299305164
6	20	28.700012261565288
6	21	29.586865492915415
6	22	35.90793501843087
6	23	45.72656986436624
6	24	37.02544378444909
7	1	4.939500678888679
7	2	4.477940697848644
7	3	2.877164258200346
7	4	3.560629971362202
7	5	4.742240629413462
7	6	2.4006100962235855
7	7	3.3842902145184794
7	8	5.46846694531113
7	9	2.9232865089433955
7	10	7.982383028306857
7	11	2.4300348318669913
7	12	0.03600161703247061
7	13	0.004148125563259535
7	14	1.387295338229796
7	15	3.3127751518397237
7	16	4.692416031120088
7	17	4.660102138288593
7	18	5.2073479555018425
7	19	4.549893980233141
7	20	4.3951676271959
7	21	2.446264633721704
7	22	0.9262944525602235
7	23	1.51412887358693
7	24	0.400194509828502
8	1	5.268451486422021
8	2	2.037535807368513
8	3	10.609753955446763
8	4	24.253967875561592
8	5	30.217587681082062
8	6	37.7093056021635
8	7	34.280123951807994
8	8	46.79343691682683
8	9	33.2734804095491
8	10	37.47368136264955
8	11	57.31674931593143
8	12	44.65868464458579
8	13	33.42453348110395
8	14	6.949129546119218
8	15	20.132879866741508
8	16	39.67673467809502
8	17	47.62641458243772
8	18	70.77298949896306
8	19	64.05037007243979
8	20	125.61928693048162
8	21	59.460072160563186
8	22	44.05415873031038
8	23	55.23448973557755
8	24	37.12240676550384
9	1	74.55005308761353
9	2	26.63542656466355
9	3	57.695402312746154
9	4	57.65067862682106
9	5	63.98963505063222
9	6	32.50844988977161
9	7	60.09288089357373
9	8	46.68398164884516
9	9	93.3534139614211
9	10	75.27447581400497
9	11	34.23562677799071
9	12	50.24924657617496
9	13	61.608791629461194
9	14	54.54594003856332
9	15	62.82250510716672
9	16	49.77325142229525
9	17	67.12285180703834
9	18	71.58385538364176
9	19	44.155088458902966
9	20	52.02276548267002
9	21	56.772597017965076
9	22	79.35358822768883
9	23	61.82580889155453
9	24	44.564370868034935
10	1	26.443473792268076
10	2	11.844367543507955
10	3	13.977439911961998
10	4	19.41895324512968
10	5	10.720440424972328
10	6	24.978588500366325
10	7	17.564177605633052
10	8	7.257275935922021
10	9	16.11674029664835
10	10	28.999191434748393
10	11	30.833281201511134
10	12	34.916164944187834
10	13	15.269693551513507
10	14	25.110956216695946
10	15	21.719560879700094
10	16	43.12645763100783
10	17	32.662979168033615
10	18	28.726251786091645
10	19	27.59670842635117
10	20	29.3100026575067
10	21	13.154143861160103
10	22	22.23892989542807
10	23	22.382336831228606
10	24	32.97925426474699
11	1	26.591191222648593
11	2	26.225004443672667
11	3	26.79960446276573
11	4	21.54520520460383
11	5	39.4462918020518
11	6	20.59547243679103
11	7	23.934281311462126
11	8	17.968774004325983
11	9	35.05487553192738
11	10	20.583644663266426
11	11	31.90436182799677
11	12	35.43244157514725
11	13	41.64776198100863
11	14	28.14548038018195
11	15	22.684368335463294
11	16	35.9623400899455
11	17	38.8400107951088
11	18	36.995928507761555
11	19	31.84278688949881
11	20	21.67147636530321
11	21	20.60089917103893
11	22	32.50426808704947
11	23	27.669701632328113
11	24	16.54825644209322
12	1	62.287507828115835
12	2	66.62871569019154
12	3	75.60504279583358
12	4	53.00171053166148
12	5	71.39263662079313
12	6	49.25127253683764
12	7	63.624429346877704
12	8	81.8037618141251
12	9	107.8514649520001
12	10	74.38980860706317
12	11	70.73311228899809
12	12	55.67631318926257
12	13	65.09233133448042
12	14	56.54326905914984
12	15	72.90602071459914
12	16	66.03153189207532
12	17	97.81773168922476
12	18	110.30306513678339
12	19	120.68434369393937
12	20	108.4455198742112
12	21	65.95585122529735
12	22	61.20549513797927
12	23	66.09466846608349
12	24	68.02513028696654
13	1	72.58927904274353
13	2	57.65428574588064
13	3	38.82522785811693
13	4	56.83055510809447
13	5	47.915026610235934
13	6	36.72721597574669
13	7	64.28491466395273
13	8	56.84010462254367
13	9	101.44347020929851
13	10	45.26104279199597
13	11	43.38205397578648
13	12	55.17607941980348
13	13	43.43416875215431
13	14	26.954355131480476
13	15	68.89861630427079
13	16	26.625451034681937
13	17	55.608521999413526
13	18	69.31054672056344
13	19	52.69410304213626
13	20	70.87440757510757
13	21	56.72409488210052
13	22	65.62700996650887
13	23	63.8414649320122
13	24	60.806338047116235
14	1	52.082206284407086
14	2	79.50560731832236
14	3	48.959621520417194
14	4	47.865061042090915
14	5	45.420388039579464
14	6	50.802173186148565
14	7	70.43690442685964
14	8	39.47734373043993
14	9	80.98968374997696
14	10	86.068623222111
14	11	67.92444529435933
14	12	58.30398781372054
14	13	46.18388244560398
14	14	49.675190323907266
14	15	81.9112412334662
14	16	64.63303756099867
14	17	66.35554146746763
14	18	52.415952212916565
14	19	13.914905966591892
14	20	41.84779707433324
14	21	64.45806506614777
14	22	79.52624765051654
14	23	90.44671887236724
14	24	50.03669757203949
15	1	32.89288193646827
15	2	35.408736738065954
15	3	39.83588370505196
15	4	29.04459998780943
15	5	35.030874951048055
15	6	35.59774658616286
15	7	49.69279063304243
15	8	73.26135903768932
15	9	63.31555407994228
15	10	33.68486409546377
15	11	30.8176227770239
15	12	24.638535769711027
15	13	4.326014445176943
15	14	0.5488946276812409
15	15	0.5822444272470637
15	16	40.36461668168774
15	17	37.298691082862135
15	18	39.671830201545
15	19	35.39171355246539
15	20	33.03760553256232
15	21	53.04552038359284
15	22	53.798683953951134
15	23	35.99733265467705
15	24	35.826136493916536
16	1	19.438176959114852
16	2	14.313124200769764
16	3	23.22815869407551
16	4	17.502362708706777
16	5	25.90612527806276
16	6	26.727619914360176
16	7	15.238409625309927
16	8	18.13242253819438
16	9	10.961155778389534
16	10	23.40969699474816
16	11	31.59769864060819
16	12	3.52271816469873
16	13	-2.010990703781256
16	14	-0.008478278692040082
16	15	21.310517292457913
16	16	32.124080579772816
16	17	25.404617095350723
16	18	30.934911407847988
16	19	25.1596259813058
16	20	24.96246615452012
16	21	21.171045252420097
16	22	18.125067648112523
16	23	20.648870207669493
16	24	12.479260530498413
17	1	48.390123719899925
17	2	39.344851672172794
17	3	63.93762590039335
17	4	38.62694127504554
17	5	49.16440522293254
17	6	26.031525795207333
17	7	84.71131035207304
17	8	109.08557890362053
17	9	59.483085330123295
17	10	8.541361345518162
17	11	51.58679790233729
17	12	51.41323232977792
17	13	37.639473044964234
17	14	46.446282025611964
17	15	34.093506069925375
17	16	50.053803816070854
17	17	31.05863194391821
17	18	36.82388714460089
17	19	61.947653287388704
17	20	40.575105572587006
17	21	40.02657488369159
17	22	44.54332533574202
17	23	46.51229951006717
17	24	35.46226012995558
18	1	42.88300098074848
18	2	40.542531593193026
18	3	30.607820769914646
18	4	32.06097016481088
18	5	40.20780205762892
18	6	31.005075261997
18	7	22.499370821379124
18	8	0.34600644882839554
18	9	-2.093214667819204
18	10	-1.4736192813213866
18	11	-3.5622858785761515
18	12	-5.031235999141038
18	13	-3.501812366223584
18	14	-10.232396662289299
18	15	-5.539864367968871
18	16	9.671075493547681
18	17	26.4336603829711
18	18	21.17272442995251
18	19	23.67823162125438
18	20	30.406970137828644
18	21	23.478791539975784
18	22	37.31460401341311
18	23	35.31312111230155
18	24	44.40058689564737
19	1	65.42343213764738
19	2	67.92507991350273
19	3	87.05941484321696
19	4	78.32851264349664
19	5	63.992577530132465
19	6	65.57674209864614
19	7	37.50155791834218
19	8	102.56673311061331
19	9	107.53236202548948
19	10	58.50255001876846
19	11	87.08648404402042
19	12	118.30012189940547
19	13	80.9097293997567
19	14	60.62362797473887
19	15	63.963971013319096
19	16	89.73916970431385
19	17	123.26209543751419
19	18	96.6170599230913
19	19	43.74644202593514
19	20	108.69756048041057
19	21	70.20830335439435
19	22	75.8708285651983
19	23	52.315069176042314
19	24	80.61790894320579
20	1	30.142633022677295
20	2	36.59724508109191
20	3	28.294149061740885
20	4	27.384587977617873
20	5	31.877855445297214
20	6	35.00191733440078
20	7	51.12987790586297
20	8	62.09561400799269
20	9	84.54811453775639
20	10	38.08397157507931
20	11	21.795354069563075
20	12	43.048863388751094
20	13	22.551007556089818
20	14	21.310601247756267
20	15	20.090898288467663
20	16	25.827638423365368
20	17	43.830935452218455
20	18	38.03866655994228
20	19	24.876251897443254
20	20	44.697420715771074
20	21	16.864279526726442
20	22	41.83669571806958
20	23	41.39774192212897
20	24	37.9916695730721
21	1	43.65400164378562
21	2	27.82330353535697
21	3	33.31998295553602
21	4	26.512783364096375
21	5	44.210288852619286
21	6	42.07473552771901
21	7	46.80052120525241
21	8	48.14076097359446
21	9	25.59214499296586
21	10	44.94823428658354
21	11	41.40617157815056
21	12	47.36850051275786
21	13	28.78588685338321
21	14	27.557323776921947
21	15	43.68603125333189
21	16	45.92917451349357
21	17	52.553631500824515
21	18	40.808659236150646
21	19	49.68787720107097
21	20	17.320715397937104
21	21	36.38915113273575
21	22	34.1739829484621
21	23	17.15931957802432
21	24	33.989279560146414
22	1	65.42343213764738
22	2	67.92507991350273
22	3	87.05941484321696
22	4	78.32851264349664
22	5	63.992577530132465
22	6	65.57674209864614
22	7	37.50155791834218
22	8	102.56673311061331
22	9	107.53236202548948
22	10	58.50255001876846
22	11	87.08648404402042
22	12	118.30012189940547
22	13	80.9097293997567
22	14	60.62362797473887
22	15	63.963971013319096
22	16	89.73916970431385
22	17	123.26209543751419
22	18	96.6170599230913
22	19	43.74644202593514
22	20	108.69756048041057
22	21	70.20830335439435
22	22	75.8708285651983
22	23	52.315069176042314
22	24	80.61790894320579
23	1	22.576585610371428
23	2	19.45000665400997
23	3	18.284293945687622
23	4	13.847388999593305
23	5	15.176599661129663
23	6	17.316963814903733
23	7	14.9361671094949
23	8	25.89299981819737
23	9	21.735120114954334
23	10	21.15398405053509
23	11	21.373735892473473
23	12	22.78544687504221
23	13	28.416336473615964
23	14	24.092612447158306
23	15	21.290795236253402
23	16	1.4921084135574743
23	17	30.993966994247703
23	18	25.736897153646364
23	19	23.630547490332848
23	20	11.034883158294639
23	21	20.79568791293729
23	22	21.584027790658737
23	23	18.31599406452392
23	24	25.38114546418231
24	1	26.07050977624213
24	2	19.837400858109135
24	3	10.160187039991145
24	4	35.78881750321329
24	5	15.654588737221584
24	6	17.748884218221164
24	7	16.277884523885326
24	8	36.57189683818456
24	9	26.92293460632923
24	10	16.50724647869155
24	11	20.591785968898353
24	12	23.34956284401991
24	13	22.554067911541793
24	14	19.299871209532952
24	15	21.113599995234377
24	16	15.402318732450453
24	17	15.452742303930613
24	18	16.178058857516284
24	19	12.623132106444166
24	20	20.829263311265024
24	21	15.686451310234046
24	22	27.759817277137785
24	23	30.823349784480175
24	24	31.88791339827879
25	1	37.63613727654072
25	2	20.150983300983743
25	3	32.61097654947279
25	4	27.68264082943328
25	5	29.403243327558187
25	6	46.785856231439524
25	7	52.49176033761592
25	8	83.27033587545404
25	9	44.40677256245209
25	10	40.57011113950342
25	11	48.11655290903816
25	12	28.83134157783791
25	13	24.881959533919535
25	14	47.84538587896819
25	15	50.92714197015259
25	16	31.741196251669965
25	17	69.4651416259486
25	18	69.10596802083269
25	19	46.74414792303495
25	20	38.21812090564496
25	21	52.15954732053699
25	22	68.02720287117188
25	23	31.735695281606215
25	24	30.946299018206698
26	1	23.078118259373685
26	2	24.155212133682813
26	3	18.201569018111933
26	4	16.252690818409988
26	5	22.284524585978154
26	6	27.55237852930738
26	7	45.24894803454081
26	8	74.674270582738
26	9	51.45583494828368
26	10	40.85187659483987
26	11	40.36313873332542
26	12	34.730374456831655
26	13	31.54857108506295
26	14	44.201294652343805
26	15	19.47545522170018
26	16	16.36776748517215
26	17	34.441738848995676
26	18	18.918849228556834
26	19	38.591884882689364
26	20	32.86928719247657
26	21	27.883545491958188
26	22	49.461062415067104
26	23	23.329061875560807
26	24	37.80575634670536
27	1	26.304809585819974
27	2	24.678979909190218
27	3	23.261822645937325
27	4	21.412574583101446
27	5	17.351791357110265
27	6	13.036908487264919
27	7	24.024662126142122
27	8	11.60600792005258
27	9	0.8817676534976926
27	10	0.0
27	11	-0.10439539795837327
27	12	-1.8588822401805951
27	13	-5.004595261029066
27	14	-5.113604983149938
27	15	-0.3106612202979337
27	16	18.456624225149174
27	17	15.930965044758242
27	18	30.993906763977627
27	19	24.652531677871032
27	20	22.5678344760545
27	21	19.675748349540935
27	22	18.19550543454151
27	23	31.332648709380713
27	24	24.056398853312473
28	1	44.55989047250892
28	2	36.38834176938646
28	3	30.027114261110416
28	4	31.13546029380923
28	5	38.31322602147499
28	6	30.682604907957156
28	7	31.951756342974097
28	8	47.98019892422546
28	9	56.35298368298521
28	10	16.18083599124229
28	11	35.6486628596039
28	12	34.493843421812976
28	13	40.87906251770241
28	14	30.16613382764842
28	15	37.59962761556406
28	16	24.142752363537735
28	17	25.76546397034987
28	18	34.39096548729034
28	19	53.46692778505139
28	20	39.138073616059685
28	21	31.41042594188044
28	22	43.86976474651606
28	23	43.57812829577434
28	24	27.70835245694042
29	1	1.1232025625931692
29	2	1.343318750952313
29	3	1.141319652821135
29	4	0.7366899040416468
29	5	1.4502127664514448
29	6	1.7988900423841496
29	7	6.029693132294134
29	8	8.73278124755203
29	9	7.947057220025411
29	10	3.5716252602938123
29	11	2.21537499403684
29	12	0.6133887325602503
29	13	0.0
29	14	-0.0474782443345755
29	15	-0.012545382165593531
29	16	1.0701266009116592
29	17	3.5529409929893148
29	18	10.24563530173808
29	19	9.656326837738174
29	20	5.607671236051823
29	21	3.256632543734802
29	22	6.601982198491788
29	23	2.737038417711225
29	24	2.715762476709634
30	1	24.211987207000305
30	2	22.9212916837033
30	3	28.443105852733154
30	4	12.072281462406067
30	5	26.659785164137197
30	6	20.398720539719932
30	7	13.812376978333447
30	8	12.633069925713249
30	9	21.664095580420586
30	10	19.989176684012413
30	11	31.978396601817433
30	12	25.174470351446413
30	13	9.61299619654471
30	14	18.386383254794776
30	15	19.10216189711046
30	16	19.099257789283
30	17	18.5876148248122
30	18	25.38538574717754
30	19	30.784447309272977
30	20	23.84570047604602
30	21	18.48776722714576
30	22	20.943866942301103
30	23	26.823725405147727
30	24	21.656360482750756
31	1	31.493079177381198
31	2	45.2013625316775
31	3	44.51772851773093
31	4	33.63797291559091
31	5	39.52719842447697
31	6	38.29331198604342
31	7	23.992464240666678
31	8	31.102487644677307
31	9	39.731137535153685
31	10	29.500690616683933
31	11	44.18219007814407
31	12	20.709503120588685
31	13	28.340509815779786
31	14	17.763210620210238
31	15	39.891550902092504
31	16	21.666151773651393
31	17	42.314199848565615
31	18	26.478623594539545
31	19	39.33010295752165
31	20	20.115597135365345
31	21	39.24940996875167
31	22	36.6382578897323
31	23	26.93469799512146
31	24	35.14769111430744
32	1	8.13138596333148
32	2	6.469178246008199
32	3	5.912798900493184
32	4	8.188219119873615
32	5	9.23876608954765
32	6	4.371751216041188
32	7	9.350698892852693
32	8	7.6829322509714855
32	9	11.337749624718759
32	10	9.298748340854807
32	11	3.4258611813868987
32	12	2.4444028820161074
32	13	2.3367439560415417
32	14	3.037605793794295
32	15	6.177481504266836
32	16	17.970046157049698
32	17	12.970851196862782
32	18	17.02651397948864
32	19	25.08481933580725
32	20	16.667730676924155
32	21	11.83691423452388
32	22	10.43881599727161
32	23	6.017045592275122
32	24	6.07016118001791
33	1	16.479974581794576
33	2	8.635204027136393
33	3	5.364159785547371
33	4	8.018107164326397
33	5	33.58031420891729
33	6	27.493740690302417
33	7	40.4403803891041
33	8	61.505009817199685
33	9	60.73094233231711
33	10	34.78662445090917
33	11	26.721982741792146
33	12	17.442048105792136
33	13	12.162231863907131
33	14	23.20673395499739
33	15	23.97964197346194
33	16	29.248255200304158
33	17	36.10633900772662
33	18	32.975350670911865
33	19	47.60776451891526
33	20	34.34186941169838
33	21	29.51251963666722
33	22	23.938451155142516
33	23	13.29128926773034
33	24	4.239636777926323
34	1	44.690281791739515
34	2	28.138020315772582
34	3	40.828476140441275
34	4	37.89692274590754
34	5	15.051688270275218
34	6	35.87601769337632
34	7	62.91771145604318
34	8	29.470267491191663
34	9	53.896439627732136
34	10	32.85872017969212
34	11	26.286496682082763
34	12	29.940037605425143
34	13	24.300154398388116
34	14	19.47797894444062
34	15	34.50075451746124
34	16	35.18245425072959
34	17	34.05190457988138
34	18	33.72817056711059
34	19	37.08724645980724
34	20	36.88766184210764
34	21	29.95745480583382
34	22	27.182678059156206
34	23	40.27156593746076
34	24	41.25721070662457
35	1	19.438176959114852
35	2	14.313124200769764
35	3	23.22815869407551
35	4	17.502362708706777
35	5	25.90612527806276
35	6	26.727619914360176
35	7	15.238409625309927
35	8	18.13242253819438
35	9	10.961155778389534
35	10	23.40969699474816
35	11	31.59769864060819
35	12	3.52271816469873
35	13	-2.010990703781256
35	14	-0.008478278692040082
35	15	21.310517292457913
35	16	32.124080579772816
35	17	25.404617095350723
35	18	30.934911407847988
35	19	25.1596259813058
35	20	24.96246615452012
35	21	21.171045252420097
35	22	18.125067648112523
35	23	20.648870207669493
35	24	12.479260530498413
36	1	44.789819813095924
36	2	41.11695464253603
36	3	19.45518005924463
36	4	25.85035294149251
36	5	33.43391864509524
36	6	46.05439612733418
36	7	40.18716626414593
36	8	63.24232968988269
36	9	50.43036007186445
36	10	72.16347694619171
36	11	44.56567794086246
36	12	43.21622005915817
36	13	61.287267839562865
36	14	36.23877875074731
36	15	52.21564384448046
36	16	55.196364249590545
36	17	44.44412956056139
36	18	39.13165867143262
36	19	62.116664813372466
36	20	65.0819354520693
36	21	73.92630018990636
36	22	58.885311006539034
36	23	51.085492258847765
36	24	57.71681083705874
37	1	77.8063759141208
37	2	37.3296751914135
37	3	60.81255590480427
37	4	40.864035915476926
37	5	51.6558265144557
37	6	49.292357642992535
37	7	106.03723234297732
37	8	62.1454567699301
37	9	71.61065344940836
37	10	79.82137901318812
37	11	54.5302336393463
37	12	49.785093928993696
37	13	51.81241383045156
37	14	54.69312178015757
37	15	37.63924259056094
37	16	31.344345065382168
37	17	50.636531798956746
37	18	92.49578710107942
37	19	76.47007731519274
37	20	50.625110550792456
37	21	78.26982370909961
37	22	91.43299910247615
37	23	62.274170183400166
37	24	49.87355415346298
38	1	3.3807706115434284
38	2	4.203758647909022
38	3	3.7817005031171376
38	4	6.6606693525789735
38	5	5.342547750068414
38	6	5.3503739948512665
38	7	62.13273354437156
38	8	106.90933151976947
38	9	60.08195458228208
38	10	51.02971546339708
38	11	14.90044256794095
38	12	5.523547259692623
38	13	9.00796774255705
38	14	3.255121213743549
38	15	10.769070309560716
38	16	12.237064183093173
38	17	12.819677046480004
38	18	15.425141582708036
38	19	10.302307186869802
38	20	11.35247769760072
38	21	3.7891722013657962
38	22	4.594227618645506
38	23	6.524977592942535
38	24	5.419207449367012
39	1	39.57838448156833
39	2	30.66728647064851
39	3	59.206227630326815
39	4	59.76820610012062
39	5	39.89518841468321
39	6	23.616095584669186
39	7	44.04782356395088
39	8	62.343175146568626
39	9	48.798692309222695
39	10	11.03918127486501
39	11	3.692782008074272
39	12	0.8025841151585008
39	13	-0.20785987904721914
39	14	-0.07533449021045381
39	15	7.993397607036379
39	16	28.30297804511386
39	17	52.46345136404353
39	18	53.15238329161699
39	19	52.60006018536987
39	20	38.72020412411443
39	21	50.27439199588146
39	22	63.37311574943122
39	23	61.54430743501173
39	24	52.01836554231737
40	1	20.152271036601004
40	2	20.076979208613196
40	3	23.920008637012465
40	4	24.322811225128646
40	5	24.735985303333166
40	6	18.175289940538867
40	7	22.710839595822065
40	8	25.40988363360725
40	9	2.4746555405094743
40	10	0.0
40	11	-3.261055438318053
40	12	-17.60591825542521
40	13	-15.73777551794068
40	14	-36.462787801101605
40	15	-26.645550163813454
40	16	-8.129940691142965
40	17	1.0412563482857555
40	18	16.472711275457595
40	19	15.932242178926664
40	20	27.177366236203607
40	21	17.298687876728266
40	22	19.992286965089598
40	23	15.55708376865149
40	24	24.695758184399267
41	1	14.591348849928496
41	2	16.344893416802
41	3	14.688739137553782
41	4	16.621835915590353
41	5	11.87123554159864
41	6	19.875451123763483
41	7	16.047646057075703
41	8	26.615485023774085
41	9	18.15997336977693
41	10	22.07816404780087
41	11	11.850342511603824
41	12	16.750753576878328
41	13	19.08535728974669
41	14	15.704657799896067
41	15	21.85543796208833
41	16	18.42813745399096
41	17	14.506301395050102
41	18	23.084228852009506
41	19	23.337346344947505
41	20	21.294490954601677
41	21	25.780328851283638
41	22	13.069504437975144
41	23	16.577730754104316
41	24	16.430377892119623
42	1	23.490482259104894
42	2	29.21961464651318
42	3	16.114405576952084
42	4	20.74320349779619
42	5	32.48622740936275
42	6	23.120324171110937
42	7	24.282915809019773
42	8	35.980454157885724
42	9	27.00820842810713
42	10	23.05811609983584
42	11	26.472379030137777
42	12	20.290515273217867
42	13	20.230189763027024
42	14	30.827816960024087
42	15	26.990477198128836
42	16	31.41996709528079
42	17	19.58304942891435
42	18	34.35448270902243
42	19	26.86496576799219
42	20	22.786275665534752
42	21	19.697206005616327
42	22	28.234437066636538
42	23	25.6007406288946
42	24	23.290227622062403
43	1	36.89153983776672
43	2	26.972796211815695
43	3	20.413755039267553
43	4	20.805409847475715
43	5	16.791861303699203
43	6	23.440257661756387
43	7	26.875350898914547
43	8	23.138611612020355
43	9	14.338084958388922
43	10	23.729700849558352
43	11	25.02272657585586
43	12	23.01111702793409
43	13	27.839618576223945
43	14	15.875839087613338
43	15	24.688888212673355
43	16	20.68210525395892
43	17	37.365493929431736
43	18	19.3137319254789
43	19	21.716727853094614
43	20	35.73133719072638
43	21	24.169986099052053
43	22	26.318847942489082
43	23	28.923508304890046
43	24	18.50091538960128
44	1	13.107608514924816
44	2	13.558582818902638
44	3	14.895787794766964
44	4	17.144903671493992
44	5	16.181614697029218
44	6	15.928778295033453
44	7	20.678763222023253
44	8	35.94960544157563
44	9	19.888147057370674
44	10	8.237426595413396
44	11	12.828732695024945
44	12	6.928052642637937
44	13	10.148228277805083
44	14	13.683643861028031
44	15	12.675076755441738
44	16	11.733934652635725
44	17	8.432801245161796
44	18	19.635118489756454
44	19	18.215695063126784
44	20	13.595939208810838
44	21	13.705078660186983
44	22	11.620409819333599
44	23	10.479967621837478
44	24	9.020529391519998
45	1	105.84865560339757
45	2	64.24459981798125
45	3	55.000732106289234
45	4	61.48469717406522
45	5	89.55866616036619
45	6	79.18909659296209
45	7	90.72658127547568
45	8	58.87796415968664
45	9	93.50152650620362
45	10	61.61141883111608
45	11	66.25187884099273
45	12	89.03095042548802
45	13	57.995740693920155
45	14	74.71364855519164
45	15	78.56598996669052
45	16	73.09163489537374
45	17	92.44089568106439
45	18	65.70957669529854
45	19	98.68794868783576
45	20	70.6258935226265
45	21	87.89427946733731
45	22	67.87642006947468
45	23	65.92653350565064
45	24	70.58312918838647
46	1	19.14660941889028
46	2	22.086832357412707
46	3	25.339397831090142
46	4	20.20106585102556
46	5	22.166498566527846
46	6	31.586665777409593
46	7	16.844389919633223
46	8	22.611966400100055
46	9	23.767549768946644
46	10	18.910988688745977
46	11	9.922181565506392
46	12	0.8360293771064627
46	13	0.02639585750821203
46	14	0.3802309682653951
46	15	12.26729102894866
46	16	28.46507933835586
46	17	25.81617988651902
46	18	26.339582577741876
46	19	31.024193953309467
46	20	28.418945961173296
46	21	30.17924305338184
46	22	22.028378441682683
46	23	31.5511153587499
46	24	22.391266881940272
47	1	49.26111023394233
47	2	50.940175315808794
47	3	52.514025971191245
47	4	57.7600273149263
47	5	50.12383181484516
47	6	41.753271363425114
47	7	26.23528265679075
47	8	12.612786792422567
47	9	3.0979796628752787
47	10	3.8224107751350083
47	11	3.973507179130076
47	12	1.9431240852341023
47	13	1.1717861546297828
47	14	0.389386877502116
47	15	0.7507215003130998
47	16	3.3439519979911547
47	17	4.559804398755317
47	18	29.431580284137826
47	19	22.920133222936364
47	20	59.00570588274133
47	21	51.70663935517521
47	22	46.91645839443666
47	23	30.826672006108346
47	24	6.3656336409504926
48	1	79.85970456270127
48	2	35.654619957413104
48	3	41.69263999101754
48	4	46.398733910911446
48	5	83.70042425041731
48	6	71.37162131563223
48	7	164.6093010600789
48	8	84.8172833707064
48	9	124.87905897529129
48	10	130.3514836585183
48	11	67.83820812985324
48	12	69.19014700095767
48	13	73.18226615772707
48	14	44.33414193978551
48	15	47.17007555011622
48	16	69.74670327390501
48	17	64.88512038003601
48	18	86.73598164832947
48	19	69.06312859800138
48	20	87.54166443447875
48	21	79.63251806009931
48	22	84.23528804191096
48	23	70.63565848870878
48	24	64.08246256908333
49	1	37.0790803442133
49	2	27.920954963154053
49	3	22.391567877232266
49	4	28.85126784568431
49	5	28.929120603688716
49	6	21.537770947488433
49	7	35.46465682036902
49	8	23.550602831536587
49	9	30.09973550389333
49	10	24.14176322696187
49	11	22.405078264730975
49	12	3.1894002893681326
49	13	0.026765097570305586
49	14	0.0
49	15	1.2213434175959943
49	16	10.89649555867337
49	17	19.787439373303457
49	18	30.207203339546357
49	19	33.26694957260036
49	20	27.131267987652432
49	21	23.27659387960255
49	22	41.14235957107097
49	23	35.928933937460776
49	24	23.976782277744736
50	1	81.31877327808095
50	2	83.78770410469534
50	3	40.696173229511416
50	4	89.98705338418537
50	5	65.85212664132258
50	6	28.346629906057775
50	7	1.633224471562201
50	8	73.98298927268733
50	9	66.38404236218534
50	10	44.08711128523691
50	11	42.22690808636477
50	12	59.232742084816906
50	13	56.160157574815585
50	14	33.83345178606442
50	15	24.407300124629945
50	16	42.26138256504419
50	17	65.54821183064931
50	18	56.93560010151448
50	19	76.72792592652378
50	20	51.551548751250934
50	21	58.5722051050539
50	22	25.840880003480688
50	23	75.13899566028941
50	24	84.40149441416644
51	1	11.229175094705692
51	2	19.881199576428365
51	3	12.780718242381111
51	4	22.53804362096398
51	5	27.61797993826107
51	6	23.481623877841706
51	7	28.251353055456057
51	8	76.04594374824651
51	9	66.52002048677109
51	10	78.97162632726076
51	11	41.04488085383796
51	12	38.65386304340509
51	13	40.708334640462525
51	14	37.666014019615766
51	15	46.68725196330879
51	16	24.454109600839434
51	17	22.000423043226746
51	18	64.23536881008981
51	19	68.81223610085677
51	20	78.84635889336545
51	21	43.2462296826396
51	22	53.55806816323324
51	23	46.28794739808247
51	24	25.59103266593498
52	1	91.82642593325807
52	2	105.39467478250513
52	3	93.41348461444183
52	4	74.74016383080517
52	5	80.82563719054164
52	6	70.28612365389978
52	7	139.8752691002847
52	8	444.1161246729392
52	9	161.85903783316684
52	10	251.88944013806346
52	11	310.9190904988679
52	12	295.74250071220655
52	13	386.13243880617006
52	14	242.594645101368
52	15	310.66405932228673
52	16	361.24780563323486
52	17	514.6390895516419
52	18	709.7046142401058
52	19	245.41113327062976
52	20	390.22760492250495
52	21	99.46947582668393
52	22	107.2025221965151
52	23	52.52009223553963
52	24	72.00897177868373
53	1	23.40770548472413
53	2	46.79594045200161
53	3	36.6925469310615
53	4	31.95247876158401
53	5	35.733696939024014
53	6	27.828546942231267
53	7	22.409842205162636
53	8	42.32590693635732
53	9	42.69063629809034
53	10	39.40902760599887
53	11	0.10060470322046274
53	12	0.0
53	13	-0.8168444439390686
53	14	-2.6037930592340315
53	15	0.0
53	16	20.638515611931716
53	17	45.333748899484284
53	18	16.043726914839226
53	19	41.10177864441436
53	20	47.20583127536056
53	21	13.711242516363656
53	22	5.778870905151102
53	23	1.9293829931011806
53	24	-0.09250032762093677
54	1	103.5651593676461
54	2	76.3513547625871
54	3	79.19629035103083
54	4	42.85387918602816
54	5	74.14052748544577
54	6	66.28571190508276
54	7	90.25717962373807
54	8	178.98612429521359
54	9	195.0082271963333
54	10	132.08303495354698
54	11	190.32592832618369
54	12	71.81321033098384
54	13	223.72294763707237
54	14	174.07762025883187
54	15	214.224197110134
54	16	393.34810815843963
54	17	411.6835351634352
54	18	437.8299341331654
54	19	290.9677805594005
54	20	299.09111378044975
54	21	139.17051444359586
54	22	121.7047753722087
54	23	88.10298505357115
54	24	88.15746444882278
55	1	11.229175094705692
55	2	19.881199576428365
55	3	12.780718242381111
55	4	22.53804362096398
55	5	27.61797993826107
55	6	23.481623877841706
55	7	28.251353055456057
55	8	76.04594374824651
55	9	66.52002048677109
55	10	78.97162632726076
55	11	41.04488085383796
55	12	38.65386304340509
55	13	40.708334640462525
55	14	37.666014019615766
55	15	46.68725196330879
55	16	24.454109600839434
55	17	22.000423043226746
55	18	64.23536881008981
55	19	68.81223610085677
55	20	78.84635889336545
55	21	43.2462296826396
55	22	53.55806816323324
55	23	46.28794739808247
55	24	25.59103266593498
56	1	79.81300450781168
56	2	98.75534553112334
56	3	47.99257397617629
56	4	90.55853394136521
56	5	62.90701727952101
56	6	61.078313477092586
56	7	67.73257123784154
56	8	88.84416884556927
56	9	77.19749442986478
56	10	118.43449896977529
56	11	116.57507825436029
56	12	79.4093114489558
56	13	107.18389751156406
56	14	106.05403942705097
56	15	114.77972390734273
56	16	80.14083587026359
56	17	168.3036816624943
56	18	73.85341275096764
56	19	103.1756200754183
56	20	96.06031163900431
56	21	75.7459428875916
56	22	117.4931247067558
56	23	122.43591345316237
56	24	102.49346732892472
57	1	44.912934030893624
57	2	20.727498580731538
57	3	32.679053550605815
57	4	27.804294627186348
57	5	32.56853979307452
57	6	25.098070411724784
57	7	27.67166611695166
57	8	30.34659877641289
57	9	24.39762791120161
57	10	45.26649691346441
57	11	52.08713021495881
57	12	16.9364344318916
57	13	13.274287867578423
57	14	30.826397702765856
57	15	41.99583157754062
57	16	41.02394375395914
57	17	28.970493600583428
57	18	41.115364096534094
57	19	34.61755689579461
57	20	42.200338480217866
57	21	34.473031722303794
57	22	27.180422767031065
57	23	31.350894497269948
57	24	31.65994279103101
58	1	1.152368579911594
58	2	1.4226016539463704
58	3	0.5290298096577559
58	4	0.9722322155096594
58	5	1.1848341410271581
58	6	3.2248972474524815
58	7	3.3322298667854837
58	8	9.74846809572112
58	9	12.463374774206912
58	10	8.491787356607198
58	11	4.227289125997622
58	12	5.3180228787672466
58	13	12.288554642785519
58	14	11.577853829350778
58	15	10.341062413628903
58	16	10.710781977320124
58	17	29.34542691035089
58	18	27.41990334484529
58	19	27.351660232930772
58	20	15.154064611745511
58	21	37.24354069459258
58	22	27.431655150994736
58	23	14.136780799274081
58	24	9.853807716692732
59	1	62.25036235976466
59	2	41.6177840938227
59	3	44.40145330072931
59	4	26.654904674707954
59	5	34.07204271309971
59	6	28.606099691924765
59	7	33.75348614894047
59	8	48.07514757321679
59	9	24.491810630109583
59	10	35.44796837512857
59	11	37.504931378311234
59	12	30.420028286531977
59	13	43.407040967855714
59	14	58.353047766404735
59	15	41.2569316509424
59	16	36.151192782707895
59	17	51.123395958794546
59	18	55.37372229924703
59	19	44.073479806974824
59	20	41.65244110862347
59	21	55.03592616714832
59	22	59.09406314863987
59	23	47.44996825804824
59	24	63.98121321938912
60	1	59.27493494388797
60	2	41.980275540673894
60	3	58.72349449869844
60	4	55.03498097094142
60	5	50.094798575428484
60	6	39.89992512010653
60	7	75.83724554356911
60	8	58.19194477193537
60	9	76.4971993979294
60	10	76.49874378086432
60	11	63.36568906348758
60	12	53.02906048735658
60	13	44.777108255950225
60	14	54.81999923111219
60	15	69.03532352081552
60	16	71.04027432177419
60	17	45.32065793569611
60	18	37.74128447620657
60	19	46.37100776425675
60	20	44.05782288039501
60	21	74.14281154523384
60	22	37.948171714760825
60	23	44.522891828707884
60	24	34.18902779413022
61	1	59.11816704286018
61	2	33.61925890789898
61	3	42.2971632985092
61	4	11.414624653133458
61	5	8.51689999883395
61	6	8.613634706168703
61	7	17.18619166057707
61	8	27.054036831479262
61	9	39.44731325686947
61	10	47.30197864215896
61	11	51.72232258420213
61	12	30.21355150335949
61	13	41.84345359503605
61	14	32.746735342676736
61	15	42.32679518192441
61	16	54.78637008790602
61	17	54.01135261887674
61	18	43.862751453919834
61	19	64.26630580296957
61	20	73.92711547972189
61	21	56.3738452164848
61	22	25.516498582030472
61	23	44.36552036500002
61	24	44.19557256072902
62	1	29.93910251557519
62	2	21.78033270829853
62	3	19.418363818514283
62	4	20.716428940657686
62	5	17.33812683270815
62	6	27.618918238976388
62	7	12.626027789885347
62	8	19.683618213364607
62	9	21.86781108100736
62	10	32.824145587026884
62	11	42.3583933002584
62	12	41.70282637730659
62	13	23.82657543422971
62	14	29.32679039159923
62	15	27.58441619537559
62	16	30.39049581781153
62	17	32.143903895520836
62	18	29.66632176024995
62	19	31.147693357427418
62	20	33.72500474772008
62	21	17.89426713462615
62	22	12.878797965506916
62	23	8.191684750345775
62	24	4.722057096738702
63	1	66.91914002382714
63	2	70.35536958035854
63	3	44.147034433746036
63	4	49.06785937946679
63	5	60.27792979163007
63	6	69.39968776431196
63	7	24.909406849423874
63	8	46.355217298898125
63	9	44.99301111372808
63	10	50.158792166332596
63	11	44.985550642798565
63	12	61.01811720270897
63	13	44.59298718098213
63	14	30.270868991839635
63	15	52.29211596900542
63	16	32.14977587833074
63	17	77.88649516833436
63	18	59.971837259965156
63	19	73.53951713456078
63	20	41.756746420667355
63	21	98.13465488059317
63	22	82.28990590947966
63	23	56.44922895369153
63	24	65.79891283018866
64	1	60.249898245489085
64	2	49.374255458710365
64	3	66.65831103286531
64	4	42.51646831919617
64	5	53.64370097742822
64	6	54.15849764354863
64	7	66.86873759368054
64	8	47.435368497719175
64	9	67.0771111696114
64	10	80.04336129509642
64	11	71.06935638152657
64	12	56.65588673282326
64	13	52.146856367791585
64	14	95.4579273735396
64	15	97.60632058605434
64	16	80.30357162479523
64	17	63.03625225967098
64	18	65.2359601104128
64	19	84.86846601181695
64	20	68.49064552120088
64	21	79.94096605480995
64	22	75.23145889812852
64	23	83.0966791687098
64	24	46.94759955148266
65	1	66.26604240349417
65	2	91.4827669235514
65	3	42.03810078916539
65	4	120.4874286793828
65	5	77.4650386985205
65	6	100.59274816690666
65	7	103.99919836065443
65	8	109.95332125498226
65	9	172.44251392286816
65	10	38.06227027435497
65	11	168.19132911995746
65	12	91.13012271040861
65	13	144.83767456295627
65	14	135.98981723859765
65	15	86.29162788988268
65	16	107.06818552525095
65	17	116.41339623068909
65	18	121.75973773035152
65	19	102.02988418759018
65	20	124.12688928040097
65	21	84.01828664599043
65	22	105.99174190591057
65	23	78.33120754283817
65	24	71.50827198042188
66	1	1.152368579911594
66	2	1.4226016539463704
66	3	0.5290298096577559
66	4	0.9722322155096594
66	5	1.1848341410271581
66	6	3.2248972474524815
66	7	3.3322298667854837
66	8	9.74846809572112
66	9	12.463374774206912
66	10	8.491787356607198
66	11	4.227289125997622
66	12	5.3180228787672466
66	13	12.288554642785519
66	14	11.577853829350778
66	15	10.341062413628903
66	16	10.710781977320124
66	17	29.34542691035089
66	18	27.41990334484529
66	19	27.351660232930772
66	20	15.154064611745511
66	21	37.24354069459258
66	22	27.431655150994736
66	23	14.136780799274081
66	24	9.853807716692732
67	1	12.170135081943323
67	2	9.560460335060288
67	3	8.138000267939614
67	4	7.785665501409785
67	5	13.657762543471367
67	6	10.717528304428493
67	7	16.89991762551723
67	8	32.09124882365733
67	9	18.55619965956893
67	10	39.01971223540658
67	11	27.667811650891963
67	12	42.76783108832972
67	13	15.800478626826916
67	14	27.838198932559173
67	15	18.72184175652315
67	16	32.002727786412876
67	17	27.613025460578918
67	18	29.41519549701785
67	19	28.68891832437858
67	20	23.049797917747714
67	21	21.426279197633793
67	22	10.262308245740382
67	23	3.510299237788591
67	24	2.917916616253414
68	1	41.549972124035726
68	2	30.27509254818629
68	3	38.05527454452231
68	4	17.687970410531925
68	5	39.3616284525109
68	6	41.873238343370566
68	7	29.709096277748763
68	8	45.29340141212753
68	9	40.927083412651655
68	10	34.807759724251866
68	11	42.33544058548815
68	12	40.56141427700417
68	13	40.354052752982916
68	14	37.217926512822324
68	15	32.244621302463436
68	16	44.43203619308976
68	17	33.804662580077164
68	18	53.47321980763332
68	19	22.656294246426295
68	20	32.69928723240817
68	21	35.271058284552275
68	22	35.01767772331892
68	23	43.037126550513854
68	24	15.26416963610006
69	1	63.69289310199059
69	2	41.176127118592746
69	3	27.437155531771367
69	4	47.180076479208914
69	5	44.928323543269585
69	6	36.780275465588595
69	7	59.51067803899147
69	8	80.35482128407392
69	9	74.59731607318417
69	10	71.95219393902245
69	11	66.59973481202914
69	12	56.578682432085884
69	13	43.34990992029906
69	14	47.85412753419875
69	15	54.23956252618736
69	16	11.434697134965752
69	17	62.61408264874774
69	18	53.47538534626829
69	19	71.02726131656661
69	20	38.48254133901194
69	21	50.2205332930883
69	22	44.268613652103916
69	23	40.134189873558626
69	24	44.64959812210076
70	1	11.98738786298101
70	2	13.506339895364974
70	3	11.333587583458398
70	4	7.470100682044994
70	5	13.520375036173059
70	6	8.507218517169733
70	7	17.14164673162977
70	8	24.456629267927962
70	9	25.38510439030564
70	10	18.588155428819267
70	11	13.780484555025838
70	12	23.316457415646337
70	13	18.84742337390176
70	14	15.15475484563946
70	15	16.043320381304927
70	16	11.090354482699045
70	17	16.084604797625495
70	18	42.760695116120964
70	19	32.378742080421404
70	20	29.673562243280273
70	21	23.563938297377202
70	22	25.905843198258783
70	23	23.175148177383406
70	24	13.244702176548882
71	1	1.0868772775185631
71	2	0.35549839115118637
71	3	0.2962008270320798
71	4	0.2645289196075115
71	5	0.5985985575826269
71	6	2.3333060669900014
71	7	21.900271347837034
71	8	21.029236052117593
71	9	32.63244516644548
71	10	35.64541955485471
71	11	31.494798534892254
71	12	39.22119542715634
71	13	26.05731964316622
71	14	39.71916429887747
71	15	39.59612066283419
71	16	13.582387014606251
71	17	34.387712862418404
71	18	37.08735356174641
71	19	40.2287268569389
71	20	36.46356694761879
71	21	17.981424998389112
71	22	9.611724792559762
71	23	27.600463719552803
71	24	11.711213604871231
72	1	27.886341716420787
72	2	29.467442330960104
72	3	31.374183883668895
72	4	31.369873054749288
72	5	28.257312690119676
72	6	20.612523882971864
72	7	28.589040395966162
72	8	33.014604102567276
72	9	35.011462751388684
72	10	23.10474996187054
72	11	22.427966408595523
72	12	7.365569340514255
72	13	54.01682987235699
72	14	25.581576757580148
72	15	26.982686205051095
72	16	21.806095889943855
72	17	26.196507982223665
72	18	32.56250728517877
72	19	36.09396045907817
72	20	32.237932207935714
72	21	43.02874647365704
72	22	27.911227946888825
72	23	31.910349688234508
72	24	38.116224893639554
73	1	63.69289310199059
73	2	41.176127118592746
73	3	27.437155531771367
73	4	47.180076479208914
73	5	44.928323543269585
73	6	36.780275465588595
73	7	59.51067803899147
73	8	80.35482128407392
73	9	74.59731607318417
73	10	71.95219393902245
73	11	66.59973481202914
73	12	56.578682432085884
73	13	43.34990992029906
73	14	47.85412753419875
73	15	54.23956252618736
73	16	11.434697134965752
73	17	62.61408264874774
73	18	53.47538534626829
73	19	71.02726131656661
73	20	38.48254133901194
73	21	50.2205332930883
73	22	44.268613652103916
73	23	40.134189873558626
73	24	44.64959812210076
74	1	28.795387239778375
74	2	43.264193900263564
74	3	39.67105543851681
74	4	57.041489596587
74	5	43.963540176282585
74	6	35.79193250689767
74	7	57.16121552907716
74	8	51.44816564198241
74	9	71.19264511214142
74	10	72.37604690751417
74	11	52.17883724653485
74	12	40.96679059746305
74	13	34.67762951698255
74	14	65.99642884296041
74	15	42.86768574373411
74	16	71.6245345377752
74	17	59.11156361405632
74	18	52.146376008822806
74	19	66.72449373921852
74	20	59.80408027247184
74	21	60.89598617981506
74	22	36.83905693560665
74	23	56.75765489197873
74	24	66.73279864996574
75	1	74.65809361900487
75	2	36.05772569981701
75	3	44.029942264150804
75	4	57.093493183913644
75	5	44.26752672088317
75	6	39.291829536307574
75	7	68.1624367977075
75	8	66.3412900688712
75	9	69.022039218545
75	10	73.07587935501037
75	11	47.81753427161641
75	12	33.44921830493099
75	13	42.510915510961055
75	14	70.18968358459004
75	15	62.8720223822073
75	16	56.593956329834604
75	17	55.58032481844233
75	18	33.08027764626036
75	19	98.00496032251903
75	20	52.7344110727522
75	21	71.0340177117757
75	22	58.531353531698215
75	23	59.05136771406554
75	24	81.13856909536233
76	1	55.10799493633713
76	2	63.342111222875225
76	3	72.91817121495754
76	4	89.40319289426685
76	5	45.668493916786204
76	6	60.41161467064259
76	7	97.07872441656997
76	8	115.60666474728968
76	9	75.71661851002655
76	10	162.08661002193443
76	11	66.87017392584318
76	12	92.69881786216725
76	13	70.26601935064303
76	14	73.9157515755909
76	15	87.07533506192594
76	16	56.26034956186268
76	17	114.64815060909972
76	18	101.21326726538685
76	19	140.32066544131013
76	20	155.87173693619337
76	21	132.8955573920682
76	22	134.15949692104493
76	23	44.93646744772676
76	24	81.61680098554446
77	1	20.138273171635
77	2	22.484603730630653
77	3	14.587376132735814
77	4	7.764481836671701
77	5	10.910118585861072
77	6	9.806742360260305
77	7	4.106823490295274
77	8	11.15868365672334
77	9	17.208483629478398
77	10	14.517010192709833
77	11	18.088966959123827
77	12	24.506933044313666
77	13	34.668760181046004
77	14	29.956168946854845
77	15	29.65385285990054
77	16	30.977352538362275
77	17	38.92715936045564
77	18	26.27627333780403
77	19	42.15015093511357
77	20	31.074245544652655
77	21	22.878604584347702
77	22	20.15031754676176
77	23	21.376821497068118
77	24	5.991170887703258
78	1	23.378590485175483
78	2	48.35616001847882
78	3	35.2563723210872
78	4	45.0157289741329
78	5	37.77068031886908
78	6	68.28018871603174
78	7	98.49333246711663
78	8	164.84984104685745
78	9	95.10713933168746
78	10	78.78443249264613
78	11	52.132704156483285
78	12	45.8817782485729
78	13	56.221148898467625
78	14	45.46201457735093
78	15	47.42729158669621
78	16	49.529968618286226
78	17	42.322325203126475
78	18	82.06663485210446
78	19	149.63028768971756
78	20	37.32660954649036
78	21	66.75799362549293
78	22	36.100086649349315
78	23	34.454529845106634
78	24	35.63370884603274
79	1	108.17588274769716
79	2	78.80350590795048
79	3	89.0132848211573
79	4	92.02216943060009
79	5	79.18723729828666
79	6	77.9533913809782
79	7	76.88426568886715
79	8	109.76382683824673
79	9	180.44168418085013
79	10	141.46186137009929
79	11	133.3723789210515
79	12	126.74828789146237
79	13	105.94962773883671
79	14	104.09627408890205
79	15	139.39706776547905
79	16	73.32690395980445
79	17	161.92684898737247
79	18	105.7250230017211
79	19	157.7966254729097
79	20	132.07141442796646
79	21	109.80079352263436
79	22	67.93826764355194
79	23	130.33128229576684
79	24	83.60337413668064
80	1	10.629531851094322
80	2	18.405144384376147
80	3	16.69699958538522
80	4	24.59318569064832
80	5	30.421307037178916
80	6	30.03631090908671
80	7	28.23012711686864
80	8	26.70964932279083
80	9	62.65165906185765
80	10	25.1420022028385
80	11	49.27820052356056
80	12	51.09027558538179
80	13	39.14362335040996
80	14	39.85157431387335
80	15	78.86797756578194
80	16	91.12841700264525
80	17	71.77309137235017
80	18	63.82153070890825
80	19	46.35934813201224
80	20	73.77069295302663
80	21	66.89733122608007
80	22	66.95236260870327
80	23	38.31571458380731
80	24	39.68599572297401
81	1	26.443473792268076
81	2	11.844367543507955
81	3	13.977439911961998
81	4	19.41895324512968
81	5	10.720440424972328
81	6	24.978588500366325
81	7	17.564177605633052
81	8	7.257275935922021
81	9	16.11674029664835
81	10	28.999191434748393
81	11	30.833281201511134
81	12	34.916164944187834
81	13	15.269693551513507
81	14	25.110956216695946
81	15	21.719560879700094
81	16	43.12645763100783
81	17	32.662979168033615
81	18	28.726251786091645
81	19	27.59670842635117
81	20	29.3100026575067
81	21	13.154143861160103
81	22	22.23892989542807
81	23	22.382336831228606
81	24	32.97925426474699
82	1	62.813817119066954
82	2	81.5233182872438
82	3	52.3144246487607
82	4	51.57591562221322
82	5	49.96767732169554
82	6	33.639545041177854
82	7	33.28688540722564
82	8	41.60149021283953
82	9	88.7893629684091
82	10	45.05844872378742
82	11	84.80070399933982
82	12	70.22067406681913
82	13	51.40199919098925
82	14	51.06050419563554
82	15	48.363085611537464
82	16	57.833808079629854
82	17	91.26929479606031
82	18	99.14793552898118
82	19	110.23699299941472
82	20	73.83114375578083
82	21	81.8893133264222
82	22	50.05363962184522
82	23	66.82317126903317
82	24	67.7975613094811
83	1	23.40770548472413
83	2	46.79594045200161
83	3	36.6925469310615
83	4	31.95247876158401
83	5	35.733696939024014
83	6	27.828546942231267
83	7	22.409842205162636
83	8	42.32590693635732
83	9	42.69063629809034
83	10	39.40902760599887
83	11	0.10060470322046274
83	12	0.0
83	13	-0.8168444439390686
83	14	-2.6037930592340315
83	15	0.0
83	16	20.638515611931716
83	17	45.333748899484284
83	18	16.043726914839226
83	19	41.10177864441436
83	20	47.20583127536056
83	21	13.711242516363656
83	22	5.778870905151102
83	23	1.9293829931011806
83	24	-0.09250032762093677
84	1	66.26604240349417
84	2	91.4827669235514
84	3	42.03810078916539
84	4	120.4874286793828
84	5	77.4650386985205
84	6	100.59274816690666
84	7	103.99919836065443
84	8	109.95332125498226
84	9	172.44251392286816
84	10	38.06227027435497
84	11	168.19132911995746
84	12	91.13012271040861
84	13	144.83767456295627
84	14	135.98981723859765
84	15	86.29162788988268
84	16	107.06818552525095
84	17	116.41339623068909
84	18	121.75973773035152
84	19	102.02988418759018
84	20	124.12688928040097
84	21	84.01828664599043
84	22	105.99174190591057
84	23	78.33120754283817
84	24	71.50827198042188
85	1	84.49584077387047
85	2	54.09443075755526
85	3	126.50781032478002
85	4	80.5518035548426
85	5	92.68641785423839
85	6	68.21863662216401
85	7	79.32754687386705
85	8	66.70741950774385
85	9	143.13856155347426
85	10	130.9727005627201
85	11	93.05077329816464
85	12	117.71395427325844
85	13	93.24050454898507
85	14	59.22160494993891
85	15	94.68646631557664
85	16	169.55519025812092
85	17	124.96772231385
85	18	125.89327367672585
85	19	140.29298512117074
85	20	129.73722019218806
85	21	157.33221760474638
85	22	62.53272555763588
85	23	101.2671666025285
85	24	132.27816901825517
86	1	26.443473792268076
86	2	11.844367543507955
86	3	13.977439911961998
86	4	19.41895324512968
86	5	10.720440424972328
86	6	24.978588500366325
86	7	17.564177605633052
86	8	7.257275935922021
86	9	16.11674029664835
86	10	28.999191434748393
86	11	30.833281201511134
86	12	34.916164944187834
86	13	15.269693551513507
86	14	25.110956216695946
86	15	21.719560879700094
86	16	43.12645763100783
86	17	32.662979168033615
86	18	28.726251786091645
86	19	27.59670842635117
86	20	29.3100026575067
86	21	13.154143861160103
86	22	22.23892989542807
86	23	22.382336831228606
86	24	32.97925426474699
