Node	Time	ActivationDownPrice
3	1	5.0
3	2	1.0
3	3	1.0
3	4	2.92
3	5	5.72
3	6	20.84
3	7	29.96
3	8	31.47
3	9	24.55
3	10	4.38
3	11	0.44
3	12	0.44
3	13	-0.04
3	14	-0.05
3	15	9.42
3	16	26.98
3	17	29.49
3	18	33.63
3	19	33.0
3	20	33.0
3	21	33.0
3	22	29.0
3	23	29.0
3	24	30.5
4	1	59.0
4	2	59.0
4	3	58.0
4	4	55.0
4	5	54.94
4	6	56.0
4	7	74.95
4	8	113.82
4	9	94.04
4	10	79.32
4	11	74.63
4	12	70.57
4	13	70.38
4	14	66.39
4	15	66.11
4	16	67.51
4	17	59.0
4	18	68.53
4	19	68.01
4	20	68.89
4	21	67.69
4	22	67.1
4	23	66.21
4	24	67.76
5	1	31.0
5	2	36.66
5	3	36.55
5	4	36.47
5	5	37.0
5	6	38.87
5	7	46.5
5	8	69.36
5	9	40.0
5	10	33.5
5	11	33.5
5	12	33.0
5	13	25.0
5	14	13.41
5	15	13.41
5	16	31.5
5	17	32.0
5	18	32.0
5	19	34.0
5	20	42.65
5	21	42.03
5	22	42.1
5	23	32.0
5	24	32.06
6	1	28.2
6	2	27.54
6	3	27.4
6	4	27.58
6	5	28.34
6	6	29.92
6	7	35.02
6	8	38.7
6	9	42.0
6	10	35.02
6	11	35.01
6	12	33.84
6	13	33.91
6	14	34.13
6	15	33.65
6	16	33.1
6	17	14.0
6	18	14.0
6	19	14.0
6	20	30.52
6	21	31.22
6	22	32.48
6	23	30.34
6	24	31.56
7	1	-2.5
7	2	-2.5
7	3	-2.5
7	4	-0.5
7	5	-0.5
7	6	-3.0
7	7	-5.0
7	8	-5.0
7	9	-3.0
7	10	0.0
7	11	-1.0
7	12	-3.0
7	13	-3.0
7	14	-2.0
7	15	-1.0
7	16	-0.5
7	17	5.61
7	18	5.9
7	19	5.13
7	20	-1.0
7	21	-3.0
7	22	3.85
7	23	-11.0
7	24	-15.0
8	1	0.0
8	2	-1.0
8	3	-1.0
8	4	-1.0
8	5	2.0
8	6	2.0
8	7	24.0
8	8	43.04
8	9	42.72
8	10	34.0
8	11	4.0
8	12	-2.0
8	13	-5.0
8	14	-10.0
8	15	-10.0
8	16	-4.0
8	17	35.0
8	18	41.5
8	19	78.91
8	20	141.1
8	21	89.95
8	22	49.66
8	23	39.0
8	24	10.06
9	1	53.0
9	2	52.0
9	3	51.68
9	4	50.0
9	5	48.0
9	6	48.41
9	7	50.0
9	8	68.65
9	9	87.12
9	10	74.62
9	11	65.43
9	12	60.98
9	13	59.9
9	14	57.68
9	15	56.94
9	16	56.77
9	17	59.07
9	18	63.04
9	19	63.01
9	20	59.69
9	21	55.87
9	22	54.56
9	23	53.77
9	24	53.33
10	1	22.43
10	2	21.82
10	3	16.88
10	4	16.77
10	5	18.29
10	6	21.71
10	7	24.37
10	8	26.02
10	9	26.99
10	10	28.23
10	11	28.31
10	12	28.24
10	13	28.14
10	14	28.36
10	15	29.61
10	16	32.07
10	17	32.23
10	18	32.03
10	19	30.88
10	20	29.84
10	21	28.33
10	22	26.58
10	23	25.37
10	24	23.79
11	1	29.16
11	2	26.78
11	3	24.77
11	4	23.66
11	5	23.92
11	6	23.58
11	7	24.74
11	8	26.77
11	9	29.68
11	10	31.17
11	11	31.27
11	12	31.39
11	13	33.04
11	14	31.04
11	15	31.39
11	16	31.59
11	17	31.67
11	18	31.62
11	19	31.32
11	20	27.92
11	21	25.4
11	22	25.04
11	23	24.49
11	24	23.42
12	1	57.79
12	2	57.5
12	3	57.31
12	4	57.29
12	5	57.4
12	6	57.94
12	7	53.5
12	8	57.0
12	9	95.97
12	10	68.92
12	11	64.09
12	12	63.36
12	13	59.96
12	14	61.97
12	15	55.0
12	16	55.0
12	17	73.52
12	18	112.29
12	19	158.48
12	20	98.1
12	21	65.02
12	22	61.19
12	23	59.31
12	24	58.09
13	1	54.27
13	2	50.62
13	3	48.15
13	4	47.26
13	5	45.21
13	6	43.0
13	7	43.0
13	8	55.1
13	9	51.73
13	10	46.0
13	11	46.0
13	12	42.0
13	13	42.0
13	14	51.76
13	15	46.0
13	16	46.0
13	17	44.0
13	18	45.0
13	19	59.51
13	20	59.73
13	21	51.5
13	22	50.0
13	23	56.8
13	24	54.51
14	1	51.0
14	2	50.0
14	3	48.0
14	4	46.0
14	5	46.0
14	6	46.0
14	7	47.0
14	8	51.5
14	9	51.5
14	10	56.0
14	11	66.58
14	12	62.92
14	13	57.42
14	14	57.41
14	15	56.01
14	16	57.01
14	17	59.25
14	18	59.96
14	19	59.96
14	20	58.67
14	21	56.13
14	22	56.81
14	23	56.05
14	24	55.18
15	1	27.0
15	2	19.0
15	3	9.0
15	4	10.19
15	5	19.0
15	6	29.0
15	7	47.21
15	8	64.09
15	9	47.5
15	10	29.5
15	11	13.0
15	12	13.0
15	13	4.98
15	14	0.0
15	15	-6.032
15	16	10.0
15	17	26.0
15	18	43.54
15	19	45.55
15	20	48.09
15	21	45.74
15	22	44.56
15	23	42.85
15	24	34.15
16	1	10.0
16	2	8.5
16	3	8.5
16	4	8.5
16	5	12.0
16	6	22.18
16	7	24.59
16	8	26.34
16	9	17.5
16	10	13.0
16	11	12.0
16	12	0.0
16	13	-2.0
16	14	-2.0
16	15	13.0
16	16	13.0
16	17	26.11
16	18	26.12
16	19	25.69
16	20	26.19
16	21	25.26
16	22	25.89
16	23	24.3
16	24	23.05
17	1	31.0
17	2	30.5
17	3	27.0
17	4	26.0
17	5	27.0
17	6	31.5
17	7	39.5
17	8	39.83
17	9	43.0
17	10	39.0
17	11	34.0
17	12	31.0
17	13	25.0
17	14	27.0
17	15	33.52
17	16	28.0
17	17	25.48
17	18	25.78
17	19	46.22
17	20	45.08
17	21	42.97
17	22	42.26
17	23	40.43
17	24	36.89
18	1	23.0
18	2	10.0
18	3	10.0
18	4	12.0
18	5	12.0
18	6	12.0
18	7	17.58
18	8	-2.0
18	9	-5.5
18	10	-5.76
18	11	-5.0
18	12	-4.22
18	13	-5.16
18	14	-6.41
18	15	-5.0
18	16	7.65
18	17	24.47
18	18	19.24
18	19	33.6
18	20	33.6
18	21	33.56
18	22	33.63
18	23	30.0
18	24	30.0
19	1	70.0
19	2	70.0
19	3	69.0
19	4	69.16
19	5	68.47
19	6	69.0
19	7	77.6
19	8	71.99
19	9	85.47
19	10	66.0
19	11	71.0
19	12	69.86
19	13	68.6
19	14	66.81
19	15	68.04
19	16	69.68
19	17	77.4
19	18	69.0
19	19	69.0
19	20	78.4
19	21	74.97
19	22	68.0
19	23	68.0
19	24	65.0
20	1	31.5
20	2	31.5
20	3	31.5
20	4	31.5
20	5	34.0
20	6	34.0
20	7	108.55
20	8	35.0
20	9	34.0
20	10	32.0
20	11	25.0
20	12	25.0
20	13	24.9
20	14	12.0
20	15	10.0
20	16	4.0
20	17	17.0
20	18	20.5
20	19	29.0
20	20	30.5
20	21	40.01
20	22	39.57
20	23	38.62
20	24	36.87
21	1	36.65
21	2	36.42
21	3	36.42
21	4	36.08
21	5	36.01
21	6	39.35
21	7	42.68
21	8	43.6
21	9	42.82
21	10	42.42
21	11	41.7
21	12	40.96
21	13	36.0
21	14	32.5
21	15	32.0
21	16	34.0
21	17	34.0
21	18	39.58
21	19	33.19
21	20	32.53
21	21	33.5
21	22	33.14
21	23	33.5
21	24	36.43
22	1	70.0
22	2	70.0
22	3	69.0
22	4	69.16
22	5	68.47
22	6	69.0
22	7	77.6
22	8	71.99
22	9	85.47
22	10	66.0
22	11	71.0
22	12	69.86
22	13	68.6
22	14	66.81
22	15	68.04
22	16	69.68
22	17	77.4
22	18	69.0
22	19	69.0
22	20	78.4
22	21	74.97
22	22	68.0
22	23	68.0
22	24	65.0
23	1	11.0
23	2	7.0
23	3	7.0
23	4	7.0
23	5	9.0
23	6	12.0
23	7	20.81
23	8	25.0
23	9	25.01
23	10	20.11
23	11	19.42
23	12	19.25
23	13	19.0
23	14	19.35
23	15	19.35
23	16	20.79
23	17	25.43
23	18	25.59
23	19	16.0
23	20	14.5
23	21	14.0
23	22	10.5
23	23	2.94
23	24	3.0
24	1	19.0
24	2	19.0
24	3	20.0
24	4	8.04
24	5	2.0
24	6	2.0
24	7	24.99
24	8	25.52
24	9	25.52
24	10	21.0
24	11	16.0
24	12	15.0
24	13	15.0
24	14	19.0
24	15	20.0
24	16	19.0
24	17	20.0
24	18	24.23
24	19	24.2
24	20	24.19
24	21	23.94
24	22	24.5
24	23	24.42
24	24	23.7
25	1	19.0
25	2	18.5
25	3	10.0
25	4	5.5
25	5	8.5
25	6	13.0
25	7	40.0
25	8	30.0
25	9	30.0
25	10	17.0
25	11	11.0
25	12	0.0
25	13	-2.0
25	14	-1.34
25	15	0.0
25	16	10.0
25	17	23.0
25	18	37.5
25	19	40.0
25	20	61.21
25	21	58.82
25	22	57.53
25	23	41.14
25	24	34.93
26	1	5.0
26	2	0.0
26	3	0.0
26	4	0.0
26	5	20.5
26	6	27.01
26	7	31.56
26	8	48.92
26	9	26.5
26	10	26.5
26	11	35.92
26	12	10.0
26	13	10.0
26	14	11.0
26	15	31.49
26	16	31.91
26	17	31.69
26	18	31.96
26	19	31.31
26	20	31.25
26	21	35.01
26	22	34.67
26	23	30.71
26	24	28.99
27	1	-5.0
27	2	-5.0
27	3	-5.0
27	4	-5.0
27	5	-5.0
27	6	-1.0
27	7	4.02
27	8	0.0
27	9	-6.5
27	10	-13.4
27	11	-13.4
27	12	-2.12
27	13	-6.05
27	14	-6.0
27	15	-4.0
27	16	19.65
27	17	12.0
27	18	25.15
27	19	25.75
27	20	26.46
27	21	27.43
27	22	15.0
27	23	0.0
27	24	4.0
28	1	32.99
28	2	30.03
28	3	28.73
28	4	30.0
28	5	32.68
28	6	36.49
28	7	22.0
28	8	22.0
28	9	28.39
28	10	38.06
28	11	34.5
28	12	34.5
28	13	37.2
28	14	36.87
28	15	36.46
28	16	37.27
28	17	38.36
28	18	38.16
28	19	38.03
28	20	18.0
28	21	18.0
28	22	33.5
28	23	33.5
28	24	31.0
29	1	-2.0
29	2	-2.0
29	3	-5.0
29	4	-5.0
29	5	-10.0
29	6	-4.0
29	7	1.0
29	8	8.35
29	9	8.36
29	10	2.95
29	11	1.86
29	12	0.43
29	13	0.0
29	14	-0.07
29	15	-0.01
29	16	1.4
29	17	3.96
29	18	8.58
29	19	7.4
29	20	1.0
29	21	-3.0
29	22	-2.0
29	23	-2.0
29	24	-2.0
30	1	22.98
30	2	22.9
30	3	22.33
30	4	22.24
30	5	22.12
30	6	22.5
30	7	23.77
30	8	23.92
30	9	24.18
30	10	24.0
30	11	24.0
30	12	20.0
30	13	11.73
30	14	19.0
30	15	13.5
30	16	13.5
30	17	10.0
30	18	10.0
30	19	22.34
30	20	22.97
30	21	22.91
30	22	23.11
30	23	23.36
30	24	23.48
31	1	35.0
31	2	35.0
31	3	34.91
31	4	34.54
31	5	34.94
31	6	36.16
31	7	36.93
31	8	36.71
31	9	36.83
31	10	36.87
31	11	34.0
31	12	18.0
31	13	14.0
31	14	20.0
31	15	30.0
31	16	33.5
31	17	36.77
31	18	33.0
31	19	33.0
31	20	33.0
31	21	26.0
31	22	26.0
31	23	28.0
31	24	27.0
32	1	7.94
32	2	7.4
32	3	7.19
32	4	7.22
32	5	7.6
32	6	7.93
32	7	9.18
32	8	9.94
32	9	10.37
32	10	7.35
32	11	1.76
32	12	1.76
32	13	1.76
32	14	1.76
32	15	2.9
32	16	11.28
32	17	13.69
32	18	15.0
32	19	14.21
32	20	12.48
32	21	10.9
32	22	9.01
32	23	7.53
32	24	9.29
33	1	0.0
33	2	-1.0
33	3	-2.3
33	4	-2.3
33	5	9.0
33	6	20.0
33	7	56.51
33	8	57.07
33	9	35.0
33	10	34.0
33	11	12.0
33	12	2.0
33	13	-2.0
33	14	-2.0
33	15	2.0
33	16	16.0
33	17	32.72
33	18	25.0
33	19	25.0
33	20	34.14
33	21	25.78
33	22	20.65
33	23	10.16
33	24	3.31
34	1	32.09
34	2	30.86
34	3	30.17
34	4	30.17
34	5	31.02
34	6	34.36
34	7	36.45
34	8	37.27
34	9	33.0
34	10	31.26
34	11	28.38
34	12	0.5
34	13	-3.89
34	14	-6.7
34	15	-6.7
34	16	3.0
34	17	34.52
34	18	35.42
34	19	35.34
34	20	35.03
34	21	34.18
34	22	32.94
34	23	32.84
34	24	30.64
35	1	10.0
35	2	8.5
35	3	8.5
35	4	8.5
35	5	12.0
35	6	22.18
35	7	24.59
35	8	26.34
35	9	17.5
35	10	13.0
35	11	12.0
35	12	0.0
35	13	-2.0
35	14	-2.0
35	15	13.0
35	16	13.0
35	17	26.11
35	18	26.12
35	19	25.69
35	20	26.19
35	21	25.26
35	22	25.89
35	23	24.3
35	24	23.05
36	1	33.33
36	2	32.9
36	3	33.21
36	4	33.37
36	5	34.65
36	6	48.69
36	7	54.43
36	8	54.0
36	9	54.0
36	10	60.0
36	11	45.819
36	12	48.79
36	13	48.92
36	14	48.59
36	15	48.55
36	16	48.5
36	17	49.97
36	18	67.91
36	19	70.04
36	20	69.42
36	21	60.05
36	22	48.52
36	23	43.44
36	24	46.93
37	1	46.0
37	2	46.0
37	3	46.0
37	4	36.0
37	5	36.0
37	6	58.08
37	7	63.08
37	8	63.99
37	9	63.5
37	10	61.27
37	11	50.0
37	12	40.08
37	13	40.08
37	14	46.38
37	15	47.31
37	16	40.0
37	17	49.38
37	18	60.04
37	19	54.5
37	20	62.2
37	21	62.08
37	22	62.09
37	23	61.19
37	24	60.24
38	1	3.69
38	2	3.85
38	3	3.91
38	4	4.17
38	5	4.93
38	6	5.85
38	7	49.99
38	8	89.89
38	9	51.9
38	10	50.3
38	11	11.33
38	12	5.0
38	13	5.0
38	14	9.33
38	15	9.31
38	16	9.99
38	17	14.0
38	18	13.96
38	19	10.51
38	20	8.81
38	21	6.91
38	22	5.54
38	23	4.95
38	24	5.31
39	1	50.52
39	2	50.21
39	3	50.26
39	4	50.25
39	5	50.25
39	6	40.61
39	7	43.69
39	8	47.39
39	9	38.81
39	10	10.58
39	11	3.3
39	12	0.52
39	13	-0.18
39	14	-0.07
39	15	8.1
39	16	36.82
39	17	43.69
39	18	51.88
39	19	50.56
39	20	50.59
39	21	50.46
39	22	50.22
39	23	47.37
39	24	48.06
40	1	21.32
40	2	20.76
40	3	20.25
40	4	20.01
40	5	19.9
40	6	20.97
40	7	21.5
40	8	22.14
40	9	4.99
40	10	-10.0
40	11	-16.0
40	12	-50.0
40	13	-45.0
40	14	-49.69
40	15	-33.8
40	16	-13.78
40	17	1.0
40	18	21.33
40	19	19.0
40	20	21.5
40	21	21.88
40	22	22.38
40	23	21.81
40	24	10.0
41	1	10.0
41	2	10.0
41	3	12.0
41	4	12.0
41	5	12.0
41	6	10.0
41	7	10.0
41	8	19.69
41	9	20.86
41	10	20.31
41	11	17.97
41	12	17.46
41	13	12.0
41	14	12.0
41	15	13.0
41	16	17.0
41	17	18.96
41	18	20.94
41	19	19.88
41	20	17.97
41	21	16.98
41	22	18.7
41	23	6.0
41	24	11.0
42	1	19.69
42	2	19.69
42	3	21.77
42	4	21.72
42	5	23.58
42	6	24.99
42	7	25.96
42	8	27.32
42	9	27.62
42	10	27.92
42	11	27.67
42	12	23.5
42	13	23.5
42	14	20.0
42	15	20.0
42	16	26.0
42	17	26.0
42	18	26.65
42	19	26.0
42	20	25.75
42	21	25.2
42	22	20.1
42	23	20.5
42	24	21.62
43	1	24.95
43	2	23.79
43	3	23.72
43	4	23.56
43	5	22.72
43	6	21.9
43	7	23.93
43	8	24.51
43	9	24.12
43	10	21.54
43	11	21.02
43	12	23.43
43	13	23.35
43	14	23.4
43	15	23.22
43	16	22.9
43	17	23.52
43	18	23.99
43	19	24.46
43	20	23.72
43	21	23.39
43	22	25.27
43	23	19.0
43	24	19.7
44	1	14.94
44	2	13.55
44	3	12.88
44	4	12.83
44	5	13.56
44	6	17.37
44	7	28.92
44	8	26.67
44	9	19.99
44	10	18.29
44	11	12.0
44	12	3.0
44	13	-2.91
44	14	-5.0
44	15	-1.0
44	16	13.4
44	17	13.0
44	18	19.33
44	19	14.0
44	20	17.49
44	21	17.24
44	22	10.0
44	23	10.5
44	24	9.0
45	1	70.59
45	2	70.17
45	3	69.16
45	4	60.0
45	5	59.0
45	6	59.0
45	7	67.0
45	8	103.75
45	9	79.69
45	10	74.02
45	11	70.0
45	12	70.0
45	13	69.65
45	14	62.0
45	15	62.0
45	16	64.32
45	17	68.96
45	18	70.37
45	19	71.56
45	20	71.97
45	21	72.23
45	22	72.09
45	23	71.57
45	24	73.21
46	1	23.52
46	2	23.04
46	3	16.0
46	4	16.0
46	5	16.0
46	6	21.93
46	7	23.15
46	8	23.57
46	9	25.41
46	10	23.52
46	11	11.71
46	12	0.0
46	13	-3.0
46	14	-3.0
46	15	-3.0
46	16	0.0
46	17	16.5
46	18	25.21
46	19	25.21
46	20	16.0
46	21	18.0
46	22	23.95
46	23	16.0
46	24	16.38
47	1	27.5
47	2	27.5
47	3	27.5
47	4	31.5
47	5	31.5
47	6	25.8
47	7	28.08
47	8	14.99
47	9	3.83
47	10	3.49
47	11	4.17
47	12	2.0
47	13	1.5
47	14	0.44
47	15	0.66
47	16	3.29
47	17	4.37
47	18	23.25
47	19	41.82
47	20	45.75
47	21	35.1
47	22	30.81
47	23	12.0
47	24	10.0
48	1	53.0
48	2	53.0
48	3	53.0
48	4	53.5
48	5	63.03
48	6	54.0
48	7	61.0
48	8	127.13
48	9	63.0
48	10	63.0
48	11	58.0
48	12	60.0
48	13	53.0
48	14	50.0
48	15	45.0
48	16	49.5
48	17	54.0
48	18	56.0
48	19	59.5
48	20	59.5
48	21	58.0
48	22	54.5
48	23	54.0
48	24	53.612
49	1	29.88
49	2	29.27
49	3	29.06
49	4	28.9
49	5	24.0
49	6	27.03
49	7	27.69
49	8	29.78
49	9	30.33
49	10	31.08
49	11	17.19
49	12	3.24
49	13	0.04
49	14	0.0
49	15	1.05
49	16	14.85
49	17	29.02
49	18	28.9
49	19	28.89
49	20	28.42
49	21	13.54
49	22	5.0
49	23	-4.0
49	24	-4.0
50	1	62.16
50	2	62.02
50	3	62.0
50	4	61.83
50	5	61.59
50	6	61.04
50	7	60.04
50	8	59.17
50	9	37.45
50	10	28.71
50	11	42.47
50	12	43.94
50	13	42.14
50	14	41.48
50	15	41.93
50	16	48.15
50	17	58.68
50	18	61.23
50	19	60.0
50	20	58.5
50	21	59.5
50	22	60.0
50	23	66.0
50	24	64.75
51	1	11.55
51	2	12.3
51	3	11.84
51	4	22.5
51	5	22.5
51	6	28.41
51	7	31.72
51	8	86.41
51	9	84.5
51	10	80.34
51	11	40.23
51	12	36.47
51	13	35.91
51	14	34.75
51	15	34.34
51	16	35.67
51	17	43.97
51	18	72.65
51	19	10.5
51	20	90.2
51	21	54.19
51	22	38.95
51	23	35.43
51	24	29.33
52	1	60.0
52	2	70.0
52	3	70.0
52	4	77.83
52	5	80.5
52	6	75.0
52	7	75.0
52	8	422.37
52	9	386.16
52	10	375.43
52	11	329.85
52	12	273.54
52	13	184.5
52	14	184.5
52	15	208.0
52	16	220.0
52	17	310.0
52	18	411.5
52	19	141.24
52	20	65.71
52	21	80.0
52	22	68.5
52	23	64.0
52	24	50.5
53	1	34.8
53	2	34.59
53	3	30.5
53	4	29.0
53	5	29.0
53	6	32.23
53	7	35.48
53	8	31.0
53	9	26.82
53	10	22.0
53	11	0.08
53	12	0.0
53	13	-0.98
53	14	-2.01
53	15	-3.0
53	16	26.56
53	17	33.99
53	18	38.19
53	19	18.88
53	20	-0.49
53	21	-2.0
53	22	-1.02
53	23	-2.5
53	24	-2.5
54	1	88.83
54	2	78.0
54	3	71.0
54	4	71.0
54	5	71.0
54	6	70.0
54	7	65.0
54	8	105.0
54	9	150.0
54	10	150.0
54	11	150.0
54	12	211.11
54	13	105.0
54	14	105.0
54	15	105.0
54	16	105.0
54	17	105.0
54	18	105.0
54	19	105.0
54	20	105.0
54	21	105.0
54	22	105.0
54	23	98.6
54	24	92.87
55	1	11.55
55	2	12.3
55	3	11.84
55	4	22.5
55	5	22.5
55	6	28.41
55	7	31.72
55	8	86.41
55	9	84.5
55	10	80.34
55	11	40.23
55	12	36.47
55	13	35.91
55	14	34.75
55	15	34.34
55	16	35.67
55	17	43.97
55	18	72.65
55	19	10.5
55	20	90.2
55	21	54.19
55	22	38.95
55	23	35.43
55	24	29.33
56	1	86.53
56	2	72.414
56	3	66.0
56	4	64.0
56	5	64.0
56	6	64.0
56	7	70.0
56	8	85.0
56	9	87.5
56	10	130.78
56	11	118.22
56	12	111.41
56	13	103.67
56	14	99.88
56	15	101.3
56	16	106.81
56	17	83.0
56	18	83.0
56	19	90.0
56	20	116.01
56	21	104.03
56	22	88.77
56	23	72.0
56	24	72.0
57	1	29.11
57	2	28.61
57	3	28.51
57	4	28.69
57	5	28.88
57	6	29.76
57	7	31.58
57	8	37.4
57	9	44.17
57	10	44.0
57	11	40.34
57	12	39.64
57	13	33.77
57	14	33.37
57	15	32.51
57	16	33.28
57	17	33.42
57	18	32.82
57	19	36.75
57	20	38.37
57	21	36.12
57	22	34.72
57	23	30.79
57	24	29.07
58	1	-2.0
58	2	-2.0
58	3	-2.5
58	4	-2.5
58	5	-2.5
58	6	-2.5
58	7	-1.5
58	8	0.5
58	9	-1.0
58	10	-2.26
58	11	-2.0
58	12	-2.5
58	13	-2.5
58	14	-2.0
58	15	-2.0
58	16	0.5
58	17	0.5
58	18	26.98
58	19	29.14
58	20	32.98
58	21	32.19
58	22	22.05
58	23	11.98
58	24	9.42
59	1	52.04
59	2	47.53
59	3	42.29
59	4	36.69
59	5	33.43
59	6	33.32
59	7	34.92
59	8	40.67
59	9	36.01
59	10	37.87
59	11	47.16
59	12	50.81
59	13	49.26
59	14	49.08
59	15	49.31
59	16	49.14
59	17	52.57
59	18	55.97
59	19	57.64
59	20	57.52
59	21	56.06
59	22	55.0
59	23	54.66
59	24	53.71
60	1	53.15
60	2	52.35
60	3	53.61
60	4	47.0
60	5	46.0
60	6	45.0
60	7	45.0
60	8	60.09
60	9	57.48
60	10	55.43
60	11	54.09
60	12	53.05
60	13	50.0
60	14	50.0
60	15	49.0
60	16	49.0
60	17	56.28
60	18	57.34
60	19	50.0
60	20	50.0
60	21	50.0
60	22	52.27
60	23	49.89
60	24	47.36
61	1	33.0
61	2	34.5
61	3	1.52
61	4	0.5
61	5	0.5
61	6	-3.0
61	7	0.0
61	8	0.0
61	9	36.0
61	10	44.675
61	11	48.0
61	12	49.09
61	13	39.0
61	14	37.0
61	15	38.0
61	16	36.5
61	17	40.0
61	18	43.0
61	19	43.0
61	20	46.5
61	21	46.5
61	22	46.5
61	23	40.0
61	24	42.37
62	1	25.42
62	2	23.9
62	3	9.0
62	4	9.0
62	5	9.0
62	6	10.0
62	7	5.82
62	8	11.0
62	9	17.16
62	10	21.0
62	11	20.0
62	12	17.5
62	13	15.5
62	14	15.5
62	15	17.5
62	16	17.5
62	17	20.5
62	18	29.19
62	19	27.15
62	20	17.5
62	21	10.0
62	22	4.0
62	23	4.0
62	24	2.0
63	1	45.341
63	2	44.0
63	3	38.23
63	4	38.23
63	5	38.5
63	6	38.632
63	7	39.0
63	8	42.0
63	9	42.0
63	10	42.0
63	11	49.31
63	12	47.98
63	13	35.0
63	14	35.0
63	15	35.0
63	16	41.0
63	17	48.0
63	18	53.0
63	19	53.0
63	20	53.0
63	21	53.0
63	22	58.59
63	23	57.28
63	24	56.0
64	1	60.63
64	2	59.34
64	3	57.55
64	4	56.54
64	5	56.82
64	6	59.66
64	7	61.49
64	8	70.63
64	9	62.0
64	10	62.5
64	11	63.86
64	12	63.29
64	13	62.63
64	14	58.53
64	15	59.0
64	16	62.0
64	17	76.1
64	18	80.56
64	19	84.89
64	20	81.85
64	21	74.15
64	22	67.48
64	23	66.02
64	24	61.99
65	1	95.73
65	2	68.0
65	3	59.01
65	4	59.02
65	5	60.61
65	6	68.0
65	7	70.0
65	8	133.66
65	9	145.69
65	10	145.98
65	11	144.3
65	12	141.13
65	13	135.78
65	14	132.17
65	15	128.21
65	16	117.96
65	17	121.92
65	18	131.42
65	19	80.5
65	20	68.38
65	21	110.67
65	22	98.88
65	23	94.62
65	24	66.52
66	1	-2.0
66	2	-2.0
66	3	-2.5
66	4	-2.5
66	5	-2.5
66	6	-2.5
66	7	-1.5
66	8	0.5
66	9	-1.0
66	10	-2.26
66	11	-2.0
66	12	-2.5
66	13	-2.5
66	14	-2.0
66	15	-2.0
66	16	0.5
66	17	0.5
66	18	26.98
66	19	29.14
66	20	32.98
66	21	32.19
66	22	22.05
66	23	11.98
66	24	9.42
67	1	9.98
67	2	7.66
67	3	7.48
67	4	5.68
67	5	9.69
67	6	14.17
67	7	19.37
67	8	24.62
67	9	27.99
67	10	28.33
67	11	28.34
67	12	20.0
67	13	8.0
67	14	8.0
67	15	8.0
67	16	8.0
67	17	8.0
67	18	8.0
67	19	6.0
67	20	3.0
67	21	3.0
67	22	3.0
67	23	4.68
67	24	4.21
68	1	37.74
68	2	36.83
68	3	36.39
68	4	36.15
68	5	35.9
68	6	30.35
68	7	31.16
68	8	36.71
68	9	38.22
68	10	38.92
68	11	38.95
68	12	37.74
68	13	36.98
68	14	36.08
68	15	35.15
68	16	34.44
68	17	35.9
68	18	36.57
68	19	35.08
68	20	33.91
68	21	31.57
68	22	30.02
68	23	29.88
68	24	29.61
69	1	45.52
69	2	44.06
69	3	44.06
69	4	43.75
69	5	43.59
69	6	44.22
69	7	55.26
69	8	69.55
69	9	72.87
69	10	62.91
69	11	55.3
69	12	51.56
69	13	48.29
69	14	46.94
69	15	46.35
69	16	46.49
69	17	48.8
69	18	48.74
69	19	44.18
69	20	43.62
69	21	42.71
69	22	42.39
69	23	42.27
69	24	41.25
70	1	10.2
70	2	10.09
70	3	10.09
70	4	10.12
70	5	10.21
70	6	10.47
70	7	17.01
70	8	22.66
70	9	21.41
70	10	21.27
70	11	20.02
70	12	19.36
70	13	18.77
70	14	18.03
70	15	18.15
70	16	20.03
70	17	22.82
70	18	27.45
70	19	29.9
70	20	24.61
70	21	23.22
70	22	20.18
70	23	18.14
70	24	13.93
71	1	-1.98
71	2	-1.98
71	3	-1.0
71	4	-1.0
71	5	-1.0
71	6	0.0
71	7	2.0
71	8	28.59
71	9	30.47
71	10	30.49
71	11	23.5
71	12	23.5
71	13	23.5
71	14	23.5
71	15	23.0
71	16	31.45
71	17	32.19
71	18	31.12
71	19	30.63
71	20	28.81
71	21	28.04
71	22	25.66
71	23	25.66
71	24	16.71
72	1	28.85
72	2	28.71
72	3	28.57
72	4	28.47
72	5	29.06
72	6	28.9
72	7	30.6
72	8	36.74
72	9	37.68
72	10	35.93
72	11	32.6
72	12	31.11
72	13	31.6
72	14	33.95
72	15	32.87
72	16	29.74
72	17	34.9
72	18	29.29
72	19	30.82
72	20	31.69
72	21	31.55
72	22	30.96
72	23	30.95
72	24	29.63
73	1	45.52
73	2	44.06
73	3	44.06
73	4	43.75
73	5	43.59
73	6	44.22
73	7	55.26
73	8	69.55
73	9	72.87
73	10	62.91
73	11	55.3
73	12	51.56
73	13	48.29
73	14	46.94
73	15	46.35
73	16	46.49
73	17	48.8
73	18	48.74
73	19	44.18
73	20	43.62
73	21	42.71
73	22	42.39
73	23	42.27
73	24	41.25
74	1	47.5
74	2	42.44
74	3	43.51
74	4	44.43
74	5	48.22
74	6	50.86
74	7	51.85
74	8	53.83
74	9	54.26
74	10	53.68
74	11	53.03
74	12	52.34
74	13	52.38
74	14	51.93
74	15	51.9
74	16	52.28
74	17	53.42
74	18	54.93
74	19	55.07
74	20	55.06
74	21	55.03
74	22	54.93
74	23	54.79
74	24	54.32
75	1	57.36
75	2	54.96
75	3	54.34
75	4	53.88
75	5	53.37
75	6	54.25
75	7	54.97
75	8	57.1
75	9	58.02
75	10	58.67
75	11	58.34
75	12	56.85
75	13	45.0
75	14	45.0
75	15	49.0
75	16	58.58
75	17	59.19
75	18	63.07
75	19	63.93
75	20	60.42
75	21	58.55
75	22	58.24
75	23	57.34
75	24	54.99
76	1	73.2
76	2	64.15
76	3	57.62
76	4	53.89
76	5	52.38
76	6	57.43
76	7	86.73
76	8	119.47
76	9	129.63
76	10	125.2
76	11	108.38
76	12	95.47
76	13	87.1
76	14	76.86
76	15	84.31
76	16	99.37
76	17	104.23
76	18	127.78
76	19	128.46
76	20	126.29
76	21	121.95
76	22	110.6
76	23	95.29
76	24	50.0
77	1	29.27
77	2	15.95
77	3	14.61
77	4	10.35
77	5	14.18
77	6	12.48
77	7	8.84
77	8	9.51
77	9	13.0
77	10	14.66
77	11	21.64
77	12	25.66
77	13	28.26
77	14	28.23
77	15	28.36
77	16	31.75
77	17	33.23
77	18	34.51
77	19	36.25
77	20	34.65
77	21	33.61
77	22	29.15
77	23	22.62
77	24	11.56
78	1	42.53
78	2	41.69
78	3	41.53
78	4	41.16
78	5	44.58
78	6	48.99
78	7	122.61
78	8	136.89
78	9	52.5
78	10	56.95
78	11	49.77
78	12	47.0
78	13	45.55
78	14	40.0
78	15	39.0
78	16	39.5
78	17	49.18
78	18	79.98
78	19	123.05
78	20	44.0
78	21	44.0
78	22	42.59
78	23	41.99
78	24	40.08
79	1	87.02
79	2	84.32
79	3	81.82
79	4	80.63
79	5	79.04
79	6	82.1
79	7	94.3
79	8	111.22
79	9	121.11
79	10	120.73
79	11	113.9
79	12	105.54
79	13	97.84
79	14	93.0
79	15	102.46
79	16	91.18
79	17	90.0
79	18	132.31
79	19	130.01
79	20	122.12
79	21	114.21
79	22	99.85
79	23	97.08
79	24	88.83
80	1	19.45
80	2	20.31
80	3	19.71
80	4	21.45
80	5	22.32
80	6	26.22
80	7	30.96
80	8	35.67
80	9	40.71
80	10	41.25
80	11	41.32
80	12	40.61
80	13	39.43
80	14	41.66
80	15	55.11
80	16	67.88
80	17	62.32
80	18	85.87
80	19	61.42
80	20	56.52
80	21	69.53
80	22	54.66
80	23	41.58
80	24	37.47
81	1	22.43
81	2	21.82
81	3	16.88
81	4	16.77
81	5	18.29
81	6	21.71
81	7	24.37
81	8	26.02
81	9	26.99
81	10	28.23
81	11	28.31
81	12	28.24
81	13	28.14
81	14	28.36
81	15	29.61
81	16	32.07
81	17	32.23
81	18	32.03
81	19	30.88
81	20	29.84
81	21	28.33
81	22	26.58
81	23	25.37
81	24	23.79
82	1	49.21
82	2	49.48
82	3	49.46
82	4	49.36
82	5	56.47
82	6	57.39
82	7	50.0
82	8	53.27
82	9	52.42
82	10	50.5
82	11	50.0
82	12	48.0
82	13	48.0
82	14	48.0
82	15	48.0
82	16	48.299
82	17	56.0
82	18	55.0
82	19	56.5
82	20	55.5
82	21	55.5
82	22	56.5
82	23	61.98
82	24	56.58
83	1	34.8
83	2	34.59
83	3	30.5
83	4	29.0
83	5	29.0
83	6	32.23
83	7	35.48
83	8	31.0
83	9	26.82
83	10	22.0
83	11	0.08
83	12	0.0
83	13	-0.98
83	14	-2.01
83	15	-3.0
83	16	26.56
83	17	33.99
83	18	38.19
83	19	18.88
83	20	-0.49
83	21	-2.0
83	22	-1.02
83	23	-2.5
83	24	-2.5
84	1	95.73
84	2	68.0
84	3	59.01
84	4	59.02
84	5	60.61
84	6	68.0
84	7	70.0
84	8	133.66
84	9	145.69
84	10	145.98
84	11	144.3
84	12	141.13
84	13	135.78
84	14	132.17
84	15	128.21
84	16	117.96
84	17	121.92
84	18	131.42
84	19	80.5
84	20	68.38
84	21	110.67
84	22	98.88
84	23	94.62
84	24	66.52
85	1	85.43
85	2	84.34
85	3	82.54
85	4	81.7
85	5	83.23
85	6	86.34
85	7	88.98
85	8	94.88
85	9	129.11
85	10	117.16
85	11	109.91
85	12	102.5
85	13	97.11
85	14	82.0
85	15	83.5
85	16	115.69
85	17	123.88
85	18	133.56
85	19	133.53
85	20	126.38
85	21	116.51
85	22	99.96
85	23	91.69
85	24	90.91
86	1	22.43
86	2	21.82
86	3	16.88
86	4	16.77
86	5	18.29
86	6	21.71
86	7	24.37
86	8	26.02
86	9	26.99
86	10	28.23
86	11	28.31
86	12	28.24
86	13	28.14
86	14	28.36
86	15	29.61
86	16	32.07
86	17	32.23
86	18	32.03
86	19	30.88
86	20	29.84
86	21	28.33
86	22	26.58
86	23	25.37
86	24	23.79
