Node	Time	ID_Capacity_Sell_Volume
1	1	8.8
1	2	10.9
1	3	24.1
1	4	33.0
1	5	11.6
1	6	22.3
1	7	6.6
1	8	0.0
1	9	32.3
1	10	114.6
1	11	34.8
1	12	28.9
1	13	0.5
1	14	15.8
1	15	3.2
1	16	34.0
1	17	78.7
1	18	5.2
1	19	5.8
1	20	7.0
1	21	5.4
1	22	9.2
1	23	11.4
1	24	22.6
2	1	6.0
2	2	2.2
2	3	0.0
2	4	0.0
2	5	0.0
2	6	0.0
2	7	3.9
2	8	32.2
2	9	40.3
2	10	42.3
2	11	258.6
2	12	38.0
2	13	47.5
2	14	17.2
2	15	36.9
2	16	310.8
2	17	48.3
2	18	28.8
2	19	19.5
2	20	82.2
2	21	56.5
2	22	57.0
2	23	21.9
2	24	66.9
3	1	3.0
3	2	25.1
3	3	39.3
3	4	21.7
3	5	39.2
3	6	48.6
3	7	33.1
3	8	6.5
3	9	0.3
3	10	0.1
3	11	26.5
3	12	68.9
3	13	22.5
3	14	0.0
3	15	11.1
3	16	3.6
3	17	127.4
3	18	55.5
3	19	1.1
3	20	0.0
3	21	0.0
3	22	0.0
3	23	19.0
3	24	12.5
4	1	3.0
4	2	25.1
4	3	39.3
4	4	21.7
4	5	39.2
4	6	48.6
4	7	33.1
4	8	6.5
4	9	0.3
4	10	0.1
4	11	26.5
4	12	68.9
4	13	22.5
4	14	0.0
4	15	11.1
4	16	3.6
4	17	127.4
4	18	55.5
4	19	1.1
4	20	0.0
4	21	0.0
4	22	0.0
4	23	19.0
4	24	12.5
5	1	6.0
5	2	2.2
5	3	0.0
5	4	0.0
5	5	0.0
5	6	0.0
5	7	3.9
5	8	32.2
5	9	40.3
5	10	42.3
5	11	258.6
5	12	38.0
5	13	47.5
5	14	17.2
5	15	36.9
5	16	310.8
5	17	48.3
5	18	28.8
5	19	19.5
5	20	82.2
5	21	56.5
5	22	57.0
5	23	21.9
5	24	66.9
6	1	3.0
6	2	25.1
6	3	39.3
6	4	21.7
6	5	39.2
6	6	48.6
6	7	33.1
6	8	6.5
6	9	0.3
6	10	0.1
6	11	26.5
6	12	68.9
6	13	22.5
6	14	0.0
6	15	11.1
6	16	3.6
6	17	127.4
6	18	55.5
6	19	1.1
6	20	0.0
6	21	0.0
6	22	0.0
6	23	19.0
6	24	12.5
7	1	8.8
7	2	10.9
7	3	24.1
7	4	33.0
7	5	11.6
7	6	22.3
7	7	6.6
7	8	0.0
7	9	32.3
7	10	114.6
7	11	34.8
7	12	28.9
7	13	0.5
7	14	15.8
7	15	3.2
7	16	34.0
7	17	78.7
7	18	5.2
7	19	5.8
7	20	7.0
7	21	5.4
7	22	9.2
7	23	11.4
7	24	22.6
8	1	13.4
8	2	0.0
8	3	2.0
8	4	3.1
8	5	1.0
8	6	49.2
8	7	1.6
8	8	12.7
8	9	16.6
8	10	45.1
8	11	8.2
8	12	1.9
8	13	117.0
8	14	25.0
8	15	76.8
8	16	57.7
8	17	39.9
8	18	74.4
8	19	21.6
8	20	10.9
8	21	18.7
8	22	71.4
8	23	61.5
8	24	85.4
9	1	10.0
9	2	19.0
9	3	2.1
9	4	0.1
9	5	5.7
9	6	18.9
9	7	43.2
9	8	69.3
9	9	70.1
9	10	77.0
9	11	20.5
9	12	37.3
9	13	7.6
9	14	19.1
9	15	137.4
9	16	42.0
9	17	12.8
9	18	20.5
9	19	32.8
9	20	19.9
9	21	13.4
9	22	62.7
9	23	74.6
9	24	73.8
10	1	5.3
10	2	6.9
10	3	5.4
10	4	11.2
10	5	7.9
10	6	2.0
10	7	5.1
10	8	10.8
10	9	3.9
10	10	5.6
10	11	1.4
10	12	5.9
10	13	3.0
10	14	135.6
10	15	24.3
10	16	22.7
10	17	68.1
10	18	36.8
10	19	97.5
10	20	8.5
10	21	0.3
10	22	2.1
10	23	8.7
10	24	45.2
11	1	6.0
11	2	2.2
11	3	0.0
11	4	0.0
11	5	0.0
11	6	0.0
11	7	3.9
11	8	32.2
11	9	40.3
11	10	42.3
11	11	258.6
11	12	38.0
11	13	47.5
11	14	17.2
11	15	36.9
11	16	310.8
11	17	48.3
11	18	28.8
11	19	19.5
11	20	82.2
11	21	56.5
11	22	57.0
11	23	21.9
11	24	66.9
12	1	0.0
12	2	0.0
12	3	0.0
12	4	0.0
12	5	0.0
12	6	0.0
12	7	0.0
12	8	0.0
12	9	0.0
12	10	0.1
12	11	16.9
12	12	20.6
12	13	1.7
12	14	5.0
12	15	2.1
12	16	10.6
12	17	55.2
12	18	20.8
12	19	30.8
12	20	26.0
12	21	21.0
12	22	38.3
12	23	122.9
12	24	110.5
13	1	10.0
13	2	19.0
13	3	2.1
13	4	0.1
13	5	5.7
13	6	18.9
13	7	43.2
13	8	69.3
13	9	70.1
13	10	77.0
13	11	20.5
13	12	37.3
13	13	7.6
13	14	19.1
13	15	137.4
13	16	42.0
13	17	12.8
13	18	20.5
13	19	32.8
13	20	19.9
13	21	13.4
13	22	62.7
13	23	74.6
13	24	73.8
14	1	5.3
14	2	6.9
14	3	5.4
14	4	11.2
14	5	7.9
14	6	2.0
14	7	5.1
14	8	10.8
14	9	3.9
14	10	5.6
14	11	1.4
14	12	5.9
14	13	3.0
14	14	135.6
14	15	24.3
14	16	22.7
14	17	68.1
14	18	36.8
14	19	97.5
14	20	8.5
14	21	0.3
14	22	2.1
14	23	8.7
14	24	45.2
15	1	5.3
15	2	6.9
15	3	5.4
15	4	11.2
15	5	7.9
15	6	2.0
15	7	5.1
15	8	10.8
15	9	3.9
15	10	5.6
15	11	1.4
15	12	5.9
15	13	3.0
15	14	135.6
15	15	24.3
15	16	22.7
15	17	68.1
15	18	36.8
15	19	97.5
15	20	8.5
15	21	0.3
15	22	2.1
15	23	8.7
15	24	45.2
16	1	5.3
16	2	6.9
16	3	5.4
16	4	11.2
16	5	7.9
16	6	2.0
16	7	5.1
16	8	10.8
16	9	3.9
16	10	5.6
16	11	1.4
16	12	5.9
16	13	3.0
16	14	135.6
16	15	24.3
16	16	22.7
16	17	68.1
16	18	36.8
16	19	97.5
16	20	8.5
16	21	0.3
16	22	2.1
16	23	8.7
16	24	45.2
17	1	6.0
17	2	2.2
17	3	0.0
17	4	0.0
17	5	0.0
17	6	0.0
17	7	3.9
17	8	32.2
17	9	40.3
17	10	42.3
17	11	258.6
17	12	38.0
17	13	47.5
17	14	17.2
17	15	36.9
17	16	310.8
17	17	48.3
17	18	28.8
17	19	19.5
17	20	82.2
17	21	56.5
17	22	57.0
17	23	21.9
17	24	66.9
18	1	3.0
18	2	25.1
18	3	39.3
18	4	21.7
18	5	39.2
18	6	48.6
18	7	33.1
18	8	6.5
18	9	0.3
18	10	0.1
18	11	26.5
18	12	68.9
18	13	22.5
18	14	0.0
18	15	11.1
18	16	3.6
18	17	127.4
18	18	55.5
18	19	1.1
18	20	0.0
18	21	0.0
18	22	0.0
18	23	19.0
18	24	12.5
19	1	0.0
19	2	0.0
19	3	0.0
19	4	0.0
19	5	0.0
19	6	0.0
19	7	0.0
19	8	0.0
19	9	0.0
19	10	0.1
19	11	16.9
19	12	20.6
19	13	1.7
19	14	5.0
19	15	2.1
19	16	10.6
19	17	55.2
19	18	20.8
19	19	30.8
19	20	26.0
19	21	21.0
19	22	38.3
19	23	122.9
19	24	110.5
20	1	8.8
20	2	10.9
20	3	24.1
20	4	33.0
20	5	11.6
20	6	22.3
20	7	6.6
20	8	0.0
20	9	32.3
20	10	114.6
20	11	34.8
20	12	28.9
20	13	0.5
20	14	15.8
20	15	3.2
20	16	34.0
20	17	78.7
20	18	5.2
20	19	5.8
20	20	7.0
20	21	5.4
20	22	9.2
20	23	11.4
20	24	22.6
21	1	5.3
21	2	6.9
21	3	5.4
21	4	11.2
21	5	7.9
21	6	2.0
21	7	5.1
21	8	10.8
21	9	3.9
21	10	5.6
21	11	1.4
21	12	5.9
21	13	3.0
21	14	135.6
21	15	24.3
21	16	22.7
21	17	68.1
21	18	36.8
21	19	97.5
21	20	8.5
21	21	0.3
21	22	2.1
21	23	8.7
21	24	45.2
22	1	0.0
22	2	0.0
22	3	0.0
22	4	0.0
22	5	0.0
22	6	0.0
22	7	0.0
22	8	0.0
22	9	0.0
22	10	0.1
22	11	16.9
22	12	20.6
22	13	1.7
22	14	5.0
22	15	2.1
22	16	10.6
22	17	55.2
22	18	20.8
22	19	30.8
22	20	26.0
22	21	21.0
22	22	38.3
22	23	122.9
22	24	110.5
23	1	3.0
23	2	25.1
23	3	39.3
23	4	21.7
23	5	39.2
23	6	48.6
23	7	33.1
23	8	6.5
23	9	0.3
23	10	0.1
23	11	26.5
23	12	68.9
23	13	22.5
23	14	0.0
23	15	11.1
23	16	3.6
23	17	127.4
23	18	55.5
23	19	1.1
23	20	0.0
23	21	0.0
23	22	0.0
23	23	19.0
23	24	12.5
24	1	3.0
24	2	25.1
24	3	39.3
24	4	21.7
24	5	39.2
24	6	48.6
24	7	33.1
24	8	6.5
24	9	0.3
24	10	0.1
24	11	26.5
24	12	68.9
24	13	22.5
24	14	0.0
24	15	11.1
24	16	3.6
24	17	127.4
24	18	55.5
24	19	1.1
24	20	0.0
24	21	0.0
24	22	0.0
24	23	19.0
24	24	12.5
25	1	5.3
25	2	6.9
25	3	5.4
25	4	11.2
25	5	7.9
25	6	2.0
25	7	5.1
25	8	10.8
25	9	3.9
25	10	5.6
25	11	1.4
25	12	5.9
25	13	3.0
25	14	135.6
25	15	24.3
25	16	22.7
25	17	68.1
25	18	36.8
25	19	97.5
25	20	8.5
25	21	0.3
25	22	2.1
25	23	8.7
25	24	45.2
26	1	5.3
26	2	6.9
26	3	5.4
26	4	11.2
26	5	7.9
26	6	2.0
26	7	5.1
26	8	10.8
26	9	3.9
26	10	5.6
26	11	1.4
26	12	5.9
26	13	3.0
26	14	135.6
26	15	24.3
26	16	22.7
26	17	68.1
26	18	36.8
26	19	97.5
26	20	8.5
26	21	0.3
26	22	2.1
26	23	8.7
26	24	45.2
27	1	6.0
27	2	2.2
27	3	0.0
27	4	0.0
27	5	0.0
27	6	0.0
27	7	3.9
27	8	32.2
27	9	40.3
27	10	42.3
27	11	258.6
27	12	38.0
27	13	47.5
27	14	17.2
27	15	36.9
27	16	310.8
27	17	48.3
27	18	28.8
27	19	19.5
27	20	82.2
27	21	56.5
27	22	57.0
27	23	21.9
27	24	66.9
28	1	6.0
28	2	2.2
28	3	0.0
28	4	0.0
28	5	0.0
28	6	0.0
28	7	3.9
28	8	32.2
28	9	40.3
28	10	42.3
28	11	258.6
28	12	38.0
28	13	47.5
28	14	17.2
28	15	36.9
28	16	310.8
28	17	48.3
28	18	28.8
28	19	19.5
28	20	82.2
28	21	56.5
28	22	57.0
28	23	21.9
28	24	66.9
29	1	8.8
29	2	10.9
29	3	24.1
29	4	33.0
29	5	11.6
29	6	22.3
29	7	6.6
29	8	0.0
29	9	32.3
29	10	114.6
29	11	34.8
29	12	28.9
29	13	0.5
29	14	15.8
29	15	3.2
29	16	34.0
29	17	78.7
29	18	5.2
29	19	5.8
29	20	7.0
29	21	5.4
29	22	9.2
29	23	11.4
29	24	22.6
30	1	5.3
30	2	6.9
30	3	5.4
30	4	11.2
30	5	7.9
30	6	2.0
30	7	5.1
30	8	10.8
30	9	3.9
30	10	5.6
30	11	1.4
30	12	5.9
30	13	3.0
30	14	135.6
30	15	24.3
30	16	22.7
30	17	68.1
30	18	36.8
30	19	97.5
30	20	8.5
30	21	0.3
30	22	2.1
30	23	8.7
30	24	45.2
31	1	10.0
31	2	19.0
31	3	2.1
31	4	0.1
31	5	5.7
31	6	18.9
31	7	43.2
31	8	69.3
31	9	70.1
31	10	77.0
31	11	20.5
31	12	37.3
31	13	7.6
31	14	19.1
31	15	137.4
31	16	42.0
31	17	12.8
31	18	20.5
31	19	32.8
31	20	19.9
31	21	13.4
31	22	62.7
31	23	74.6
31	24	73.8
32	1	3.0
32	2	25.1
32	3	39.3
32	4	21.7
32	5	39.2
32	6	48.6
32	7	33.1
32	8	6.5
32	9	0.3
32	10	0.1
32	11	26.5
32	12	68.9
32	13	22.5
32	14	0.0
32	15	11.1
32	16	3.6
32	17	127.4
32	18	55.5
32	19	1.1
32	20	0.0
32	21	0.0
32	22	0.0
32	23	19.0
32	24	12.5
33	1	5.3
33	2	6.9
33	3	5.4
33	4	11.2
33	5	7.9
33	6	2.0
33	7	5.1
33	8	10.8
33	9	3.9
33	10	5.6
33	11	1.4
33	12	5.9
33	13	3.0
33	14	135.6
33	15	24.3
33	16	22.7
33	17	68.1
33	18	36.8
33	19	97.5
33	20	8.5
33	21	0.3
33	22	2.1
33	23	8.7
33	24	45.2
34	1	5.3
34	2	6.9
34	3	5.4
34	4	11.2
34	5	7.9
34	6	2.0
34	7	5.1
34	8	10.8
34	9	3.9
34	10	5.6
34	11	1.4
34	12	5.9
34	13	3.0
34	14	135.6
34	15	24.3
34	16	22.7
34	17	68.1
34	18	36.8
34	19	97.5
34	20	8.5
34	21	0.3
34	22	2.1
34	23	8.7
34	24	45.2
35	1	5.3
35	2	6.9
35	3	5.4
35	4	11.2
35	5	7.9
35	6	2.0
35	7	5.1
35	8	10.8
35	9	3.9
35	10	5.6
35	11	1.4
35	12	5.9
35	13	3.0
35	14	135.6
35	15	24.3
35	16	22.7
35	17	68.1
35	18	36.8
35	19	97.5
35	20	8.5
35	21	0.3
35	22	2.1
35	23	8.7
35	24	45.2
36	1	10.0
36	2	19.0
36	3	2.1
36	4	0.1
36	5	5.7
36	6	18.9
36	7	43.2
36	8	69.3
36	9	70.1
36	10	77.0
36	11	20.5
36	12	37.3
36	13	7.6
36	14	19.1
36	15	137.4
36	16	42.0
36	17	12.8
36	18	20.5
36	19	32.8
36	20	19.9
36	21	13.4
36	22	62.7
36	23	74.6
36	24	73.8
37	1	13.4
37	2	0.0
37	3	2.0
37	4	3.1
37	5	1.0
37	6	49.2
37	7	1.6
37	8	12.7
37	9	16.6
37	10	45.1
37	11	8.2
37	12	1.9
37	13	117.0
37	14	25.0
37	15	76.8
37	16	57.7
37	17	39.9
37	18	74.4
37	19	21.6
37	20	10.9
37	21	18.7
37	22	71.4
37	23	61.5
37	24	85.4
38	1	3.0
38	2	25.1
38	3	39.3
38	4	21.7
38	5	39.2
38	6	48.6
38	7	33.1
38	8	6.5
38	9	0.3
38	10	0.1
38	11	26.5
38	12	68.9
38	13	22.5
38	14	0.0
38	15	11.1
38	16	3.6
38	17	127.4
38	18	55.5
38	19	1.1
38	20	0.0
38	21	0.0
38	22	0.0
38	23	19.0
38	24	12.5
39	1	5.3
39	2	6.9
39	3	5.4
39	4	11.2
39	5	7.9
39	6	2.0
39	7	5.1
39	8	10.8
39	9	3.9
39	10	5.6
39	11	1.4
39	12	5.9
39	13	3.0
39	14	135.6
39	15	24.3
39	16	22.7
39	17	68.1
39	18	36.8
39	19	97.5
39	20	8.5
39	21	0.3
39	22	2.1
39	23	8.7
39	24	45.2
40	1	6.0
40	2	2.2
40	3	0.0
40	4	0.0
40	5	0.0
40	6	0.0
40	7	3.9
40	8	32.2
40	9	40.3
40	10	42.3
40	11	258.6
40	12	38.0
40	13	47.5
40	14	17.2
40	15	36.9
40	16	310.8
40	17	48.3
40	18	28.8
40	19	19.5
40	20	82.2
40	21	56.5
40	22	57.0
40	23	21.9
40	24	66.9
41	1	13.4
41	2	0.0
41	3	2.0
41	4	3.1
41	5	1.0
41	6	49.2
41	7	1.6
41	8	12.7
41	9	16.6
41	10	45.1
41	11	8.2
41	12	1.9
41	13	117.0
41	14	25.0
41	15	76.8
41	16	57.7
41	17	39.9
41	18	74.4
41	19	21.6
41	20	10.9
41	21	18.7
41	22	71.4
41	23	61.5
41	24	85.4
42	1	13.4
42	2	0.0
42	3	2.0
42	4	3.1
42	5	1.0
42	6	49.2
42	7	1.6
42	8	12.7
42	9	16.6
42	10	45.1
42	11	8.2
42	12	1.9
42	13	117.0
42	14	25.0
42	15	76.8
42	16	57.7
42	17	39.9
42	18	74.4
42	19	21.6
42	20	10.9
42	21	18.7
42	22	71.4
42	23	61.5
42	24	85.4
43	1	3.0
43	2	25.1
43	3	39.3
43	4	21.7
43	5	39.2
43	6	48.6
43	7	33.1
43	8	6.5
43	9	0.3
43	10	0.1
43	11	26.5
43	12	68.9
43	13	22.5
43	14	0.0
43	15	11.1
43	16	3.6
43	17	127.4
43	18	55.5
43	19	1.1
43	20	0.0
43	21	0.0
43	22	0.0
43	23	19.0
43	24	12.5
44	1	13.4
44	2	0.0
44	3	2.0
44	4	3.1
44	5	1.0
44	6	49.2
44	7	1.6
44	8	12.7
44	9	16.6
44	10	45.1
44	11	8.2
44	12	1.9
44	13	117.0
44	14	25.0
44	15	76.8
44	16	57.7
44	17	39.9
44	18	74.4
44	19	21.6
44	20	10.9
44	21	18.7
44	22	71.4
44	23	61.5
44	24	85.4
45	1	3.0
45	2	25.1
45	3	39.3
45	4	21.7
45	5	39.2
45	6	48.6
45	7	33.1
45	8	6.5
45	9	0.3
45	10	0.1
45	11	26.5
45	12	68.9
45	13	22.5
45	14	0.0
45	15	11.1
45	16	3.6
45	17	127.4
45	18	55.5
45	19	1.1
45	20	0.0
45	21	0.0
45	22	0.0
45	23	19.0
45	24	12.5
46	1	5.3
46	2	6.9
46	3	5.4
46	4	11.2
46	5	7.9
46	6	2.0
46	7	5.1
46	8	10.8
46	9	3.9
46	10	5.6
46	11	1.4
46	12	5.9
46	13	3.0
46	14	135.6
46	15	24.3
46	16	22.7
46	17	68.1
46	18	36.8
46	19	97.5
46	20	8.5
46	21	0.3
46	22	2.1
46	23	8.7
46	24	45.2
47	1	3.0
47	2	25.1
47	3	39.3
47	4	21.7
47	5	39.2
47	6	48.6
47	7	33.1
47	8	6.5
47	9	0.3
47	10	0.1
47	11	26.5
47	12	68.9
47	13	22.5
47	14	0.0
47	15	11.1
47	16	3.6
47	17	127.4
47	18	55.5
47	19	1.1
47	20	0.0
47	21	0.0
47	22	0.0
47	23	19.0
47	24	12.5
48	1	10.0
48	2	19.0
48	3	2.1
48	4	0.1
48	5	5.7
48	6	18.9
48	7	43.2
48	8	69.3
48	9	70.1
48	10	77.0
48	11	20.5
48	12	37.3
48	13	7.6
48	14	19.1
48	15	137.4
48	16	42.0
48	17	12.8
48	18	20.5
48	19	32.8
48	20	19.9
48	21	13.4
48	22	62.7
48	23	74.6
48	24	73.8
49	1	13.4
49	2	0.0
49	3	2.0
49	4	3.1
49	5	1.0
49	6	49.2
49	7	1.6
49	8	12.7
49	9	16.6
49	10	45.1
49	11	8.2
49	12	1.9
49	13	117.0
49	14	25.0
49	15	76.8
49	16	57.7
49	17	39.9
49	18	74.4
49	19	21.6
49	20	10.9
49	21	18.7
49	22	71.4
49	23	61.5
49	24	85.4
50	1	5.3
50	2	6.9
50	3	5.4
50	4	11.2
50	5	7.9
50	6	2.0
50	7	5.1
50	8	10.8
50	9	3.9
50	10	5.6
50	11	1.4
50	12	5.9
50	13	3.0
50	14	135.6
50	15	24.3
50	16	22.7
50	17	68.1
50	18	36.8
50	19	97.5
50	20	8.5
50	21	0.3
50	22	2.1
50	23	8.7
50	24	45.2
51	1	6.0
51	2	2.2
51	3	0.0
51	4	0.0
51	5	0.0
51	6	0.0
51	7	3.9
51	8	32.2
51	9	40.3
51	10	42.3
51	11	258.6
51	12	38.0
51	13	47.5
51	14	17.2
51	15	36.9
51	16	310.8
51	17	48.3
51	18	28.8
51	19	19.5
51	20	82.2
51	21	56.5
51	22	57.0
51	23	21.9
51	24	66.9
52	1	3.0
52	2	25.1
52	3	39.3
52	4	21.7
52	5	39.2
52	6	48.6
52	7	33.1
52	8	6.5
52	9	0.3
52	10	0.1
52	11	26.5
52	12	68.9
52	13	22.5
52	14	0.0
52	15	11.1
52	16	3.6
52	17	127.4
52	18	55.5
52	19	1.1
52	20	0.0
52	21	0.0
52	22	0.0
52	23	19.0
52	24	12.5
53	1	5.3
53	2	6.9
53	3	5.4
53	4	11.2
53	5	7.9
53	6	2.0
53	7	5.1
53	8	10.8
53	9	3.9
53	10	5.6
53	11	1.4
53	12	5.9
53	13	3.0
53	14	135.6
53	15	24.3
53	16	22.7
53	17	68.1
53	18	36.8
53	19	97.5
53	20	8.5
53	21	0.3
53	22	2.1
53	23	8.7
53	24	45.2
54	1	3.0
54	2	25.1
54	3	39.3
54	4	21.7
54	5	39.2
54	6	48.6
54	7	33.1
54	8	6.5
54	9	0.3
54	10	0.1
54	11	26.5
54	12	68.9
54	13	22.5
54	14	0.0
54	15	11.1
54	16	3.6
54	17	127.4
54	18	55.5
54	19	1.1
54	20	0.0
54	21	0.0
54	22	0.0
54	23	19.0
54	24	12.5
55	1	6.0
55	2	2.2
55	3	0.0
55	4	0.0
55	5	0.0
55	6	0.0
55	7	3.9
55	8	32.2
55	9	40.3
55	10	42.3
55	11	258.6
55	12	38.0
55	13	47.5
55	14	17.2
55	15	36.9
55	16	310.8
55	17	48.3
55	18	28.8
55	19	19.5
55	20	82.2
55	21	56.5
55	22	57.0
55	23	21.9
55	24	66.9
56	1	6.0
56	2	2.2
56	3	0.0
56	4	0.0
56	5	0.0
56	6	0.0
56	7	3.9
56	8	32.2
56	9	40.3
56	10	42.3
56	11	258.6
56	12	38.0
56	13	47.5
56	14	17.2
56	15	36.9
56	16	310.8
56	17	48.3
56	18	28.8
56	19	19.5
56	20	82.2
56	21	56.5
56	22	57.0
56	23	21.9
56	24	66.9
57	1	5.3
57	2	6.9
57	3	5.4
57	4	11.2
57	5	7.9
57	6	2.0
57	7	5.1
57	8	10.8
57	9	3.9
57	10	5.6
57	11	1.4
57	12	5.9
57	13	3.0
57	14	135.6
57	15	24.3
57	16	22.7
57	17	68.1
57	18	36.8
57	19	97.5
57	20	8.5
57	21	0.3
57	22	2.1
57	23	8.7
57	24	45.2
58	1	3.0
58	2	25.1
58	3	39.3
58	4	21.7
58	5	39.2
58	6	48.6
58	7	33.1
58	8	6.5
58	9	0.3
58	10	0.1
58	11	26.5
58	12	68.9
58	13	22.5
58	14	0.0
58	15	11.1
58	16	3.6
58	17	127.4
58	18	55.5
58	19	1.1
58	20	0.0
58	21	0.0
58	22	0.0
58	23	19.0
58	24	12.5
59	1	3.0
59	2	25.1
59	3	39.3
59	4	21.7
59	5	39.2
59	6	48.6
59	7	33.1
59	8	6.5
59	9	0.3
59	10	0.1
59	11	26.5
59	12	68.9
59	13	22.5
59	14	0.0
59	15	11.1
59	16	3.6
59	17	127.4
59	18	55.5
59	19	1.1
59	20	0.0
59	21	0.0
59	22	0.0
59	23	19.0
59	24	12.5
60	1	3.0
60	2	25.1
60	3	39.3
60	4	21.7
60	5	39.2
60	6	48.6
60	7	33.1
60	8	6.5
60	9	0.3
60	10	0.1
60	11	26.5
60	12	68.9
60	13	22.5
60	14	0.0
60	15	11.1
60	16	3.6
60	17	127.4
60	18	55.5
60	19	1.1
60	20	0.0
60	21	0.0
60	22	0.0
60	23	19.0
60	24	12.5
61	1	3.0
61	2	25.1
61	3	39.3
61	4	21.7
61	5	39.2
61	6	48.6
61	7	33.1
61	8	6.5
61	9	0.3
61	10	0.1
61	11	26.5
61	12	68.9
61	13	22.5
61	14	0.0
61	15	11.1
61	16	3.6
61	17	127.4
61	18	55.5
61	19	1.1
61	20	0.0
61	21	0.0
61	22	0.0
61	23	19.0
61	24	12.5
62	1	3.0
62	2	25.1
62	3	39.3
62	4	21.7
62	5	39.2
62	6	48.6
62	7	33.1
62	8	6.5
62	9	0.3
62	10	0.1
62	11	26.5
62	12	68.9
62	13	22.5
62	14	0.0
62	15	11.1
62	16	3.6
62	17	127.4
62	18	55.5
62	19	1.1
62	20	0.0
62	21	0.0
62	22	0.0
62	23	19.0
62	24	12.5
63	1	5.3
63	2	6.9
63	3	5.4
63	4	11.2
63	5	7.9
63	6	2.0
63	7	5.1
63	8	10.8
63	9	3.9
63	10	5.6
63	11	1.4
63	12	5.9
63	13	3.0
63	14	135.6
63	15	24.3
63	16	22.7
63	17	68.1
63	18	36.8
63	19	97.5
63	20	8.5
63	21	0.3
63	22	2.1
63	23	8.7
63	24	45.2
64	1	8.8
64	2	10.9
64	3	24.1
64	4	33.0
64	5	11.6
64	6	22.3
64	7	6.6
64	8	0.0
64	9	32.3
64	10	114.6
64	11	34.8
64	12	28.9
64	13	0.5
64	14	15.8
64	15	3.2
64	16	34.0
64	17	78.7
64	18	5.2
64	19	5.8
64	20	7.0
64	21	5.4
64	22	9.2
64	23	11.4
64	24	22.6
65	1	8.8
65	2	10.9
65	3	24.1
65	4	33.0
65	5	11.6
65	6	22.3
65	7	6.6
65	8	0.0
65	9	32.3
65	10	114.6
65	11	34.8
65	12	28.9
65	13	0.5
65	14	15.8
65	15	3.2
65	16	34.0
65	17	78.7
65	18	5.2
65	19	5.8
65	20	7.0
65	21	5.4
65	22	9.2
65	23	11.4
65	24	22.6
66	1	3.0
66	2	25.1
66	3	39.3
66	4	21.7
66	5	39.2
66	6	48.6
66	7	33.1
66	8	6.5
66	9	0.3
66	10	0.1
66	11	26.5
66	12	68.9
66	13	22.5
66	14	0.0
66	15	11.1
66	16	3.6
66	17	127.4
66	18	55.5
66	19	1.1
66	20	0.0
66	21	0.0
66	22	0.0
66	23	19.0
66	24	12.5
67	1	6.0
67	2	2.2
67	3	0.0
67	4	0.0
67	5	0.0
67	6	0.0
67	7	3.9
67	8	32.2
67	9	40.3
67	10	42.3
67	11	258.6
67	12	38.0
67	13	47.5
67	14	17.2
67	15	36.9
67	16	310.8
67	17	48.3
67	18	28.8
67	19	19.5
67	20	82.2
67	21	56.5
67	22	57.0
67	23	21.9
67	24	66.9
68	1	3.0
68	2	25.1
68	3	39.3
68	4	21.7
68	5	39.2
68	6	48.6
68	7	33.1
68	8	6.5
68	9	0.3
68	10	0.1
68	11	26.5
68	12	68.9
68	13	22.5
68	14	0.0
68	15	11.1
68	16	3.6
68	17	127.4
68	18	55.5
68	19	1.1
68	20	0.0
68	21	0.0
68	22	0.0
68	23	19.0
68	24	12.5
69	1	10.0
69	2	19.0
69	3	2.1
69	4	0.1
69	5	5.7
69	6	18.9
69	7	43.2
69	8	69.3
69	9	70.1
69	10	77.0
69	11	20.5
69	12	37.3
69	13	7.6
69	14	19.1
69	15	137.4
69	16	42.0
69	17	12.8
69	18	20.5
69	19	32.8
69	20	19.9
69	21	13.4
69	22	62.7
69	23	74.6
69	24	73.8
70	1	3.0
70	2	25.1
70	3	39.3
70	4	21.7
70	5	39.2
70	6	48.6
70	7	33.1
70	8	6.5
70	9	0.3
70	10	0.1
70	11	26.5
70	12	68.9
70	13	22.5
70	14	0.0
70	15	11.1
70	16	3.6
70	17	127.4
70	18	55.5
70	19	1.1
70	20	0.0
70	21	0.0
70	22	0.0
70	23	19.0
70	24	12.5
71	1	8.8
71	2	10.9
71	3	24.1
71	4	33.0
71	5	11.6
71	6	22.3
71	7	6.6
71	8	0.0
71	9	32.3
71	10	114.6
71	11	34.8
71	12	28.9
71	13	0.5
71	14	15.8
71	15	3.2
71	16	34.0
71	17	78.7
71	18	5.2
71	19	5.8
71	20	7.0
71	21	5.4
71	22	9.2
71	23	11.4
71	24	22.6
72	1	3.0
72	2	25.1
72	3	39.3
72	4	21.7
72	5	39.2
72	6	48.6
72	7	33.1
72	8	6.5
72	9	0.3
72	10	0.1
72	11	26.5
72	12	68.9
72	13	22.5
72	14	0.0
72	15	11.1
72	16	3.6
72	17	127.4
72	18	55.5
72	19	1.1
72	20	0.0
72	21	0.0
72	22	0.0
72	23	19.0
72	24	12.5
73	1	10.0
73	2	19.0
73	3	2.1
73	4	0.1
73	5	5.7
73	6	18.9
73	7	43.2
73	8	69.3
73	9	70.1
73	10	77.0
73	11	20.5
73	12	37.3
73	13	7.6
73	14	19.1
73	15	137.4
73	16	42.0
73	17	12.8
73	18	20.5
73	19	32.8
73	20	19.9
73	21	13.4
73	22	62.7
73	23	74.6
73	24	73.8
74	1	3.0
74	2	25.1
74	3	39.3
74	4	21.7
74	5	39.2
74	6	48.6
74	7	33.1
74	8	6.5
74	9	0.3
74	10	0.1
74	11	26.5
74	12	68.9
74	13	22.5
74	14	0.0
74	15	11.1
74	16	3.6
74	17	127.4
74	18	55.5
74	19	1.1
74	20	0.0
74	21	0.0
74	22	0.0
74	23	19.0
74	24	12.5
75	1	0.0
75	2	0.0
75	3	0.0
75	4	0.0
75	5	0.0
75	6	0.0
75	7	0.0
75	8	0.0
75	9	0.0
75	10	0.1
75	11	16.9
75	12	20.6
75	13	1.7
75	14	5.0
75	15	2.1
75	16	10.6
75	17	55.2
75	18	20.8
75	19	30.8
75	20	26.0
75	21	21.0
75	22	38.3
75	23	122.9
75	24	110.5
76	1	10.0
76	2	19.0
76	3	2.1
76	4	0.1
76	5	5.7
76	6	18.9
76	7	43.2
76	8	69.3
76	9	70.1
76	10	77.0
76	11	20.5
76	12	37.3
76	13	7.6
76	14	19.1
76	15	137.4
76	16	42.0
76	17	12.8
76	18	20.5
76	19	32.8
76	20	19.9
76	21	13.4
76	22	62.7
76	23	74.6
76	24	73.8
77	1	3.0
77	2	25.1
77	3	39.3
77	4	21.7
77	5	39.2
77	6	48.6
77	7	33.1
77	8	6.5
77	9	0.3
77	10	0.1
77	11	26.5
77	12	68.9
77	13	22.5
77	14	0.0
77	15	11.1
77	16	3.6
77	17	127.4
77	18	55.5
77	19	1.1
77	20	0.0
77	21	0.0
77	22	0.0
77	23	19.0
77	24	12.5
78	1	0.0
78	2	0.0
78	3	0.0
78	4	0.0
78	5	0.0
78	6	0.0
78	7	0.0
78	8	0.0
78	9	0.0
78	10	0.1
78	11	16.9
78	12	20.6
78	13	1.7
78	14	5.0
78	15	2.1
78	16	10.6
78	17	55.2
78	18	20.8
78	19	30.8
78	20	26.0
78	21	21.0
78	22	38.3
78	23	122.9
78	24	110.5
79	1	0.0
79	2	0.0
79	3	0.0
79	4	0.0
79	5	0.0
79	6	0.0
79	7	0.0
79	8	0.0
79	9	0.0
79	10	0.1
79	11	16.9
79	12	20.6
79	13	1.7
79	14	5.0
79	15	2.1
79	16	10.6
79	17	55.2
79	18	20.8
79	19	30.8
79	20	26.0
79	21	21.0
79	22	38.3
79	23	122.9
79	24	110.5
80	1	10.0
80	2	19.0
80	3	2.1
80	4	0.1
80	5	5.7
80	6	18.9
80	7	43.2
80	8	69.3
80	9	70.1
80	10	77.0
80	11	20.5
80	12	37.3
80	13	7.6
80	14	19.1
80	15	137.4
80	16	42.0
80	17	12.8
80	18	20.5
80	19	32.8
80	20	19.9
80	21	13.4
80	22	62.7
80	23	74.6
80	24	73.8
81	1	5.3
81	2	6.9
81	3	5.4
81	4	11.2
81	5	7.9
81	6	2.0
81	7	5.1
81	8	10.8
81	9	3.9
81	10	5.6
81	11	1.4
81	12	5.9
81	13	3.0
81	14	135.6
81	15	24.3
81	16	22.7
81	17	68.1
81	18	36.8
81	19	97.5
81	20	8.5
81	21	0.3
81	22	2.1
81	23	8.7
81	24	45.2
82	1	13.4
82	2	0.0
82	3	2.0
82	4	3.1
82	5	1.0
82	6	49.2
82	7	1.6
82	8	12.7
82	9	16.6
82	10	45.1
82	11	8.2
82	12	1.9
82	13	117.0
82	14	25.0
82	15	76.8
82	16	57.7
82	17	39.9
82	18	74.4
82	19	21.6
82	20	10.9
82	21	18.7
82	22	71.4
82	23	61.5
82	24	85.4
83	1	5.3
83	2	6.9
83	3	5.4
83	4	11.2
83	5	7.9
83	6	2.0
83	7	5.1
83	8	10.8
83	9	3.9
83	10	5.6
83	11	1.4
83	12	5.9
83	13	3.0
83	14	135.6
83	15	24.3
83	16	22.7
83	17	68.1
83	18	36.8
83	19	97.5
83	20	8.5
83	21	0.3
83	22	2.1
83	23	8.7
83	24	45.2
84	1	8.8
84	2	10.9
84	3	24.1
84	4	33.0
84	5	11.6
84	6	22.3
84	7	6.6
84	8	0.0
84	9	32.3
84	10	114.6
84	11	34.8
84	12	28.9
84	13	0.5
84	14	15.8
84	15	3.2
84	16	34.0
84	17	78.7
84	18	5.2
84	19	5.8
84	20	7.0
84	21	5.4
84	22	9.2
84	23	11.4
84	24	22.6
85	1	8.8
85	2	10.9
85	3	24.1
85	4	33.0
85	5	11.6
85	6	22.3
85	7	6.6
85	8	0.0
85	9	32.3
85	10	114.6
85	11	34.8
85	12	28.9
85	13	0.5
85	14	15.8
85	15	3.2
85	16	34.0
85	17	78.7
85	18	5.2
85	19	5.8
85	20	7.0
85	21	5.4
85	22	9.2
85	23	11.4
85	24	22.6
86	1	5.3
86	2	6.9
86	3	5.4
86	4	11.2
86	5	7.9
86	6	2.0
86	7	5.1
86	8	10.8
86	9	3.9
86	10	5.6
86	11	1.4
86	12	5.9
86	13	3.0
86	14	135.6
86	15	24.3
86	16	22.7
86	17	68.1
86	18	36.8
86	19	97.5
86	20	8.5
86	21	0.3
86	22	2.1
86	23	8.7
86	24	45.2
