Node	Time	Res_CapacityUpVolume
1	1	0.0
1	2	0.0
1	3	0.0
1	4	0.0
1	5	0.0
1	6	0.0
1	7	0.0
1	8	0.0
1	9	0.0
1	10	0.0
1	11	0.0
1	12	0.0
1	13	0.0
1	14	0.0
1	15	0.0
1	16	0.0
1	17	0.0
1	18	0.0
1	19	15.0
1	20	16.0
1	21	16.0
1	22	16.0
1	23	15.0
1	24	152.0
2	1	30.0
2	2	30.0
2	3	30.0
2	4	30.0
2	5	30.0
2	6	80.0
2	7	110.0
2	8	110.0
2	9	100.0
2	10	50.0
2	11	56.0
2	12	56.0
2	13	30.0
2	14	30.0
2	15	30.0
2	16	30.0
2	17	30.0
2	18	110.0
2	19	110.0
2	20	135.0
2	21	135.0
2	22	135.0
2	23	110.0
2	24	0.0
3	1	195.0
3	2	195.0
3	3	195.0
3	4	195.0
3	5	195.0
3	6	195.0
3	7	195.0
3	8	195.0
3	9	195.0
3	10	195.0
3	11	195.0
3	12	195.0
3	13	195.0
3	14	195.0
3	15	195.0
3	16	195.0
3	17	195.0
3	18	195.0
3	19	195.0
3	20	195.0
3	21	195.0
3	22	195.0
3	23	195.0
3	24	195.0
4	1	0.0
4	2	0.0
4	3	0.0
4	4	15.0
4	5	15.0
4	6	20.0
4	7	105.0
4	8	117.0
4	9	117.0
4	10	117.0
4	11	117.0
4	12	5.0
4	13	5.0
4	14	5.0
4	15	5.0
4	16	117.0
4	17	117.0
4	18	117.0
4	19	116.0
4	20	95.0
4	21	20.0
4	22	20.0
4	23	15.0
4	24	15.0
5	1	150.0
5	2	150.0
5	3	150.0
5	4	150.0
5	5	165.0
5	6	165.0
5	7	149.0
5	8	149.0
5	9	149.0
5	10	149.0
5	11	149.0
5	12	149.0
5	13	134.0
5	14	134.0
5	15	134.0
5	16	134.0
5	17	149.0
5	18	165.0
5	19	165.0
5	20	165.0
5	21	165.0
5	22	165.0
5	23	165.0
5	24	165.0
6	1	100.0
6	2	100.0
6	3	100.0
6	4	100.0
6	5	116.0
6	6	116.0
6	7	115.0
6	8	116.0
6	9	116.0
6	10	116.0
6	11	115.0
6	12	116.0
6	13	100.0
6	14	100.0
6	15	100.0
6	16	100.0
6	17	116.0
6	18	116.0
6	19	115.0
6	20	116.0
6	21	116.0
6	22	116.0
6	23	115.0
6	24	76.0
7	1	0.0
7	2	0.0
7	3	0.0
7	4	0.0
7	5	0.0
7	6	54.0
7	7	54.0
7	8	54.0
7	9	54.0
7	10	54.0
7	11	0.0
7	12	0.0
7	13	0.0
7	14	0.0
7	15	0.0
7	16	0.0
7	17	0.0
7	18	54.0
7	19	79.0
7	20	79.0
7	21	79.0
7	22	79.0
7	23	25.0
7	24	0.0
8	1	30.0
8	2	30.0
8	3	30.0
8	4	30.0
8	5	30.0
8	6	35.0
8	7	35.0
8	8	35.0
8	9	35.0
8	10	35.0
8	11	35.0
8	12	35.0
8	13	35.0
8	14	35.0
8	15	35.0
8	16	35.0
8	17	35.0
8	18	35.0
8	19	35.0
8	20	35.0
8	21	35.0
8	22	35.0
8	23	35.0
8	24	145.0
9	1	50.0
9	2	50.0
9	3	50.0
9	4	50.0
9	5	50.0
9	6	50.0
9	7	55.0
9	8	75.0
9	9	95.0
9	10	75.0
9	11	84.0
9	12	65.0
9	13	65.0
9	14	65.0
9	15	65.0
9	16	65.0
9	17	65.0
9	18	25.0
9	19	15.0
9	20	15.0
9	21	5.0
9	22	5.0
9	23	5.0
9	24	50.0
10	1	187.0
10	2	134.0
10	3	134.0
10	4	162.0
10	5	162.0
10	6	162.0
10	7	162.0
10	8	187.0
10	9	187.0
10	10	187.0
10	11	187.0
10	12	187.0
10	13	187.0
10	14	187.0
10	15	187.0
10	16	187.0
10	17	187.0
10	18	187.0
10	19	187.0
10	20	187.0
10	21	187.0
10	22	162.0
10	23	162.0
10	24	162.0
11	1	155.0
11	2	155.0
11	3	155.0
11	4	155.0
11	5	155.0
11	6	155.0
11	7	165.0
11	8	165.0
11	9	190.0
11	10	190.0
11	11	190.0
11	12	180.0
11	13	180.0
11	14	190.0
11	15	180.0
11	16	234.0
11	17	224.0
11	18	224.0
11	19	224.0
11	20	224.0
11	21	234.0
11	22	190.0
11	23	165.0
11	24	165.0
12	1	60.0
12	2	60.0
12	3	60.0
12	4	50.0
12	5	50.0
12	6	50.0
12	7	65.0
12	8	115.0
12	9	115.0
12	10	105.0
12	11	65.0
12	12	65.0
12	13	65.0
12	14	65.0
12	15	65.0
12	16	65.0
12	17	105.0
12	18	115.0
12	19	103.0
12	20	115.0
12	21	65.0
12	22	65.0
12	23	60.0
12	24	50.0
13	1	60.0
13	2	60.0
13	3	60.0
13	4	60.0
13	5	60.0
13	6	60.0
13	7	60.0
13	8	105.0
13	9	25.0
13	10	25.0
13	11	65.0
13	12	60.0
13	13	60.0
13	14	60.0
13	15	60.0
13	16	60.0
13	17	65.0
13	18	25.0
13	19	25.0
13	20	25.0
13	21	15.0
13	22	10.0
13	23	0.0
13	24	0.0
14	1	20.0
14	2	0.0
14	3	0.0
14	4	0.0
14	5	0.0
14	6	25.0
14	7	35.0
14	8	45.0
14	9	45.0
14	10	45.0
14	11	35.0
14	12	35.0
14	13	15.0
14	14	15.0
14	15	15.0
14	16	15.0
14	17	35.0
14	18	45.0
14	19	45.0
14	20	45.0
14	21	35.0
14	22	15.0
14	23	35.0
14	24	5.0
15	1	70.0
15	2	70.0
15	3	70.0
15	4	70.0
15	5	85.0
15	6	145.0
15	7	150.0
15	8	150.0
15	9	137.0
15	10	124.0
15	11	90.0
15	12	130.0
15	13	130.0
15	14	130.0
15	15	130.0
15	16	145.0
15	17	150.0
15	18	138.0
15	19	134.0
15	20	150.0
15	21	150.0
15	22	150.0
15	23	150.0
15	24	70.0
16	1	131.0
16	2	131.0
16	3	131.0
16	4	131.0
16	5	131.0
16	6	156.0
16	7	156.0
16	8	156.0
16	9	156.0
16	10	156.0
16	11	156.0
16	12	156.0
16	13	156.0
16	14	131.0
16	15	131.0
16	16	104.0
16	17	104.0
16	18	156.0
16	19	156.0
16	20	156.0
16	21	156.0
16	22	156.0
16	23	75.0
16	24	131.0
17	1	161.0
17	2	179.0
17	3	179.0
17	4	179.0
17	5	255.0
17	6	105.0
17	7	105.0
17	8	87.0
17	9	105.0
17	10	105.0
17	11	180.0
17	12	165.0
17	13	165.0
17	14	165.0
17	15	165.0
17	16	105.0
17	17	105.0
17	18	105.0
17	19	105.0
17	20	105.0
17	21	105.0
17	22	105.0
17	23	105.0
17	24	25.0
18	1	135.0
18	2	135.0
18	3	135.0
18	4	135.0
18	5	135.0
18	6	135.0
18	7	135.0
18	8	135.0
18	9	135.0
18	10	140.0
18	11	140.0
18	12	140.0
18	13	140.0
18	14	147.0
18	15	147.0
18	16	135.0
18	17	135.0
18	18	135.0
18	19	135.0
18	20	160.0
18	21	160.0
18	22	160.0
18	23	160.0
18	24	140.0
19	1	143.0
19	2	143.0
19	3	143.0
19	4	143.0
19	5	148.0
19	6	148.0
19	7	148.0
19	8	148.0
19	9	148.0
19	10	148.0
19	11	148.0
19	12	133.0
19	13	133.0
19	14	128.0
19	15	133.0
19	16	148.0
19	17	148.0
19	18	148.0
19	19	148.0
19	20	148.0
19	21	148.0
19	22	148.0
19	23	143.0
19	24	143.0
20	1	185.0
20	2	185.0
20	3	185.0
20	4	185.0
20	5	185.0
20	6	218.0
20	7	240.0
20	8	220.0
20	9	200.0
20	10	105.0
20	11	180.0
20	12	180.0
20	13	129.0
20	14	90.0
20	15	74.0
20	16	60.0
20	17	172.0
20	18	172.0
20	19	240.0
20	20	240.0
20	21	240.0
20	22	240.0
20	23	165.0
20	24	210.0
21	1	25.0
21	2	25.0
21	3	25.0
21	4	25.0
21	5	25.0
21	6	75.0
21	7	75.0
21	8	75.0
21	9	75.0
21	10	65.0
21	11	65.0
21	12	65.0
21	13	50.0
21	14	38.0
21	15	10.0
21	16	10.0
21	17	65.0
21	18	75.0
21	19	75.0
21	20	75.0
21	21	75.0
21	22	75.0
21	23	65.0
21	24	73.0
22	1	143.0
22	2	143.0
22	3	143.0
22	4	143.0
22	5	148.0
22	6	148.0
22	7	148.0
22	8	148.0
22	9	148.0
22	10	148.0
22	11	148.0
22	12	133.0
22	13	133.0
22	14	128.0
22	15	133.0
22	16	148.0
22	17	148.0
22	18	148.0
22	19	148.0
22	20	148.0
22	21	148.0
22	22	148.0
22	23	143.0
22	24	143.0
23	1	20.0
23	2	20.0
23	3	20.0
23	4	20.0
23	5	45.0
23	6	157.0
23	7	212.0
23	8	212.0
23	9	157.0
23	10	157.0
23	11	45.0
23	12	45.0
23	13	20.0
23	14	20.0
23	15	20.0
23	16	20.0
23	17	103.0
23	18	225.0
23	19	251.0
23	20	251.0
23	21	157.0
23	22	157.0
23	23	45.0
23	24	35.0
24	1	179.0
24	2	179.0
24	3	179.0
24	4	179.0
24	5	190.0
24	6	205.0
24	7	205.0
24	8	205.0
24	9	205.0
24	10	205.0
24	11	205.0
24	12	205.0
24	13	205.0
24	14	190.0
24	15	190.0
24	16	190.0
24	17	149.0
24	18	199.0
24	19	205.0
24	20	205.0
24	21	205.0
24	22	205.0
24	23	100.0
24	24	183.0
25	1	60.0
25	2	60.0
25	3	60.0
25	4	60.0
25	5	116.0
25	6	116.0
25	7	115.0
25	8	116.0
25	9	116.0
25	10	116.0
25	11	115.0
25	12	76.0
25	13	60.0
25	14	60.0
25	15	60.0
25	16	60.0
25	17	116.0
25	18	116.0
25	19	115.0
25	20	116.0
25	21	116.0
25	22	116.0
25	23	75.0
25	24	100.0
26	1	60.0
26	2	100.0
26	3	100.0
26	4	100.0
26	5	116.0
26	6	116.0
26	7	115.0
26	8	116.0
26	9	116.0
26	10	116.0
26	11	115.0
26	12	116.0
26	13	100.0
26	14	100.0
26	15	95.0
26	16	60.0
26	17	116.0
26	18	116.0
26	19	115.0
26	20	116.0
26	21	116.0
26	22	116.0
26	23	115.0
26	24	116.0
27	1	175.0
27	2	175.0
27	3	175.0
27	4	175.0
27	5	175.0
27	6	175.0
27	7	175.0
27	8	175.0
27	9	138.0
27	10	0.0
27	11	0.0
27	12	0.0
27	13	0.0
27	14	0.0
27	15	0.0
27	16	175.0
27	17	175.0
27	18	175.0
27	19	175.0
27	20	175.0
27	21	191.0
27	22	191.0
27	23	135.0
27	24	76.0
28	1	145.0
28	2	145.0
28	3	145.0
28	4	145.0
28	5	170.0
28	6	170.0
28	7	170.0
28	8	170.0
28	9	170.0
28	10	170.0
28	11	170.0
28	12	170.0
28	13	145.0
28	14	145.0
28	15	145.0
28	16	145.0
28	17	170.0
28	18	170.0
28	19	170.0
28	20	170.0
28	21	170.0
28	22	170.0
28	23	170.0
28	24	95.0
29	1	162.0
29	2	162.0
29	3	162.0
29	4	162.0
29	5	162.0
29	6	187.0
29	7	187.0
29	8	182.0
29	9	142.0
29	10	132.0
29	11	167.0
29	12	187.0
29	13	162.0
29	14	162.0
29	15	162.0
29	16	108.0
29	17	133.0
29	18	133.0
29	19	133.0
29	20	133.0
29	21	133.0
29	22	187.0
29	23	159.0
29	24	170.0
30	1	131.0
30	2	131.0
30	3	131.0
30	4	131.0
30	5	131.0
30	6	146.0
30	7	146.0
30	8	146.0
30	9	146.0
30	10	146.0
30	11	146.0
30	12	146.0
30	13	131.0
30	14	131.0
30	15	131.0
30	16	131.0
30	17	146.0
30	18	146.0
30	19	146.0
30	20	146.0
30	21	146.0
30	22	146.0
30	23	136.0
30	24	190.0
31	1	145.0
31	2	145.0
31	3	145.0
31	4	145.0
31	5	160.0
31	6	160.0
31	7	160.0
31	8	160.0
31	9	160.0
31	10	160.0
31	11	160.0
31	12	145.0
31	13	145.0
31	14	145.0
31	15	145.0
31	16	160.0
31	17	160.0
31	18	160.0
31	19	160.0
31	20	160.0
31	21	160.0
31	22	160.0
31	23	160.0
31	24	160.0
32	1	0.0
32	2	0.0
32	3	0.0
32	4	0.0
32	5	0.0
32	6	0.0
32	7	0.0
32	8	0.0
32	9	0.0
32	10	0.0
32	11	0.0
32	12	0.0
32	13	0.0
32	14	0.0
32	15	0.0
32	16	0.0
32	17	0.0
32	18	0.0
32	19	25.0
32	20	25.0
32	21	25.0
32	22	25.0
32	23	25.0
32	24	25.0
33	1	45.0
33	2	45.0
33	3	45.0
33	4	45.0
33	5	45.0
33	6	159.0
33	7	159.0
33	8	159.0
33	9	159.0
33	10	159.0
33	11	105.0
33	12	45.0
33	13	20.0
33	14	20.0
33	15	20.0
33	16	20.0
33	17	45.0
33	18	159.0
33	19	159.0
33	20	159.0
33	21	159.0
33	22	159.0
33	23	159.0
33	24	45.0
34	1	25.0
34	2	25.0
34	3	25.0
34	4	25.0
34	5	112.0
34	6	170.0
34	7	170.0
34	8	110.0
34	9	110.0
34	10	110.0
34	11	50.0
34	12	50.0
34	13	25.0
34	14	65.0
34	15	85.0
34	16	65.0
34	17	90.0
34	18	110.0
34	19	110.0
34	20	110.0
34	21	110.0
34	22	110.0
34	23	89.0
34	24	40.0
35	1	131.0
35	2	131.0
35	3	131.0
35	4	131.0
35	5	131.0
35	6	156.0
35	7	156.0
35	8	156.0
35	9	156.0
35	10	156.0
35	11	156.0
35	12	156.0
35	13	156.0
35	14	131.0
35	15	131.0
35	16	104.0
35	17	104.0
35	18	156.0
35	19	156.0
35	20	156.0
35	21	156.0
35	22	156.0
35	23	75.0
35	24	131.0
36	1	13.0
36	2	13.0
36	3	13.0
36	4	13.0
36	5	150.0
36	6	170.0
36	7	170.0
36	8	170.0
36	9	170.0
36	10	170.0
36	11	170.0
36	12	170.0
36	13	150.0
36	14	150.0
36	15	150.0
36	16	150.0
36	17	170.0
36	18	170.0
36	19	170.0
36	20	170.0
36	21	170.0
36	22	170.0
36	23	150.0
36	24	236.0
37	1	95.0
37	2	95.0
37	3	95.0
37	4	95.0
37	5	95.0
37	6	95.0
37	7	40.0
37	8	40.0
37	9	69.0
37	10	115.0
37	11	115.0
37	12	115.0
37	13	115.0
37	14	110.0
37	15	115.0
37	16	115.0
37	17	115.0
37	18	40.0
37	19	40.0
37	20	40.0
37	21	25.0
37	22	20.0
37	23	20.0
37	24	103.0
38	1	0.0
38	2	0.0
38	3	0.0
38	4	0.0
38	5	25.0
38	6	25.0
38	7	83.0
38	8	83.0
38	9	83.0
38	10	25.0
38	11	25.0
38	12	25.0
38	13	0.0
38	14	0.0
38	15	0.0
38	16	0.0
38	17	25.0
38	18	83.0
38	19	83.0
38	20	83.0
38	21	83.0
38	22	83.0
38	23	0.0
38	24	0.0
39	1	90.0
39	2	90.0
39	3	240.0
39	4	240.0
39	5	90.0
39	6	260.0
39	7	260.0
39	8	260.0
39	9	260.0
39	10	260.0
39	11	260.0
39	12	260.0
39	13	245.0
39	14	240.0
39	15	240.0
39	16	245.0
39	17	260.0
39	18	260.0
39	19	260.0
39	20	260.0
39	21	260.0
39	22	260.0
39	23	260.0
39	24	170.0
40	1	75.0
40	2	75.0
40	3	75.0
40	4	75.0
40	5	75.0
40	6	75.0
40	7	75.0
40	8	75.0
40	9	75.0
40	10	75.0
40	11	68.0
40	12	73.0
40	13	73.0
40	14	75.0
40	15	75.0
40	16	75.0
40	17	75.0
40	18	75.0
40	19	75.0
40	20	100.0
40	21	100.0
40	22	100.0
40	23	75.0
40	24	121.0
41	1	70.0
41	2	70.0
41	3	70.0
41	4	70.0
41	5	95.0
41	6	95.0
41	7	95.0
41	8	95.0
41	9	95.0
41	10	95.0
41	11	95.0
41	12	95.0
41	13	95.0
41	14	80.0
41	15	80.0
41	16	80.0
41	17	80.0
41	18	95.0
41	19	95.0
41	20	95.0
41	21	105.0
41	22	105.0
41	23	105.0
41	24	251.0
42	1	96.0
42	2	96.0
42	3	96.0
42	4	96.0
42	5	120.0
42	6	120.0
42	7	120.0
42	8	120.0
42	9	120.0
42	10	130.0
42	11	130.0
42	12	105.0
42	13	105.0
42	14	105.0
42	15	105.0
42	16	130.0
42	17	129.0
42	18	130.0
42	19	130.0
42	20	130.0
42	21	130.0
42	22	130.0
42	23	130.0
42	24	130.0
43	1	0.0
43	2	0.0
43	3	0.0
43	4	0.0
43	5	25.0
43	6	25.0
43	7	85.0
43	8	85.0
43	9	25.0
43	10	25.0
43	11	25.0
43	12	25.0
43	13	0.0
43	14	0.0
43	15	0.0
43	16	0.0
43	17	25.0
43	18	25.0
43	19	85.0
43	20	85.0
43	21	85.0
43	22	25.0
43	23	25.0
43	24	25.0
44	1	0.0
44	2	0.0
44	3	0.0
44	4	0.0
44	5	25.0
44	6	25.0
44	7	131.0
44	8	82.0
44	9	40.0
44	10	83.0
44	11	25.0
44	12	25.0
44	13	0.0
44	14	0.0
44	15	0.0
44	16	0.0
44	17	25.0
44	18	83.0
44	19	152.0
44	20	181.0
44	21	206.0
44	22	25.0
44	23	25.0
44	24	25.0
45	1	0.0
45	2	0.0
45	3	0.0
45	4	0.0
45	5	0.0
45	6	20.0
45	7	66.0
45	8	50.0
45	9	20.0
45	10	20.0
45	11	20.0
45	12	5.0
45	13	5.0
45	14	5.0
45	15	5.0
45	16	20.0
45	17	20.0
45	18	20.0
45	19	20.0
45	20	20.0
45	21	20.0
45	22	15.0
45	23	15.0
45	24	143.0
46	1	180.0
46	2	180.0
46	3	180.0
46	4	180.0
46	5	180.0
46	6	185.0
46	7	185.0
46	8	125.0
46	9	120.0
46	10	80.0
46	11	47.0
46	12	53.0
46	13	53.0
46	14	120.0
46	15	100.0
46	16	125.0
46	17	125.0
46	18	185.0
46	19	185.0
46	20	185.0
46	21	185.0
46	22	185.0
46	23	125.0
46	24	0.0
47	1	0.0
47	2	0.0
47	3	0.0
47	4	0.0
47	5	0.0
47	6	20.0
47	7	20.0
47	8	20.0
47	9	20.0
47	10	20.0
47	11	15.0
47	12	15.0
47	13	0.0
47	14	0.0
47	15	0.0
47	16	0.0
47	17	15.0
47	18	20.0
47	19	20.0
47	20	20.0
47	21	20.0
47	22	20.0
47	23	15.0
47	24	0.0
48	1	105.0
48	2	105.0
48	3	90.0
48	4	90.0
48	5	48.0
48	6	25.0
48	7	110.0
48	8	110.0
48	9	110.0
48	10	110.0
48	11	110.0
48	12	110.0
48	13	110.0
48	14	110.0
48	15	110.0
48	16	110.0
48	17	110.0
48	18	110.0
48	19	110.0
48	20	110.0
48	21	75.0
48	22	25.0
48	23	25.0
48	24	95.0
49	1	60.0
49	2	100.0
49	3	100.0
49	4	100.0
49	5	100.0
49	6	100.0
49	7	100.0
49	8	100.0
49	9	100.0
49	10	88.0
49	11	88.0
49	12	88.0
49	13	88.0
49	14	100.0
49	15	100.0
49	16	100.0
49	17	100.0
49	18	60.0
49	19	115.0
49	20	116.0
49	21	111.0
49	22	116.0
49	23	115.0
49	24	175.0
50	1	28.0
50	2	28.0
50	3	28.0
50	4	28.0
50	5	28.0
50	6	28.0
50	7	28.0
50	8	118.0
50	9	118.0
50	10	103.0
50	11	103.0
50	12	103.0
50	13	103.0
50	14	103.0
50	15	103.0
50	16	118.0
50	17	118.0
50	18	118.0
50	19	43.0
50	20	43.0
50	21	43.0
50	22	43.0
50	23	28.0
50	24	0.0
51	1	115.0
51	2	115.0
51	3	115.0
51	4	115.0
51	5	115.0
51	6	115.0
51	7	115.0
51	8	304.0
51	9	304.0
51	10	304.0
51	11	304.0
51	12	110.0
51	13	85.0
51	14	70.0
51	15	69.0
51	16	77.0
51	17	127.0
51	18	130.0
51	19	304.0
51	20	304.0
51	21	304.0
51	22	296.0
51	23	300.0
51	24	95.0
52	1	122.0
52	2	122.0
52	3	112.0
52	4	97.0
52	5	97.0
52	6	97.0
52	7	97.0
52	8	176.0
52	9	176.0
52	10	176.0
52	11	176.0
52	12	176.0
52	13	122.0
52	14	122.0
52	15	122.0
52	16	122.0
52	17	176.0
52	18	176.0
52	19	176.0
52	20	176.0
52	21	122.0
52	22	97.0
52	23	97.0
52	24	97.0
53	1	0.0
53	2	0.0
53	3	0.0
53	4	0.0
53	5	0.0
53	6	0.0
53	7	0.0
53	8	0.0
53	9	0.0
53	10	0.0
53	11	0.0
53	12	0.0
53	13	0.0
53	14	0.0
53	15	0.0
53	16	0.0
53	17	0.0
53	18	0.0
53	19	178.0
53	20	178.0
53	21	178.0
53	22	178.0
53	23	178.0
53	24	189.0
54	1	142.0
54	2	132.0
54	3	112.0
54	4	152.0
54	5	170.0
54	6	170.0
54	7	195.0
54	8	252.0
54	9	252.0
54	10	252.0
54	11	252.0
54	12	252.0
54	13	252.0
54	14	252.0
54	15	252.0
54	16	252.0
54	17	252.0
54	18	282.0
54	19	282.0
54	20	282.0
54	21	244.0
54	22	190.0
54	23	200.0
54	24	196.0
55	1	115.0
55	2	115.0
55	3	115.0
55	4	115.0
55	5	115.0
55	6	115.0
55	7	115.0
55	8	304.0
55	9	304.0
55	10	304.0
55	11	304.0
55	12	110.0
55	13	85.0
55	14	70.0
55	15	69.0
55	16	77.0
55	17	127.0
55	18	130.0
55	19	304.0
55	20	304.0
55	21	304.0
55	22	296.0
55	23	300.0
55	24	95.0
56	1	88.0
56	2	88.0
56	3	135.0
56	4	88.0
56	5	85.0
56	6	181.0
56	7	181.0
56	8	170.0
56	9	112.0
56	10	112.0
56	11	25.0
56	12	112.0
56	13	112.0
56	14	25.0
56	15	49.0
56	16	239.0
56	17	95.0
56	18	49.0
56	19	25.0
56	20	25.0
56	21	25.0
56	22	112.0
56	23	181.0
56	24	163.0
57	1	163.0
57	2	163.0
57	3	163.0
57	4	163.0
57	5	163.0
57	6	163.0
57	7	163.0
57	8	302.0
57	9	302.0
57	10	302.0
57	11	302.0
57	12	188.0
57	13	163.0
57	14	138.0
57	15	138.0
57	16	138.0
57	17	252.0
57	18	302.0
57	19	302.0
57	20	302.0
57	21	223.0
57	22	163.0
57	23	163.0
57	24	163.0
58	1	25.0
58	2	0.0
58	3	0.0
58	4	0.0
58	5	0.0
58	6	25.0
58	7	50.0
58	8	50.0
58	9	50.0
58	10	50.0
58	11	50.0
58	12	50.0
58	13	50.0
58	14	25.0
58	15	25.0
58	16	25.0
58	17	25.0
58	18	50.0
58	19	50.0
58	20	50.0
58	21	50.0
58	22	50.0
58	23	50.0
58	24	50.0
59	1	100.0
59	2	100.0
59	3	100.0
59	4	100.0
59	5	100.0
59	6	100.0
59	7	100.0
59	8	100.0
59	9	130.0
59	10	130.0
59	11	120.0
59	12	100.0
59	13	100.0
59	14	100.0
59	15	100.0
59	16	100.0
59	17	110.0
59	18	110.0
59	19	120.0
59	20	110.0
59	21	80.0
59	22	80.0
59	23	80.0
59	24	50.0
60	1	0.0
60	2	10.0
60	3	10.0
60	4	10.0
60	5	10.0
60	6	0.0
60	7	10.0
60	8	45.0
60	9	44.0
60	10	44.0
60	11	5.0
60	12	5.0
60	13	5.0
60	14	5.0
60	15	5.0
60	16	5.0
60	17	15.0
60	18	38.0
60	19	15.0
60	20	15.0
60	21	5.0
60	22	0.0
60	23	0.0
60	24	0.0
61	1	68.0
61	2	68.0
61	3	43.0
61	4	43.0
61	5	43.0
61	6	53.0
61	7	175.0
61	8	165.0
61	9	165.0
61	10	165.0
61	11	165.0
61	12	165.0
61	13	165.0
61	14	165.0
61	15	165.0
61	16	175.0
61	17	175.0
61	18	175.0
61	19	121.0
61	20	78.0
61	21	53.0
61	22	53.0
61	23	43.0
61	24	174.0
62	1	76.0
62	2	76.0
62	3	0.0
62	4	0.0
62	5	51.0
62	6	51.0
62	7	51.0
62	8	61.0
62	9	86.0
62	10	86.0
62	11	86.0
62	12	86.0
62	13	86.0
62	14	86.0
62	15	86.0
62	16	86.0
62	17	86.0
62	18	86.0
62	19	86.0
62	20	86.0
62	21	86.0
62	22	86.0
62	23	61.0
62	24	61.0
63	1	80.0
63	2	90.0
63	3	100.0
63	4	100.0
63	5	90.0
63	6	90.0
63	7	90.0
63	8	80.0
63	9	100.0
63	10	100.0
63	11	100.0
63	12	100.0
63	13	100.0
63	14	100.0
63	15	100.0
63	16	100.0
63	17	100.0
63	18	105.0
63	19	115.0
63	20	95.0
63	21	80.0
63	22	80.0
63	23	80.0
63	24	90.0
64	1	25.0
64	2	43.0
64	3	55.0
64	4	55.0
64	5	55.0
64	6	40.0
64	7	50.0
64	8	109.0
64	9	109.0
64	10	109.0
64	11	109.0
64	12	109.0
64	13	60.0
64	14	60.0
64	15	50.0
64	16	70.0
64	17	70.0
64	18	109.0
64	19	109.0
64	20	70.0
64	21	70.0
64	22	15.0
64	23	5.0
64	24	10.0
65	1	130.0
65	2	130.0
65	3	130.0
65	4	130.0
65	5	130.0
65	6	130.0
65	7	203.0
65	8	260.0
65	9	260.0
65	10	260.0
65	11	260.0
65	12	230.0
65	13	173.0
65	14	173.0
65	15	173.0
65	16	173.0
65	17	173.0
65	18	193.0
65	19	193.0
65	20	193.0
65	21	193.0
65	22	193.0
65	23	173.0
65	24	173.0
66	1	25.0
66	2	0.0
66	3	0.0
66	4	0.0
66	5	0.0
66	6	25.0
66	7	50.0
66	8	50.0
66	9	50.0
66	10	50.0
66	11	50.0
66	12	50.0
66	13	50.0
66	14	25.0
66	15	25.0
66	16	25.0
66	17	25.0
66	18	50.0
66	19	50.0
66	20	50.0
66	21	50.0
66	22	50.0
66	23	50.0
66	24	50.0
67	1	30.0
67	2	30.0
67	3	30.0
67	4	30.0
67	5	30.0
67	6	80.0
67	7	110.0
67	8	110.0
67	9	100.0
67	10	50.0
67	11	56.0
67	12	56.0
67	13	30.0
67	14	30.0
67	15	30.0
67	16	30.0
67	17	30.0
67	18	110.0
67	19	110.0
67	20	135.0
67	21	135.0
67	22	135.0
67	23	110.0
67	24	0.0
68	1	209.0
68	2	209.0
68	3	209.0
68	4	209.0
68	5	184.0
68	6	184.0
68	7	184.0
68	8	184.0
68	9	209.0
68	10	209.0
68	11	209.0
68	12	209.0
68	13	209.0
68	14	209.0
68	15	209.0
68	16	209.0
68	17	209.0
68	18	209.0
68	19	209.0
68	20	209.0
68	21	209.0
68	22	209.0
68	23	184.0
68	24	184.0
69	1	205.0
69	2	185.0
69	3	160.0
69	4	160.0
69	5	160.0
69	6	160.0
69	7	297.0
69	8	317.0
69	9	297.0
69	10	307.0
69	11	297.0
69	12	243.0
69	13	195.0
69	14	129.0
69	15	91.0
69	16	185.0
69	17	253.0
69	18	307.0
69	19	317.0
69	20	317.0
69	21	292.0
69	22	292.0
69	23	292.0
69	24	238.0
70	1	55.0
70	2	0.0
70	3	0.0
70	4	0.0
70	5	0.0
70	6	55.0
70	7	100.0
70	8	100.0
70	9	100.0
70	10	100.0
70	11	100.0
70	12	100.0
70	13	100.0
70	14	60.0
70	15	40.0
70	16	55.0
70	17	75.0
70	18	100.0
70	19	100.0
70	20	100.0
70	21	100.0
70	22	100.0
70	23	100.0
70	24	90.0
71	1	237.0
71	2	188.0
71	3	188.0
71	4	188.0
71	5	188.0
71	6	242.0
71	7	234.0
71	8	323.0
71	9	323.0
71	10	323.0
71	11	323.0
71	12	323.0
71	13	229.0
71	14	229.0
71	15	229.0
71	16	229.0
71	17	229.0
71	18	229.0
71	19	229.0
71	20	229.0
71	21	269.0
71	22	244.0
71	23	298.0
71	24	258.0
72	1	187.0
72	2	187.0
72	3	187.0
72	4	187.0
72	5	187.0
72	6	187.0
72	7	247.0
72	8	301.0
72	9	301.0
72	10	301.0
72	11	301.0
72	12	187.0
72	13	162.0
72	14	162.0
72	15	162.0
72	16	162.0
72	17	98.0
72	18	187.0
72	19	263.0
72	20	241.0
72	21	187.0
72	22	301.0
72	23	247.0
72	24	187.0
73	1	205.0
73	2	185.0
73	3	160.0
73	4	160.0
73	5	160.0
73	6	160.0
73	7	297.0
73	8	317.0
73	9	297.0
73	10	307.0
73	11	297.0
73	12	243.0
73	13	195.0
73	14	129.0
73	15	91.0
73	16	185.0
73	17	253.0
73	18	307.0
73	19	317.0
73	20	317.0
73	21	292.0
73	22	292.0
73	23	292.0
73	24	238.0
74	1	35.0
74	2	35.0
74	3	21.0
74	4	26.0
74	5	57.0
74	6	64.0
74	7	89.0
74	8	132.0
74	9	248.0
74	10	121.0
74	11	248.0
74	12	248.0
74	13	248.0
74	14	248.0
74	15	126.0
74	16	248.0
74	17	230.0
74	18	225.0
74	19	25.0
74	20	25.0
74	21	0.0
74	22	0.0
74	23	0.0
74	24	25.0
75	1	50.0
75	2	10.0
75	3	20.0
75	4	40.0
75	5	40.0
75	6	40.0
75	7	40.0
75	8	50.0
75	9	60.0
75	10	60.0
75	11	50.0
75	12	40.0
75	13	40.0
75	14	40.0
75	15	40.0
75	16	40.0
75	17	50.0
75	18	60.0
75	19	60.0
75	20	60.0
75	21	50.0
75	22	50.0
75	23	30.0
75	24	10.0
76	1	173.0
76	2	173.0
76	3	173.0
76	4	173.0
76	5	173.0
76	6	173.0
76	7	270.0
76	8	270.0
76	9	270.0
76	10	270.0
76	11	270.0
76	12	213.0
76	13	213.0
76	14	213.0
76	15	213.0
76	16	170.0
76	17	260.0
76	18	268.0
76	19	270.0
76	20	270.0
76	21	213.0
76	22	193.0
76	23	203.0
76	24	193.0
77	1	105.0
77	2	105.0
77	3	105.0
77	4	105.0
77	5	53.0
77	6	105.0
77	7	195.0
77	8	175.0
77	9	205.0
77	10	55.0
77	11	10.0
77	12	10.0
77	13	10.0
77	14	10.0
77	15	55.0
77	16	10.0
77	17	67.0
77	18	53.0
77	19	101.0
77	20	236.0
77	21	236.0
77	22	236.0
77	23	236.0
77	24	236.0
78	1	0.0
78	2	0.0
78	3	0.0
78	4	0.0
78	5	0.0
78	6	0.0
78	7	204.0
78	8	259.0
78	9	176.0
78	10	85.0
78	11	27.0
78	12	0.0
78	13	0.0
78	14	0.0
78	15	0.0
78	16	0.0
78	17	0.0
78	18	139.0
78	19	139.0
78	20	85.0
78	21	85.0
78	22	85.0
78	23	0.0
78	24	0.0
79	1	138.0
79	2	138.0
79	3	128.0
79	4	128.0
79	5	128.0
79	6	128.0
79	7	228.0
79	8	238.0
79	9	238.0
79	10	238.0
79	11	238.0
79	12	238.0
79	13	238.0
79	14	238.0
79	15	238.0
79	16	292.0
79	17	292.0
79	18	292.0
79	19	292.0
79	20	292.0
79	21	292.0
79	22	252.0
79	23	252.0
79	24	153.0
80	1	227.0
80	2	162.0
80	3	162.0
80	4	162.0
80	5	162.0
80	6	162.0
80	7	204.0
80	8	204.0
80	9	204.0
80	10	229.0
80	11	229.0
80	12	229.0
80	13	229.0
80	14	229.0
80	15	229.0
80	16	229.0
80	17	229.0
80	18	229.0
80	19	229.0
80	20	269.0
80	21	269.0
80	22	269.0
80	23	269.0
80	24	204.0
81	1	187.0
81	2	134.0
81	3	134.0
81	4	162.0
81	5	162.0
81	6	162.0
81	7	162.0
81	8	187.0
81	9	187.0
81	10	187.0
81	11	187.0
81	12	187.0
81	13	187.0
81	14	187.0
81	15	187.0
81	16	187.0
81	17	187.0
81	18	187.0
81	19	187.0
81	20	187.0
81	21	187.0
81	22	162.0
81	23	162.0
81	24	162.0
82	1	0.0
82	2	0.0
82	3	0.0
82	4	0.0
82	5	0.0
82	6	10.0
82	7	15.0
82	8	65.0
82	9	65.0
82	10	65.0
82	11	15.0
82	12	15.0
82	13	15.0
82	14	5.0
82	15	5.0
82	16	15.0
82	17	36.0
82	18	45.0
82	19	55.0
82	20	65.0
82	21	15.0
82	22	5.0
82	23	0.0
82	24	10.0
83	1	0.0
83	2	0.0
83	3	0.0
83	4	0.0
83	5	0.0
83	6	0.0
83	7	0.0
83	8	0.0
83	9	0.0
83	10	0.0
83	11	0.0
83	12	0.0
83	13	0.0
83	14	0.0
83	15	0.0
83	16	0.0
83	17	0.0
83	18	0.0
83	19	178.0
83	20	178.0
83	21	178.0
83	22	178.0
83	23	178.0
83	24	189.0
84	1	130.0
84	2	130.0
84	3	130.0
84	4	130.0
84	5	130.0
84	6	130.0
84	7	203.0
84	8	260.0
84	9	260.0
84	10	260.0
84	11	260.0
84	12	230.0
84	13	173.0
84	14	173.0
84	15	173.0
84	16	173.0
84	17	173.0
84	18	193.0
84	19	193.0
84	20	193.0
84	21	193.0
84	22	193.0
84	23	173.0
84	24	173.0
85	1	153.0
85	2	153.0
85	3	128.0
85	4	128.0
85	5	128.0
85	6	128.0
85	7	250.0
85	8	250.0
85	9	250.0
85	10	250.0
85	11	250.0
85	12	250.0
85	13	250.0
85	14	250.0
85	15	250.0
85	16	250.0
85	17	250.0
85	18	250.0
85	19	250.0
85	20	250.0
85	21	225.0
85	22	225.0
85	23	171.0
85	24	163.0
86	1	187.0
86	2	134.0
86	3	134.0
86	4	162.0
86	5	162.0
86	6	162.0
86	7	162.0
86	8	187.0
86	9	187.0
86	10	187.0
86	11	187.0
86	12	187.0
86	13	187.0
86	14	187.0
86	15	187.0
86	16	187.0
86	17	187.0
86	18	187.0
86	19	187.0
86	20	187.0
86	21	187.0
86	22	162.0
86	23	162.0
86	24	162.0
