Node	Time	Res_CapacityDownVolume
1	1	348.0
1	2	348.0
1	3	273.0
1	4	300.0
1	5	348.0
1	6	348.0
1	7	170.0
1	8	170.0
1	9	170.0
1	10	170.0
1	11	195.0
1	12	245.0
1	13	259.0
1	14	279.0
1	15	240.0
1	16	170.0
1	17	200.0
1	18	200.0
1	19	250.0
1	20	250.0
1	21	300.0
1	22	348.0
1	23	348.0
1	24	338.0
2	1	450.0
2	2	474.0
2	3	474.0
2	4	450.0
2	5	450.0
2	6	450.0
2	7	374.0
2	8	374.0
2	9	374.0
2	10	375.0
2	11	406.0
2	12	414.0
2	13	474.0
2	14	474.0
2	15	474.0
2	16	412.0
2	17	296.0
2	18	210.0
2	19	250.0
2	20	250.0
2	21	300.0
2	22	350.0
2	23	350.0
2	24	341.0
3	1	288.0
3	2	288.0
3	3	288.0
3	4	288.0
3	5	288.0
3	6	288.0
3	7	250.0
3	8	154.0
3	9	137.0
3	10	135.0
3	11	177.0
3	12	227.0
3	13	288.0
3	14	288.0
3	15	288.0
3	16	125.0
3	17	133.0
3	18	150.0
3	19	250.0
3	20	250.0
3	21	250.0
3	22	250.0
3	23	288.0
3	24	295.0
4	1	30.0
4	2	0.0
4	3	30.0
4	4	30.0
4	5	100.0
4	6	100.0
4	7	100.0
4	8	150.0
4	9	100.0
4	10	100.0
4	11	100.0
4	12	100.0
4	13	100.0
4	14	100.0
4	15	100.0
4	16	150.0
4	17	150.0
4	18	100.0
4	19	50.0
4	20	50.0
4	21	50.0
4	22	50.0
4	23	50.0
4	24	50.0
5	1	348.0
5	2	348.0
5	3	348.0
5	4	348.0
5	5	348.0
5	6	348.0
5	7	250.0
5	8	200.0
5	9	200.0
5	10	200.0
5	11	310.0
5	12	348.0
5	13	348.0
5	14	348.0
5	15	348.0
5	16	210.0
5	17	150.0
5	18	200.0
5	19	300.0
5	20	300.0
5	21	300.0
5	22	300.0
5	23	348.0
5	24	348.0
6	1	370.0
6	2	370.0
6	3	370.0
6	4	370.0
6	5	370.0
6	6	370.0
6	7	250.0
6	8	250.0
6	9	250.0
6	10	250.0
6	11	300.0
6	12	350.0
6	13	370.0
6	14	370.0
6	15	370.0
6	16	200.0
6	17	200.0
6	18	200.0
6	19	300.0
6	20	300.0
6	21	300.0
6	22	300.0
6	23	284.0
6	24	370.0
7	1	301.0
7	2	301.0
7	3	301.0
7	4	301.0
7	5	301.0
7	6	247.0
7	7	294.0
7	8	294.0
7	9	293.0
7	10	250.0
7	11	351.0
7	12	351.0
7	13	351.0
7	14	351.0
7	15	301.0
7	16	241.0
7	17	241.0
7	18	219.0
7	19	247.0
7	20	247.0
7	21	247.0
7	22	247.0
7	23	301.0
7	24	301.0
8	1	0.0
8	2	0.0
8	3	0.0
8	4	0.0
8	5	31.0
8	6	31.0
8	7	31.0
8	8	52.0
8	9	31.0
8	10	0.0
8	11	0.0
8	12	0.0
8	13	0.0
8	14	10.0
8	15	10.0
8	16	45.0
8	17	45.0
8	18	31.0
8	19	50.0
8	20	50.0
8	21	50.0
8	22	0.0
8	23	0.0
8	24	0.0
9	1	31.0
9	2	31.0
9	3	31.0
9	4	31.0
9	5	31.0
9	6	31.0
9	7	31.0
9	8	31.0
9	9	31.0
9	10	31.0
9	11	31.0
9	12	31.0
9	13	31.0
9	14	31.0
9	15	31.0
9	16	31.0
9	17	31.0
9	18	31.0
9	19	31.0
9	20	31.0
9	21	31.0
9	22	31.0
9	23	31.0
9	24	31.0
10	1	265.0
10	2	265.0
10	3	265.0
10	4	265.0
10	5	265.0
10	6	265.0
10	7	220.0
10	8	120.0
10	9	211.0
10	10	181.0
10	11	178.0
10	12	200.0
10	13	181.0
10	14	178.0
10	15	195.0
10	16	20.0
10	17	88.0
10	18	88.0
10	19	20.0
10	20	70.0
10	21	70.0
10	22	70.0
10	23	120.0
10	24	175.0
11	1	264.0
11	2	264.0
11	3	264.0
11	4	264.0
11	5	264.0
11	6	264.0
11	7	258.0
11	8	189.0
11	9	189.0
11	10	189.0
11	11	175.0
11	12	250.0
11	13	250.0
11	14	250.0
11	15	250.0
11	16	206.0
11	17	188.0
11	18	188.0
11	19	188.0
11	20	206.0
11	21	206.0
11	22	118.0
11	23	165.0
11	24	206.0
12	1	0.0
12	2	0.0
12	3	0.0
12	4	31.0
12	5	31.0
12	6	31.0
12	7	31.0
12	8	31.0
12	9	31.0
12	10	31.0
12	11	31.0
12	12	31.0
12	13	31.0
12	14	31.0
12	15	31.0
12	16	31.0
12	17	31.0
12	18	31.0
12	19	31.0
12	20	31.0
12	21	0.0
12	22	0.0
12	23	0.0
12	24	0.0
13	1	0.0
13	2	0.0
13	3	0.0
13	4	31.0
13	5	31.0
13	6	31.0
13	7	31.0
13	8	31.0
13	9	31.0
13	10	31.0
13	11	31.0
13	12	31.0
13	13	31.0
13	14	31.0
13	15	31.0
13	16	31.0
13	17	31.0
13	18	31.0
13	19	31.0
13	20	0.0
13	21	0.0
13	22	0.0
13	23	0.0
13	24	0.0
14	1	25.0
14	2	31.0
14	3	31.0
14	4	31.0
14	5	31.0
14	6	31.0
14	7	31.0
14	8	31.0
14	9	31.0
14	10	31.0
14	11	31.0
14	12	31.0
14	13	31.0
14	14	31.0
14	15	31.0
14	16	31.0
14	17	31.0
14	18	31.0
14	19	31.0
14	20	25.0
14	21	25.0
14	22	25.0
14	23	25.0
14	24	25.0
15	1	50.0
15	2	50.0
15	3	50.0
15	4	50.0
15	5	50.0
15	6	50.0
15	7	50.0
15	8	78.0
15	9	50.0
15	10	50.0
15	11	50.0
15	12	0.0
15	13	0.0
15	14	0.0
15	15	0.0
15	16	31.0
15	17	78.0
15	18	50.0
15	19	50.0
15	20	50.0
15	21	50.0
15	22	50.0
15	23	0.0
15	24	0.0
16	1	450.0
16	2	504.0
16	3	504.0
16	4	500.0
16	5	450.0
16	6	400.0
16	7	250.0
16	8	250.0
16	9	250.0
16	10	250.0
16	11	250.0
16	12	550.0
16	13	650.0
16	14	661.0
16	15	500.0
16	16	200.0
16	17	200.0
16	18	200.0
16	19	300.0
16	20	300.0
16	21	300.0
16	22	300.0
16	23	350.0
16	24	450.0
17	1	439.0
17	2	440.0
17	3	440.0
17	4	440.0
17	5	440.0
17	6	400.0
17	7	250.0
17	8	250.0
17	9	250.0
17	10	250.0
17	11	300.0
17	12	515.0
17	13	515.0
17	14	515.0
17	15	515.0
17	16	200.0
17	17	200.0
17	18	200.0
17	19	300.0
17	20	300.0
17	21	300.0
17	22	300.0
17	23	350.0
17	24	450.0
18	1	314.0
18	2	314.0
18	3	314.0
18	4	314.0
18	5	314.0
18	6	314.0
18	7	394.0
18	8	324.0
18	9	259.0
18	10	179.0
18	11	303.0
18	12	341.0
18	13	394.0
18	14	394.0
18	15	303.0
18	16	134.0
18	17	204.0
18	18	290.0
18	19	250.0
18	20	250.0
18	21	300.0
18	22	301.0
18	23	314.0
18	24	234.0
19	1	0.0
19	2	0.0
19	3	10.0
19	4	10.0
19	5	100.0
19	6	100.0
19	7	100.0
19	8	150.0
19	9	100.0
19	10	100.0
19	11	100.0
19	12	100.0
19	13	100.0
19	14	100.0
19	15	100.0
19	16	150.0
19	17	150.0
19	18	100.0
19	19	50.0
19	20	50.0
19	21	50.0
19	22	50.0
19	23	50.0
19	24	50.0
20	1	457.0
20	2	557.0
20	3	557.0
20	4	507.0
20	5	496.0
20	6	379.0
20	7	196.0
20	8	196.0
20	9	250.0
20	10	250.0
20	11	350.0
20	12	527.0
20	13	613.0
20	14	613.0
20	15	613.0
20	16	250.0
20	17	200.0
20	18	200.0
20	19	264.0
20	20	254.0
20	21	254.0
20	22	264.0
20	23	347.0
20	24	450.0
21	1	499.0
21	2	585.0
21	3	585.0
21	4	535.0
21	5	457.0
21	6	400.0
21	7	250.0
21	8	250.0
21	9	250.0
21	10	250.0
21	11	302.0
21	12	525.0
21	13	594.0
21	14	599.0
21	15	539.0
21	16	200.0
21	17	200.0
21	18	200.0
21	19	300.0
21	20	300.0
21	21	300.0
21	22	300.0
21	23	350.0
21	24	567.0
22	1	0.0
22	2	0.0
22	3	10.0
22	4	10.0
22	5	100.0
22	6	100.0
22	7	100.0
22	8	150.0
22	9	100.0
22	10	100.0
22	11	100.0
22	12	100.0
22	13	100.0
22	14	100.0
22	15	100.0
22	16	150.0
22	17	150.0
22	18	100.0
22	19	50.0
22	20	50.0
22	21	50.0
22	22	50.0
22	23	50.0
22	24	50.0
23	1	417.0
23	2	417.0
23	3	417.0
23	4	417.0
23	5	417.0
23	6	305.0
23	7	250.0
23	8	250.0
23	9	250.0
23	10	250.0
23	11	300.0
23	12	450.0
23	13	487.0
23	14	487.0
23	15	473.0
23	16	200.0
23	17	200.0
23	18	200.0
23	19	300.0
23	20	300.0
23	21	300.0
23	22	300.0
23	23	350.0
23	24	407.0
24	1	427.0
24	2	430.0
24	3	422.0
24	4	422.0
24	5	450.0
24	6	400.0
24	7	250.0
24	8	250.0
24	9	250.0
24	10	250.0
24	11	300.0
24	12	472.0
24	13	489.0
24	14	489.0
24	15	387.0
24	16	200.0
24	17	200.0
24	18	200.0
24	19	300.0
24	20	300.0
24	21	300.0
24	22	300.0
24	23	350.0
24	24	378.0
25	1	370.0
25	2	370.0
25	3	370.0
25	4	370.0
25	5	370.0
25	6	370.0
25	7	250.0
25	8	250.0
25	9	250.0
25	10	250.0
25	11	300.0
25	12	340.0
25	13	340.0
25	14	340.0
25	15	370.0
25	16	200.0
25	17	200.0
25	18	200.0
25	19	300.0
25	20	300.0
25	21	300.0
25	22	300.0
25	23	350.0
25	24	343.0
26	1	370.0
26	2	370.0
26	3	370.0
26	4	370.0
26	5	370.0
26	6	370.0
26	7	250.0
26	8	250.0
26	9	170.0
26	10	170.0
26	11	208.0
26	12	258.0
26	13	308.0
26	14	326.0
26	15	310.0
26	16	170.0
26	17	197.0
26	18	197.0
26	19	297.0
26	20	297.0
26	21	300.0
26	22	300.0
26	23	350.0
26	24	370.0
27	1	220.0
27	2	220.0
27	3	220.0
27	4	220.0
27	5	220.0
27	6	220.0
27	7	220.0
27	8	220.0
27	9	220.0
27	10	220.0
27	11	220.0
27	12	220.0
27	13	220.0
27	14	220.0
27	15	220.0
27	16	211.0
27	17	200.0
27	18	200.0
27	19	220.0
27	20	220.0
27	21	220.0
27	22	220.0
27	23	220.0
27	24	370.0
28	1	365.0
28	2	365.0
28	3	365.0
28	4	365.0
28	5	365.0
28	6	400.0
28	7	250.0
28	8	250.0
28	9	250.0
28	10	250.0
28	11	300.0
28	12	425.0
28	13	425.0
28	14	425.0
28	15	425.0
28	16	200.0
28	17	200.0
28	18	200.0
28	19	300.0
28	20	300.0
28	21	300.0
28	22	300.0
28	23	281.0
28	24	230.0
29	1	311.0
29	2	311.0
29	3	311.0
29	4	311.0
29	5	311.0
29	6	311.0
29	7	250.0
29	8	250.0
29	9	250.0
29	10	250.0
29	11	300.0
29	12	371.0
29	13	371.0
29	14	371.0
29	15	371.0
29	16	200.0
29	17	200.0
29	18	200.0
29	19	300.0
29	20	300.0
29	21	300.0
29	22	300.0
29	23	311.0
29	24	330.0
30	1	450.0
30	2	450.0
30	3	450.0
30	4	442.0
30	5	450.0
30	6	400.0
30	7	250.0
30	8	250.0
30	9	250.0
30	10	250.0
30	11	300.0
30	12	499.0
30	13	545.0
30	14	622.0
30	15	482.0
30	16	200.0
30	17	200.0
30	18	200.0
30	19	300.0
30	20	300.0
30	21	300.0
30	22	300.0
30	23	350.0
30	24	447.0
31	1	355.0
31	2	355.0
31	3	355.0
31	4	355.0
31	5	355.0
31	6	350.0
31	7	250.0
31	8	250.0
31	9	250.0
31	10	250.0
31	11	300.0
31	12	415.0
31	13	415.0
31	14	415.0
31	15	415.0
31	16	200.0
31	17	200.0
31	18	200.0
31	19	300.0
31	20	300.0
31	21	300.0
31	22	300.0
31	23	350.0
31	24	365.0
32	1	450.0
32	2	450.0
32	3	450.0
32	4	450.0
32	5	450.0
32	6	450.0
32	7	457.0
32	8	457.0
32	9	457.0
32	10	457.0
32	11	545.0
32	12	559.0
32	13	559.0
32	14	559.0
32	15	478.0
32	16	407.0
32	17	333.0
32	18	200.0
32	19	250.0
32	20	250.0
32	21	300.0
32	22	350.0
32	23	350.0
32	24	450.0
33	1	329.0
33	2	329.0
33	3	329.0
33	4	329.0
33	5	329.0
33	6	215.0
33	7	215.0
33	8	250.0
33	9	236.0
33	10	233.0
33	11	331.0
33	12	409.0
33	13	409.0
33	14	409.0
33	15	394.0
33	16	240.0
33	17	200.0
33	18	200.0
33	19	215.0
33	20	215.0
33	21	215.0
33	22	215.0
33	23	215.0
33	24	299.0
34	1	453.0
34	2	453.0
34	3	453.0
34	4	453.0
34	5	450.0
34	6	283.0
34	7	135.0
34	8	133.0
34	9	133.0
34	10	133.0
34	11	300.0
34	12	353.0
34	13	353.0
34	14	353.0
34	15	353.0
34	16	200.0
34	17	200.0
34	18	200.0
34	19	230.0
34	20	300.0
34	21	300.0
34	22	300.0
34	23	350.0
34	24	450.0
35	1	450.0
35	2	504.0
35	3	504.0
35	4	500.0
35	5	450.0
35	6	400.0
35	7	250.0
35	8	250.0
35	9	250.0
35	10	250.0
35	11	250.0
35	12	550.0
35	13	650.0
35	14	661.0
35	15	500.0
35	16	200.0
35	17	200.0
35	18	200.0
35	19	300.0
35	20	300.0
35	21	300.0
35	22	300.0
35	23	350.0
35	24	450.0
36	1	415.0
36	2	425.0
36	3	425.0
36	4	425.0
36	5	446.0
36	6	397.0
36	7	250.0
36	8	250.0
36	9	250.0
36	10	250.0
36	11	350.0
36	12	397.0
36	13	397.0
36	14	397.0
36	15	397.0
36	16	250.0
36	17	200.0
36	18	200.0
36	19	300.0
36	20	300.0
36	21	300.0
36	22	300.0
36	23	350.0
36	24	398.0
37	1	33.0
37	2	33.0
37	3	83.0
37	4	83.0
37	5	83.0
37	6	83.0
37	7	83.0
37	8	133.0
37	9	83.0
37	10	83.0
37	11	83.0
37	12	100.0
37	13	100.0
37	14	100.0
37	15	100.0
37	16	133.0
37	17	133.0
37	18	83.0
37	19	33.0
37	20	33.0
37	21	33.0
37	22	33.0
37	23	50.0
37	24	50.0
38	1	346.0
38	2	346.0
38	3	346.0
38	4	346.0
38	5	346.0
38	6	346.0
38	7	250.0
38	8	250.0
38	9	250.0
38	10	250.0
38	11	285.0
38	12	335.0
38	13	385.0
38	14	385.0
38	15	346.0
38	16	185.0
38	17	185.0
38	18	185.0
38	19	285.0
38	20	285.0
38	21	275.0
38	22	288.0
38	23	337.0
38	24	352.0
39	1	430.0
39	2	433.0
39	3	433.0
39	4	433.0
39	5	450.0
39	6	388.0
39	7	250.0
39	8	187.0
39	9	177.0
39	10	173.0
39	11	177.0
39	12	381.0
39	13	397.0
39	14	397.0
39	15	397.0
39	16	177.0
39	17	190.0
39	18	200.0
39	19	287.0
39	20	300.0
39	21	284.0
39	22	282.0
39	23	350.0
39	24	279.0
40	1	564.0
40	2	564.0
40	3	564.0
40	4	564.0
40	5	562.0
40	6	564.0
40	7	540.0
40	8	552.0
40	9	564.0
40	10	564.0
40	11	673.0
40	12	729.0
40	13	729.0
40	14	729.0
40	15	729.0
40	16	590.0
40	17	505.0
40	18	278.0
40	19	250.0
40	20	250.0
40	21	300.0
40	22	350.0
40	23	350.0
40	24	450.0
41	1	233.0
41	2	233.0
41	3	233.0
41	4	233.0
41	5	233.0
41	6	233.0
41	7	250.0
41	8	250.0
41	9	250.0
41	10	250.0
41	11	263.0
41	12	263.0
41	13	263.0
41	14	263.0
41	15	263.0
41	16	200.0
41	17	200.0
41	18	200.0
41	19	233.0
41	20	233.0
41	21	233.0
41	22	233.0
41	23	233.0
41	24	260.0
42	1	255.0
42	2	255.0
42	3	255.0
42	4	255.0
42	5	255.0
42	6	255.0
42	7	250.0
42	8	250.0
42	9	250.0
42	10	165.0
42	11	165.0
42	12	255.0
42	13	255.0
42	14	255.0
42	15	255.0
42	16	165.0
42	17	200.0
42	18	200.0
42	19	255.0
42	20	255.0
42	21	255.0
42	22	255.0
42	23	235.0
42	24	281.0
43	1	450.0
43	2	500.0
43	3	500.0
43	4	500.0
43	5	450.0
43	6	400.0
43	7	250.0
43	8	250.0
43	9	250.0
43	10	250.0
43	11	300.0
43	12	500.0
43	13	534.0
43	14	534.0
43	15	500.0
43	16	200.0
43	17	200.0
43	18	200.0
43	19	300.0
43	20	300.0
43	21	300.0
43	22	300.0
43	23	350.0
43	24	450.0
44	1	520.0
44	2	566.0
44	3	580.0
44	4	570.0
44	5	500.0
44	6	400.0
44	7	250.0
44	8	250.0
44	9	250.0
44	10	250.0
44	11	300.0
44	12	540.0
44	13	676.0
44	14	676.0
44	15	620.0
44	16	220.0
44	17	200.0
44	18	200.0
44	19	300.0
44	20	300.0
44	21	300.0
44	22	300.0
44	23	350.0
44	24	450.0
45	1	0.0
45	2	0.0
45	3	50.0
45	4	50.0
45	5	100.0
45	6	100.0
45	7	100.0
45	8	150.0
45	9	96.0
45	10	96.0
45	11	96.0
45	12	100.0
45	13	100.0
45	14	100.0
45	15	100.0
45	16	146.0
45	17	146.0
45	18	96.0
45	19	50.0
45	20	50.0
45	21	50.0
45	22	50.0
45	23	50.0
45	24	50.0
46	1	440.0
46	2	440.0
46	3	440.0
46	4	440.0
46	5	440.0
46	6	440.0
46	7	440.0
46	8	500.0
46	9	500.0
46	10	440.0
46	11	500.0
46	12	500.0
46	13	500.0
46	14	500.0
46	15	500.0
46	16	440.0
46	17	450.0
46	18	220.0
46	19	250.0
46	20	250.0
46	21	300.0
46	22	350.0
46	23	350.0
46	24	444.0
47	1	140.0
47	2	140.0
47	3	140.0
47	4	140.0
47	5	140.0
47	6	140.0
47	7	140.0
47	8	140.0
47	9	140.0
47	10	140.0
47	11	140.0
47	12	140.0
47	13	140.0
47	14	140.0
47	15	140.0
47	16	110.0
47	17	140.0
47	18	140.0
47	19	140.0
47	20	140.0
47	21	140.0
47	22	140.0
47	23	140.0
47	24	140.0
48	1	50.0
48	2	50.0
48	3	100.0
48	4	100.0
48	5	69.0
48	6	69.0
48	7	69.0
48	8	119.0
48	9	58.0
48	10	58.0
48	11	58.0
48	12	58.0
48	13	58.0
48	14	58.0
48	15	58.0
48	16	108.0
48	17	108.0
48	18	58.0
48	19	8.0
48	20	8.0
48	21	19.0
48	22	19.0
48	23	19.0
48	24	33.0
49	1	320.0
49	2	320.0
49	3	320.0
49	4	320.0
49	5	320.0
49	6	320.0
49	7	320.0
49	8	320.0
49	9	320.0
49	10	250.0
49	11	320.0
49	12	320.0
49	13	320.0
49	14	320.0
49	15	320.0
49	16	275.0
49	17	215.0
49	18	265.0
49	19	250.0
49	20	250.0
49	21	300.0
49	22	320.0
49	23	320.0
49	24	220.0
50	1	50.0
50	2	50.0
50	3	100.0
50	4	100.0
50	5	100.0
50	6	100.0
50	7	170.0
50	8	190.0
50	9	130.0
50	10	190.0
50	11	190.0
50	12	190.0
50	13	186.0
50	14	190.0
50	15	186.0
50	16	190.0
50	17	190.0
50	18	190.0
50	19	50.0
50	20	50.0
50	21	50.0
50	22	50.0
50	23	100.0
50	24	50.0
51	1	450.0
51	2	438.0
51	3	438.0
51	4	438.0
51	5	438.0
51	6	450.0
51	7	400.0
51	8	230.0
51	9	230.0
51	10	230.0
51	11	230.0
51	12	310.0
51	13	470.0
51	14	470.0
51	15	470.0
51	16	470.0
51	17	210.0
51	18	200.0
51	19	200.0
51	20	180.0
51	21	200.0
51	22	220.0
51	23	230.0
51	24	350.0
52	1	268.0
52	2	268.0
52	3	268.0
52	4	268.0
52	5	268.0
52	6	268.0
52	7	268.0
52	8	214.0
52	9	214.0
52	10	199.0
52	11	144.0
52	12	200.0
52	13	200.0
52	14	200.0
52	15	200.0
52	16	150.0
52	17	150.0
52	18	109.0
52	19	150.0
52	20	200.0
52	21	200.0
52	22	200.0
52	23	250.0
52	24	268.0
53	1	382.0
53	2	382.0
53	3	382.0
53	4	382.0
53	5	382.0
53	6	382.0
53	7	382.0
53	8	382.0
53	9	382.0
53	10	382.0
53	11	382.0
53	12	382.0
53	13	382.0
53	14	382.0
53	15	382.0
53	16	382.0
53	17	309.0
53	18	224.0
53	19	174.0
53	20	174.0
53	21	300.0
53	22	347.0
53	23	332.0
53	24	431.0
54	1	209.0
54	2	209.0
54	3	209.0
54	4	209.0
54	5	209.0
54	6	209.0
54	7	209.0
54	8	151.0
54	9	151.0
54	10	151.0
54	11	151.0
54	12	151.0
54	13	151.0
54	14	151.0
54	15	151.0
54	16	151.0
54	17	151.0
54	18	121.0
54	19	121.0
54	20	121.0
54	21	121.0
54	22	178.0
54	23	178.0
54	24	252.0
55	1	450.0
55	2	438.0
55	3	438.0
55	4	438.0
55	5	438.0
55	6	450.0
55	7	400.0
55	8	230.0
55	9	230.0
55	10	230.0
55	11	230.0
55	12	310.0
55	13	470.0
55	14	470.0
55	15	470.0
55	16	470.0
55	17	210.0
55	18	200.0
55	19	200.0
55	20	180.0
55	21	200.0
55	22	220.0
55	23	230.0
55	24	350.0
56	1	185.0
56	2	185.0
56	3	185.0
56	4	185.0
56	5	185.0
56	6	185.0
56	7	185.0
56	8	185.0
56	9	185.0
56	10	185.0
56	11	185.0
56	12	185.0
56	13	185.0
56	14	98.0
56	15	98.0
56	16	65.0
56	17	98.0
56	18	98.0
56	19	98.0
56	20	98.0
56	21	98.0
56	22	131.0
56	23	131.0
56	24	185.0
57	1	344.0
57	2	344.0
57	3	344.0
57	4	344.0
57	5	344.0
57	6	344.0
57	7	344.0
57	8	230.0
57	9	250.0
57	10	250.0
57	11	250.0
57	12	300.0
57	13	424.0
57	14	424.0
57	15	424.0
57	16	424.0
57	17	200.0
57	18	200.0
57	19	195.0
57	20	260.0
57	21	284.0
57	22	300.0
57	23	300.0
57	24	344.0
58	1	411.0
58	2	411.0
58	3	411.0
58	4	411.0
58	5	411.0
58	6	411.0
58	7	400.0
58	8	139.0
58	9	139.0
58	10	127.0
58	11	128.0
58	12	220.0
58	13	297.0
58	14	297.0
58	15	400.0
58	16	400.0
58	17	200.0
58	18	197.0
58	19	168.0
58	20	268.0
58	21	268.0
58	22	300.0
58	23	300.0
58	24	350.0
59	1	31.0
59	2	30.0
59	3	30.0
59	4	31.0
59	5	31.0
59	6	31.0
59	7	31.0
59	8	31.0
59	9	31.0
59	10	31.0
59	11	31.0
59	12	31.0
59	13	31.0
59	14	31.0
59	15	24.0
59	16	31.0
59	17	31.0
59	18	31.0
59	19	51.0
59	20	31.0
59	21	31.0
59	22	31.0
59	23	31.0
59	24	31.0
60	1	31.0
60	2	31.0
60	3	31.0
60	4	31.0
60	5	31.0
60	6	31.0
60	7	31.0
60	8	31.0
60	9	31.0
60	10	31.0
60	11	31.0
60	12	31.0
60	13	31.0
60	14	31.0
60	15	31.0
60	16	31.0
60	17	31.0
60	18	31.0
60	19	31.0
60	20	31.0
60	21	31.0
60	22	31.0
60	23	31.0
60	24	31.0
61	1	336.0
61	2	336.0
61	3	336.0
61	4	336.0
61	5	336.0
61	6	336.0
61	7	230.0
61	8	230.0
61	9	180.0
61	10	107.0
61	11	70.0
61	12	158.0
61	13	74.0
61	14	130.0
61	15	49.0
61	16	80.0
61	17	49.0
61	18	40.0
61	19	180.0
61	20	180.0
61	21	130.0
61	22	230.0
61	23	330.0
61	24	230.0
62	1	315.0
62	2	360.0
62	3	414.0
62	4	414.0
62	5	360.0
62	6	360.0
62	7	270.0
62	8	194.0
62	9	120.0
62	10	127.0
62	11	250.0
62	12	350.0
62	13	227.0
62	14	400.0
62	15	400.0
62	16	305.0
62	17	200.0
62	18	200.0
62	19	200.0
62	20	227.0
62	21	250.0
62	22	120.0
62	23	175.0
62	24	197.0
63	1	0.0
63	2	31.0
63	3	31.0
63	4	31.0
63	5	31.0
63	6	31.0
63	7	31.0
63	8	31.0
63	9	31.0
63	10	31.0
63	11	31.0
63	12	31.0
63	13	31.0
63	14	31.0
63	15	31.0
63	16	31.0
63	17	31.0
63	18	31.0
63	19	31.0
63	20	0.0
63	21	0.0
63	22	0.0
63	23	0.0
63	24	31.0
64	1	0.0
64	2	0.0
64	3	0.0
64	4	10.0
64	5	10.0
64	6	10.0
64	7	10.0
64	8	10.0
64	9	30.0
64	10	10.0
64	11	10.0
64	12	10.0
64	13	10.0
64	14	10.0
64	15	10.0
64	16	10.0
64	17	10.0
64	18	30.0
64	19	10.0
64	20	0.0
64	21	0.0
64	22	0.0
64	23	0.0
64	24	0.0
65	1	252.0
65	2	260.0
65	3	260.0
65	4	260.0
65	5	256.0
65	6	260.0
65	7	187.0
65	8	130.0
65	9	130.0
65	10	130.0
65	11	130.0
65	12	160.0
65	13	257.0
65	14	257.0
65	15	257.0
65	16	257.0
65	17	150.0
65	18	100.0
65	19	140.0
65	20	197.0
65	21	197.0
65	22	157.0
65	23	177.0
65	24	177.0
66	1	411.0
66	2	411.0
66	3	411.0
66	4	411.0
66	5	411.0
66	6	411.0
66	7	400.0
66	8	139.0
66	9	139.0
66	10	127.0
66	11	128.0
66	12	220.0
66	13	297.0
66	14	297.0
66	15	400.0
66	16	400.0
66	17	200.0
66	18	197.0
66	19	168.0
66	20	268.0
66	21	268.0
66	22	300.0
66	23	300.0
66	24	350.0
67	1	450.0
67	2	474.0
67	3	474.0
67	4	450.0
67	5	450.0
67	6	450.0
67	7	374.0
67	8	374.0
67	9	374.0
67	10	375.0
67	11	406.0
67	12	414.0
67	13	474.0
67	14	474.0
67	15	474.0
67	16	412.0
67	17	296.0
67	18	210.0
67	19	250.0
67	20	250.0
67	21	300.0
67	22	350.0
67	23	350.0
67	24	341.0
68	1	238.0
68	2	253.0
68	3	253.0
68	4	253.0
68	5	253.0
68	6	253.0
68	7	253.0
68	8	253.0
68	9	253.0
68	10	253.0
68	11	250.0
68	12	253.0
68	13	253.0
68	14	253.0
68	15	253.0
68	16	253.0
68	17	200.0
68	18	200.0
68	19	200.0
68	20	250.0
68	21	250.0
68	22	253.0
68	23	253.0
68	24	253.0
69	1	259.0
69	2	259.0
69	3	259.0
69	4	259.0
69	5	259.0
69	6	259.0
69	7	147.0
69	8	121.0
69	9	104.0
69	10	105.0
69	11	147.0
69	12	147.0
69	13	201.0
69	14	201.0
69	15	201.0
69	16	201.0
69	17	191.0
69	18	147.0
69	19	147.0
69	20	147.0
69	21	147.0
69	22	147.0
69	23	147.0
69	24	147.0
70	1	330.0
70	2	330.0
70	3	330.0
70	4	330.0
70	5	330.0
70	6	330.0
70	7	330.0
70	8	250.0
70	9	250.0
70	10	250.0
70	11	250.0
70	12	300.0
70	13	360.0
70	14	395.0
70	15	395.0
70	16	400.0
70	17	200.0
70	18	200.0
70	19	200.0
70	20	300.0
70	21	300.0
70	22	300.0
70	23	300.0
70	24	330.0
71	1	202.0
71	2	202.0
71	3	202.0
71	4	202.0
71	5	202.0
71	6	202.0
71	7	195.0
71	8	69.0
71	9	70.0
71	10	58.0
71	11	20.0
71	12	20.0
71	13	20.0
71	14	20.0
71	15	20.0
71	16	50.0
71	17	50.0
71	18	50.0
71	19	50.0
71	20	50.0
71	21	10.0
71	22	17.0
71	23	70.0
71	24	136.0
72	1	339.0
72	2	339.0
72	3	339.0
72	4	339.0
72	5	339.0
72	6	339.0
72	7	279.0
72	8	250.0
72	9	250.0
72	10	220.0
72	11	225.0
72	12	300.0
72	13	350.0
72	14	400.0
72	15	400.0
72	16	429.0
72	17	200.0
72	18	140.0
72	19	200.0
72	20	300.0
72	21	300.0
72	22	225.0
72	23	279.0
72	24	339.0
73	1	259.0
73	2	259.0
73	3	259.0
73	4	259.0
73	5	259.0
73	6	259.0
73	7	147.0
73	8	121.0
73	9	104.0
73	10	105.0
73	11	147.0
73	12	147.0
73	13	201.0
73	14	201.0
73	15	201.0
73	16	201.0
73	17	191.0
73	18	147.0
73	19	147.0
73	20	147.0
73	21	147.0
73	22	147.0
73	23	147.0
73	24	147.0
74	1	315.0
74	2	315.0
74	3	315.0
74	4	315.0
74	5	315.0
74	6	315.0
74	7	315.0
74	8	272.0
74	9	156.0
74	10	156.0
74	11	156.0
74	12	156.0
74	13	156.0
74	14	156.0
74	15	156.0
74	16	156.0
74	17	156.0
74	18	123.0
74	19	123.0
74	20	156.0
74	21	272.0
74	22	272.0
74	23	272.0
74	24	272.0
75	1	20.0
75	2	0.0
75	3	0.0
75	4	0.0
75	5	0.0
75	6	20.0
75	7	20.0
75	8	31.0
75	9	31.0
75	10	20.0
75	11	20.0
75	12	28.0
75	13	28.0
75	14	28.0
75	15	20.0
75	16	20.0
75	17	28.0
75	18	31.0
75	19	30.0
75	20	20.0
75	21	20.0
75	22	20.0
75	23	20.0
75	24	20.0
76	1	247.0
76	2	247.0
76	3	247.0
76	4	247.0
76	5	247.0
76	6	247.0
76	7	150.0
76	8	150.0
76	9	128.0
76	10	98.0
76	11	98.0
76	12	177.0
76	13	207.0
76	14	207.0
76	15	207.0
76	16	207.0
76	17	150.0
76	18	75.0
76	19	27.0
76	20	150.0
76	21	207.0
76	22	227.0
76	23	227.0
76	24	227.0
77	1	258.0
77	2	281.0
77	3	281.0
77	4	281.0
77	5	281.0
77	6	281.0
77	7	279.0
77	8	281.0
77	9	256.0
77	10	256.0
77	11	243.0
77	12	281.0
77	13	281.0
77	14	344.0
77	15	356.0
77	16	309.0
77	17	200.0
77	18	211.0
77	19	200.0
77	20	224.0
77	21	154.0
77	22	146.0
77	23	184.0
77	24	161.0
78	1	417.0
78	2	417.0
78	3	417.0
78	4	417.0
78	5	417.0
78	6	360.0
78	7	250.0
78	8	210.0
78	9	160.0
78	10	250.0
78	11	300.0
78	12	443.0
78	13	443.0
78	14	443.0
78	15	363.0
78	16	200.0
78	17	200.0
78	18	160.0
78	19	260.0
78	20	260.0
78	21	260.0
78	22	260.0
78	23	350.0
78	24	353.0
79	1	209.0
79	2	209.0
79	3	209.0
79	4	209.0
79	5	209.0
79	6	209.0
79	7	151.0
79	8	151.0
79	9	139.0
79	10	95.0
79	11	95.0
79	12	73.0
79	13	70.0
79	14	79.0
79	15	45.0
79	16	20.0
79	17	0.0
79	18	0.0
79	19	68.0
79	20	68.0
79	21	95.0
79	22	128.0
79	23	128.0
79	24	175.0
80	1	247.0
80	2	247.0
80	3	247.0
80	4	247.0
80	5	235.0
80	6	247.0
80	7	190.0
80	8	98.0
80	9	98.0
80	10	82.0
80	11	32.0
80	12	32.0
80	13	20.0
80	14	20.0
80	15	22.0
80	16	0.0
80	17	0.0
80	18	0.0
80	19	0.0
80	20	40.0
80	21	20.0
80	22	20.0
80	23	70.0
80	24	172.0
81	1	265.0
81	2	265.0
81	3	265.0
81	4	265.0
81	5	265.0
81	6	265.0
81	7	220.0
81	8	120.0
81	9	211.0
81	10	181.0
81	11	178.0
81	12	200.0
81	13	181.0
81	14	178.0
81	15	195.0
81	16	20.0
81	17	88.0
81	18	88.0
81	19	20.0
81	20	70.0
81	21	70.0
81	22	70.0
81	23	120.0
81	24	175.0
82	1	0.0
82	2	0.0
82	3	0.0
82	4	31.0
82	5	31.0
82	6	31.0
82	7	31.0
82	8	31.0
82	9	31.0
82	10	31.0
82	11	31.0
82	12	31.0
82	13	31.0
82	14	31.0
82	15	31.0
82	16	31.0
82	17	31.0
82	18	31.0
82	19	31.0
82	20	0.0
82	21	0.0
82	22	0.0
82	23	0.0
82	24	0.0
83	1	382.0
83	2	382.0
83	3	382.0
83	4	382.0
83	5	382.0
83	6	382.0
83	7	382.0
83	8	382.0
83	9	382.0
83	10	382.0
83	11	382.0
83	12	382.0
83	13	382.0
83	14	382.0
83	15	382.0
83	16	382.0
83	17	309.0
83	18	224.0
83	19	174.0
83	20	174.0
83	21	300.0
83	22	347.0
83	23	332.0
83	24	431.0
84	1	252.0
84	2	260.0
84	3	260.0
84	4	260.0
84	5	256.0
84	6	260.0
84	7	187.0
84	8	130.0
84	9	130.0
84	10	130.0
84	11	130.0
84	12	160.0
84	13	257.0
84	14	257.0
84	15	257.0
84	16	257.0
84	17	150.0
84	18	100.0
84	19	140.0
84	20	197.0
84	21	197.0
84	22	157.0
84	23	177.0
84	24	177.0
85	1	175.0
85	2	175.0
85	3	175.0
85	4	175.0
85	5	175.0
85	6	175.0
85	7	121.0
85	8	121.0
85	9	105.0
85	10	55.0
85	11	85.0
85	12	85.0
85	13	55.0
85	14	83.0
85	15	0.0
85	16	90.0
85	17	110.0
85	18	0.0
85	19	84.0
85	20	104.0
85	21	121.0
85	22	121.0
85	23	175.0
85	24	185.0
86	1	265.0
86	2	265.0
86	3	265.0
86	4	265.0
86	5	265.0
86	6	265.0
86	7	220.0
86	8	120.0
86	9	211.0
86	10	181.0
86	11	178.0
86	12	200.0
86	13	181.0
86	14	178.0
86	15	195.0
86	16	20.0
86	17	88.0
86	18	88.0
86	19	20.0
86	20	70.0
86	21	70.0
86	22	70.0
86	23	120.0
86	24	175.0
