Node	Time	ActivationDownPrice
3	1	0.0
3	2	-1.0
3	3	-6.0
3	4	-6.0
3	5	-7.0
3	6	-7.0
3	7	-7.0
3	8	-7.0
3	9	-5.0
3	10	1.56
3	11	0.77
3	12	-0.1
3	13	-6.0
3	14	-6.0
3	15	-5.0
3	16	-0.08
3	17	4.93
3	18	29.21
3	19	35.37
3	20	42.73
3	21	44.99
3	22	37.62
3	23	33.99
3	24	30.5
4	1	8.23
4	2	9.2
4	3	9.99
4	4	10.15
4	5	10.27
4	6	10.0
4	7	10.29
4	8	6.87
4	9	5.0
4	10	5.0
4	11	3.0
4	12	6.0
4	13	5.0
4	14	9.53
4	15	9.72
4	16	10.19
4	17	10.46
4	18	10.67
4	19	10.69
4	20	3.5
4	21	3.5
4	22	3.5
4	23	3.5
4	24	6.94
5	1	0.0
5	2	-1.0
5	3	-2.3
5	4	-2.3
5	5	9.0
5	6	20.0
5	7	56.51
5	8	57.07
5	9	35.0
5	10	34.0
5	11	12.0
5	12	2.0
5	13	-2.0
5	14	-2.0
5	15	2.0
5	16	16.0
5	17	32.72
5	18	25.0
5	19	25.0
5	20	34.14
5	21	25.78
5	22	20.65
5	23	10.16
5	24	3.31
6	1	85.43
6	2	84.34
6	3	82.54
6	4	81.7
6	5	83.23
6	6	86.34
6	7	88.98
6	8	94.88
6	9	129.11
6	10	117.16
6	11	109.91
6	12	102.5
6	13	97.11
6	14	82.0
6	15	83.5
6	16	115.69
6	17	123.88
6	18	133.56
6	19	133.53
6	20	126.38
6	21	116.51
6	22	99.96
6	23	91.69
6	24	90.91
7	1	22.0
7	2	20.5
7	3	15.2
7	4	16.66
7	5	17.82
7	6	16.73
7	7	19.72
7	8	24.0
7	9	21.42
7	10	24.0
7	11	23.5
7	12	23.5
7	13	22.0
7	14	24.0
7	15	24.0
7	16	27.44
7	17	23.0
7	18	22.0
7	19	22.0
7	20	22.0
7	21	-5.0
7	22	-5.0
7	23	-5.0
7	24	22.5
8	1	58.0
8	2	58.39
8	3	58.41
8	4	55.84
8	5	54.53
8	6	58.41
8	7	62.7
8	8	64.81
8	9	65.6
8	10	65.94
8	11	66.42
8	12	65.93
8	13	65.6
8	14	65.43
8	15	65.76
8	16	69.38
8	17	73.59
8	18	82.28
8	19	82.97
8	20	79.03
8	21	73.23
8	22	69.2
8	23	65.42
8	24	63.79
9	1	5.0
9	2	1.0
9	3	1.0
9	4	2.92
9	5	5.72
9	6	20.84
9	7	29.96
9	8	31.47
9	9	24.55
9	10	4.38
9	11	0.44
9	12	0.44
9	13	-0.04
9	14	-0.05
9	15	9.42
9	16	26.98
9	17	29.49
9	18	33.63
9	19	33.0
9	20	33.0
9	21	33.0
9	22	29.0
9	23	29.0
9	24	30.5
10	1	25.87
10	2	25.91
10	3	25.39
10	4	25.62
10	5	25.29
10	6	25.59
10	7	27.83
10	8	27.82
10	9	16.0
10	10	17.0
10	11	19.0
10	12	14.1
10	13	2.0
10	14	2.0
10	15	10.0
10	16	26.42
10	17	27.82
10	18	27.82
10	19	26.68
10	20	25.97
10	21	25.58
10	22	28.0
10	23	27.61
10	24	26.46
11	1	36.93
11	2	36.71
11	3	36.55
11	4	22.0
11	5	15.0
11	6	6.13
11	7	5.54
11	8	3.5
11	9	0.33
11	10	-0.04
11	11	-0.02
11	12	-1.0
11	13	-4.0
11	14	-8.0
11	15	-8.0
11	16	-4.2
11	17	0.01
11	18	1.94
11	19	0.44
11	20	6.69
11	21	9.91
11	22	0.0
11	23	0.0
11	24	-0.02
12	1	9.17
12	2	8.91
12	3	8.83
12	4	8.79
12	5	8.76
12	6	9.1
12	7	11.75
12	8	14.99
12	9	17.91
12	10	10.03
12	11	4.82
12	12	0.23
12	13	0.23
12	14	1.6
12	15	8.34
12	16	12.23
12	17	34.92
12	18	35.92
12	19	17.0
12	20	17.0
12	21	17.0
12	22	7.0
12	23	7.0
12	24	13.47
13	1	19.67
13	2	11.0
13	3	11.0
13	4	11.0
13	5	10.0
13	6	12.0
13	7	26.0
13	8	35.0
13	9	26.75
13	10	16.8
13	11	8.93
13	12	-1.0
13	13	-1.0
13	14	-1.0
13	15	-1.0
13	16	10.0
13	17	17.28
13	18	17.54
13	19	10.0
13	20	10.0
13	21	10.0
13	22	12.0
13	23	12.0
13	24	19.59
14	1	36.33
14	2	31.66
14	3	28.86
14	4	22.51
14	5	10.04
14	6	1.79
14	7	0.24
14	8	0.0
14	9	-0.05
14	10	-0.03
14	11	-0.05
14	12	-0.22
14	13	-0.64
14	14	-0.95
14	15	-0.02
14	16	1.19
14	17	9.47
14	18	5.0
14	19	22.5
14	20	28.5
14	21	34.5
14	22	35.0
14	23	35.47
14	24	25.7
15	1	21.54
15	2	21.24
15	3	21.08
15	4	21.15
15	5	21.04
15	6	22.3
15	7	24.06
15	8	24.79
15	9	25.15
15	10	25.0
15	11	17.0
15	12	18.0
15	13	2.0
15	14	2.0
15	15	13.0
15	16	13.5
15	17	14.0
15	18	14.0
15	19	14.0
15	20	13.0
15	21	8.12
15	22	10.0
15	23	14.0
15	24	20.55
16	1	8.23
16	2	9.2
16	3	9.99
16	4	10.15
16	5	10.27
16	6	10.0
16	7	10.29
16	8	6.87
16	9	5.0
16	10	5.0
16	11	3.0
16	12	6.0
16	13	5.0
16	14	9.53
16	15	9.72
16	16	10.19
16	17	10.46
16	18	10.67
16	19	10.69
16	20	3.5
16	21	3.5
16	22	3.5
16	23	3.5
16	24	6.94
17	1	-0.06
17	2	-0.15
17	3	-0.22
17	4	-0.2
17	5	-0.08
17	6	0.01
17	7	2.01
17	8	-1.0
17	9	-4.0
17	10	-4.0
17	11	-3.0
17	12	-3.0
17	13	-1.0
17	14	-3.0
17	15	-3.0
17	16	0.22
17	17	3.03
17	18	3.12
17	19	3.04
17	20	0.0
17	21	0.0
17	22	-3.0
17	23	-3.0
17	24	1.01
18	1	52.23
18	2	48.05
18	3	46.88
18	4	46.12
18	5	46.36
18	6	47.1
18	7	48.34
18	8	53.31
18	9	57.54
18	10	60.89
18	11	61.93
18	12	61.21
18	13	61.5
18	14	61.77
18	15	62.82
18	16	51.62
18	17	42.0
18	18	40.0
18	19	37.5
18	20	33.5
18	21	33.5
18	22	30.0
18	23	30.0
18	24	30.92
19	1	32.63
19	2	22.83
19	3	17.53
19	4	18.24
19	5	17.35
19	6	31.83
19	7	33.71
19	8	32.92
19	9	33.88
19	10	34.21
19	11	33.78
19	12	32.76
19	13	33.65
19	14	33.68
19	15	33.75
19	16	34.5
19	17	34.41
19	18	35.11
19	19	34.48
19	20	68.46
19	21	66.6
19	22	67.0
19	23	67.0
19	24	36.66
20	1	-2.0
20	2	-3.8
20	3	-6.0
20	4	-5.62
20	5	-7.91
20	6	-5.0
20	7	15.0
20	8	30.89
20	9	15.0
20	10	15.0
20	11	15.0
20	12	21.0
20	13	21.0
20	14	25.0
20	15	25.0
20	16	25.0
20	17	29.0
20	18	36.4
20	19	35.78
20	20	36.0
20	21	35.6
20	22	34.55
20	23	26.0
20	24	21.5
21	1	29.98
21	2	19.46
21	3	16.99
21	4	16.99
21	5	5.0
21	6	5.5
21	7	5.5
21	8	29.5
21	9	29.5
21	10	29.5
21	11	20.0
21	12	17.17
21	13	17.0
21	14	20.0
21	15	44.27
21	16	49.14
21	17	54.16
21	18	56.02
21	19	57.71
21	20	58.4
21	21	58.63
21	22	58.05
21	23	57.78
21	24	49.5
22	1	22.0
22	2	20.5
22	3	15.2
22	4	16.66
22	5	17.82
22	6	16.73
22	7	19.72
22	8	24.0
22	9	21.42
22	10	24.0
22	11	23.5
22	12	23.5
22	13	22.0
22	14	24.0
22	15	24.0
22	16	27.44
22	17	23.0
22	18	22.0
22	19	22.0
22	20	22.0
22	21	-5.0
22	22	-5.0
22	23	-5.0
22	24	22.5
23	1	61.14
23	2	62.03
23	3	62.03
23	4	62.34
23	5	62.33
23	6	62.35
23	7	63.35
23	8	62.64
23	9	64.74
23	10	64.74
23	11	65.72
23	12	67.47
23	13	67.27
23	14	66.18
23	15	66.91
23	16	68.01
23	17	64.0
23	18	65.0
23	19	84.91
23	20	69.06
23	21	58.0
23	22	58.0
23	23	56.0
23	24	55.0
24	1	22.0
24	2	20.0
24	3	31.5
24	4	25.0
24	5	29.0
24	6	40.0
24	7	49.0
24	8	56.96
24	9	79.29
24	10	50.309
24	11	49.0
24	12	46.28
24	13	46.28
24	14	47.0
24	15	46.0
24	16	45.0
24	17	45.0
24	18	46.0
24	19	52.41
24	20	49.42
24	21	47.62
24	22	45.4
24	23	43.99
24	24	42.16
25	1	62.0
25	2	62.0
25	3	68.47
25	4	67.56
25	5	60.06
25	6	59.5
25	7	62.0
25	8	71.05
25	9	87.0
25	10	93.0
25	11	106.91
25	12	107.66
25	13	114.06
25	14	117.92
25	15	80.0
25	16	75.0
25	17	79.0
25	18	80.45
25	19	80.45
25	20	89.0
25	21	84.5
25	22	75.0
25	23	75.0
25	24	72.0
26	1	37.97
26	2	37.92
26	3	37.62
26	4	37.5
26	5	37.73
26	6	34.0
26	7	34.0
26	8	17.0
26	9	18.0
26	10	18.73
26	11	32.25
26	12	27.36
26	13	18.0
26	14	16.0
26	15	26.0
26	16	38.03
26	17	38.82
26	18	44.96
26	19	46.99
26	20	38.0
26	21	33.0
26	22	29.51
26	23	29.51
26	24	30.0
