Node	Time	EnergyCarrier	ReferenceDemand
3	1	Electricity	28.428005770045466
3	2	Electricity	28.195684653941548
3	3	Electricity	27.971810390815506
3	4	Electricity	27.97224550070803
3	5	Electricity	28.340701488249493
3	6	Electricity	29.283704696725394
3	7	Electricity	30.656947343847968
3	8	Electricity	32.56494648444379
3	9	Electricity	36.414709805099804
3	10	Electricity	40.19413405053381
3	11	Electricity	43.41941773659378
3	12	Electricity	43.906438218103624
3	13	Electricity	43.649033332139645
3	14	Electricity	42.97138949141004
3	15	Electricity	44.38906260242531
3	16	Electricity	44.212154262747376
3	17	Electricity	44.157830363206095
3	18	Electricity	43.43692261828048
3	19	Electricity	41.19413569212957
3	20	Electricity	36.24417867701089
3	21	Electricity	31.69147527085934
3	22	Electricity	30.41286929139757
3	23	Electricity	30.204719184781133
3	24	Electricity	29.469909865015314
3	1	LT	0.7832730662321515
3	2	LT	0.9096074317534664
3	3	LT	0.9096074317534664
3	4	LT	0.9096074317534664
3	5	LT	0.9096074317534664
3	6	LT	1.1370092896918327
3	7	LT	1.3391442745259368
3	8	LT	1.591813005568566
3	9	LT	1.591813005568566
3	10	LT	1.591813005568566
3	11	LT	1.591813005568566
3	12	LT	1.591813005568566
3	13	LT	1.591813005568566
3	14	LT	1.591813005568566
3	15	LT	1.591813005568566
3	16	LT	1.4149448938387255
3	17	LT	1.3896780207344623
3	18	LT	1.187543035900359
3	19	LT	1.11174241658757
3	20	LT	0.9348743048577294
3	21	LT	0.7832730662321515
3	22	LT	0.6822055738150998
3	23	LT	0.6822055738150998
3	24	LT	0.6822055738150998
3	1	MT	18.913277506225796
3	2	MT	18.918541438122517
3	3	MT	18.918541438122517
3	4	MT	18.918541438122517
3	5	MT	18.918541438122517
3	6	MT	18.928016515536616
3	7	MT	18.93643880657137
3	8	MT	18.946966670364812
3	9	MT	18.946966670364812
3	10	MT	18.946966670364812
3	11	MT	18.946966670364812
3	12	MT	18.946966670364812
3	13	MT	18.946966670364812
3	14	MT	18.946966670364812
3	15	MT	18.946966670364812
3	16	MT	18.939597165709404
3	17	MT	18.938544379330057
3	18	MT	18.930122088295306
3	19	MT	18.926963729157272
3	20	MT	18.91959422450186
3	21	MT	18.913277506225796
3	22	MT	18.90906636070842
3	23	MT	18.90906636070842
3	24	MT	18.90906636070842
3	1	H2	0.0
3	2	H2	0.0
3	3	H2	0.0
3	4	H2	0.0
3	5	H2	0.0
3	6	H2	0.0
3	7	H2	0.0
3	8	H2	0.0
3	9	H2	0.0
3	10	H2	0.0
3	11	H2	0.0
3	12	H2	0.0
3	13	H2	0.0
3	14	H2	0.0
3	15	H2	0.0
3	16	H2	0.0
3	17	H2	0.0
3	18	H2	0.0
3	19	H2	0.0
3	20	H2	0.0
3	21	H2	0.0
3	22	H2	0.0
3	23	H2	0.0
3	24	H2	0.0
3	1	CH4	0.0
3	2	CH4	0.0
3	3	CH4	0.0
3	4	CH4	0.0
3	5	CH4	0.0
3	6	CH4	0.0
3	7	CH4	0.0
3	8	CH4	0.0
3	9	CH4	0.0
3	10	CH4	0.0
3	11	CH4	0.0
3	12	CH4	0.0
3	13	CH4	0.0
3	14	CH4	0.0
3	15	CH4	0.0
3	16	CH4	0.0
3	17	CH4	0.0
3	18	CH4	0.0
3	19	CH4	0.0
3	20	CH4	0.0
3	21	CH4	0.0
3	22	CH4	0.0
3	23	CH4	0.0
3	24	CH4	0.0
3	1	Biogas	0.0
3	2	Biogas	0.0
3	3	Biogas	0.0
3	4	Biogas	0.0
3	5	Biogas	0.0
3	6	Biogas	0.0
3	7	Biogas	0.0
3	8	Biogas	0.0
3	9	Biogas	0.0
3	10	Biogas	0.0
3	11	Biogas	0.0
3	12	Biogas	0.0
3	13	Biogas	0.0
3	14	Biogas	0.0
3	15	Biogas	0.0
3	16	Biogas	0.0
3	17	Biogas	0.0
3	18	Biogas	0.0
3	19	Biogas	0.0
3	20	Biogas	0.0
3	21	Biogas	0.0
3	22	Biogas	0.0
3	23	Biogas	0.0
3	24	Biogas	0.0
3	1	CH4_H2_Mix	0.0
3	2	CH4_H2_Mix	0.0
3	3	CH4_H2_Mix	0.0
3	4	CH4_H2_Mix	0.0
3	5	CH4_H2_Mix	0.0
3	6	CH4_H2_Mix	0.0
3	7	CH4_H2_Mix	0.0
3	8	CH4_H2_Mix	0.0
3	9	CH4_H2_Mix	0.0
3	10	CH4_H2_Mix	0.0
3	11	CH4_H2_Mix	0.0
3	12	CH4_H2_Mix	0.0
3	13	CH4_H2_Mix	0.0
3	14	CH4_H2_Mix	0.0
3	15	CH4_H2_Mix	0.0
3	16	CH4_H2_Mix	0.0
3	17	CH4_H2_Mix	0.0
3	18	CH4_H2_Mix	0.0
3	19	CH4_H2_Mix	0.0
3	20	CH4_H2_Mix	0.0
3	21	CH4_H2_Mix	0.0
3	22	CH4_H2_Mix	0.0
3	23	CH4_H2_Mix	0.0
3	24	CH4_H2_Mix	0.0
4	1	Electricity	30.542996261313828
4	2	Electricity	29.647249767425407
4	3	Electricity	29.215260210528225
4	4	Electricity	29.08633251019461
4	5	Electricity	29.279640157683964
4	6	Electricity	30.011486965123265
4	7	Electricity	31.671293169886933
4	8	Electricity	32.23999829371031
4	9	Electricity	35.5214380636508
4	10	Electricity	39.49609543123103
4	11	Electricity	42.57209776010759
4	12	Electricity	43.52162118140897
4	13	Electricity	43.20312968399355
4	14	Electricity	43.06112302064532
4	15	Electricity	43.621817845584346
4	16	Electricity	44.06944125842297
4	17	Electricity	43.99901748207883
4	18	Electricity	43.36102238104834
4	19	Electricity	41.72072712917911
4	20	Electricity	36.84290085998294
4	21	Electricity	31.938116906779452
4	22	Electricity	30.99216458917584
4	23	Electricity	30.547995755816974
4	24	Electricity	29.575826857353796
4	1	LT	1.8346965756778
4	2	LT	2.1306153782064774
4	3	LT	2.1306153782064774
4	4	LT	2.1306153782064774
4	5	LT	2.1306153782064774
4	6	LT	2.663269222758097
4	7	LT	3.136739306803981
4	8	LT	3.728576911861336
4	9	LT	3.728576911861336
4	10	LT	3.728576911861336
4	11	LT	3.728576911861336
4	12	LT	3.728576911861336
4	13	LT	3.728576911861336
4	14	LT	3.728576911861336
4	15	LT	3.728576911861336
4	16	LT	3.3142905883211875
4	17	LT	3.255106827815452
4	18	LT	2.7816367437695684
4	19	LT	2.6040854622523617
4	20	LT	2.189799138712213
4	21	LT	1.8346965756778
4	22	LT	1.5979615336548583
4	23	LT	1.5979615336548583
4	24	LT	1.5979615336548583
4	1	MT	24.19037538719815
4	2	MT	24.20270533730351
4	3	MT	24.20270533730351
4	4	MT	24.20270533730351
4	5	MT	24.20270533730351
4	6	MT	24.22489924749316
4	7	MT	24.24462716766174
4	8	MT	24.26928706787246
4	9	MT	24.26928706787246
4	10	MT	24.26928706787246
4	11	MT	24.26928706787246
4	12	MT	24.26928706787246
4	13	MT	24.26928706787246
4	14	MT	24.26928706787246
4	15	MT	24.26928706787246
4	16	MT	24.252025137724956
4	17	MT	24.249559147703884
4	18	MT	24.229831227535303
4	19	MT	24.222433257472087
4	20	MT	24.20517132732458
4	21	MT	24.19037538719815
4	22	MT	24.18051142711386
4	23	MT	24.18051142711386
4	24	MT	24.18051142711386
4	1	H2	0.0
4	2	H2	0.0
4	3	H2	0.0
4	4	H2	0.0
4	5	H2	0.0
4	6	H2	0.0
4	7	H2	0.0
4	8	H2	0.0
4	9	H2	0.0
4	10	H2	0.0
4	11	H2	0.0
4	12	H2	0.0
4	13	H2	0.0
4	14	H2	0.0
4	15	H2	0.0
4	16	H2	0.0
4	17	H2	0.0
4	18	H2	0.0
4	19	H2	0.0
4	20	H2	0.0
4	21	H2	0.0
4	22	H2	0.0
4	23	H2	0.0
4	24	H2	0.0
4	1	CH4	0.0
4	2	CH4	0.0
4	3	CH4	0.0
4	4	CH4	0.0
4	5	CH4	0.0
4	6	CH4	0.0
4	7	CH4	0.0
4	8	CH4	0.0
4	9	CH4	0.0
4	10	CH4	0.0
4	11	CH4	0.0
4	12	CH4	0.0
4	13	CH4	0.0
4	14	CH4	0.0
4	15	CH4	0.0
4	16	CH4	0.0
4	17	CH4	0.0
4	18	CH4	0.0
4	19	CH4	0.0
4	20	CH4	0.0
4	21	CH4	0.0
4	22	CH4	0.0
4	23	CH4	0.0
4	24	CH4	0.0
4	1	Biogas	0.0
4	2	Biogas	0.0
4	3	Biogas	0.0
4	4	Biogas	0.0
4	5	Biogas	0.0
4	6	Biogas	0.0
4	7	Biogas	0.0
4	8	Biogas	0.0
4	9	Biogas	0.0
4	10	Biogas	0.0
4	11	Biogas	0.0
4	12	Biogas	0.0
4	13	Biogas	0.0
4	14	Biogas	0.0
4	15	Biogas	0.0
4	16	Biogas	0.0
4	17	Biogas	0.0
4	18	Biogas	0.0
4	19	Biogas	0.0
4	20	Biogas	0.0
4	21	Biogas	0.0
4	22	Biogas	0.0
4	23	Biogas	0.0
4	24	Biogas	0.0
4	1	CH4_H2_Mix	0.0
4	2	CH4_H2_Mix	0.0
4	3	CH4_H2_Mix	0.0
4	4	CH4_H2_Mix	0.0
4	5	CH4_H2_Mix	0.0
4	6	CH4_H2_Mix	0.0
4	7	CH4_H2_Mix	0.0
4	8	CH4_H2_Mix	0.0
4	9	CH4_H2_Mix	0.0
4	10	CH4_H2_Mix	0.0
4	11	CH4_H2_Mix	0.0
4	12	CH4_H2_Mix	0.0
4	13	CH4_H2_Mix	0.0
4	14	CH4_H2_Mix	0.0
4	15	CH4_H2_Mix	0.0
4	16	CH4_H2_Mix	0.0
4	17	CH4_H2_Mix	0.0
4	18	CH4_H2_Mix	0.0
4	19	CH4_H2_Mix	0.0
4	20	CH4_H2_Mix	0.0
4	21	CH4_H2_Mix	0.0
4	22	CH4_H2_Mix	0.0
4	23	CH4_H2_Mix	0.0
4	24	CH4_H2_Mix	0.0
5	1	Electricity	28.676389897821316
5	2	Electricity	28.347853982410076
5	3	Electricity	28.553126987254224
5	4	Electricity	28.92151697227603
5	5	Electricity	30.95228834981299
5	6	Electricity	35.819609171513285
5	7	Electricity	46.66999270139516
5	8	Electricity	57.90095838922213
5	9	Electricity	72.39556678063626
5	10	Electricity	81.57953032390593
5	11	Electricity	87.00316968678143
5	12	Electricity	87.76286768258717
5	13	Electricity	79.60277345751581
5	14	Electricity	80.07485264080867
5	15	Electricity	86.24769303984208
5	16	Electricity	86.61827076135604
5	17	Electricity	83.71624788184378
5	18	Electricity	78.06050547721627
5	19	Electricity	70.43216940697194
5	20	Electricity	57.37704749058692
5	21	Electricity	43.792035582054986
5	22	Electricity	37.02043659098206
5	23	Electricity	34.77274936413394
5	24	Electricity	33.47889305277679
5	1	LT	6.322570014761513
5	2	LT	6.322570014761513
5	3	LT	6.322570014761513
5	4	LT	6.322570014761513
5	5	LT	6.322570014761513
5	6	LT	6.322570014761513
5	7	LT	6.322570014761513
5	8	LT	27.50317956421258
5	9	LT	30.941077009739153
5	10	LT	34.37897445526572
5	11	LT	34.37897445526572
5	12	LT	41.25476934631886
5	13	LT	41.25476934631886
5	14	LT	27.50317956421258
5	15	LT	41.25476934631886
5	16	LT	41.25476934631886
5	17	LT	34.37897445526572
5	18	LT	27.661243814581617
5	19	LT	9.879015648064863
5	20	LT	9.879015648064863
5	21	LT	9.879015648064863
5	22	LT	9.879015648064863
5	23	LT	9.879015648064863
5	24	LT	9.879015648064863
5	1	MT	51.43341951231933
5	2	MT	51.43341951231933
5	3	MT	51.43341951231933
5	4	MT	51.43341951231933
5	5	MT	51.43341951231933
5	6	MT	51.43341951231933
5	7	MT	51.43341951231933
5	8	MT	219.72281769891958
5	9	MT	247.18816991128455
5	10	MT	274.65352212364945
5	11	MT	274.65352212364945
5	12	MT	329.5842265483793
5	13	MT	329.5842265483793
5	14	MT	219.72281769891958
5	15	MT	329.5842265483793
5	16	MT	329.5842265483793
5	17	MT	203.43063218451599
5	18	MT	77.44827409188576
5	19	MT	57.515434048214345
5	20	MT	57.515434048214345
5	21	MT	57.515434048214345
5	22	MT	57.515434048214345
5	23	MT	57.515434048214345
5	24	MT	57.515434048214345
5	1	H2	0.0
5	2	H2	0.0
5	3	H2	0.0
5	4	H2	0.0
5	5	H2	0.0
5	6	H2	0.0
5	7	H2	0.0
5	8	H2	0.0
5	9	H2	0.0
5	10	H2	0.0
5	11	H2	0.0
5	12	H2	0.0
5	13	H2	0.0
5	14	H2	0.0
5	15	H2	0.0
5	16	H2	0.0
5	17	H2	0.0
5	18	H2	0.0
5	19	H2	0.0
5	20	H2	0.0
5	21	H2	0.0
5	22	H2	0.0
5	23	H2	0.0
5	24	H2	0.0
5	1	CH4	0.0
5	2	CH4	0.0
5	3	CH4	0.0
5	4	CH4	0.0
5	5	CH4	0.0
5	6	CH4	0.0
5	7	CH4	0.0
5	8	CH4	0.0
5	9	CH4	0.0
5	10	CH4	0.0
5	11	CH4	0.0
5	12	CH4	0.0
5	13	CH4	0.0
5	14	CH4	0.0
5	15	CH4	0.0
5	16	CH4	0.0
5	17	CH4	0.0
5	18	CH4	0.0
5	19	CH4	0.0
5	20	CH4	0.0
5	21	CH4	0.0
5	22	CH4	0.0
5	23	CH4	0.0
5	24	CH4	0.0
5	1	Biogas	0.0
5	2	Biogas	0.0
5	3	Biogas	0.0
5	4	Biogas	0.0
5	5	Biogas	0.0
5	6	Biogas	0.0
5	7	Biogas	0.0
5	8	Biogas	0.0
5	9	Biogas	0.0
5	10	Biogas	0.0
5	11	Biogas	0.0
5	12	Biogas	0.0
5	13	Biogas	0.0
5	14	Biogas	0.0
5	15	Biogas	0.0
5	16	Biogas	0.0
5	17	Biogas	0.0
5	18	Biogas	0.0
5	19	Biogas	0.0
5	20	Biogas	0.0
5	21	Biogas	0.0
5	22	Biogas	0.0
5	23	Biogas	0.0
5	24	Biogas	0.0
5	1	CH4_H2_Mix	0.0
5	2	CH4_H2_Mix	0.0
5	3	CH4_H2_Mix	0.0
5	4	CH4_H2_Mix	0.0
5	5	CH4_H2_Mix	0.0
5	6	CH4_H2_Mix	0.0
5	7	CH4_H2_Mix	0.0
5	8	CH4_H2_Mix	0.0
5	9	CH4_H2_Mix	0.0
5	10	CH4_H2_Mix	0.0
5	11	CH4_H2_Mix	0.0
5	12	CH4_H2_Mix	0.0
5	13	CH4_H2_Mix	0.0
5	14	CH4_H2_Mix	0.0
5	15	CH4_H2_Mix	0.0
5	16	CH4_H2_Mix	0.0
5	17	CH4_H2_Mix	0.0
5	18	CH4_H2_Mix	0.0
5	19	CH4_H2_Mix	0.0
5	20	CH4_H2_Mix	0.0
5	21	CH4_H2_Mix	0.0
5	22	CH4_H2_Mix	0.0
5	23	CH4_H2_Mix	0.0
5	24	CH4_H2_Mix	0.0
6	1	Electricity	47.68422813473618
6	2	Electricity	47.69098970648765
6	3	Electricity	47.478584046244094
6	4	Electricity	48.015145562942955
6	5	Electricity	49.307334835612714
6	6	Electricity	54.506996130247764
6	7	Electricity	64.917653341086
6	8	Electricity	79.53831534614774
6	9	Electricity	98.90837199044913
6	10	Electricity	109.98391608515294
6	11	Electricity	113.5106239038358
6	12	Electricity	112.55415268486378
6	13	Electricity	100.38920163301016
6	14	Electricity	99.60103364671218
6	15	Electricity	106.57893023990076
6	16	Electricity	105.29547133966952
6	17	Electricity	103.4541046437351
6	18	Electricity	99.76191414227951
6	19	Electricity	90.85275146883728
6	20	Electricity	76.31534757575342
6	21	Electricity	60.549052625265254
6	22	Electricity	51.86915954721214
6	23	Electricity	49.01026045906147
6	24	Electricity	47.53476610040589
6	1	LT	50.47844847075441
6	2	LT	50.47844847075441
6	3	LT	50.47844847075441
6	4	LT	50.47844847075441
6	5	LT	50.47844847075441
6	6	LT	50.47844847075441
6	7	LT	50.47844847075441
6	8	LT	145.4104983367216
6	9	LT	162.24750340728932
6	10	LT	179.0845084778571
6	11	LT	179.0845084778571
6	12	LT	214.28915544358972
6	13	LT	214.28915544358972
6	14	LT	142.34922468752742
6	15	LT	214.28915544358972
6	16	LT	214.28915544358972
6	17	LT	179.11707521880598
6	18	LT	142.31665794657857
6	19	LT	50.47844847075441
6	20	LT	50.47844847075441
6	21	LT	50.47844847075441
6	22	LT	50.47844847075441
6	23	LT	50.47844847075441
6	24	LT	50.47844847075441
6	1	MT	110.61552352372917
6	2	MT	139.91247183251633
6	3	MT	139.91247183251633
6	4	MT	139.91247183251633
6	5	MT	139.91247183251633
6	6	MT	139.91247183251633
6	7	MT	139.91247183251633
6	8	MT	516.8151604879988
6	9	MT	576.6569159129251
6	10	MT	636.4986713378514
6	11	MT	636.4986713378514
6	12	MT	761.6223417717879
6	13	MT	761.6223417717879
6	14	MT	505.9348413198304
6	15	MT	761.6223417717879
6	16	MT	761.6223417717879
6	17	MT	506.05599764228987
6	18	MT	287.3443263002504
6	19	MT	142.57583076967882
6	20	MT	142.57583076967882
6	21	MT	142.57583076967882
6	22	MT	142.57583076967882
6	23	MT	142.57583076967882
6	24	MT	142.57583076967882
6	1	H2	0.0
6	2	H2	0.0
6	3	H2	0.0
6	4	H2	0.0
6	5	H2	0.0
6	6	H2	0.0
6	7	H2	0.0
6	8	H2	0.0
6	9	H2	0.0
6	10	H2	0.0
6	11	H2	0.0
6	12	H2	0.0
6	13	H2	0.0
6	14	H2	0.0
6	15	H2	0.0
6	16	H2	0.0
6	17	H2	0.0
6	18	H2	0.0
6	19	H2	0.0
6	20	H2	0.0
6	21	H2	0.0
6	22	H2	0.0
6	23	H2	0.0
6	24	H2	0.0
6	1	CH4	0.0
6	2	CH4	0.0
6	3	CH4	0.0
6	4	CH4	0.0
6	5	CH4	0.0
6	6	CH4	0.0
6	7	CH4	0.0
6	8	CH4	0.0
6	9	CH4	0.0
6	10	CH4	0.0
6	11	CH4	0.0
6	12	CH4	0.0
6	13	CH4	0.0
6	14	CH4	0.0
6	15	CH4	0.0
6	16	CH4	0.0
6	17	CH4	0.0
6	18	CH4	0.0
6	19	CH4	0.0
6	20	CH4	0.0
6	21	CH4	0.0
6	22	CH4	0.0
6	23	CH4	0.0
6	24	CH4	0.0
6	1	Biogas	0.0
6	2	Biogas	0.0
6	3	Biogas	0.0
6	4	Biogas	0.0
6	5	Biogas	0.0
6	6	Biogas	0.0
6	7	Biogas	0.0
6	8	Biogas	0.0
6	9	Biogas	0.0
6	10	Biogas	0.0
6	11	Biogas	0.0
6	12	Biogas	0.0
6	13	Biogas	0.0
6	14	Biogas	0.0
6	15	Biogas	0.0
6	16	Biogas	0.0
6	17	Biogas	0.0
6	18	Biogas	0.0
6	19	Biogas	0.0
6	20	Biogas	0.0
6	21	Biogas	0.0
6	22	Biogas	0.0
6	23	Biogas	0.0
6	24	Biogas	0.0
6	1	CH4_H2_Mix	0.0
6	2	CH4_H2_Mix	0.0
6	3	CH4_H2_Mix	0.0
6	4	CH4_H2_Mix	0.0
6	5	CH4_H2_Mix	0.0
6	6	CH4_H2_Mix	0.0
6	7	CH4_H2_Mix	0.0
6	8	CH4_H2_Mix	0.0
6	9	CH4_H2_Mix	0.0
6	10	CH4_H2_Mix	0.0
6	11	CH4_H2_Mix	0.0
6	12	CH4_H2_Mix	0.0
6	13	CH4_H2_Mix	0.0
6	14	CH4_H2_Mix	0.0
6	15	CH4_H2_Mix	0.0
6	16	CH4_H2_Mix	0.0
6	17	CH4_H2_Mix	0.0
6	18	CH4_H2_Mix	0.0
6	19	CH4_H2_Mix	0.0
6	20	CH4_H2_Mix	0.0
6	21	CH4_H2_Mix	0.0
6	22	CH4_H2_Mix	0.0
6	23	CH4_H2_Mix	0.0
6	24	CH4_H2_Mix	0.0
7	1	Electricity	39.079024141345315
7	2	Electricity	38.91138617859779
7	3	Electricity	38.82533520990631
7	4	Electricity	38.99852706298521
7	5	Electricity	40.10419516605023
7	6	Electricity	45.32886860324282
7	7	Electricity	55.32949282512901
7	8	Electricity	68.94477326114269
7	9	Electricity	86.18720713999852
7	10	Electricity	95.18261579994171
7	11	Electricity	98.06460647134384
7	12	Electricity	95.82791617639708
7	13	Electricity	85.74974715238598
7	14	Electricity	84.53519678293826
7	15	Electricity	89.63490578741023
7	16	Electricity	88.58098611742955
7	17	Electricity	84.5770423550622
7	18	Electricity	78.76239352562118
7	19	Electricity	68.42618969063894
7	20	Electricity	59.30004562142939
7	21	Electricity	48.41722191647959
7	22	Electricity	42.492633690856444
7	23	Electricity	40.9951597330502
7	24	Electricity	40.49378239866728
7	1	LT	13.824284208879416
7	2	LT	13.824284208879416
7	3	LT	13.824284208879416
7	4	LT	13.824284208879416
7	5	LT	13.824284208879416
7	6	LT	13.824284208879416
7	7	LT	13.824284208879416
7	8	LT	38.08590299546279
7	9	LT	42.495849658095324
7	10	LT	46.90579632072785
7	11	LT	46.90579632072785
7	12	LT	56.126593888050415
7	13	LT	56.126593888050415
7	14	LT	37.28409451134778
7	15	LT	56.126593888050415
7	16	LT	56.126593888050415
7	17	LT	46.89888417862341
7	18	LT	37.29100665345222
7	19	LT	13.824284208879416
7	20	LT	13.824284208879416
7	21	LT	13.824284208879416
7	22	LT	13.824284208879416
7	23	LT	13.824284208879416
7	24	LT	13.824284208879416
7	1	MT	65.1993161438653
7	2	MT	65.1993161438653
7	3	MT	65.1993161438653
7	4	MT	65.1993161438653
7	5	MT	65.1993161438653
7	6	MT	65.1993161438653
7	7	MT	65.1993161438653
7	8	MT	246.56529833745157
7	9	MT	275.11496446073545
7	10	MT	303.66463058401933
7	11	MT	303.66463058401933
7	12	MT	363.35938702361284
7	13	MT	363.35938702361284
7	14	MT	241.37444995139998
7	15	MT	363.35938702361284
7	16	MT	363.35938702361284
7	17	MT	229.0988038175817
7	18	MT	116.4940575880772
7	19	MT	65.1993161438653
7	20	MT	65.1993161438653
7	21	MT	65.1993161438653
7	22	MT	65.1993161438653
7	23	MT	65.1993161438653
7	24	MT	65.1993161438653
7	1	H2	0.0
7	2	H2	0.0
7	3	H2	0.0
7	4	H2	0.0
7	5	H2	0.0
7	6	H2	0.0
7	7	H2	0.0
7	8	H2	0.0
7	9	H2	0.0
7	10	H2	0.0
7	11	H2	0.0
7	12	H2	0.0
7	13	H2	0.0
7	14	H2	0.0
7	15	H2	0.0
7	16	H2	0.0
7	17	H2	0.0
7	18	H2	0.0
7	19	H2	0.0
7	20	H2	0.0
7	21	H2	0.0
7	22	H2	0.0
7	23	H2	0.0
7	24	H2	0.0
7	1	CH4	0.0
7	2	CH4	0.0
7	3	CH4	0.0
7	4	CH4	0.0
7	5	CH4	0.0
7	6	CH4	0.0
7	7	CH4	0.0
7	8	CH4	0.0
7	9	CH4	0.0
7	10	CH4	0.0
7	11	CH4	0.0
7	12	CH4	0.0
7	13	CH4	0.0
7	14	CH4	0.0
7	15	CH4	0.0
7	16	CH4	0.0
7	17	CH4	0.0
7	18	CH4	0.0
7	19	CH4	0.0
7	20	CH4	0.0
7	21	CH4	0.0
7	22	CH4	0.0
7	23	CH4	0.0
7	24	CH4	0.0
7	1	Biogas	0.0
7	2	Biogas	0.0
7	3	Biogas	0.0
7	4	Biogas	0.0
7	5	Biogas	0.0
7	6	Biogas	0.0
7	7	Biogas	0.0
7	8	Biogas	0.0
7	9	Biogas	0.0
7	10	Biogas	0.0
7	11	Biogas	0.0
7	12	Biogas	0.0
7	13	Biogas	0.0
7	14	Biogas	0.0
7	15	Biogas	0.0
7	16	Biogas	0.0
7	17	Biogas	0.0
7	18	Biogas	0.0
7	19	Biogas	0.0
7	20	Biogas	0.0
7	21	Biogas	0.0
7	22	Biogas	0.0
7	23	Biogas	0.0
7	24	Biogas	0.0
7	1	CH4_H2_Mix	0.0
7	2	CH4_H2_Mix	0.0
7	3	CH4_H2_Mix	0.0
7	4	CH4_H2_Mix	0.0
7	5	CH4_H2_Mix	0.0
7	6	CH4_H2_Mix	0.0
7	7	CH4_H2_Mix	0.0
7	8	CH4_H2_Mix	0.0
7	9	CH4_H2_Mix	0.0
7	10	CH4_H2_Mix	0.0
7	11	CH4_H2_Mix	0.0
7	12	CH4_H2_Mix	0.0
7	13	CH4_H2_Mix	0.0
7	14	CH4_H2_Mix	0.0
7	15	CH4_H2_Mix	0.0
7	16	CH4_H2_Mix	0.0
7	17	CH4_H2_Mix	0.0
7	18	CH4_H2_Mix	0.0
7	19	CH4_H2_Mix	0.0
7	20	CH4_H2_Mix	0.0
7	21	CH4_H2_Mix	0.0
7	22	CH4_H2_Mix	0.0
7	23	CH4_H2_Mix	0.0
7	24	CH4_H2_Mix	0.0
8	1	Electricity	39.34006020470152
8	2	Electricity	39.863127335233266
8	3	Electricity	39.94974635632039
8	4	Electricity	40.45088228110359
8	5	Electricity	41.36964204200998
8	6	Electricity	46.11884579334825
8	7	Electricity	54.5685339151608
8	8	Electricity	66.88385145122732
8	9	Electricity	80.81226544959831
8	10	Electricity	88.73274947339426
8	11	Electricity	92.41901692647188
8	12	Electricity	92.01855554437586
8	13	Electricity	83.59901126735816
8	14	Electricity	80.66719675073846
8	15	Electricity	86.0672436206452
8	16	Electricity	84.25354024026221
8	17	Electricity	80.05393300918574
8	18	Electricity	77.07543773547445
8	19	Electricity	67.83877899668207
8	20	Electricity	57.66838456327905
8	21	Electricity	46.84345885131774
8	22	Electricity	41.83281263339285
8	23	Electricity	40.32978035130475
8	24	Electricity	40.324032051248494
8	1	LT	42.742874448008955
8	2	LT	42.742874448008955
8	3	LT	42.742874448008955
8	4	LT	42.742874448008955
8	5	LT	42.742874448008955
8	6	LT	42.742874448008955
8	7	LT	42.742874448008955
8	8	LT	117.75661910426466
8	9	LT	131.3915960531795
8	10	LT	145.02657300209438
8	11	LT	145.02657300209438
8	12	LT	173.5360702589163
8	13	LT	173.5360702589163
8	14	LT	115.27753238628013
8	15	LT	173.5360702589163
8	16	LT	173.5360702589163
8	17	LT	145.0052015648704
8	18	LT	115.29890382350415
8	19	LT	42.742874448008955
8	20	LT	42.742874448008955
8	21	LT	42.742874448008955
8	22	LT	42.742874448008955
8	23	LT	42.742874448008955
8	24	LT	42.742874448008955
8	1	MT	124.17214298751702
8	2	MT	124.17214298751702
8	3	MT	124.17214298751702
8	4	MT	124.17214298751702
8	5	MT	124.17214298751702
8	6	MT	124.17214298751702
8	7	MT	124.17214298751702
8	8	MT	445.88200945567854
8	9	MT	497.51045265580984
8	10	MT	549.138895855941
8	11	MT	549.138895855941
8	12	MT	657.0892770925789
8	13	MT	657.0892770925789
8	14	MT	436.49501978292744
8	15	MT	657.0892770925789
8	16	MT	657.0892770925789
8	17	MT	433.5181046529938
8	18	MT	242.88799783229211
8	19	MT	124.17214298751702
8	20	MT	124.17214298751702
8	21	MT	124.17214298751702
8	22	MT	124.17214298751702
8	23	MT	124.17214298751702
8	24	MT	124.17214298751702
8	1	H2	0.0
8	2	H2	0.0
8	3	H2	0.0
8	4	H2	0.0
8	5	H2	0.0
8	6	H2	0.0
8	7	H2	0.0
8	8	H2	0.0
8	9	H2	0.0
8	10	H2	0.0
8	11	H2	0.0
8	12	H2	0.0
8	13	H2	0.0
8	14	H2	0.0
8	15	H2	0.0
8	16	H2	0.0
8	17	H2	0.0
8	18	H2	0.0
8	19	H2	0.0
8	20	H2	0.0
8	21	H2	0.0
8	22	H2	0.0
8	23	H2	0.0
8	24	H2	0.0
8	1	CH4	0.0
8	2	CH4	0.0
8	3	CH4	0.0
8	4	CH4	0.0
8	5	CH4	0.0
8	6	CH4	0.0
8	7	CH4	0.0
8	8	CH4	0.0
8	9	CH4	0.0
8	10	CH4	0.0
8	11	CH4	0.0
8	12	CH4	0.0
8	13	CH4	0.0
8	14	CH4	0.0
8	15	CH4	0.0
8	16	CH4	0.0
8	17	CH4	0.0
8	18	CH4	0.0
8	19	CH4	0.0
8	20	CH4	0.0
8	21	CH4	0.0
8	22	CH4	0.0
8	23	CH4	0.0
8	24	CH4	0.0
8	1	Biogas	0.0
8	2	Biogas	0.0
8	3	Biogas	0.0
8	4	Biogas	0.0
8	5	Biogas	0.0
8	6	Biogas	0.0
8	7	Biogas	0.0
8	8	Biogas	0.0
8	9	Biogas	0.0
8	10	Biogas	0.0
8	11	Biogas	0.0
8	12	Biogas	0.0
8	13	Biogas	0.0
8	14	Biogas	0.0
8	15	Biogas	0.0
8	16	Biogas	0.0
8	17	Biogas	0.0
8	18	Biogas	0.0
8	19	Biogas	0.0
8	20	Biogas	0.0
8	21	Biogas	0.0
8	22	Biogas	0.0
8	23	Biogas	0.0
8	24	Biogas	0.0
8	1	CH4_H2_Mix	0.0
8	2	CH4_H2_Mix	0.0
8	3	CH4_H2_Mix	0.0
8	4	CH4_H2_Mix	0.0
8	5	CH4_H2_Mix	0.0
8	6	CH4_H2_Mix	0.0
8	7	CH4_H2_Mix	0.0
8	8	CH4_H2_Mix	0.0
8	9	CH4_H2_Mix	0.0
8	10	CH4_H2_Mix	0.0
8	11	CH4_H2_Mix	0.0
8	12	CH4_H2_Mix	0.0
8	13	CH4_H2_Mix	0.0
8	14	CH4_H2_Mix	0.0
8	15	CH4_H2_Mix	0.0
8	16	CH4_H2_Mix	0.0
8	17	CH4_H2_Mix	0.0
8	18	CH4_H2_Mix	0.0
8	19	CH4_H2_Mix	0.0
8	20	CH4_H2_Mix	0.0
8	21	CH4_H2_Mix	0.0
8	22	CH4_H2_Mix	0.0
8	23	CH4_H2_Mix	0.0
8	24	CH4_H2_Mix	0.0
9	1	Electricity	38.19688077942607
9	2	Electricity	36.85957350183736
9	3	Electricity	35.94162667407612
9	4	Electricity	35.76049804967985
9	5	Electricity	36.688722115841195
9	6	Electricity	40.73161164673386
9	7	Electricity	50.38220360398421
9	8	Electricity	62.64325361502238
9	9	Electricity	78.32577370827804
9	10	Electricity	90.93144884471235
9	11	Electricity	96.76980400563296
9	12	Electricity	97.82307320241323
9	13	Electricity	90.15888555163023
9	14	Electricity	91.60390476071284
9	15	Electricity	99.63889322405991
9	16	Electricity	99.71663869411408
9	17	Electricity	96.93272414374721
9	18	Electricity	91.02435074825964
9	19	Electricity	82.33863672937336
9	20	Electricity	67.03963110485249
9	21	Electricity	50.585568591267865
9	22	Electricity	43.67239460092631
9	23	Electricity	41.25470781330688
9	24	Electricity	38.9825310926442
9	1	LT	2.5055802332672883
9	2	LT	2.5055802332672883
9	3	LT	2.5055802332672883
9	4	LT	2.5055802332672883
9	5	LT	2.5055802332672883
9	6	LT	2.5055802332672883
9	7	LT	2.5055802332672883
9	8	LT	6.789314180466201
9	9	LT	8.486642725582751
9	10	LT	9.335306998141025
9	11	LT	9.335306998141025
9	12	LT	11.032635543257577
9	13	LT	11.032635543257577
9	14	LT	7.637978453024477
9	15	LT	11.032635543257577
9	16	LT	9.335306998141025
9	17	LT	8.082516881507381
9	18	LT	6.789314180466201
9	19	LT	2.5055802332672883
9	20	LT	2.5055802332672883
9	21	LT	2.5055802332672883
9	22	LT	2.5055802332672883
9	23	LT	2.5055802332672883
9	24	LT	2.5055802332672883
9	1	MT	63.80544811690797
9	2	MT	39.739269210808295
9	3	MT	39.739269210808295
9	4	MT	39.739269210808295
9	5	MT	39.739269210808295
9	6	MT	39.739269210808295
9	7	MT	39.739269210808295
9	8	MT	165.0811244236865
9	9	MT	206.35140552960814
9	10	MT	226.98654608256896
9	11	MT	226.98654608256896
9	12	MT	268.25682718849055
9	13	MT	268.25682718849055
9	14	MT	185.71626497664732
9	15	MT	268.25682718849055
9	16	MT	207.2707918248796
9	17	MT	101.31828651688815
9	18	MT	68.44615989304013
9	19	MT	41.59051374204673
9	20	MT	39.739269210808295
9	21	MT	39.739269210808295
9	22	MT	39.739269210808295
9	23	MT	39.739269210808295
9	24	MT	39.739269210808295
9	1	H2	0.0
9	2	H2	0.0
9	3	H2	0.0
9	4	H2	0.0
9	5	H2	0.0
9	6	H2	0.0
9	7	H2	0.0
9	8	H2	0.0
9	9	H2	0.0
9	10	H2	0.0
9	11	H2	0.0
9	12	H2	0.0
9	13	H2	0.0
9	14	H2	0.0
9	15	H2	0.0
9	16	H2	0.0
9	17	H2	0.0
9	18	H2	0.0
9	19	H2	0.0
9	20	H2	0.0
9	21	H2	0.0
9	22	H2	0.0
9	23	H2	0.0
9	24	H2	0.0
9	1	CH4	0.0
9	2	CH4	0.0
9	3	CH4	0.0
9	4	CH4	0.0
9	5	CH4	0.0
9	6	CH4	0.0
9	7	CH4	0.0
9	8	CH4	0.0
9	9	CH4	0.0
9	10	CH4	0.0
9	11	CH4	0.0
9	12	CH4	0.0
9	13	CH4	0.0
9	14	CH4	0.0
9	15	CH4	0.0
9	16	CH4	0.0
9	17	CH4	0.0
9	18	CH4	0.0
9	19	CH4	0.0
9	20	CH4	0.0
9	21	CH4	0.0
9	22	CH4	0.0
9	23	CH4	0.0
9	24	CH4	0.0
9	1	Biogas	0.0
9	2	Biogas	0.0
9	3	Biogas	0.0
9	4	Biogas	0.0
9	5	Biogas	0.0
9	6	Biogas	0.0
9	7	Biogas	0.0
9	8	Biogas	0.0
9	9	Biogas	0.0
9	10	Biogas	0.0
9	11	Biogas	0.0
9	12	Biogas	0.0
9	13	Biogas	0.0
9	14	Biogas	0.0
9	15	Biogas	0.0
9	16	Biogas	0.0
9	17	Biogas	0.0
9	18	Biogas	0.0
9	19	Biogas	0.0
9	20	Biogas	0.0
9	21	Biogas	0.0
9	22	Biogas	0.0
9	23	Biogas	0.0
9	24	Biogas	0.0
9	1	CH4_H2_Mix	0.0
9	2	CH4_H2_Mix	0.0
9	3	CH4_H2_Mix	0.0
9	4	CH4_H2_Mix	0.0
9	5	CH4_H2_Mix	0.0
9	6	CH4_H2_Mix	0.0
9	7	CH4_H2_Mix	0.0
9	8	CH4_H2_Mix	0.0
9	9	CH4_H2_Mix	0.0
9	10	CH4_H2_Mix	0.0
9	11	CH4_H2_Mix	0.0
9	12	CH4_H2_Mix	0.0
9	13	CH4_H2_Mix	0.0
9	14	CH4_H2_Mix	0.0
9	15	CH4_H2_Mix	0.0
9	16	CH4_H2_Mix	0.0
9	17	CH4_H2_Mix	0.0
9	18	CH4_H2_Mix	0.0
9	19	CH4_H2_Mix	0.0
9	20	CH4_H2_Mix	0.0
9	21	CH4_H2_Mix	0.0
9	22	CH4_H2_Mix	0.0
9	23	CH4_H2_Mix	0.0
9	24	CH4_H2_Mix	0.0
10	1	Electricity	38.23545328533351
10	2	Electricity	36.72091786622309
10	3	Electricity	35.680686029333735
10	4	Electricity	35.576366855381806
10	5	Electricity	36.756828304286955
10	6	Electricity	41.39604512749419
10	7	Electricity	49.71754214215984
10	8	Electricity	61.32272476067756
10	9	Electricity	75.61838817999177
10	10	Electricity	89.4058001975143
10	11	Electricity	95.65324305448647
10	12	Electricity	97.82177435897177
10	13	Electricity	92.41475473458753
10	14	Electricity	93.47250371620368
10	15	Electricity	99.65427454752022
10	16	Electricity	99.34189052548491
10	17	Electricity	97.47360921820477
10	18	Electricity	92.63373938917117
10	19	Electricity	84.8207515028346
10	20	Electricity	69.75355377098651
10	21	Electricity	51.26857806946091
10	22	Electricity	43.70918894067949
10	23	Electricity	42.14372699087823
10	24	Electricity	40.52377186597567
10	1	LT	1.2003689852510886
10	2	LT	1.2003689852510886
10	3	LT	1.2003689852510886
10	4	LT	1.2003689852510886
10	5	LT	1.2003689852510886
10	6	LT	1.2003689852510886
10	7	LT	1.2003689852510886
10	8	LT	3.307016554366748
10	9	LT	3.6899342606618455
10	10	LT	4.072851966956943
10	11	LT	4.072851966956943
10	12	LT	4.873498080119417
10	13	LT	4.873498080119417
10	14	LT	3.237395153222185
10	15	LT	4.873498080119417
10	16	LT	4.873498080119417
10	17	LT	4.072251782464318
10	18	LT	3.237995337714811
10	19	LT	1.2003689852510886
10	20	LT	1.2003689852510886
10	21	LT	1.2003689852510886
10	22	LT	1.2003689852510886
10	23	LT	1.2003689852510886
10	24	LT	1.2003689852510886
10	1	MT	33.051204987754595
10	2	MT	33.051204987754595
10	3	MT	33.051204987754595
10	4	MT	33.051204987754595
10	5	MT	33.051204987754595
10	6	MT	33.051204987754595
10	7	MT	33.051204987754595
10	8	MT	133.3760445620344
10	9	MT	148.8195865639542
10	10	MT	164.26312856587396
10	11	MT	164.26312856587396
10	12	MT	196.5541709335244
10	13	MT	196.5541709335244
10	14	MT	130.56812783441262
10	15	MT	196.5541709335244
10	16	MT	196.5541709335244
10	17	MT	117.1269647484203
10	18	MT	51.61510896999798
10	19	MT	33.051204987754595
10	20	MT	33.051204987754595
10	21	MT	33.051204987754595
10	22	MT	33.051204987754595
10	23	MT	33.051204987754595
10	24	MT	33.051204987754595
10	1	H2	0.0
10	2	H2	0.0
10	3	H2	0.0
10	4	H2	0.0
10	5	H2	0.0
10	6	H2	0.0
10	7	H2	0.0
10	8	H2	0.0
10	9	H2	0.0
10	10	H2	0.0
10	11	H2	0.0
10	12	H2	0.0
10	13	H2	0.0
10	14	H2	0.0
10	15	H2	0.0
10	16	H2	0.0
10	17	H2	0.0
10	18	H2	0.0
10	19	H2	0.0
10	20	H2	0.0
10	21	H2	0.0
10	22	H2	0.0
10	23	H2	0.0
10	24	H2	0.0
10	1	CH4	0.0
10	2	CH4	0.0
10	3	CH4	0.0
10	4	CH4	0.0
10	5	CH4	0.0
10	6	CH4	0.0
10	7	CH4	0.0
10	8	CH4	0.0
10	9	CH4	0.0
10	10	CH4	0.0
10	11	CH4	0.0
10	12	CH4	0.0
10	13	CH4	0.0
10	14	CH4	0.0
10	15	CH4	0.0
10	16	CH4	0.0
10	17	CH4	0.0
10	18	CH4	0.0
10	19	CH4	0.0
10	20	CH4	0.0
10	21	CH4	0.0
10	22	CH4	0.0
10	23	CH4	0.0
10	24	CH4	0.0
10	1	Biogas	0.0
10	2	Biogas	0.0
10	3	Biogas	0.0
10	4	Biogas	0.0
10	5	Biogas	0.0
10	6	Biogas	0.0
10	7	Biogas	0.0
10	8	Biogas	0.0
10	9	Biogas	0.0
10	10	Biogas	0.0
10	11	Biogas	0.0
10	12	Biogas	0.0
10	13	Biogas	0.0
10	14	Biogas	0.0
10	15	Biogas	0.0
10	16	Biogas	0.0
10	17	Biogas	0.0
10	18	Biogas	0.0
10	19	Biogas	0.0
10	20	Biogas	0.0
10	21	Biogas	0.0
10	22	Biogas	0.0
10	23	Biogas	0.0
10	24	Biogas	0.0
10	1	CH4_H2_Mix	0.0
10	2	CH4_H2_Mix	0.0
10	3	CH4_H2_Mix	0.0
10	4	CH4_H2_Mix	0.0
10	5	CH4_H2_Mix	0.0
10	6	CH4_H2_Mix	0.0
10	7	CH4_H2_Mix	0.0
10	8	CH4_H2_Mix	0.0
10	9	CH4_H2_Mix	0.0
10	10	CH4_H2_Mix	0.0
10	11	CH4_H2_Mix	0.0
10	12	CH4_H2_Mix	0.0
10	13	CH4_H2_Mix	0.0
10	14	CH4_H2_Mix	0.0
10	15	CH4_H2_Mix	0.0
10	16	CH4_H2_Mix	0.0
10	17	CH4_H2_Mix	0.0
10	18	CH4_H2_Mix	0.0
10	19	CH4_H2_Mix	0.0
10	20	CH4_H2_Mix	0.0
10	21	CH4_H2_Mix	0.0
10	22	CH4_H2_Mix	0.0
10	23	CH4_H2_Mix	0.0
10	24	CH4_H2_Mix	0.0
11	1	Electricity	37.62817074025189
11	2	Electricity	36.7687320677357
11	3	Electricity	35.67964622994638
11	4	Electricity	35.28481163232723
11	5	Electricity	35.24740358315713
11	6	Electricity	36.78076469445314
11	7	Electricity	40.29259062985514
11	8	Electricity	46.52728299086252
11	9	Electricity	56.45522376856757
11	10	Electricity	68.05686753721
11	11	Electricity	73.01090500291804
11	12	Electricity	73.23597866231101
11	13	Electricity	70.18335434988542
11	14	Electricity	69.40852799382711
11	15	Electricity	72.10521118188035
11	16	Electricity	72.25004642691445
11	17	Electricity	72.16468875071637
11	18	Electricity	71.43216924965066
11	19	Electricity	67.85706468437576
11	20	Electricity	57.1389694852313
11	21	Electricity	42.308297293331265
11	22	Electricity	37.175279034165015
11	23	Electricity	36.255748449974384
11	24	Electricity	34.450452523752354
11	1	LT	1.9475410217808564
11	2	LT	3.802341994905482
11	3	LT	3.802341994905482
11	4	LT	3.802341994905482
11	5	LT	3.802341994905482
11	6	LT	4.729742481467794
11	7	LT	5.9353631139988
11	8	LT	6.770023551904883
11	9	LT	6.770023551904883
11	10	LT	6.770023551904883
11	11	LT	6.770023551904883
11	12	LT	6.770023551904883
11	13	LT	6.770023551904883
11	14	LT	6.770023551904883
11	15	LT	6.770023551904883
11	16	LT	6.120843211311263
11	17	LT	5.564402919373876
11	18	LT	5.007962627436489
11	19	LT	4.822482530124025
11	20	LT	3.895082043561713
11	21	LT	2.8749415083431686
11	22	LT	2.8749415083431686
11	23	LT	2.8749415083431686
11	24	LT	2.8749415083431686
11	1	MT	34.95656267111795
11	2	MT	32.50282980956064
11	3	MT	32.50282980956064
11	4	MT	32.50282980956064
11	5	MT	32.50282980956064
11	6	MT	32.54147149650073
11	7	MT	32.59170568952286
11	8	MT	32.62648320776894
11	9	MT	32.62648320776894
11	10	MT	32.62648320776894
11	11	MT	32.62648320776894
11	12	MT	32.62648320776894
11	13	MT	32.62648320776894
11	14	MT	32.62648320776894
11	15	MT	32.62648320776894
11	16	MT	32.59943402691088
11	17	MT	32.57624901474682
11	18	MT	32.553064002582765
11	19	MT	32.54533566519474
11	20	MT	32.506693978254646
11	21	MT	32.46418812262054
11	22	MT	32.46418812262054
11	23	MT	32.46418812262054
11	24	MT	32.46418812262054
11	1	H2	0.0
11	2	H2	0.0
11	3	H2	0.0
11	4	H2	0.0
11	5	H2	0.0
11	6	H2	0.0
11	7	H2	0.0
11	8	H2	0.0
11	9	H2	0.0
11	10	H2	0.0
11	11	H2	0.0
11	12	H2	0.0
11	13	H2	0.0
11	14	H2	0.0
11	15	H2	0.0
11	16	H2	0.0
11	17	H2	0.0
11	18	H2	0.0
11	19	H2	0.0
11	20	H2	0.0
11	21	H2	0.0
11	22	H2	0.0
11	23	H2	0.0
11	24	H2	0.0
11	1	CH4	0.0
11	2	CH4	0.0
11	3	CH4	0.0
11	4	CH4	0.0
11	5	CH4	0.0
11	6	CH4	0.0
11	7	CH4	0.0
11	8	CH4	0.0
11	9	CH4	0.0
11	10	CH4	0.0
11	11	CH4	0.0
11	12	CH4	0.0
11	13	CH4	0.0
11	14	CH4	0.0
11	15	CH4	0.0
11	16	CH4	0.0
11	17	CH4	0.0
11	18	CH4	0.0
11	19	CH4	0.0
11	20	CH4	0.0
11	21	CH4	0.0
11	22	CH4	0.0
11	23	CH4	0.0
11	24	CH4	0.0
11	1	Biogas	0.0
11	2	Biogas	0.0
11	3	Biogas	0.0
11	4	Biogas	0.0
11	5	Biogas	0.0
11	6	Biogas	0.0
11	7	Biogas	0.0
11	8	Biogas	0.0
11	9	Biogas	0.0
11	10	Biogas	0.0
11	11	Biogas	0.0
11	12	Biogas	0.0
11	13	Biogas	0.0
11	14	Biogas	0.0
11	15	Biogas	0.0
11	16	Biogas	0.0
11	17	Biogas	0.0
11	18	Biogas	0.0
11	19	Biogas	0.0
11	20	Biogas	0.0
11	21	Biogas	0.0
11	22	Biogas	0.0
11	23	Biogas	0.0
11	24	Biogas	0.0
11	1	CH4_H2_Mix	0.0
11	2	CH4_H2_Mix	0.0
11	3	CH4_H2_Mix	0.0
11	4	CH4_H2_Mix	0.0
11	5	CH4_H2_Mix	0.0
11	6	CH4_H2_Mix	0.0
11	7	CH4_H2_Mix	0.0
11	8	CH4_H2_Mix	0.0
11	9	CH4_H2_Mix	0.0
11	10	CH4_H2_Mix	0.0
11	11	CH4_H2_Mix	0.0
11	12	CH4_H2_Mix	0.0
11	13	CH4_H2_Mix	0.0
11	14	CH4_H2_Mix	0.0
11	15	CH4_H2_Mix	0.0
11	16	CH4_H2_Mix	0.0
11	17	CH4_H2_Mix	0.0
11	18	CH4_H2_Mix	0.0
11	19	CH4_H2_Mix	0.0
11	20	CH4_H2_Mix	0.0
11	21	CH4_H2_Mix	0.0
11	22	CH4_H2_Mix	0.0
11	23	CH4_H2_Mix	0.0
11	24	CH4_H2_Mix	0.0
12	1	Electricity	31.577374548831504
12	2	Electricity	31.234898723911265
12	3	Electricity	30.701557420739462
12	4	Electricity	30.457229369493888
12	5	Electricity	30.07396013622464
12	6	Electricity	30.083612871705554
12	7	Electricity	30.901990350602023
12	8	Electricity	30.95700082836887
12	9	Electricity	33.373840782124795
12	10	Electricity	36.16379959240666
12	11	Electricity	38.94084400257801
12	12	Electricity	41.02234471402635
12	13	Electricity	41.961298154850056
12	14	Electricity	41.9056991525049
12	15	Electricity	42.180655717335526
12	16	Electricity	42.77064261251828
12	17	Electricity	42.50198714734997
12	18	Electricity	42.4661272056476
12	19	Electricity	41.381400017167714
12	20	Electricity	38.1199730219659
12	21	Electricity	35.23933523752709
12	22	Electricity	34.56399218635784
12	23	Electricity	33.426141254709414
12	24	Electricity	32.677961902084135
12	1	LT	1.9638187610483184
12	2	LT	2.2805637225077247
12	3	LT	2.2805637225077247
12	4	LT	2.2805637225077247
12	5	LT	2.2805637225077247
12	6	LT	2.8507046531346565
12	7	LT	3.357496591469706
12	8	LT	3.990986514388519
12	9	LT	3.990986514388519
12	10	LT	3.990986514388519
12	11	LT	3.990986514388519
12	12	LT	3.990986514388519
12	13	LT	3.990986514388519
12	14	LT	3.990986514388519
12	15	LT	3.990986514388519
12	16	LT	3.54754356834535
12	17	LT	3.4841945760534685
12	18	LT	2.9774026377184186
12	19	LT	2.7873556608427754
12	20	LT	2.343912714799606
12	21	LT	1.9638187610483184
12	22	LT	1.710422791880794
12	23	LT	1.710422791880794
12	24	LT	1.710422791880794
12	1	MT	27.266886922707812
12	2	MT	27.280084629435287
12	3	MT	27.280084629435287
12	4	MT	27.280084629435287
12	5	MT	27.280084629435287
12	6	MT	27.30384050154474
12	7	MT	27.3249568323087
12	8	MT	27.35135224576365
12	9	MT	27.35135224576365
12	10	MT	27.35135224576365
12	11	MT	27.35135224576365
12	12	MT	27.35135224576365
12	13	MT	27.35135224576365
12	14	MT	27.35135224576365
12	15	MT	27.35135224576365
12	16	MT	27.332875456345185
12	17	MT	27.33023591499969
12	18	MT	27.30911958423573
12	19	MT	27.301200960199246
12	20	MT	27.28272417078078
12	21	MT	27.266886922707812
12	22	MT	27.256328757325832
12	23	MT	27.256328757325832
12	24	MT	27.256328757325832
12	1	H2	0.0
12	2	H2	0.0
12	3	H2	0.0
12	4	H2	0.0
12	5	H2	0.0
12	6	H2	0.0
12	7	H2	0.0
12	8	H2	0.0
12	9	H2	0.0
12	10	H2	0.0
12	11	H2	0.0
12	12	H2	0.0
12	13	H2	0.0
12	14	H2	0.0
12	15	H2	0.0
12	16	H2	0.0
12	17	H2	0.0
12	18	H2	0.0
12	19	H2	0.0
12	20	H2	0.0
12	21	H2	0.0
12	22	H2	0.0
12	23	H2	0.0
12	24	H2	0.0
12	1	CH4	0.0
12	2	CH4	0.0
12	3	CH4	0.0
12	4	CH4	0.0
12	5	CH4	0.0
12	6	CH4	0.0
12	7	CH4	0.0
12	8	CH4	0.0
12	9	CH4	0.0
12	10	CH4	0.0
12	11	CH4	0.0
12	12	CH4	0.0
12	13	CH4	0.0
12	14	CH4	0.0
12	15	CH4	0.0
12	16	CH4	0.0
12	17	CH4	0.0
12	18	CH4	0.0
12	19	CH4	0.0
12	20	CH4	0.0
12	21	CH4	0.0
12	22	CH4	0.0
12	23	CH4	0.0
12	24	CH4	0.0
12	1	Biogas	0.0
12	2	Biogas	0.0
12	3	Biogas	0.0
12	4	Biogas	0.0
12	5	Biogas	0.0
12	6	Biogas	0.0
12	7	Biogas	0.0
12	8	Biogas	0.0
12	9	Biogas	0.0
12	10	Biogas	0.0
12	11	Biogas	0.0
12	12	Biogas	0.0
12	13	Biogas	0.0
12	14	Biogas	0.0
12	15	Biogas	0.0
12	16	Biogas	0.0
12	17	Biogas	0.0
12	18	Biogas	0.0
12	19	Biogas	0.0
12	20	Biogas	0.0
12	21	Biogas	0.0
12	22	Biogas	0.0
12	23	Biogas	0.0
12	24	Biogas	0.0
12	1	CH4_H2_Mix	0.0
12	2	CH4_H2_Mix	0.0
12	3	CH4_H2_Mix	0.0
12	4	CH4_H2_Mix	0.0
12	5	CH4_H2_Mix	0.0
12	6	CH4_H2_Mix	0.0
12	7	CH4_H2_Mix	0.0
12	8	CH4_H2_Mix	0.0
12	9	CH4_H2_Mix	0.0
12	10	CH4_H2_Mix	0.0
12	11	CH4_H2_Mix	0.0
12	12	CH4_H2_Mix	0.0
12	13	CH4_H2_Mix	0.0
12	14	CH4_H2_Mix	0.0
12	15	CH4_H2_Mix	0.0
12	16	CH4_H2_Mix	0.0
12	17	CH4_H2_Mix	0.0
12	18	CH4_H2_Mix	0.0
12	19	CH4_H2_Mix	0.0
12	20	CH4_H2_Mix	0.0
12	21	CH4_H2_Mix	0.0
12	22	CH4_H2_Mix	0.0
12	23	CH4_H2_Mix	0.0
12	24	CH4_H2_Mix	0.0
13	1	Electricity	29.438603007684108
13	2	Electricity	29.410388032685308
13	3	Electricity	29.186919539368198
13	4	Electricity	29.514690915036415
13	5	Electricity	30.794852552350108
13	6	Electricity	35.08658871005654
13	7	Electricity	43.5480511239645
13	8	Electricity	53.68017081023588
13	9	Electricity	65.72614255305328
13	10	Electricity	76.48041463267876
13	11	Electricity	80.77342900962283
13	12	Electricity	80.93371457038633
13	13	Electricity	72.10880724238497
13	14	Electricity	72.29795366537607
13	15	Electricity	78.08529653033561
13	16	Electricity	78.66220998593916
13	17	Electricity	77.07390490613315
13	18	Electricity	72.66348968117853
13	19	Electricity	65.38186484667804
13	20	Electricity	52.543251160204505
13	21	Electricity	39.086449437474855
13	22	Electricity	33.85848388074723
13	23	Electricity	32.23449350621313
13	24	Electricity	30.989773499047317
13	1	LT	1.409700323645994
13	2	LT	1.409700323645994
13	3	LT	1.409700323645994
13	4	LT	1.409700323645994
13	5	LT	1.409700323645994
13	6	LT	1.409700323645994
13	7	LT	1.409700323645994
13	8	LT	3.883724391644713
13	9	LT	4.333418794887786
13	10	LT	4.783113198130858
13	11	LT	4.783113198130858
13	12	LT	5.723383314002736
13	13	LT	5.723383314002736
13	14	LT	3.8019617728732458
13	15	LT	5.723383314002736
13	16	LT	5.723383314002736
13	17	LT	4.782408347969035
13	18	LT	3.8026666230350687
13	19	LT	1.409700323645994
13	20	LT	1.409700323645994
13	21	LT	1.409700323645994
13	22	LT	1.409700323645994
13	23	LT	1.409700323645994
13	24	LT	1.409700323645994
13	1	MT	33.73500247407653
13	2	MT	33.73500247407653
13	3	MT	33.73500247407653
13	4	MT	33.73500247407653
13	5	MT	33.73500247407653
13	6	MT	33.73500247407653
13	7	MT	33.73500247407653
13	8	MT	135.8690613926078
13	9	MT	151.60126850122552
13	10	MT	167.33347560984328
13	11	MT	167.33347560984328
13	12	MT	200.22809047331674
13	13	MT	200.22809047331674
13	14	MT	133.00866010013183
13	15	MT	200.22809047331674
13	16	MT	200.22809047331674
13	17	MT	119.51872866524957
13	18	MT	52.91929357413653
13	19	MT	33.73500247407653
13	20	MT	33.73500247407653
13	21	MT	33.73500247407653
13	22	MT	33.73500247407653
13	23	MT	33.73500247407653
13	24	MT	33.73500247407653
13	1	H2	0.0
13	2	H2	0.0
13	3	H2	0.0
13	4	H2	0.0
13	5	H2	0.0
13	6	H2	0.0
13	7	H2	0.0
13	8	H2	0.0
13	9	H2	0.0
13	10	H2	0.0
13	11	H2	0.0
13	12	H2	0.0
13	13	H2	0.0
13	14	H2	0.0
13	15	H2	0.0
13	16	H2	0.0
13	17	H2	0.0
13	18	H2	0.0
13	19	H2	0.0
13	20	H2	0.0
13	21	H2	0.0
13	22	H2	0.0
13	23	H2	0.0
13	24	H2	0.0
13	1	CH4	0.0
13	2	CH4	0.0
13	3	CH4	0.0
13	4	CH4	0.0
13	5	CH4	0.0
13	6	CH4	0.0
13	7	CH4	0.0
13	8	CH4	0.0
13	9	CH4	0.0
13	10	CH4	0.0
13	11	CH4	0.0
13	12	CH4	0.0
13	13	CH4	0.0
13	14	CH4	0.0
13	15	CH4	0.0
13	16	CH4	0.0
13	17	CH4	0.0
13	18	CH4	0.0
13	19	CH4	0.0
13	20	CH4	0.0
13	21	CH4	0.0
13	22	CH4	0.0
13	23	CH4	0.0
13	24	CH4	0.0
13	1	Biogas	0.0
13	2	Biogas	0.0
13	3	Biogas	0.0
13	4	Biogas	0.0
13	5	Biogas	0.0
13	6	Biogas	0.0
13	7	Biogas	0.0
13	8	Biogas	0.0
13	9	Biogas	0.0
13	10	Biogas	0.0
13	11	Biogas	0.0
13	12	Biogas	0.0
13	13	Biogas	0.0
13	14	Biogas	0.0
13	15	Biogas	0.0
13	16	Biogas	0.0
13	17	Biogas	0.0
13	18	Biogas	0.0
13	19	Biogas	0.0
13	20	Biogas	0.0
13	21	Biogas	0.0
13	22	Biogas	0.0
13	23	Biogas	0.0
13	24	Biogas	0.0
13	1	CH4_H2_Mix	0.0
13	2	CH4_H2_Mix	0.0
13	3	CH4_H2_Mix	0.0
13	4	CH4_H2_Mix	0.0
13	5	CH4_H2_Mix	0.0
13	6	CH4_H2_Mix	0.0
13	7	CH4_H2_Mix	0.0
13	8	CH4_H2_Mix	0.0
13	9	CH4_H2_Mix	0.0
13	10	CH4_H2_Mix	0.0
13	11	CH4_H2_Mix	0.0
13	12	CH4_H2_Mix	0.0
13	13	CH4_H2_Mix	0.0
13	14	CH4_H2_Mix	0.0
13	15	CH4_H2_Mix	0.0
13	16	CH4_H2_Mix	0.0
13	17	CH4_H2_Mix	0.0
13	18	CH4_H2_Mix	0.0
13	19	CH4_H2_Mix	0.0
13	20	CH4_H2_Mix	0.0
13	21	CH4_H2_Mix	0.0
13	22	CH4_H2_Mix	0.0
13	23	CH4_H2_Mix	0.0
13	24	CH4_H2_Mix	0.0
14	1	Electricity	33.05624278906854
14	2	Electricity	32.16195562229126
14	3	Electricity	31.21916210166666
14	4	Electricity	31.19872756956055
14	5	Electricity	31.15652330351309
14	6	Electricity	32.786432013769264
14	7	Electricity	36.52072008775588
14	8	Electricity	41.96000536691807
14	9	Electricity	50.68128661076603
14	10	Electricity	61.608065409445864
14	11	Electricity	66.67691804595302
14	12	Electricity	67.0819823246865
14	13	Electricity	64.34891609012445
14	14	Electricity	63.38499142577171
14	15	Electricity	65.8102891273552
14	16	Electricity	66.9311055054445
14	17	Electricity	66.95679697988572
14	18	Electricity	65.94690339751611
14	19	Electricity	62.49558981363926
14	20	Electricity	51.745379916727266
14	21	Electricity	37.96509214276669
14	22	Electricity	33.06424181305031
14	23	Electricity	32.13155394961156
14	24	Electricity	30.392771891547312
14	1	LT	1.3435183248795495
14	2	LT	2.6230595866695974
14	3	LT	2.6230595866695974
14	4	LT	2.6230595866695974
14	5	LT	2.6230595866695974
14	6	LT	3.2628302175646207
14	7	LT	4.094532037728152
14	8	LT	4.670325605533672
14	9	LT	4.670325605533672
14	10	LT	4.670325605533672
14	11	LT	4.670325605533672
14	12	LT	4.670325605533672
14	13	LT	4.670325605533672
14	14	LT	4.670325605533672
14	15	LT	4.670325605533672
14	16	LT	4.2224861639071545
14	17	LT	3.8386237853701415
14	18	LT	3.4547614068331276
14	19	LT	3.3268072806541227
14	20	LT	2.687036649759099
14	21	LT	1.9832889557745732
14	22	LT	1.9832889557745732
14	23	LT	1.9832889557745732
14	24	LT	1.9832889557745732
14	1	MT	31.262330074491093
14	2	MT	28.950750294444603
14	3	MT	28.950750294444603
14	4	MT	28.950750294444603
14	5	MT	28.950750294444603
14	6	MT	28.97740740406523
14	7	MT	29.012061646572043
14	8	MT	29.036053045230606
14	9	MT	29.036053045230606
14	10	MT	29.036053045230606
14	11	MT	29.036053045230606
14	12	MT	29.036053045230606
14	13	MT	29.036053045230606
14	14	MT	29.036053045230606
14	15	MT	29.036053045230606
14	16	MT	29.017393068496165
14	17	MT	29.00139880272379
14	18	MT	28.985404536951417
14	19	MT	28.98007311502729
14	20	MT	28.953416005406666
14	21	MT	28.924093184823978
14	22	MT	28.924093184823978
14	23	MT	28.924093184823978
14	24	MT	28.924093184823978
14	1	H2	0.0
14	2	H2	0.0
14	3	H2	0.0
14	4	H2	0.0
14	5	H2	0.0
14	6	H2	0.0
14	7	H2	0.0
14	8	H2	0.0
14	9	H2	0.0
14	10	H2	0.0
14	11	H2	0.0
14	12	H2	0.0
14	13	H2	0.0
14	14	H2	0.0
14	15	H2	0.0
14	16	H2	0.0
14	17	H2	0.0
14	18	H2	0.0
14	19	H2	0.0
14	20	H2	0.0
14	21	H2	0.0
14	22	H2	0.0
14	23	H2	0.0
14	24	H2	0.0
14	1	CH4	0.0
14	2	CH4	0.0
14	3	CH4	0.0
14	4	CH4	0.0
14	5	CH4	0.0
14	6	CH4	0.0
14	7	CH4	0.0
14	8	CH4	0.0
14	9	CH4	0.0
14	10	CH4	0.0
14	11	CH4	0.0
14	12	CH4	0.0
14	13	CH4	0.0
14	14	CH4	0.0
14	15	CH4	0.0
14	16	CH4	0.0
14	17	CH4	0.0
14	18	CH4	0.0
14	19	CH4	0.0
14	20	CH4	0.0
14	21	CH4	0.0
14	22	CH4	0.0
14	23	CH4	0.0
14	24	CH4	0.0
14	1	Biogas	0.0
14	2	Biogas	0.0
14	3	Biogas	0.0
14	4	Biogas	0.0
14	5	Biogas	0.0
14	6	Biogas	0.0
14	7	Biogas	0.0
14	8	Biogas	0.0
14	9	Biogas	0.0
14	10	Biogas	0.0
14	11	Biogas	0.0
14	12	Biogas	0.0
14	13	Biogas	0.0
14	14	Biogas	0.0
14	15	Biogas	0.0
14	16	Biogas	0.0
14	17	Biogas	0.0
14	18	Biogas	0.0
14	19	Biogas	0.0
14	20	Biogas	0.0
14	21	Biogas	0.0
14	22	Biogas	0.0
14	23	Biogas	0.0
14	24	Biogas	0.0
14	1	CH4_H2_Mix	0.0
14	2	CH4_H2_Mix	0.0
14	3	CH4_H2_Mix	0.0
14	4	CH4_H2_Mix	0.0
14	5	CH4_H2_Mix	0.0
14	6	CH4_H2_Mix	0.0
14	7	CH4_H2_Mix	0.0
14	8	CH4_H2_Mix	0.0
14	9	CH4_H2_Mix	0.0
14	10	CH4_H2_Mix	0.0
14	11	CH4_H2_Mix	0.0
14	12	CH4_H2_Mix	0.0
14	13	CH4_H2_Mix	0.0
14	14	CH4_H2_Mix	0.0
14	15	CH4_H2_Mix	0.0
14	16	CH4_H2_Mix	0.0
14	17	CH4_H2_Mix	0.0
14	18	CH4_H2_Mix	0.0
14	19	CH4_H2_Mix	0.0
14	20	CH4_H2_Mix	0.0
14	21	CH4_H2_Mix	0.0
14	22	CH4_H2_Mix	0.0
14	23	CH4_H2_Mix	0.0
14	24	CH4_H2_Mix	0.0
15	1	Electricity	37.542893964647
15	2	Electricity	36.84306243313758
15	3	Electricity	35.666356388248026
15	4	Electricity	35.331976298103235
15	5	Electricity	36.81180293039725
15	6	Electricity	41.79335493361623
15	7	Electricity	51.25014084200904
15	8	Electricity	62.170139066292606
15	9	Electricity	76.74548009285195
15	10	Electricity	89.42535037186764
15	11	Electricity	95.15959718684634
15	12	Electricity	95.70830519411035
15	13	Electricity	89.64100442022628
15	14	Electricity	90.57036806232868
15	15	Electricity	97.43611928030394
15	16	Electricity	97.68466434781294
15	17	Electricity	96.37523007362695
15	18	Electricity	90.76476666432524
15	19	Electricity	82.52444611057709
15	20	Electricity	66.53769501670146
15	21	Electricity	49.237868260493144
15	22	Electricity	42.7942656617399
15	23	Electricity	40.76738176926843
15	24	Electricity	38.34382916923721
15	1	LT	1.5259955116431634
15	2	LT	1.5259955116431634
15	3	LT	1.5259955116431634
15	4	LT	1.5259955116431634
15	5	LT	1.5259955116431634
15	6	LT	1.5259955116431634
15	7	LT	1.5259955116431634
15	8	LT	4.204117634576915
15	9	LT	4.690910202791083
15	10	LT	5.177702771005253
15	11	LT	5.177702771005253
15	12	LT	6.195541777271242
15	13	LT	6.195541777271242
15	14	LT	4.1156098949016116
15	15	LT	6.195541777271242
15	16	LT	6.195541777271242
15	17	LT	5.176939773249432
15	18	LT	4.116372892657433
15	19	LT	1.5259955116431634
15	20	LT	1.5259955116431634
15	21	LT	1.5259955116431634
15	22	LT	1.5259955116431634
15	23	LT	1.5259955116431634
15	24	LT	1.5259955116431634
15	1	MT	34.114889966477605
15	2	MT	34.114889966477605
15	3	MT	34.114889966477605
15	4	MT	34.114889966477605
15	5	MT	34.114889966477605
15	6	MT	34.114889966477605
15	7	MT	34.114889966477605
15	8	MT	137.2540707429263
15	9	MT	153.14664735526517
15	10	MT	169.03922396760402
15	11	MT	169.03922396760402
15	12	MT	202.26915688431248
15	13	MT	202.26915688431248
15	14	MT	134.36451135886472
15	15	MT	202.26915688431248
15	16	MT	202.26915688431248
15	17	MT	120.84748639682138
15	18	MT	53.64384057643572
15	19	MT	34.114889966477605
15	20	MT	34.114889966477605
15	21	MT	34.114889966477605
15	22	MT	34.114889966477605
15	23	MT	34.114889966477605
15	24	MT	34.114889966477605
15	1	H2	0.0
15	2	H2	0.0
15	3	H2	0.0
15	4	H2	0.0
15	5	H2	0.0
15	6	H2	0.0
15	7	H2	0.0
15	8	H2	0.0
15	9	H2	0.0
15	10	H2	0.0
15	11	H2	0.0
15	12	H2	0.0
15	13	H2	0.0
15	14	H2	0.0
15	15	H2	0.0
15	16	H2	0.0
15	17	H2	0.0
15	18	H2	0.0
15	19	H2	0.0
15	20	H2	0.0
15	21	H2	0.0
15	22	H2	0.0
15	23	H2	0.0
15	24	H2	0.0
15	1	CH4	0.0
15	2	CH4	0.0
15	3	CH4	0.0
15	4	CH4	0.0
15	5	CH4	0.0
15	6	CH4	0.0
15	7	CH4	0.0
15	8	CH4	0.0
15	9	CH4	0.0
15	10	CH4	0.0
15	11	CH4	0.0
15	12	CH4	0.0
15	13	CH4	0.0
15	14	CH4	0.0
15	15	CH4	0.0
15	16	CH4	0.0
15	17	CH4	0.0
15	18	CH4	0.0
15	19	CH4	0.0
15	20	CH4	0.0
15	21	CH4	0.0
15	22	CH4	0.0
15	23	CH4	0.0
15	24	CH4	0.0
15	1	Biogas	0.0
15	2	Biogas	0.0
15	3	Biogas	0.0
15	4	Biogas	0.0
15	5	Biogas	0.0
15	6	Biogas	0.0
15	7	Biogas	0.0
15	8	Biogas	0.0
15	9	Biogas	0.0
15	10	Biogas	0.0
15	11	Biogas	0.0
15	12	Biogas	0.0
15	13	Biogas	0.0
15	14	Biogas	0.0
15	15	Biogas	0.0
15	16	Biogas	0.0
15	17	Biogas	0.0
15	18	Biogas	0.0
15	19	Biogas	0.0
15	20	Biogas	0.0
15	21	Biogas	0.0
15	22	Biogas	0.0
15	23	Biogas	0.0
15	24	Biogas	0.0
15	1	CH4_H2_Mix	0.0
15	2	CH4_H2_Mix	0.0
15	3	CH4_H2_Mix	0.0
15	4	CH4_H2_Mix	0.0
15	5	CH4_H2_Mix	0.0
15	6	CH4_H2_Mix	0.0
15	7	CH4_H2_Mix	0.0
15	8	CH4_H2_Mix	0.0
15	9	CH4_H2_Mix	0.0
15	10	CH4_H2_Mix	0.0
15	11	CH4_H2_Mix	0.0
15	12	CH4_H2_Mix	0.0
15	13	CH4_H2_Mix	0.0
15	14	CH4_H2_Mix	0.0
15	15	CH4_H2_Mix	0.0
15	16	CH4_H2_Mix	0.0
15	17	CH4_H2_Mix	0.0
15	18	CH4_H2_Mix	0.0
15	19	CH4_H2_Mix	0.0
15	20	CH4_H2_Mix	0.0
15	21	CH4_H2_Mix	0.0
15	22	CH4_H2_Mix	0.0
15	23	CH4_H2_Mix	0.0
15	24	CH4_H2_Mix	0.0
16	1	Electricity	30.542996261313828
16	2	Electricity	29.647249767425407
16	3	Electricity	29.215260210528225
16	4	Electricity	29.08633251019461
16	5	Electricity	29.279640157683964
16	6	Electricity	30.011486965123265
16	7	Electricity	31.671293169886933
16	8	Electricity	32.23999829371031
16	9	Electricity	35.5214380636508
16	10	Electricity	39.49609543123103
16	11	Electricity	42.57209776010759
16	12	Electricity	43.52162118140897
16	13	Electricity	43.20312968399355
16	14	Electricity	43.06112302064532
16	15	Electricity	43.621817845584346
16	16	Electricity	44.06944125842297
16	17	Electricity	43.99901748207883
16	18	Electricity	43.36102238104834
16	19	Electricity	41.72072712917911
16	20	Electricity	36.84290085998294
16	21	Electricity	31.938116906779452
16	22	Electricity	30.99216458917584
16	23	Electricity	30.547995755816974
16	24	Electricity	29.575826857353796
16	1	LT	1.8346965756778
16	2	LT	2.1306153782064774
16	3	LT	2.1306153782064774
16	4	LT	2.1306153782064774
16	5	LT	2.1306153782064774
16	6	LT	2.663269222758097
16	7	LT	3.136739306803981
16	8	LT	3.728576911861336
16	9	LT	3.728576911861336
16	10	LT	3.728576911861336
16	11	LT	3.728576911861336
16	12	LT	3.728576911861336
16	13	LT	3.728576911861336
16	14	LT	3.728576911861336
16	15	LT	3.728576911861336
16	16	LT	3.3142905883211875
16	17	LT	3.255106827815452
16	18	LT	2.7816367437695684
16	19	LT	2.6040854622523617
16	20	LT	2.189799138712213
16	21	LT	1.8346965756778
16	22	LT	1.5979615336548583
16	23	LT	1.5979615336548583
16	24	LT	1.5979615336548583
16	1	MT	24.19037538719815
16	2	MT	24.20270533730351
16	3	MT	24.20270533730351
16	4	MT	24.20270533730351
16	5	MT	24.20270533730351
16	6	MT	24.22489924749316
16	7	MT	24.24462716766174
16	8	MT	24.26928706787246
16	9	MT	24.26928706787246
16	10	MT	24.26928706787246
16	11	MT	24.26928706787246
16	12	MT	24.26928706787246
16	13	MT	24.26928706787246
16	14	MT	24.26928706787246
16	15	MT	24.26928706787246
16	16	MT	24.252025137724956
16	17	MT	24.249559147703884
16	18	MT	24.229831227535303
16	19	MT	24.222433257472087
16	20	MT	24.20517132732458
16	21	MT	24.19037538719815
16	22	MT	24.18051142711386
16	23	MT	24.18051142711386
16	24	MT	24.18051142711386
16	1	H2	0.0
16	2	H2	0.0
16	3	H2	0.0
16	4	H2	0.0
16	5	H2	0.0
16	6	H2	0.0
16	7	H2	0.0
16	8	H2	0.0
16	9	H2	0.0
16	10	H2	0.0
16	11	H2	0.0
16	12	H2	0.0
16	13	H2	0.0
16	14	H2	0.0
16	15	H2	0.0
16	16	H2	0.0
16	17	H2	0.0
16	18	H2	0.0
16	19	H2	0.0
16	20	H2	0.0
16	21	H2	0.0
16	22	H2	0.0
16	23	H2	0.0
16	24	H2	0.0
16	1	CH4	0.0
16	2	CH4	0.0
16	3	CH4	0.0
16	4	CH4	0.0
16	5	CH4	0.0
16	6	CH4	0.0
16	7	CH4	0.0
16	8	CH4	0.0
16	9	CH4	0.0
16	10	CH4	0.0
16	11	CH4	0.0
16	12	CH4	0.0
16	13	CH4	0.0
16	14	CH4	0.0
16	15	CH4	0.0
16	16	CH4	0.0
16	17	CH4	0.0
16	18	CH4	0.0
16	19	CH4	0.0
16	20	CH4	0.0
16	21	CH4	0.0
16	22	CH4	0.0
16	23	CH4	0.0
16	24	CH4	0.0
16	1	Biogas	0.0
16	2	Biogas	0.0
16	3	Biogas	0.0
16	4	Biogas	0.0
16	5	Biogas	0.0
16	6	Biogas	0.0
16	7	Biogas	0.0
16	8	Biogas	0.0
16	9	Biogas	0.0
16	10	Biogas	0.0
16	11	Biogas	0.0
16	12	Biogas	0.0
16	13	Biogas	0.0
16	14	Biogas	0.0
16	15	Biogas	0.0
16	16	Biogas	0.0
16	17	Biogas	0.0
16	18	Biogas	0.0
16	19	Biogas	0.0
16	20	Biogas	0.0
16	21	Biogas	0.0
16	22	Biogas	0.0
16	23	Biogas	0.0
16	24	Biogas	0.0
16	1	CH4_H2_Mix	0.0
16	2	CH4_H2_Mix	0.0
16	3	CH4_H2_Mix	0.0
16	4	CH4_H2_Mix	0.0
16	5	CH4_H2_Mix	0.0
16	6	CH4_H2_Mix	0.0
16	7	CH4_H2_Mix	0.0
16	8	CH4_H2_Mix	0.0
16	9	CH4_H2_Mix	0.0
16	10	CH4_H2_Mix	0.0
16	11	CH4_H2_Mix	0.0
16	12	CH4_H2_Mix	0.0
16	13	CH4_H2_Mix	0.0
16	14	CH4_H2_Mix	0.0
16	15	CH4_H2_Mix	0.0
16	16	CH4_H2_Mix	0.0
16	17	CH4_H2_Mix	0.0
16	18	CH4_H2_Mix	0.0
16	19	CH4_H2_Mix	0.0
16	20	CH4_H2_Mix	0.0
16	21	CH4_H2_Mix	0.0
16	22	CH4_H2_Mix	0.0
16	23	CH4_H2_Mix	0.0
16	24	CH4_H2_Mix	0.0
17	1	Electricity	33.10059323915816
17	2	Electricity	32.388614761020094
17	3	Electricity	32.18993879036019
17	4	Electricity	32.24019047379153
17	5	Electricity	33.534022664458185
17	6	Electricity	37.89159657621992
17	7	Electricity	47.46820176122348
17	8	Electricity	58.89619345806645
17	9	Electricity	74.30165235489929
17	10	Electricity	85.50807949675122
17	11	Electricity	89.30131810755417
17	12	Electricity	89.86798966967696
17	13	Electricity	81.49018348582418
17	14	Electricity	83.32916940373197
17	15	Electricity	91.2463980717764
17	16	Electricity	90.87614233107617
17	17	Electricity	88.35228031784365
17	18	Electricity	82.52792486142104
17	19	Electricity	74.54983822174758
17	20	Electricity	59.99242499973795
17	21	Electricity	44.97201631472005
17	22	Electricity	38.177696722696155
17	23	Electricity	36.021874741778575
17	24	Electricity	34.78784126464529
17	1	LT	2.285833550787976
17	2	LT	2.285833550787976
17	3	LT	2.285833550787976
17	4	LT	2.285833550787976
17	5	LT	2.285833550787976
17	6	LT	2.285833550787976
17	7	LT	2.285833550787976
17	8	LT	6.58467535759246
17	9	LT	7.347111451629481
17	10	LT	8.109547545666505
17	11	LT	8.109547545666505
17	12	LT	9.70373210592573
17	13	LT	9.70373210592573
17	14	LT	6.446050613222091
17	15	LT	9.70373210592573
17	16	LT	9.70373210592573
17	17	LT	8.111022276989592
17	18	LT	6.444575881899004
17	19	LT	2.285833550787976
17	20	LT	2.285833550787976
17	21	LT	2.285833550787976
17	22	LT	2.285833550787976
17	23	LT	2.285833550787976
17	24	LT	2.285833550787976
17	1	MT	27.027295693407908
17	2	MT	39.8873307480395
17	3	MT	39.8873307480395
17	4	MT	39.8873307480395
17	5	MT	39.8873307480395
17	6	MT	39.8873307480395
17	7	MT	39.8873307480395
17	8	MT	164.84419183767693
17	9	MT	183.93141405046052
17	10	MT	203.01863626324422
17	11	MT	203.01863626324422
17	12	MT	242.92828270815545
17	13	MT	242.92828270815545
17	14	MT	161.37378779898899
17	15	MT	242.92828270815545
17	16	MT	242.92828270815545
17	17	MT	145.74631413189857
17	18	MT	65.43632866583725
17	19	MT	41.0564248439151
17	20	MT	41.0564248439151
17	21	MT	41.0564248439151
17	22	MT	41.0564248439151
17	23	MT	41.0564248439151
17	24	MT	41.0564248439151
17	1	H2	0.0
17	2	H2	0.0
17	3	H2	0.0
17	4	H2	0.0
17	5	H2	0.0
17	6	H2	0.0
17	7	H2	0.0
17	8	H2	0.0
17	9	H2	0.0
17	10	H2	0.0
17	11	H2	0.0
17	12	H2	0.0
17	13	H2	0.0
17	14	H2	0.0
17	15	H2	0.0
17	16	H2	0.0
17	17	H2	0.0
17	18	H2	0.0
17	19	H2	0.0
17	20	H2	0.0
17	21	H2	0.0
17	22	H2	0.0
17	23	H2	0.0
17	24	H2	0.0
17	1	CH4	0.0
17	2	CH4	0.0
17	3	CH4	0.0
17	4	CH4	0.0
17	5	CH4	0.0
17	6	CH4	0.0
17	7	CH4	0.0
17	8	CH4	0.0
17	9	CH4	0.0
17	10	CH4	0.0
17	11	CH4	0.0
17	12	CH4	0.0
17	13	CH4	0.0
17	14	CH4	0.0
17	15	CH4	0.0
17	16	CH4	0.0
17	17	CH4	0.0
17	18	CH4	0.0
17	19	CH4	0.0
17	20	CH4	0.0
17	21	CH4	0.0
17	22	CH4	0.0
17	23	CH4	0.0
17	24	CH4	0.0
17	1	Biogas	0.0
17	2	Biogas	0.0
17	3	Biogas	0.0
17	4	Biogas	0.0
17	5	Biogas	0.0
17	6	Biogas	0.0
17	7	Biogas	0.0
17	8	Biogas	0.0
17	9	Biogas	0.0
17	10	Biogas	0.0
17	11	Biogas	0.0
17	12	Biogas	0.0
17	13	Biogas	0.0
17	14	Biogas	0.0
17	15	Biogas	0.0
17	16	Biogas	0.0
17	17	Biogas	0.0
17	18	Biogas	0.0
17	19	Biogas	0.0
17	20	Biogas	0.0
17	21	Biogas	0.0
17	22	Biogas	0.0
17	23	Biogas	0.0
17	24	Biogas	0.0
17	1	CH4_H2_Mix	0.0
17	2	CH4_H2_Mix	0.0
17	3	CH4_H2_Mix	0.0
17	4	CH4_H2_Mix	0.0
17	5	CH4_H2_Mix	0.0
17	6	CH4_H2_Mix	0.0
17	7	CH4_H2_Mix	0.0
17	8	CH4_H2_Mix	0.0
17	9	CH4_H2_Mix	0.0
17	10	CH4_H2_Mix	0.0
17	11	CH4_H2_Mix	0.0
17	12	CH4_H2_Mix	0.0
17	13	CH4_H2_Mix	0.0
17	14	CH4_H2_Mix	0.0
17	15	CH4_H2_Mix	0.0
17	16	CH4_H2_Mix	0.0
17	17	CH4_H2_Mix	0.0
17	18	CH4_H2_Mix	0.0
17	19	CH4_H2_Mix	0.0
17	20	CH4_H2_Mix	0.0
17	21	CH4_H2_Mix	0.0
17	22	CH4_H2_Mix	0.0
17	23	CH4_H2_Mix	0.0
17	24	CH4_H2_Mix	0.0
18	1	Electricity	37.38320513760438
18	2	Electricity	37.302844878286955
18	3	Electricity	36.696056376633635
18	4	Electricity	37.20075790701604
18	5	Electricity	37.62811750750956
18	6	Electricity	39.96968448867025
18	7	Electricity	44.72295516071477
18	8	Electricity	52.197300410306134
18	9	Electricity	59.29938592561202
18	10	Electricity	68.24121401880537
18	11	Electricity	71.44320218522972
18	12	Electricity	71.03404149368522
18	13	Electricity	65.98806890298746
18	14	Electricity	64.23686575347206
18	15	Electricity	66.61337548201209
18	16	Electricity	66.49886681120539
18	17	Electricity	66.35517529735736
18	18	Electricity	68.20772510043857
18	19	Electricity	66.33206073357411
18	20	Electricity	56.328002835117445
18	21	Electricity	43.15863197607506
18	22	Electricity	38.91795506353084
18	23	Electricity	38.18449417144103
18	24	Electricity	37.347523263352336
18	1	LT	15.085034679384272
18	2	LT	29.451734374035965
18	3	LT	29.451734374035965
18	4	LT	29.451734374035965
18	5	LT	29.451734374035965
18	6	LT	36.63508422136181
18	7	LT	45.97343902288541
18	8	LT	52.438453885478665
18	9	LT	52.438453885478665
18	10	LT	52.438453885478665
18	11	LT	52.438453885478665
18	12	LT	52.438453885478665
18	13	LT	52.438453885478665
18	14	LT	52.438453885478665
18	15	LT	52.438453885478665
18	16	LT	47.41010899235057
18	17	LT	43.100099083955065
18	18	LT	38.790089175559565
18	19	LT	37.353419206094394
18	20	LT	30.170069358768544
18	21	LT	22.268384526710115
18	22	LT	22.268384526710115
18	23	LT	22.268384526710115
18	24	LT	22.268384526710115
18	1	MT	115.30612164775228
18	2	MT	109.76055926333449
18	3	MT	109.76055926333449
18	4	MT	109.76055926333449
18	5	MT	109.76055926333449
18	6	MT	110.05986550697305
18	7	MT	110.44896362370321
18	8	MT	110.71833924297792
18	9	MT	110.71833924297792
18	10	MT	110.71833924297792
18	11	MT	110.71833924297792
18	12	MT	110.71833924297792
18	13	MT	110.71833924297792
18	14	MT	110.71833924297792
18	15	MT	110.71833924297792
18	16	MT	110.50882487243092
18	17	MT	110.32924112624778
18	18	MT	110.14965738006464
18	19	MT	110.08979613133691
18	20	MT	109.79048988769834
18	21	MT	109.46125301969592
18	22	MT	109.46125301969592
18	23	MT	109.46125301969592
18	24	MT	109.46125301969592
18	1	H2	0.0
18	2	H2	0.0
18	3	H2	0.0
18	4	H2	0.0
18	5	H2	0.0
18	6	H2	0.0
18	7	H2	0.0
18	8	H2	0.0
18	9	H2	0.0
18	10	H2	0.0
18	11	H2	0.0
18	12	H2	0.0
18	13	H2	0.0
18	14	H2	0.0
18	15	H2	0.0
18	16	H2	0.0
18	17	H2	0.0
18	18	H2	0.0
18	19	H2	0.0
18	20	H2	0.0
18	21	H2	0.0
18	22	H2	0.0
18	23	H2	0.0
18	24	H2	0.0
18	1	CH4	0.0
18	2	CH4	0.0
18	3	CH4	0.0
18	4	CH4	0.0
18	5	CH4	0.0
18	6	CH4	0.0
18	7	CH4	0.0
18	8	CH4	0.0
18	9	CH4	0.0
18	10	CH4	0.0
18	11	CH4	0.0
18	12	CH4	0.0
18	13	CH4	0.0
18	14	CH4	0.0
18	15	CH4	0.0
18	16	CH4	0.0
18	17	CH4	0.0
18	18	CH4	0.0
18	19	CH4	0.0
18	20	CH4	0.0
18	21	CH4	0.0
18	22	CH4	0.0
18	23	CH4	0.0
18	24	CH4	0.0
18	1	Biogas	0.0
18	2	Biogas	0.0
18	3	Biogas	0.0
18	4	Biogas	0.0
18	5	Biogas	0.0
18	6	Biogas	0.0
18	7	Biogas	0.0
18	8	Biogas	0.0
18	9	Biogas	0.0
18	10	Biogas	0.0
18	11	Biogas	0.0
18	12	Biogas	0.0
18	13	Biogas	0.0
18	14	Biogas	0.0
18	15	Biogas	0.0
18	16	Biogas	0.0
18	17	Biogas	0.0
18	18	Biogas	0.0
18	19	Biogas	0.0
18	20	Biogas	0.0
18	21	Biogas	0.0
18	22	Biogas	0.0
18	23	Biogas	0.0
18	24	Biogas	0.0
18	1	CH4_H2_Mix	0.0
18	2	CH4_H2_Mix	0.0
18	3	CH4_H2_Mix	0.0
18	4	CH4_H2_Mix	0.0
18	5	CH4_H2_Mix	0.0
18	6	CH4_H2_Mix	0.0
18	7	CH4_H2_Mix	0.0
18	8	CH4_H2_Mix	0.0
18	9	CH4_H2_Mix	0.0
18	10	CH4_H2_Mix	0.0
18	11	CH4_H2_Mix	0.0
18	12	CH4_H2_Mix	0.0
18	13	CH4_H2_Mix	0.0
18	14	CH4_H2_Mix	0.0
18	15	CH4_H2_Mix	0.0
18	16	CH4_H2_Mix	0.0
18	17	CH4_H2_Mix	0.0
18	18	CH4_H2_Mix	0.0
18	19	CH4_H2_Mix	0.0
18	20	CH4_H2_Mix	0.0
18	21	CH4_H2_Mix	0.0
18	22	CH4_H2_Mix	0.0
18	23	CH4_H2_Mix	0.0
18	24	CH4_H2_Mix	0.0
19	1	Electricity	34.41003235268435
19	2	Electricity	33.81403188052373
19	3	Electricity	33.76949145465969
19	4	Electricity	33.44485070138244
19	5	Electricity	33.783424067153085
19	6	Electricity	35.83390258088954
19	7	Electricity	41.16333592670944
19	8	Electricity	47.254874599390746
19	9	Electricity	54.00223855473159
19	10	Electricity	62.87677450744614
19	11	Electricity	66.5854206152155
19	12	Electricity	65.97351214229093
19	13	Electricity	62.34807012831444
19	14	Electricity	61.06735708492196
19	15	Electricity	63.172369642114475
19	16	Electricity	62.373517431438195
19	17	Electricity	61.94999735333466
19	18	Electricity	62.88868769620671
19	19	Electricity	61.37056237344858
19	20	Electricity	51.68236651310226
19	21	Electricity	38.878835813526806
19	22	Electricity	34.336045453753265
19	23	Electricity	33.23177011786883
19	24	Electricity	32.17973789191853
19	1	LT	6.855225434103971
19	2	LT	13.384011561822042
19	3	LT	13.384011561822042
19	4	LT	13.384011561822042
19	5	LT	13.384011561822042
19	6	LT	16.648404625681078
19	7	LT	20.892115608697818
19	8	LT	23.83006936617095
19	9	LT	23.83006936617095
19	10	LT	23.83006936617095
19	11	LT	23.83006936617095
19	12	LT	23.83006936617095
19	13	LT	23.83006936617095
19	14	LT	23.83006936617095
19	15	LT	23.83006936617095
19	16	LT	21.54499422146963
19	17	LT	19.586358383154206
19	18	LT	17.627722544838782
19	19	LT	16.974843932066978
19	20	LT	13.710450868207943
19	21	LT	10.119618497963005
19	22	LT	10.119618497963005
19	23	LT	10.119618497963005
19	24	LT	10.119618497963005
19	1	MT	64.97220251871124
19	2	MT	61.363475869878464
19	3	MT	61.363475869878464
19	4	MT	61.363475869878464
19	5	MT	61.363475869878464
19	6	MT	61.49949224753925
19	7	MT	61.676313538498285
19	8	MT	61.79872827839299
19	9	MT	61.79872827839299
19	10	MT	61.79872827839299
19	11	MT	61.79872827839299
19	12	MT	61.79872827839299
19	13	MT	61.79872827839299
19	14	MT	61.79872827839299
19	15	MT	61.79872827839299
19	16	MT	61.70351681403044
19	17	MT	61.62190698743397
19	18	MT	61.54029716083749
19	19	MT	61.51309388530533
19	20	MT	61.37707750764454
19	21	MT	61.22745949221767
19	22	MT	61.22745949221767
19	23	MT	61.22745949221767
19	24	MT	61.22745949221767
19	1	H2	0.0
19	2	H2	0.0
19	3	H2	0.0
19	4	H2	0.0
19	5	H2	0.0
19	6	H2	0.0
19	7	H2	0.0
19	8	H2	0.0
19	9	H2	0.0
19	10	H2	0.0
19	11	H2	0.0
19	12	H2	0.0
19	13	H2	0.0
19	14	H2	0.0
19	15	H2	0.0
19	16	H2	0.0
19	17	H2	0.0
19	18	H2	0.0
19	19	H2	0.0
19	20	H2	0.0
19	21	H2	0.0
19	22	H2	0.0
19	23	H2	0.0
19	24	H2	0.0
19	1	CH4	0.0
19	2	CH4	0.0
19	3	CH4	0.0
19	4	CH4	0.0
19	5	CH4	0.0
19	6	CH4	0.0
19	7	CH4	0.0
19	8	CH4	0.0
19	9	CH4	0.0
19	10	CH4	0.0
19	11	CH4	0.0
19	12	CH4	0.0
19	13	CH4	0.0
19	14	CH4	0.0
19	15	CH4	0.0
19	16	CH4	0.0
19	17	CH4	0.0
19	18	CH4	0.0
19	19	CH4	0.0
19	20	CH4	0.0
19	21	CH4	0.0
19	22	CH4	0.0
19	23	CH4	0.0
19	24	CH4	0.0
19	1	Biogas	0.0
19	2	Biogas	0.0
19	3	Biogas	0.0
19	4	Biogas	0.0
19	5	Biogas	0.0
19	6	Biogas	0.0
19	7	Biogas	0.0
19	8	Biogas	0.0
19	9	Biogas	0.0
19	10	Biogas	0.0
19	11	Biogas	0.0
19	12	Biogas	0.0
19	13	Biogas	0.0
19	14	Biogas	0.0
19	15	Biogas	0.0
19	16	Biogas	0.0
19	17	Biogas	0.0
19	18	Biogas	0.0
19	19	Biogas	0.0
19	20	Biogas	0.0
19	21	Biogas	0.0
19	22	Biogas	0.0
19	23	Biogas	0.0
19	24	Biogas	0.0
19	1	CH4_H2_Mix	0.0
19	2	CH4_H2_Mix	0.0
19	3	CH4_H2_Mix	0.0
19	4	CH4_H2_Mix	0.0
19	5	CH4_H2_Mix	0.0
19	6	CH4_H2_Mix	0.0
19	7	CH4_H2_Mix	0.0
19	8	CH4_H2_Mix	0.0
19	9	CH4_H2_Mix	0.0
19	10	CH4_H2_Mix	0.0
19	11	CH4_H2_Mix	0.0
19	12	CH4_H2_Mix	0.0
19	13	CH4_H2_Mix	0.0
19	14	CH4_H2_Mix	0.0
19	15	CH4_H2_Mix	0.0
19	16	CH4_H2_Mix	0.0
19	17	CH4_H2_Mix	0.0
19	18	CH4_H2_Mix	0.0
19	19	CH4_H2_Mix	0.0
19	20	CH4_H2_Mix	0.0
19	21	CH4_H2_Mix	0.0
19	22	CH4_H2_Mix	0.0
19	23	CH4_H2_Mix	0.0
19	24	CH4_H2_Mix	0.0
20	1	Electricity	32.79057760542504
20	2	Electricity	32.984211287625676
20	3	Electricity	32.88617372929094
20	4	Electricity	34.03779387602422
20	5	Electricity	35.588939385243705
20	6	Electricity	42.012420210087605
20	7	Electricity	52.23922361456835
20	8	Electricity	65.18677328156727
20	9	Electricity	80.82226502135238
20	10	Electricity	89.45102514931828
20	11	Electricity	92.31477361107804
20	12	Electricity	91.78999421556426
20	13	Electricity	83.53026846497428
20	14	Electricity	82.80832753358166
20	15	Electricity	88.43618816825303
20	16	Electricity	87.85960538400607
20	17	Electricity	85.99961472796345
20	18	Electricity	81.06448542591949
20	19	Electricity	73.94997767900372
20	20	Electricity	62.833950020408814
20	21	Electricity	47.77657632655045
20	22	Electricity	40.17338584810396
20	23	Electricity	38.46232026232289
20	24	Electricity	37.26424227219012
20	1	LT	2.125010150700937
20	2	LT	2.125010150700937
20	3	LT	2.125010150700937
20	4	LT	2.125010150700937
20	5	LT	2.125010150700937
20	6	LT	2.125010150700937
20	7	LT	2.125010150700937
20	8	LT	9.243794155549075
20	9	LT	10.399268424992709
20	10	LT	11.554742694436342
20	11	LT	11.554742694436342
20	12	LT	13.865691233323608
20	13	LT	13.865691233323608
20	14	LT	9.243794155549075
20	15	LT	13.865691233323608
20	16	LT	13.865691233323608
20	17	LT	11.554742694436342
20	18	LT	9.2969194093166
20	19	LT	3.320328360470213
20	20	LT	3.320328360470213
20	21	LT	3.320328360470213
20	22	LT	3.320328360470213
20	23	LT	3.320328360470213
20	24	LT	3.320328360470213
20	1	MT	41.472391444638646
20	2	MT	41.472391444638646
20	3	MT	41.472391444638646
20	4	MT	41.472391444638646
20	5	MT	41.472391444638646
20	6	MT	41.472391444638646
20	7	MT	41.472391444638646
20	8	MT	176.879576043854
20	9	MT	198.98952304933573
20	10	MT	221.0994700548175
20	11	MT	221.0994700548175
20	12	MT	265.3193640657809
20	13	MT	265.3193640657809
20	14	MT	176.879576043854
20	15	MT	265.3193640657809
20	16	MT	265.3193640657809
20	17	MT	158.52492041406404
20	18	MT	51.78802912059528
20	19	MT	44.72583436095766
20	20	MT	44.72583436095766
20	21	MT	44.72583436095766
20	22	MT	44.72583436095766
20	23	MT	44.72583436095766
20	24	MT	44.72583436095766
20	1	H2	0.0
20	2	H2	0.0
20	3	H2	0.0
20	4	H2	0.0
20	5	H2	0.0
20	6	H2	0.0
20	7	H2	0.0
20	8	H2	0.0
20	9	H2	0.0
20	10	H2	0.0
20	11	H2	0.0
20	12	H2	0.0
20	13	H2	0.0
20	14	H2	0.0
20	15	H2	0.0
20	16	H2	0.0
20	17	H2	0.0
20	18	H2	0.0
20	19	H2	0.0
20	20	H2	0.0
20	21	H2	0.0
20	22	H2	0.0
20	23	H2	0.0
20	24	H2	0.0
20	1	CH4	0.0
20	2	CH4	0.0
20	3	CH4	0.0
20	4	CH4	0.0
20	5	CH4	0.0
20	6	CH4	0.0
20	7	CH4	0.0
20	8	CH4	0.0
20	9	CH4	0.0
20	10	CH4	0.0
20	11	CH4	0.0
20	12	CH4	0.0
20	13	CH4	0.0
20	14	CH4	0.0
20	15	CH4	0.0
20	16	CH4	0.0
20	17	CH4	0.0
20	18	CH4	0.0
20	19	CH4	0.0
20	20	CH4	0.0
20	21	CH4	0.0
20	22	CH4	0.0
20	23	CH4	0.0
20	24	CH4	0.0
20	1	Biogas	0.0
20	2	Biogas	0.0
20	3	Biogas	0.0
20	4	Biogas	0.0
20	5	Biogas	0.0
20	6	Biogas	0.0
20	7	Biogas	0.0
20	8	Biogas	0.0
20	9	Biogas	0.0
20	10	Biogas	0.0
20	11	Biogas	0.0
20	12	Biogas	0.0
20	13	Biogas	0.0
20	14	Biogas	0.0
20	15	Biogas	0.0
20	16	Biogas	0.0
20	17	Biogas	0.0
20	18	Biogas	0.0
20	19	Biogas	0.0
20	20	Biogas	0.0
20	21	Biogas	0.0
20	22	Biogas	0.0
20	23	Biogas	0.0
20	24	Biogas	0.0
20	1	CH4_H2_Mix	0.0
20	2	CH4_H2_Mix	0.0
20	3	CH4_H2_Mix	0.0
20	4	CH4_H2_Mix	0.0
20	5	CH4_H2_Mix	0.0
20	6	CH4_H2_Mix	0.0
20	7	CH4_H2_Mix	0.0
20	8	CH4_H2_Mix	0.0
20	9	CH4_H2_Mix	0.0
20	10	CH4_H2_Mix	0.0
20	11	CH4_H2_Mix	0.0
20	12	CH4_H2_Mix	0.0
20	13	CH4_H2_Mix	0.0
20	14	CH4_H2_Mix	0.0
20	15	CH4_H2_Mix	0.0
20	16	CH4_H2_Mix	0.0
20	17	CH4_H2_Mix	0.0
20	18	CH4_H2_Mix	0.0
20	19	CH4_H2_Mix	0.0
20	20	CH4_H2_Mix	0.0
20	21	CH4_H2_Mix	0.0
20	22	CH4_H2_Mix	0.0
20	23	CH4_H2_Mix	0.0
20	24	CH4_H2_Mix	0.0
21	1	Electricity	40.967707042813906
21	2	Electricity	40.789409381768316
21	3	Electricity	40.77079307339174
21	4	Electricity	41.51959310307035
21	5	Electricity	42.97240076149331
21	6	Electricity	48.201210871767046
21	7	Electricity	58.733496005612565
21	8	Electricity	69.37774621757741
21	9	Electricity	84.30401324116349
21	10	Electricity	93.818248350748
21	11	Electricity	96.77316182364534
21	12	Electricity	95.85573209585478
21	13	Electricity	85.21241412830764
21	14	Electricity	83.21501403009765
21	15	Electricity	89.28314017752503
21	16	Electricity	88.10916298844135
21	17	Electricity	84.35041503942921
21	18	Electricity	78.79299662633592
21	19	Electricity	73.20377840196808
21	20	Electricity	62.95952309517438
21	21	Electricity	49.4978181833455
21	22	Electricity	42.47145828363432
21	23	Electricity	40.22630555354092
21	24	Electricity	38.916410579234075
21	1	LT	15.204054680803907
21	2	LT	15.204054680803907
21	3	LT	15.204054680803907
21	4	LT	15.204054680803907
21	5	LT	15.204054680803907
21	6	LT	15.204054680803907
21	7	LT	15.204054680803907
21	8	LT	41.19808365121059
21	9	LT	51.49760456401323
21	10	LT	56.647365020414554
21	11	LT	56.647365020414554
21	12	LT	66.9468859332172
21	13	LT	66.9468859332172
21	14	LT	46.347844107611905
21	15	LT	66.9468859332172
21	16	LT	56.647365020414554
21	17	LT	49.0453376800126
21	18	LT	41.19808365121059
21	19	LT	15.204054680803907
21	20	LT	15.204054680803907
21	21	LT	15.204054680803907
21	22	LT	15.204054680803907
21	23	LT	15.204054680803907
21	24	LT	15.204054680803907
21	1	MT	95.85525229349685
21	2	MT	64.5826913926644
21	3	MT	64.5826913926644
21	4	MT	64.5826913926644
21	5	MT	64.5826913926644
21	6	MT	64.5826913926644
21	7	MT	64.5826913926644
21	8	MT	249.58681026965178
21	9	MT	311.9835128370647
21	10	MT	343.18186412077114
21	11	MT	343.18186412077114
21	12	MT	405.57856668818414
21	13	MT	405.57856668818414
21	14	MT	280.78516155335825
21	15	MT	405.57856668818414
21	16	MT	317.5624199981662
21	17	MT	173.41152954116407
21	18	MT	124.01545034477078
21	19	MT	66.98827300042075
21	20	MT	64.5826913926644
21	21	MT	64.5826913926644
21	22	MT	64.5826913926644
21	23	MT	64.5826913926644
21	24	MT	64.5826913926644
21	1	H2	0.0
21	2	H2	0.0
21	3	H2	0.0
21	4	H2	0.0
21	5	H2	0.0
21	6	H2	0.0
21	7	H2	0.0
21	8	H2	0.0
21	9	H2	0.0
21	10	H2	0.0
21	11	H2	0.0
21	12	H2	0.0
21	13	H2	0.0
21	14	H2	0.0
21	15	H2	0.0
21	16	H2	0.0
21	17	H2	0.0
21	18	H2	0.0
21	19	H2	0.0
21	20	H2	0.0
21	21	H2	0.0
21	22	H2	0.0
21	23	H2	0.0
21	24	H2	0.0
21	1	CH4	0.0
21	2	CH4	0.0
21	3	CH4	0.0
21	4	CH4	0.0
21	5	CH4	0.0
21	6	CH4	0.0
21	7	CH4	0.0
21	8	CH4	0.0
21	9	CH4	0.0
21	10	CH4	0.0
21	11	CH4	0.0
21	12	CH4	0.0
21	13	CH4	0.0
21	14	CH4	0.0
21	15	CH4	0.0
21	16	CH4	0.0
21	17	CH4	0.0
21	18	CH4	0.0
21	19	CH4	0.0
21	20	CH4	0.0
21	21	CH4	0.0
21	22	CH4	0.0
21	23	CH4	0.0
21	24	CH4	0.0
21	1	Biogas	0.0
21	2	Biogas	0.0
21	3	Biogas	0.0
21	4	Biogas	0.0
21	5	Biogas	0.0
21	6	Biogas	0.0
21	7	Biogas	0.0
21	8	Biogas	0.0
21	9	Biogas	0.0
21	10	Biogas	0.0
21	11	Biogas	0.0
21	12	Biogas	0.0
21	13	Biogas	0.0
21	14	Biogas	0.0
21	15	Biogas	0.0
21	16	Biogas	0.0
21	17	Biogas	0.0
21	18	Biogas	0.0
21	19	Biogas	0.0
21	20	Biogas	0.0
21	21	Biogas	0.0
21	22	Biogas	0.0
21	23	Biogas	0.0
21	24	Biogas	0.0
21	1	CH4_H2_Mix	0.0
21	2	CH4_H2_Mix	0.0
21	3	CH4_H2_Mix	0.0
21	4	CH4_H2_Mix	0.0
21	5	CH4_H2_Mix	0.0
21	6	CH4_H2_Mix	0.0
21	7	CH4_H2_Mix	0.0
21	8	CH4_H2_Mix	0.0
21	9	CH4_H2_Mix	0.0
21	10	CH4_H2_Mix	0.0
21	11	CH4_H2_Mix	0.0
21	12	CH4_H2_Mix	0.0
21	13	CH4_H2_Mix	0.0
21	14	CH4_H2_Mix	0.0
21	15	CH4_H2_Mix	0.0
21	16	CH4_H2_Mix	0.0
21	17	CH4_H2_Mix	0.0
21	18	CH4_H2_Mix	0.0
21	19	CH4_H2_Mix	0.0
21	20	CH4_H2_Mix	0.0
21	21	CH4_H2_Mix	0.0
21	22	CH4_H2_Mix	0.0
21	23	CH4_H2_Mix	0.0
21	24	CH4_H2_Mix	0.0
22	1	Electricity	39.079024141345315
22	2	Electricity	38.91138617859779
22	3	Electricity	38.82533520990631
22	4	Electricity	38.99852706298521
22	5	Electricity	40.10419516605023
22	6	Electricity	45.32886860324282
22	7	Electricity	55.32949282512901
22	8	Electricity	68.94477326114269
22	9	Electricity	86.18720713999852
22	10	Electricity	95.18261579994171
22	11	Electricity	98.06460647134384
22	12	Electricity	95.82791617639708
22	13	Electricity	85.74974715238598
22	14	Electricity	84.53519678293826
22	15	Electricity	89.63490578741023
22	16	Electricity	88.58098611742955
22	17	Electricity	84.5770423550622
22	18	Electricity	78.76239352562118
22	19	Electricity	68.42618969063894
22	20	Electricity	59.30004562142939
22	21	Electricity	48.41722191647959
22	22	Electricity	42.492633690856444
22	23	Electricity	40.9951597330502
22	24	Electricity	40.49378239866728
22	1	LT	13.824284208879416
22	2	LT	13.824284208879416
22	3	LT	13.824284208879416
22	4	LT	13.824284208879416
22	5	LT	13.824284208879416
22	6	LT	13.824284208879416
22	7	LT	13.824284208879416
22	8	LT	38.08590299546279
22	9	LT	42.495849658095324
22	10	LT	46.90579632072785
22	11	LT	46.90579632072785
22	12	LT	56.126593888050415
22	13	LT	56.126593888050415
22	14	LT	37.28409451134778
22	15	LT	56.126593888050415
22	16	LT	56.126593888050415
22	17	LT	46.89888417862341
22	18	LT	37.29100665345222
22	19	LT	13.824284208879416
22	20	LT	13.824284208879416
22	21	LT	13.824284208879416
22	22	LT	13.824284208879416
22	23	LT	13.824284208879416
22	24	LT	13.824284208879416
22	1	MT	65.1993161438653
22	2	MT	65.1993161438653
22	3	MT	65.1993161438653
22	4	MT	65.1993161438653
22	5	MT	65.1993161438653
22	6	MT	65.1993161438653
22	7	MT	65.1993161438653
22	8	MT	246.56529833745157
22	9	MT	275.11496446073545
22	10	MT	303.66463058401933
22	11	MT	303.66463058401933
22	12	MT	363.35938702361284
22	13	MT	363.35938702361284
22	14	MT	241.37444995139998
22	15	MT	363.35938702361284
22	16	MT	363.35938702361284
22	17	MT	229.0988038175817
22	18	MT	116.4940575880772
22	19	MT	65.1993161438653
22	20	MT	65.1993161438653
22	21	MT	65.1993161438653
22	22	MT	65.1993161438653
22	23	MT	65.1993161438653
22	24	MT	65.1993161438653
22	1	H2	0.0
22	2	H2	0.0
22	3	H2	0.0
22	4	H2	0.0
22	5	H2	0.0
22	6	H2	0.0
22	7	H2	0.0
22	8	H2	0.0
22	9	H2	0.0
22	10	H2	0.0
22	11	H2	0.0
22	12	H2	0.0
22	13	H2	0.0
22	14	H2	0.0
22	15	H2	0.0
22	16	H2	0.0
22	17	H2	0.0
22	18	H2	0.0
22	19	H2	0.0
22	20	H2	0.0
22	21	H2	0.0
22	22	H2	0.0
22	23	H2	0.0
22	24	H2	0.0
22	1	CH4	0.0
22	2	CH4	0.0
22	3	CH4	0.0
22	4	CH4	0.0
22	5	CH4	0.0
22	6	CH4	0.0
22	7	CH4	0.0
22	8	CH4	0.0
22	9	CH4	0.0
22	10	CH4	0.0
22	11	CH4	0.0
22	12	CH4	0.0
22	13	CH4	0.0
22	14	CH4	0.0
22	15	CH4	0.0
22	16	CH4	0.0
22	17	CH4	0.0
22	18	CH4	0.0
22	19	CH4	0.0
22	20	CH4	0.0
22	21	CH4	0.0
22	22	CH4	0.0
22	23	CH4	0.0
22	24	CH4	0.0
22	1	Biogas	0.0
22	2	Biogas	0.0
22	3	Biogas	0.0
22	4	Biogas	0.0
22	5	Biogas	0.0
22	6	Biogas	0.0
22	7	Biogas	0.0
22	8	Biogas	0.0
22	9	Biogas	0.0
22	10	Biogas	0.0
22	11	Biogas	0.0
22	12	Biogas	0.0
22	13	Biogas	0.0
22	14	Biogas	0.0
22	15	Biogas	0.0
22	16	Biogas	0.0
22	17	Biogas	0.0
22	18	Biogas	0.0
22	19	Biogas	0.0
22	20	Biogas	0.0
22	21	Biogas	0.0
22	22	Biogas	0.0
22	23	Biogas	0.0
22	24	Biogas	0.0
22	1	CH4_H2_Mix	0.0
22	2	CH4_H2_Mix	0.0
22	3	CH4_H2_Mix	0.0
22	4	CH4_H2_Mix	0.0
22	5	CH4_H2_Mix	0.0
22	6	CH4_H2_Mix	0.0
22	7	CH4_H2_Mix	0.0
22	8	CH4_H2_Mix	0.0
22	9	CH4_H2_Mix	0.0
22	10	CH4_H2_Mix	0.0
22	11	CH4_H2_Mix	0.0
22	12	CH4_H2_Mix	0.0
22	13	CH4_H2_Mix	0.0
22	14	CH4_H2_Mix	0.0
22	15	CH4_H2_Mix	0.0
22	16	CH4_H2_Mix	0.0
22	17	CH4_H2_Mix	0.0
22	18	CH4_H2_Mix	0.0
22	19	CH4_H2_Mix	0.0
22	20	CH4_H2_Mix	0.0
22	21	CH4_H2_Mix	0.0
22	22	CH4_H2_Mix	0.0
22	23	CH4_H2_Mix	0.0
22	24	CH4_H2_Mix	0.0
23	1	Electricity	48.179444634312354
23	2	Electricity	48.018932181969774
23	3	Electricity	47.882316644965876
23	4	Electricity	47.76412113168607
23	5	Electricity	48.199535243884206
23	6	Electricity	50.30651404274093
23	7	Electricity	55.20319833395572
23	8	Electricity	62.96785894736969
23	9	Electricity	70.02333252049509
23	10	Electricity	79.20225022814512
23	11	Electricity	83.53499959145893
23	12	Electricity	82.18008831438817
23	13	Electricity	77.0935867054729
23	14	Electricity	73.84906580595126
23	15	Electricity	74.41705161632629
23	16	Electricity	73.79223781388697
23	17	Electricity	73.51538534251479
23	18	Electricity	73.52995781206437
23	19	Electricity	73.05846730537098
23	20	Electricity	63.22802542436235
23	21	Electricity	50.4880400757824
23	22	Electricity	45.963780107094024
23	23	Electricity	45.30445375181707
23	24	Electricity	45.10526237875609
23	1	LT	17.123611281426182
23	2	LT	33.43181250183208
23	3	LT	33.43181250183208
23	4	LT	33.43181250183208
23	5	LT	33.43181250183208
23	6	LT	41.58591311203503
23	7	LT	52.18624390529885
23	8	LT	59.5249344544815
23	9	LT	59.5249344544815
23	10	LT	59.5249344544815
23	11	LT	59.5249344544815
23	12	LT	59.5249344544815
23	13	LT	59.5249344544815
23	14	LT	59.5249344544815
23	15	LT	59.5249344544815
23	16	LT	53.81706402733944
23	17	LT	48.92460366121767
23	18	LT	44.032143295095906
23	19	LT	42.40132317305531
23	20	LT	34.247222562852365
23	21	LT	25.277711891629128
23	22	LT	25.277711891629128
23	23	LT	25.277711891629128
23	24	LT	25.277711891629128
23	1	MT	127.77415666136794
23	2	MT	121.74882762685112
23	3	MT	121.74882762685112
23	4	MT	121.74882762685112
23	5	MT	121.74882762685112
23	6	MT	122.08858181894291
23	7	MT	122.53026226866223
23	8	MT	122.83604104154485
23	9	MT	122.83604104154485
23	10	MT	122.83604104154485
23	11	MT	122.83604104154485
23	12	MT	122.83604104154485
23	13	MT	122.83604104154485
23	14	MT	122.83604104154485
23	15	MT	122.83604104154485
23	16	MT	122.5982131070806
23	17	MT	122.39436059182552
23	18	MT	122.19050807657045
23	19	MT	122.1225572381521
23	20	MT	121.78280304606031
23	21	MT	121.40907343475935
23	22	MT	121.40907343475935
23	23	MT	121.40907343475935
23	24	MT	121.40907343475935
23	1	H2	0.0
23	2	H2	0.0
23	3	H2	0.0
23	4	H2	0.0
23	5	H2	0.0
23	6	H2	0.0
23	7	H2	0.0
23	8	H2	0.0
23	9	H2	0.0
23	10	H2	0.0
23	11	H2	0.0
23	12	H2	0.0
23	13	H2	0.0
23	14	H2	0.0
23	15	H2	0.0
23	16	H2	0.0
23	17	H2	0.0
23	18	H2	0.0
23	19	H2	0.0
23	20	H2	0.0
23	21	H2	0.0
23	22	H2	0.0
23	23	H2	0.0
23	24	H2	0.0
23	1	CH4	0.0
23	2	CH4	0.0
23	3	CH4	0.0
23	4	CH4	0.0
23	5	CH4	0.0
23	6	CH4	0.0
23	7	CH4	0.0
23	8	CH4	0.0
23	9	CH4	0.0
23	10	CH4	0.0
23	11	CH4	0.0
23	12	CH4	0.0
23	13	CH4	0.0
23	14	CH4	0.0
23	15	CH4	0.0
23	16	CH4	0.0
23	17	CH4	0.0
23	18	CH4	0.0
23	19	CH4	0.0
23	20	CH4	0.0
23	21	CH4	0.0
23	22	CH4	0.0
23	23	CH4	0.0
23	24	CH4	0.0
23	1	Biogas	0.0
23	2	Biogas	0.0
23	3	Biogas	0.0
23	4	Biogas	0.0
23	5	Biogas	0.0
23	6	Biogas	0.0
23	7	Biogas	0.0
23	8	Biogas	0.0
23	9	Biogas	0.0
23	10	Biogas	0.0
23	11	Biogas	0.0
23	12	Biogas	0.0
23	13	Biogas	0.0
23	14	Biogas	0.0
23	15	Biogas	0.0
23	16	Biogas	0.0
23	17	Biogas	0.0
23	18	Biogas	0.0
23	19	Biogas	0.0
23	20	Biogas	0.0
23	21	Biogas	0.0
23	22	Biogas	0.0
23	23	Biogas	0.0
23	24	Biogas	0.0
23	1	CH4_H2_Mix	0.0
23	2	CH4_H2_Mix	0.0
23	3	CH4_H2_Mix	0.0
23	4	CH4_H2_Mix	0.0
23	5	CH4_H2_Mix	0.0
23	6	CH4_H2_Mix	0.0
23	7	CH4_H2_Mix	0.0
23	8	CH4_H2_Mix	0.0
23	9	CH4_H2_Mix	0.0
23	10	CH4_H2_Mix	0.0
23	11	CH4_H2_Mix	0.0
23	12	CH4_H2_Mix	0.0
23	13	CH4_H2_Mix	0.0
23	14	CH4_H2_Mix	0.0
23	15	CH4_H2_Mix	0.0
23	16	CH4_H2_Mix	0.0
23	17	CH4_H2_Mix	0.0
23	18	CH4_H2_Mix	0.0
23	19	CH4_H2_Mix	0.0
23	20	CH4_H2_Mix	0.0
23	21	CH4_H2_Mix	0.0
23	22	CH4_H2_Mix	0.0
23	23	CH4_H2_Mix	0.0
23	24	CH4_H2_Mix	0.0
24	1	Electricity	46.36693223835887
24	2	Electricity	47.77528090358504
24	3	Electricity	48.0250356794629
24	4	Electricity	48.5520438825185
24	5	Electricity	49.9822459439969
24	6	Electricity	54.93158446103218
24	7	Electricity	65.5636963409007
24	8	Electricity	78.49544563811588
24	9	Electricity	94.2175186977408
24	10	Electricity	104.93144111877896
24	11	Electricity	107.84082060619397
24	12	Electricity	105.82699586331279
24	13	Electricity	94.24923307312426
24	14	Electricity	92.48568104220799
24	15	Electricity	99.15909868826708
24	16	Electricity	98.4032314482978
24	17	Electricity	95.84479701122808
24	18	Electricity	91.13003638973173
24	19	Electricity	84.10955028354316
24	20	Electricity	71.02342502006991
24	21	Electricity	55.58194050380877
24	22	Electricity	48.35496284184313
24	23	Electricity	46.37310503216343
24	24	Electricity	45.532749778370196
24	1	LT	18.258468045545943
24	2	LT	18.258468045545943
24	3	LT	18.258468045545943
24	4	LT	18.258468045545943
24	5	LT	18.258468045545943
24	6	LT	18.258468045545943
24	7	LT	18.258468045545943
24	8	LT	50.30207946547907
24	9	LT	56.12653077200824
24	10	LT	61.95098207853738
24	11	LT	61.95098207853738
24	12	LT	74.12938026491653
24	13	LT	74.12938026491653
24	14	LT	49.243088318837415
24	15	LT	74.12938026491653
24	16	LT	74.12938026491653
24	17	LT	61.94185284451463
24	18	LT	49.25221755286018
24	19	LT	18.258468045545943
24	20	LT	18.258468045545943
24	21	LT	18.258468045545943
24	22	LT	18.258468045545943
24	23	LT	18.258468045545943
24	24	LT	18.258468045545943
24	1	MT	73.93510857895181
24	2	MT	73.93510857895181
24	3	MT	73.93510857895181
24	4	MT	73.93510857895181
24	5	MT	73.93510857895181
24	6	MT	73.93510857895181
24	7	MT	73.93510857895181
24	8	MT	275.8734102192519
24	9	MT	307.8166471920074
24	10	MT	339.759884164763
24	11	MT	339.759884164763
24	12	MT	406.55028874416075
24	13	MT	406.55028874416075
24	14	MT	270.06554895147826
24	15	MT	406.55028874416075
24	16	MT	406.55028874416075
24	17	MT	259.35428434500767
24	18	MT	135.40975315137183
24	19	MT	73.93510857895181
24	20	MT	73.93510857895181
24	21	MT	73.93510857895181
24	22	MT	73.93510857895181
24	23	MT	73.93510857895181
24	24	MT	73.93510857895181
24	1	H2	0.0
24	2	H2	0.0
24	3	H2	0.0
24	4	H2	0.0
24	5	H2	0.0
24	6	H2	0.0
24	7	H2	0.0
24	8	H2	0.0
24	9	H2	0.0
24	10	H2	0.0
24	11	H2	0.0
24	12	H2	0.0
24	13	H2	0.0
24	14	H2	0.0
24	15	H2	0.0
24	16	H2	0.0
24	17	H2	0.0
24	18	H2	0.0
24	19	H2	0.0
24	20	H2	0.0
24	21	H2	0.0
24	22	H2	0.0
24	23	H2	0.0
24	24	H2	0.0
24	1	CH4	0.0
24	2	CH4	0.0
24	3	CH4	0.0
24	4	CH4	0.0
24	5	CH4	0.0
24	6	CH4	0.0
24	7	CH4	0.0
24	8	CH4	0.0
24	9	CH4	0.0
24	10	CH4	0.0
24	11	CH4	0.0
24	12	CH4	0.0
24	13	CH4	0.0
24	14	CH4	0.0
24	15	CH4	0.0
24	16	CH4	0.0
24	17	CH4	0.0
24	18	CH4	0.0
24	19	CH4	0.0
24	20	CH4	0.0
24	21	CH4	0.0
24	22	CH4	0.0
24	23	CH4	0.0
24	24	CH4	0.0
24	1	Biogas	0.0
24	2	Biogas	0.0
24	3	Biogas	0.0
24	4	Biogas	0.0
24	5	Biogas	0.0
24	6	Biogas	0.0
24	7	Biogas	0.0
24	8	Biogas	0.0
24	9	Biogas	0.0
24	10	Biogas	0.0
24	11	Biogas	0.0
24	12	Biogas	0.0
24	13	Biogas	0.0
24	14	Biogas	0.0
24	15	Biogas	0.0
24	16	Biogas	0.0
24	17	Biogas	0.0
24	18	Biogas	0.0
24	19	Biogas	0.0
24	20	Biogas	0.0
24	21	Biogas	0.0
24	22	Biogas	0.0
24	23	Biogas	0.0
24	24	Biogas	0.0
24	1	CH4_H2_Mix	0.0
24	2	CH4_H2_Mix	0.0
24	3	CH4_H2_Mix	0.0
24	4	CH4_H2_Mix	0.0
24	5	CH4_H2_Mix	0.0
24	6	CH4_H2_Mix	0.0
24	7	CH4_H2_Mix	0.0
24	8	CH4_H2_Mix	0.0
24	9	CH4_H2_Mix	0.0
24	10	CH4_H2_Mix	0.0
24	11	CH4_H2_Mix	0.0
24	12	CH4_H2_Mix	0.0
24	13	CH4_H2_Mix	0.0
24	14	CH4_H2_Mix	0.0
24	15	CH4_H2_Mix	0.0
24	16	CH4_H2_Mix	0.0
24	17	CH4_H2_Mix	0.0
24	18	CH4_H2_Mix	0.0
24	19	CH4_H2_Mix	0.0
24	20	CH4_H2_Mix	0.0
24	21	CH4_H2_Mix	0.0
24	22	CH4_H2_Mix	0.0
24	23	CH4_H2_Mix	0.0
24	24	CH4_H2_Mix	0.0
25	1	Electricity	45.666359020953934
25	2	Electricity	44.91775479452748
25	3	Electricity	44.90457985548811
25	4	Electricity	45.19177792410798
25	5	Electricity	46.64007250506132
25	6	Electricity	52.04318721262056
25	7	Electricity	62.50855473544814
25	8	Electricity	77.2229504784997
25	9	Electricity	94.85826170789569
25	10	Electricity	105.85657043954275
25	11	Electricity	108.68599969404167
25	12	Electricity	107.41372402764155
25	13	Electricity	96.62357657616607
25	14	Electricity	95.5640217605448
25	15	Electricity	102.10831273591063
25	16	Electricity	101.28295434406782
25	17	Electricity	99.41006874662295
25	18	Electricity	96.31885680218463
25	19	Electricity	88.57001748680054
25	20	Electricity	73.64365512061121
25	21	Electricity	57.21756229588613
25	22	Electricity	49.102858624334054
25	23	Electricity	47.2821253041811
25	24	Electricity	46.62457929402836
25	1	LT	35.99520339221206
25	2	LT	35.99520339221206
25	3	LT	35.99520339221206
25	4	LT	35.99520339221206
25	5	LT	35.99520339221206
25	6	LT	35.99520339221206
25	7	LT	35.99520339221206
25	8	LT	99.1667853455442
25	9	LT	110.64925522765986
25	10	LT	122.13172510977552
25	11	LT	122.13172510977552
25	12	LT	146.14052577238093
25	13	LT	146.14052577238093
25	14	LT	97.07906354879592
25	15	LT	146.14052577238093
25	16	LT	146.14052577238093
25	17	LT	122.11372750807942
25	18	LT	97.09706115049202
25	19	LT	35.99520339221206
25	20	LT	35.99520339221206
25	21	LT	35.99520339221206
25	22	LT	35.99520339221206
25	23	LT	35.99520339221206
25	24	LT	35.99520339221206
25	1	MT	110.23031097078491
25	2	MT	110.23031097078491
25	3	MT	110.23031097078491
25	4	MT	110.23031097078491
25	5	MT	110.23031097078491
25	6	MT	110.23031097078491
25	7	MT	110.23031097078491
25	8	MT	398.6328033429868
25	9	MT	444.79028583533267
25	10	MT	490.94776832767855
25	11	MT	490.94776832767855
25	12	MT	587.4588680844016
25	13	MT	587.4588680844016
25	14	MT	390.24053379892393
25	15	MT	587.4588680844016
25	16	MT	587.4588680844016
25	17	MT	385.17592236749033
25	18	MT	213.12106972498538
25	19	MT	110.23031097078491
25	20	MT	110.23031097078491
25	21	MT	110.23031097078491
25	22	MT	110.23031097078491
25	23	MT	110.23031097078491
25	24	MT	110.23031097078491
25	1	H2	0.0
25	2	H2	0.0
25	3	H2	0.0
25	4	H2	0.0
25	5	H2	0.0
25	6	H2	0.0
25	7	H2	0.0
25	8	H2	0.0
25	9	H2	0.0
25	10	H2	0.0
25	11	H2	0.0
25	12	H2	0.0
25	13	H2	0.0
25	14	H2	0.0
25	15	H2	0.0
25	16	H2	0.0
25	17	H2	0.0
25	18	H2	0.0
25	19	H2	0.0
25	20	H2	0.0
25	21	H2	0.0
25	22	H2	0.0
25	23	H2	0.0
25	24	H2	0.0
25	1	CH4	0.0
25	2	CH4	0.0
25	3	CH4	0.0
25	4	CH4	0.0
25	5	CH4	0.0
25	6	CH4	0.0
25	7	CH4	0.0
25	8	CH4	0.0
25	9	CH4	0.0
25	10	CH4	0.0
25	11	CH4	0.0
25	12	CH4	0.0
25	13	CH4	0.0
25	14	CH4	0.0
25	15	CH4	0.0
25	16	CH4	0.0
25	17	CH4	0.0
25	18	CH4	0.0
25	19	CH4	0.0
25	20	CH4	0.0
25	21	CH4	0.0
25	22	CH4	0.0
25	23	CH4	0.0
25	24	CH4	0.0
25	1	Biogas	0.0
25	2	Biogas	0.0
25	3	Biogas	0.0
25	4	Biogas	0.0
25	5	Biogas	0.0
25	6	Biogas	0.0
25	7	Biogas	0.0
25	8	Biogas	0.0
25	9	Biogas	0.0
25	10	Biogas	0.0
25	11	Biogas	0.0
25	12	Biogas	0.0
25	13	Biogas	0.0
25	14	Biogas	0.0
25	15	Biogas	0.0
25	16	Biogas	0.0
25	17	Biogas	0.0
25	18	Biogas	0.0
25	19	Biogas	0.0
25	20	Biogas	0.0
25	21	Biogas	0.0
25	22	Biogas	0.0
25	23	Biogas	0.0
25	24	Biogas	0.0
25	1	CH4_H2_Mix	0.0
25	2	CH4_H2_Mix	0.0
25	3	CH4_H2_Mix	0.0
25	4	CH4_H2_Mix	0.0
25	5	CH4_H2_Mix	0.0
25	6	CH4_H2_Mix	0.0
25	7	CH4_H2_Mix	0.0
25	8	CH4_H2_Mix	0.0
25	9	CH4_H2_Mix	0.0
25	10	CH4_H2_Mix	0.0
25	11	CH4_H2_Mix	0.0
25	12	CH4_H2_Mix	0.0
25	13	CH4_H2_Mix	0.0
25	14	CH4_H2_Mix	0.0
25	15	CH4_H2_Mix	0.0
25	16	CH4_H2_Mix	0.0
25	17	CH4_H2_Mix	0.0
25	18	CH4_H2_Mix	0.0
25	19	CH4_H2_Mix	0.0
25	20	CH4_H2_Mix	0.0
25	21	CH4_H2_Mix	0.0
25	22	CH4_H2_Mix	0.0
25	23	CH4_H2_Mix	0.0
25	24	CH4_H2_Mix	0.0
26	1	Electricity	28.933361295451792
26	2	Electricity	28.53098267317831
26	3	Electricity	28.293197232542234
26	4	Electricity	28.28386009298638
26	5	Electricity	28.32066515023124
26	6	Electricity	28.486922380806575
26	7	Electricity	29.6586506955555
26	8	Electricity	30.34788888600257
26	9	Electricity	31.280151419576654
26	10	Electricity	32.41655888498814
26	11	Electricity	33.513721505581806
26	12	Electricity	34.434851732412895
26	13	Electricity	34.43590564443114
26	14	Electricity	34.41591514079217
26	15	Electricity	34.51326579152218
26	16	Electricity	34.8909094058101
26	17	Electricity	34.72649887759466
26	18	Electricity	34.60737872095504
26	19	Electricity	33.69448418971267
26	20	Electricity	32.598874110537174
26	21	Electricity	31.06046483263044
26	22	Electricity	30.10893800049161
26	23	Electricity	29.95898564725139
26	24	Electricity	29.78926666686498
26	1	LT	5.9275786934640164
26	2	LT	6.883639773054987
26	3	LT	6.883639773054987
26	4	LT	6.883639773054987
26	5	LT	6.883639773054987
26	6	LT	8.604549716318731
26	7	LT	10.134247443664286
26	8	LT	12.046369602846225
26	9	LT	12.046369602846225
26	10	LT	12.046369602846225
26	11	LT	12.046369602846225
26	12	LT	12.046369602846225
26	13	LT	12.046369602846225
26	14	LT	12.046369602846225
26	15	LT	12.046369602846225
26	16	LT	10.707884091418869
26	17	LT	10.516671875500673
26	18	LT	8.98697414815512
26	19	LT	8.413337500400539
26	20	LT	7.074851988973181
26	21	LT	5.9275786934640164
26	22	LT	5.16272982979124
26	23	LT	5.16272982979124
26	24	LT	5.16272982979124
26	1	MT	41.91023468183483
26	2	MT	41.95007056015112
26	3	MT	41.95007056015112
26	4	MT	41.95007056015112
26	5	MT	41.95007056015112
26	6	MT	42.02177514112044
26	7	MT	42.08551254642651
26	8	MT	42.165184303059085
26	9	MT	42.165184303059085
26	10	MT	42.165184303059085
26	11	MT	42.165184303059085
26	12	MT	42.165184303059085
26	13	MT	42.165184303059085
26	14	MT	42.165184303059085
26	15	MT	42.165184303059085
26	16	MT	42.10941407341628
26	17	MT	42.10144689775302
26	18	MT	42.03770949244696
26	19	MT	42.01380796545718
26	20	MT	41.95803773581438
26	21	MT	41.91023468183483
26	22	MT	41.8783659791818
26	23	MT	41.8783659791818
26	24	MT	41.8783659791818
26	1	H2	0.0
26	2	H2	0.0
26	3	H2	0.0
26	4	H2	0.0
26	5	H2	0.0
26	6	H2	0.0
26	7	H2	0.0
26	8	H2	0.0
26	9	H2	0.0
26	10	H2	0.0
26	11	H2	0.0
26	12	H2	0.0
26	13	H2	0.0
26	14	H2	0.0
26	15	H2	0.0
26	16	H2	0.0
26	17	H2	0.0
26	18	H2	0.0
26	19	H2	0.0
26	20	H2	0.0
26	21	H2	0.0
26	22	H2	0.0
26	23	H2	0.0
26	24	H2	0.0
26	1	CH4	0.0
26	2	CH4	0.0
26	3	CH4	0.0
26	4	CH4	0.0
26	5	CH4	0.0
26	6	CH4	0.0
26	7	CH4	0.0
26	8	CH4	0.0
26	9	CH4	0.0
26	10	CH4	0.0
26	11	CH4	0.0
26	12	CH4	0.0
26	13	CH4	0.0
26	14	CH4	0.0
26	15	CH4	0.0
26	16	CH4	0.0
26	17	CH4	0.0
26	18	CH4	0.0
26	19	CH4	0.0
26	20	CH4	0.0
26	21	CH4	0.0
26	22	CH4	0.0
26	23	CH4	0.0
26	24	CH4	0.0
26	1	Biogas	0.0
26	2	Biogas	0.0
26	3	Biogas	0.0
26	4	Biogas	0.0
26	5	Biogas	0.0
26	6	Biogas	0.0
26	7	Biogas	0.0
26	8	Biogas	0.0
26	9	Biogas	0.0
26	10	Biogas	0.0
26	11	Biogas	0.0
26	12	Biogas	0.0
26	13	Biogas	0.0
26	14	Biogas	0.0
26	15	Biogas	0.0
26	16	Biogas	0.0
26	17	Biogas	0.0
26	18	Biogas	0.0
26	19	Biogas	0.0
26	20	Biogas	0.0
26	21	Biogas	0.0
26	22	Biogas	0.0
26	23	Biogas	0.0
26	24	Biogas	0.0
26	1	CH4_H2_Mix	0.0
26	2	CH4_H2_Mix	0.0
26	3	CH4_H2_Mix	0.0
26	4	CH4_H2_Mix	0.0
26	5	CH4_H2_Mix	0.0
26	6	CH4_H2_Mix	0.0
26	7	CH4_H2_Mix	0.0
26	8	CH4_H2_Mix	0.0
26	9	CH4_H2_Mix	0.0
26	10	CH4_H2_Mix	0.0
26	11	CH4_H2_Mix	0.0
26	12	CH4_H2_Mix	0.0
26	13	CH4_H2_Mix	0.0
26	14	CH4_H2_Mix	0.0
26	15	CH4_H2_Mix	0.0
26	16	CH4_H2_Mix	0.0
26	17	CH4_H2_Mix	0.0
26	18	CH4_H2_Mix	0.0
26	19	CH4_H2_Mix	0.0
26	20	CH4_H2_Mix	0.0
26	21	CH4_H2_Mix	0.0
26	22	CH4_H2_Mix	0.0
26	23	CH4_H2_Mix	0.0
26	24	CH4_H2_Mix	0.0
