Node	Time	EnergyCarrier	ReferenceDemand
3	1	Electricity	35.61280207048487
3	2	Electricity	34.414487510092584
3	3	Electricity	33.75852571243269
3	4	Electricity	33.60146173338668
3	5	Electricity	34.53519671856526
3	6	Electricity	39.085575037107944
3	7	Electricity	48.119808254039405
3	8	Electricity	59.26422292491084
3	9	Electricity	74.15402187148676
3	10	Electricity	86.88387389503002
3	11	Electricity	91.82889199607722
3	12	Electricity	92.46360407350531
3	13	Electricity	85.15070770125611
3	14	Electricity	85.75928115934207
3	15	Electricity	93.37993577780479
3	16	Electricity	94.0258620000329
3	17	Electricity	91.42398191747219
3	18	Electricity	86.36077742441469
3	19	Electricity	78.85773901727042
3	20	Electricity	64.26124733760093
3	21	Electricity	48.40066567215888
3	22	Electricity	40.14655626725955
3	23	Electricity	38.13087504199062
3	24	Electricity	36.23937382026436
3	1	LT	1.4504451251608979
3	2	LT	1.4504451251608979
3	3	LT	1.4504451251608979
3	4	LT	1.4504451251608979
3	5	LT	1.4504451251608979
3	6	LT	1.4504451251608979
3	7	LT	1.4504451251608979
3	8	LT	3.930238403661787
3	9	LT	4.912798004577234
3	10	LT	5.404077805034958
3	11	LT	5.404077805034958
3	12	LT	6.386637405950403
3	13	LT	6.386637405950403
3	14	LT	4.4215182041195105
3	15	LT	6.386637405950403
3	16	LT	5.404077805034958
3	17	LT	4.678855242454509
3	18	LT	3.930238403661787
3	19	LT	1.4504451251608979
3	20	LT	1.4504451251608979
3	21	LT	1.4504451251608979
3	22	LT	1.4504451251608979
3	23	LT	1.4504451251608979
3	24	LT	1.4504451251608979
3	1	MT	51.11469013264778
3	2	MT	31.59760317673651
3	3	MT	31.59760317673651
3	4	MT	31.59760317673651
3	5	MT	31.59760317673651
3	6	MT	31.59760317673651
3	7	MT	31.59760317673651
3	8	MT	132.16974355091358
3	9	MT	165.21217943864198
3	10	MT	181.73339738250618
3	11	MT	181.73339738250618
3	12	MT	214.77583327023456
3	13	MT	214.77583327023456
3	14	MT	148.69096149477778
3	15	MT	214.77583327023456
3	16	MT	165.7443992224712
3	17	MT	80.13447890718956
3	18	MT	53.801132851023745
3	19	MT	33.09891755796045
3	20	MT	31.59760317673651
3	21	MT	31.59760317673651
3	22	MT	31.59760317673651
3	23	MT	31.59760317673651
3	24	MT	31.59760317673651
3	1	H2	0.0
3	2	H2	0.0
3	3	H2	0.0
3	4	H2	0.0
3	5	H2	0.0
3	6	H2	0.0
3	7	H2	0.0
3	8	H2	0.0
3	9	H2	0.0
3	10	H2	0.0
3	11	H2	0.0
3	12	H2	0.0
3	13	H2	0.0
3	14	H2	0.0
3	15	H2	0.0
3	16	H2	0.0
3	17	H2	0.0
3	18	H2	0.0
3	19	H2	0.0
3	20	H2	0.0
3	21	H2	0.0
3	22	H2	0.0
3	23	H2	0.0
3	24	H2	0.0
3	1	CH4	0.0
3	2	CH4	0.0
3	3	CH4	0.0
3	4	CH4	0.0
3	5	CH4	0.0
3	6	CH4	0.0
3	7	CH4	0.0
3	8	CH4	0.0
3	9	CH4	0.0
3	10	CH4	0.0
3	11	CH4	0.0
3	12	CH4	0.0
3	13	CH4	0.0
3	14	CH4	0.0
3	15	CH4	0.0
3	16	CH4	0.0
3	17	CH4	0.0
3	18	CH4	0.0
3	19	CH4	0.0
3	20	CH4	0.0
3	21	CH4	0.0
3	22	CH4	0.0
3	23	CH4	0.0
3	24	CH4	0.0
3	1	Biogas	0.0
3	2	Biogas	0.0
3	3	Biogas	0.0
3	4	Biogas	0.0
3	5	Biogas	0.0
3	6	Biogas	0.0
3	7	Biogas	0.0
3	8	Biogas	0.0
3	9	Biogas	0.0
3	10	Biogas	0.0
3	11	Biogas	0.0
3	12	Biogas	0.0
3	13	Biogas	0.0
3	14	Biogas	0.0
3	15	Biogas	0.0
3	16	Biogas	0.0
3	17	Biogas	0.0
3	18	Biogas	0.0
3	19	Biogas	0.0
3	20	Biogas	0.0
3	21	Biogas	0.0
3	22	Biogas	0.0
3	23	Biogas	0.0
3	24	Biogas	0.0
3	1	CH4_H2_Mix	0.0
3	2	CH4_H2_Mix	0.0
3	3	CH4_H2_Mix	0.0
3	4	CH4_H2_Mix	0.0
3	5	CH4_H2_Mix	0.0
3	6	CH4_H2_Mix	0.0
3	7	CH4_H2_Mix	0.0
3	8	CH4_H2_Mix	0.0
3	9	CH4_H2_Mix	0.0
3	10	CH4_H2_Mix	0.0
3	11	CH4_H2_Mix	0.0
3	12	CH4_H2_Mix	0.0
3	13	CH4_H2_Mix	0.0
3	14	CH4_H2_Mix	0.0
3	15	CH4_H2_Mix	0.0
3	16	CH4_H2_Mix	0.0
3	17	CH4_H2_Mix	0.0
3	18	CH4_H2_Mix	0.0
3	19	CH4_H2_Mix	0.0
3	20	CH4_H2_Mix	0.0
3	21	CH4_H2_Mix	0.0
3	22	CH4_H2_Mix	0.0
3	23	CH4_H2_Mix	0.0
3	24	CH4_H2_Mix	0.0
3	1	DummyFuel	0.0
3	2	DummyFuel	0.0
3	3	DummyFuel	0.0
3	4	DummyFuel	0.0
3	5	DummyFuel	0.0
3	6	DummyFuel	0.0
3	7	DummyFuel	0.0
3	8	DummyFuel	0.0
3	9	DummyFuel	0.0
3	10	DummyFuel	0.0
3	11	DummyFuel	0.0
3	12	DummyFuel	0.0
3	13	DummyFuel	0.0
3	14	DummyFuel	0.0
3	15	DummyFuel	0.0
3	16	DummyFuel	0.0
3	17	DummyFuel	0.0
3	18	DummyFuel	0.0
3	19	DummyFuel	0.0
3	20	DummyFuel	0.0
3	21	DummyFuel	0.0
3	22	DummyFuel	0.0
3	23	DummyFuel	0.0
3	24	DummyFuel	0.0
4	1	Electricity	34.714119186572326
4	2	Electricity	33.726089616599204
4	3	Electricity	33.23889144769191
4	4	Electricity	33.02570039546977
4	5	Electricity	34.0179761444319
4	6	Electricity	38.5553471779362
4	7	Electricity	47.701789948346736
4	8	Electricity	59.314541066925315
4	9	Electricity	73.44326688496928
4	10	Electricity	84.48616590542036
4	11	Electricity	90.53758819598208
4	12	Electricity	91.68213051628045
4	13	Electricity	83.86715966595224
4	14	Electricity	84.79266247736561
4	15	Electricity	92.73774170035503
4	16	Electricity	92.55917969985167
4	17	Electricity	90.80814400164235
4	18	Electricity	85.7216325620255
4	19	Electricity	77.10917911031179
4	20	Electricity	63.131709530984615
4	21	Electricity	46.64873370787271
4	22	Electricity	39.25727548661127
4	23	Electricity	37.329594191959664
4	24	Electricity	35.33492880237014
4	1	LT	1.9213991508335395
4	2	LT	1.9213991508335395
4	3	LT	1.9213991508335395
4	4	LT	1.9213991508335395
4	5	LT	1.9213991508335395
4	6	LT	1.9213991508335395
4	7	LT	1.9213991508335395
4	8	LT	5.2934546605464
4	9	LT	5.9063809896623
4	10	LT	6.519307318778199
4	11	LT	6.519307318778199
4	12	LT	7.80088055238417
4	13	LT	7.80088055238417
4	14	LT	5.182013509798056
4	15	LT	7.80088055238417
4	16	LT	7.80088055238417
4	17	LT	6.5183466192027835
4	18	LT	5.182974209373472
4	19	LT	1.9213991508335395
4	20	LT	1.9213991508335395
4	21	LT	1.9213991508335395
4	22	LT	1.9213991508335395
4	23	LT	1.9213991508335395
4	24	LT	1.9213991508335395
4	1	MT	37.08903261486193
4	2	MT	37.08903261486193
4	3	MT	37.08903261486193
4	4	MT	37.08903261486193
4	5	MT	37.08903261486193
4	6	MT	37.08903261486193
4	7	MT	37.08903261486193
4	8	MT	148.84106150377806
4	9	MT	166.07528967789975
4	10	MT	183.3095178520214
4	11	MT	183.3095178520214
4	12	MT	219.344722216094
4	13	MT	219.344722216094
4	14	MT	145.7075654721196
4	15	MT	219.344722216094
4	16	MT	219.344722216094
4	17	MT	131.33822705264888
4	18	MT	58.65658095125398
4	19	MT	37.08903261486193
4	20	MT	37.08903261486193
4	21	MT	37.08903261486193
4	22	MT	37.08903261486193
4	23	MT	37.08903261486193
4	24	MT	37.08903261486193
4	1	H2	0.0
4	2	H2	0.0
4	3	H2	0.0
4	4	H2	0.0
4	5	H2	0.0
4	6	H2	0.0
4	7	H2	0.0
4	8	H2	0.0
4	9	H2	0.0
4	10	H2	0.0
4	11	H2	0.0
4	12	H2	0.0
4	13	H2	0.0
4	14	H2	0.0
4	15	H2	0.0
4	16	H2	0.0
4	17	H2	0.0
4	18	H2	0.0
4	19	H2	0.0
4	20	H2	0.0
4	21	H2	0.0
4	22	H2	0.0
4	23	H2	0.0
4	24	H2	0.0
4	1	CH4	0.0
4	2	CH4	0.0
4	3	CH4	0.0
4	4	CH4	0.0
4	5	CH4	0.0
4	6	CH4	0.0
4	7	CH4	0.0
4	8	CH4	0.0
4	9	CH4	0.0
4	10	CH4	0.0
4	11	CH4	0.0
4	12	CH4	0.0
4	13	CH4	0.0
4	14	CH4	0.0
4	15	CH4	0.0
4	16	CH4	0.0
4	17	CH4	0.0
4	18	CH4	0.0
4	19	CH4	0.0
4	20	CH4	0.0
4	21	CH4	0.0
4	22	CH4	0.0
4	23	CH4	0.0
4	24	CH4	0.0
4	1	Biogas	0.0
4	2	Biogas	0.0
4	3	Biogas	0.0
4	4	Biogas	0.0
4	5	Biogas	0.0
4	6	Biogas	0.0
4	7	Biogas	0.0
4	8	Biogas	0.0
4	9	Biogas	0.0
4	10	Biogas	0.0
4	11	Biogas	0.0
4	12	Biogas	0.0
4	13	Biogas	0.0
4	14	Biogas	0.0
4	15	Biogas	0.0
4	16	Biogas	0.0
4	17	Biogas	0.0
4	18	Biogas	0.0
4	19	Biogas	0.0
4	20	Biogas	0.0
4	21	Biogas	0.0
4	22	Biogas	0.0
4	23	Biogas	0.0
4	24	Biogas	0.0
4	1	CH4_H2_Mix	0.0
4	2	CH4_H2_Mix	0.0
4	3	CH4_H2_Mix	0.0
4	4	CH4_H2_Mix	0.0
4	5	CH4_H2_Mix	0.0
4	6	CH4_H2_Mix	0.0
4	7	CH4_H2_Mix	0.0
4	8	CH4_H2_Mix	0.0
4	9	CH4_H2_Mix	0.0
4	10	CH4_H2_Mix	0.0
4	11	CH4_H2_Mix	0.0
4	12	CH4_H2_Mix	0.0
4	13	CH4_H2_Mix	0.0
4	14	CH4_H2_Mix	0.0
4	15	CH4_H2_Mix	0.0
4	16	CH4_H2_Mix	0.0
4	17	CH4_H2_Mix	0.0
4	18	CH4_H2_Mix	0.0
4	19	CH4_H2_Mix	0.0
4	20	CH4_H2_Mix	0.0
4	21	CH4_H2_Mix	0.0
4	22	CH4_H2_Mix	0.0
4	23	CH4_H2_Mix	0.0
4	24	CH4_H2_Mix	0.0
4	1	DummyFuel	0.0
4	2	DummyFuel	0.0
4	3	DummyFuel	0.0
4	4	DummyFuel	0.0
4	5	DummyFuel	0.0
4	6	DummyFuel	0.0
4	7	DummyFuel	0.0
4	8	DummyFuel	0.0
4	9	DummyFuel	0.0
4	10	DummyFuel	0.0
4	11	DummyFuel	0.0
4	12	DummyFuel	0.0
4	13	DummyFuel	0.0
4	14	DummyFuel	0.0
4	15	DummyFuel	0.0
4	16	DummyFuel	0.0
4	17	DummyFuel	0.0
4	18	DummyFuel	0.0
4	19	DummyFuel	0.0
4	20	DummyFuel	0.0
4	21	DummyFuel	0.0
4	22	DummyFuel	0.0
4	23	DummyFuel	0.0
4	24	DummyFuel	0.0
5	1	Electricity	45.11460116520782
5	2	Electricity	45.048233440057096
5	3	Electricity	44.84787560864684
5	4	Electricity	45.406688791696375
5	5	Electricity	46.79694564687969
5	6	Electricity	52.07323870456163
5	7	Electricity	62.35692391659679
5	8	Electricity	76.21736763343775
5	9	Electricity	94.14146811158291
5	10	Electricity	104.18655170671879
5	11	Electricity	106.60069586927081
5	12	Electricity	106.2379367479603
5	13	Electricity	94.05012564107963
5	14	Electricity	91.42129691977051
5	15	Electricity	98.62779246700741
5	16	Electricity	97.64008315494155
5	17	Electricity	95.12315224238914
5	18	Electricity	91.49561983613565
5	19	Electricity	84.1644335449372
5	20	Electricity	69.7404167105525
5	21	Electricity	53.37439735226794
5	22	Electricity	45.96157709247543
5	23	Electricity	43.24027045463013
5	24	Electricity	41.53503082638046
5	1	LT	44.2328445730471
5	2	LT	44.2328445730471
5	3	LT	44.2328445730471
5	4	LT	44.2328445730471
5	5	LT	44.2328445730471
5	6	LT	44.2328445730471
5	7	LT	44.2328445730471
5	8	LT	119.85674013341797
5	9	LT	149.82092516677247
5	10	LT	164.8030176834497
5	11	LT	164.8030176834497
5	12	LT	194.76720271680418
5	13	LT	194.76720271680418
5	14	LT	134.8388326500952
5	15	LT	194.76720271680418
5	16	LT	164.8030176834497
5	17	LT	142.68659539692615
5	18	LT	119.85674013341797
5	19	LT	44.2328445730471
5	20	LT	44.2328445730471
5	21	LT	44.2328445730471
5	22	LT	44.2328445730471
5	23	LT	44.2328445730471
5	24	LT	44.2328445730471
5	1	MT	171.58122837412395
5	2	MT	122.86577157230988
5	3	MT	122.86577157230988
5	4	MT	122.86577157230988
5	5	MT	122.86577157230988
5	6	MT	122.86577157230988
5	7	MT	122.86577157230988
5	8	MT	449.1184110046305
5	9	MT	561.398013755788
5	10	MT	617.5378151313669
5	11	MT	617.5378151313669
5	12	MT	729.8174178825245
5	13	MT	729.8174178825245
5	14	MT	505.2582123802092
5	15	MT	729.8174178825245
5	16	MT	577.6286139821884
5	17	MT	341.9442865587755
5	18	MT	253.50711523119247
5	19	MT	126.61311440321866
5	20	MT	122.86577157230988
5	21	MT	122.86577157230988
5	22	MT	122.86577157230988
5	23	MT	122.86577157230988
5	24	MT	122.86577157230988
5	1	H2	0.0
5	2	H2	0.0
5	3	H2	0.0
5	4	H2	0.0
5	5	H2	0.0
5	6	H2	0.0
5	7	H2	0.0
5	8	H2	0.0
5	9	H2	0.0
5	10	H2	0.0
5	11	H2	0.0
5	12	H2	0.0
5	13	H2	0.0
5	14	H2	0.0
5	15	H2	0.0
5	16	H2	0.0
5	17	H2	0.0
5	18	H2	0.0
5	19	H2	0.0
5	20	H2	0.0
5	21	H2	0.0
5	22	H2	0.0
5	23	H2	0.0
5	24	H2	0.0
5	1	CH4	0.0
5	2	CH4	0.0
5	3	CH4	0.0
5	4	CH4	0.0
5	5	CH4	0.0
5	6	CH4	0.0
5	7	CH4	0.0
5	8	CH4	0.0
5	9	CH4	0.0
5	10	CH4	0.0
5	11	CH4	0.0
5	12	CH4	0.0
5	13	CH4	0.0
5	14	CH4	0.0
5	15	CH4	0.0
5	16	CH4	0.0
5	17	CH4	0.0
5	18	CH4	0.0
5	19	CH4	0.0
5	20	CH4	0.0
5	21	CH4	0.0
5	22	CH4	0.0
5	23	CH4	0.0
5	24	CH4	0.0
5	1	Biogas	0.0
5	2	Biogas	0.0
5	3	Biogas	0.0
5	4	Biogas	0.0
5	5	Biogas	0.0
5	6	Biogas	0.0
5	7	Biogas	0.0
5	8	Biogas	0.0
5	9	Biogas	0.0
5	10	Biogas	0.0
5	11	Biogas	0.0
5	12	Biogas	0.0
5	13	Biogas	0.0
5	14	Biogas	0.0
5	15	Biogas	0.0
5	16	Biogas	0.0
5	17	Biogas	0.0
5	18	Biogas	0.0
5	19	Biogas	0.0
5	20	Biogas	0.0
5	21	Biogas	0.0
5	22	Biogas	0.0
5	23	Biogas	0.0
5	24	Biogas	0.0
5	1	CH4_H2_Mix	0.0
5	2	CH4_H2_Mix	0.0
5	3	CH4_H2_Mix	0.0
5	4	CH4_H2_Mix	0.0
5	5	CH4_H2_Mix	0.0
5	6	CH4_H2_Mix	0.0
5	7	CH4_H2_Mix	0.0
5	8	CH4_H2_Mix	0.0
5	9	CH4_H2_Mix	0.0
5	10	CH4_H2_Mix	0.0
5	11	CH4_H2_Mix	0.0
5	12	CH4_H2_Mix	0.0
5	13	CH4_H2_Mix	0.0
5	14	CH4_H2_Mix	0.0
5	15	CH4_H2_Mix	0.0
5	16	CH4_H2_Mix	0.0
5	17	CH4_H2_Mix	0.0
5	18	CH4_H2_Mix	0.0
5	19	CH4_H2_Mix	0.0
5	20	CH4_H2_Mix	0.0
5	21	CH4_H2_Mix	0.0
5	22	CH4_H2_Mix	0.0
5	23	CH4_H2_Mix	0.0
5	24	CH4_H2_Mix	0.0
5	1	DummyFuel	0.0
5	2	DummyFuel	0.0
5	3	DummyFuel	0.0
5	4	DummyFuel	0.0
5	5	DummyFuel	0.0
5	6	DummyFuel	0.0
5	7	DummyFuel	0.0
5	8	DummyFuel	0.0
5	9	DummyFuel	0.0
5	10	DummyFuel	0.0
5	11	DummyFuel	0.0
5	12	DummyFuel	0.0
5	13	DummyFuel	0.0
5	14	DummyFuel	0.0
5	15	DummyFuel	0.0
5	16	DummyFuel	0.0
5	17	DummyFuel	0.0
5	18	DummyFuel	0.0
5	19	DummyFuel	0.0
5	20	DummyFuel	0.0
5	21	DummyFuel	0.0
5	22	DummyFuel	0.0
5	23	DummyFuel	0.0
5	24	DummyFuel	0.0
6	1	Electricity	33.95872027311871
6	2	Electricity	33.49093452205828
6	3	Electricity	33.059910958276014
6	4	Electricity	33.10491684759055
6	5	Electricity	34.008668294285926
6	6	Electricity	38.71063704472552
6	7	Electricity	49.41360616393483
6	8	Electricity	61.65483428813568
6	9	Electricity	76.51042705518209
6	10	Electricity	86.63907908815409
6	11	Electricity	89.245551096492
6	12	Electricity	89.62772767768443
6	13	Electricity	80.36316330161398
6	14	Electricity	80.99036084649251
6	15	Electricity	88.97900330333901
6	16	Electricity	88.34903626233157
6	17	Electricity	86.21605477638532
6	18	Electricity	80.93500606613847
6	19	Electricity	72.36847957460188
6	20	Electricity	59.75705243892977
6	21	Electricity	46.94251685167901
6	22	Electricity	38.85471894890861
6	23	Electricity	36.62849318242922
6	24	Electricity	35.31649053610703
6	1	LT	6.098710962932397
6	2	LT	6.098710962932397
6	3	LT	6.098710962932397
6	4	LT	6.098710962932397
6	5	LT	6.098710962932397
6	6	LT	6.098710962932397
6	7	LT	6.098710962932397
6	8	LT	17.568222225479452
6	9	LT	19.602437430534966
6	10	LT	21.636652635590483
6	11	LT	21.636652635590483
6	12	LT	25.890011700706562
6	13	LT	25.890011700706562
6	14	LT	17.198364915469355
6	15	LT	25.890011700706562
6	16	LT	25.890011700706562
6	17	LT	21.640587287824637
6	18	LT	17.194430263235212
6	19	LT	6.098710962932397
6	20	LT	6.098710962932397
6	21	LT	6.098710962932397
6	22	LT	6.098710962932397
6	23	LT	6.098710962932397
6	24	LT	6.098710962932397
6	1	MT	34.55909204247635
6	2	MT	49.200697129411054
6	3	MT	49.200697129411054
6	4	MT	49.200697129411054
6	5	MT	49.200697129411054
6	6	MT	49.200697129411054
6	7	MT	49.200697129411054
6	8	MT	198.59156131040496
6	9	MT	221.58637367266238
6	10	MT	244.58118603491982
6	11	MT	244.58118603491982
6	12	MT	292.6612482469126
6	13	MT	292.6612482469126
6	14	MT	194.4106863354491
6	15	MT	292.6612482469126
6	16	MT	292.6612482469126
6	17	MT	179.3770637376646
6	18	MT	85.1800498469959
6	19	MT	50.53175213731421
6	20	MT	50.53175213731421
6	21	MT	50.53175213731421
6	22	MT	50.53175213731421
6	23	MT	50.53175213731421
6	24	MT	50.53175213731421
6	1	H2	0.0
6	2	H2	0.0
6	3	H2	0.0
6	4	H2	0.0
6	5	H2	0.0
6	6	H2	0.0
6	7	H2	0.0
6	8	H2	0.0
6	9	H2	0.0
6	10	H2	0.0
6	11	H2	0.0
6	12	H2	0.0
6	13	H2	0.0
6	14	H2	0.0
6	15	H2	0.0
6	16	H2	0.0
6	17	H2	0.0
6	18	H2	0.0
6	19	H2	0.0
6	20	H2	0.0
6	21	H2	0.0
6	22	H2	0.0
6	23	H2	0.0
6	24	H2	0.0
6	1	CH4	0.0
6	2	CH4	0.0
6	3	CH4	0.0
6	4	CH4	0.0
6	5	CH4	0.0
6	6	CH4	0.0
6	7	CH4	0.0
6	8	CH4	0.0
6	9	CH4	0.0
6	10	CH4	0.0
6	11	CH4	0.0
6	12	CH4	0.0
6	13	CH4	0.0
6	14	CH4	0.0
6	15	CH4	0.0
6	16	CH4	0.0
6	17	CH4	0.0
6	18	CH4	0.0
6	19	CH4	0.0
6	20	CH4	0.0
6	21	CH4	0.0
6	22	CH4	0.0
6	23	CH4	0.0
6	24	CH4	0.0
6	1	Biogas	0.0
6	2	Biogas	0.0
6	3	Biogas	0.0
6	4	Biogas	0.0
6	5	Biogas	0.0
6	6	Biogas	0.0
6	7	Biogas	0.0
6	8	Biogas	0.0
6	9	Biogas	0.0
6	10	Biogas	0.0
6	11	Biogas	0.0
6	12	Biogas	0.0
6	13	Biogas	0.0
6	14	Biogas	0.0
6	15	Biogas	0.0
6	16	Biogas	0.0
6	17	Biogas	0.0
6	18	Biogas	0.0
6	19	Biogas	0.0
6	20	Biogas	0.0
6	21	Biogas	0.0
6	22	Biogas	0.0
6	23	Biogas	0.0
6	24	Biogas	0.0
6	1	CH4_H2_Mix	0.0
6	2	CH4_H2_Mix	0.0
6	3	CH4_H2_Mix	0.0
6	4	CH4_H2_Mix	0.0
6	5	CH4_H2_Mix	0.0
6	6	CH4_H2_Mix	0.0
6	7	CH4_H2_Mix	0.0
6	8	CH4_H2_Mix	0.0
6	9	CH4_H2_Mix	0.0
6	10	CH4_H2_Mix	0.0
6	11	CH4_H2_Mix	0.0
6	12	CH4_H2_Mix	0.0
6	13	CH4_H2_Mix	0.0
6	14	CH4_H2_Mix	0.0
6	15	CH4_H2_Mix	0.0
6	16	CH4_H2_Mix	0.0
6	17	CH4_H2_Mix	0.0
6	18	CH4_H2_Mix	0.0
6	19	CH4_H2_Mix	0.0
6	20	CH4_H2_Mix	0.0
6	21	CH4_H2_Mix	0.0
6	22	CH4_H2_Mix	0.0
6	23	CH4_H2_Mix	0.0
6	24	CH4_H2_Mix	0.0
6	1	DummyFuel	0.0
6	2	DummyFuel	0.0
6	3	DummyFuel	0.0
6	4	DummyFuel	0.0
6	5	DummyFuel	0.0
6	6	DummyFuel	0.0
6	7	DummyFuel	0.0
6	8	DummyFuel	0.0
6	9	DummyFuel	0.0
6	10	DummyFuel	0.0
6	11	DummyFuel	0.0
6	12	DummyFuel	0.0
6	13	DummyFuel	0.0
6	14	DummyFuel	0.0
6	15	DummyFuel	0.0
6	16	DummyFuel	0.0
6	17	DummyFuel	0.0
6	18	DummyFuel	0.0
6	19	DummyFuel	0.0
6	20	DummyFuel	0.0
6	21	DummyFuel	0.0
6	22	DummyFuel	0.0
6	23	DummyFuel	0.0
6	24	DummyFuel	0.0
7	1	Electricity	32.21175582821868
7	2	Electricity	31.77875451983788
7	3	Electricity	31.617927130328574
7	4	Electricity	31.676081937727517
7	5	Electricity	32.92308540404162
7	6	Electricity	37.51768604417417
7	7	Electricity	47.233615985921205
7	8	Electricity	58.91651212471292
7	9	Electricity	73.03346560159967
7	10	Electricity	83.7276335825212
7	11	Electricity	88.47948731602094
7	12	Electricity	88.26348929445429
7	13	Electricity	79.59622527279718
7	14	Electricity	80.45052864524196
7	15	Electricity	87.38847542082698
7	16	Electricity	87.03783975887612
7	17	Electricity	85.35248855205747
7	18	Electricity	80.00100519595365
7	19	Electricity	71.3794504908484
7	20	Electricity	58.17304945656225
7	21	Electricity	43.1638474673076
7	22	Electricity	37.635834912295174
7	23	Electricity	35.889461525659435
7	24	Electricity	33.62873643218322
7	1	LT	1.2468870604499565
7	2	LT	1.2468870604499565
7	3	LT	1.2468870604499565
7	4	LT	1.2468870604499565
7	5	LT	1.2468870604499565
7	6	LT	1.2468870604499565
7	7	LT	1.2468870604499565
7	8	LT	3.4351738515396297
7	9	LT	3.832930823823166
7	10	LT	4.230687796106702
7	11	LT	4.230687796106702
7	12	LT	5.0623614654268225
7	13	LT	5.0623614654268225
7	14	LT	3.3628544020335323
7	15	LT	5.0623614654268225
7	16	LT	5.0623614654268225
7	17	LT	4.230064352576478
7	18	LT	3.3634778455637577
7	19	LT	1.2468870604499565
7	20	LT	1.2468870604499565
7	21	LT	1.2468870604499565
7	22	LT	1.2468870604499565
7	23	LT	1.2468870604499565
7	24	LT	1.2468870604499565
7	1	MT	33.20315998471502
7	2	MT	33.20315998471502
7	3	MT	33.20315998471502
7	4	MT	33.20315998471502
7	5	MT	33.20315998471502
7	6	MT	33.20315998471502
7	7	MT	33.20315998471502
7	8	MT	133.93004830216185
7	9	MT	149.43773810557005
7	10	MT	164.94542790897827
7	11	MT	164.94542790897827
7	12	MT	197.3705974979227
7	13	MT	197.3705974979227
7	14	MT	131.1104683379058
7	15	MT	197.3705974979227
7	16	MT	197.3705974979227
7	17	MT	117.65846784104903
7	18	MT	51.90492777091766
7	19	MT	33.20315998471502
7	20	MT	33.20315998471502
7	21	MT	33.20315998471502
7	22	MT	33.20315998471502
7	23	MT	33.20315998471502
7	24	MT	33.20315998471502
7	1	H2	0.0
7	2	H2	0.0
7	3	H2	0.0
7	4	H2	0.0
7	5	H2	0.0
7	6	H2	0.0
7	7	H2	0.0
7	8	H2	0.0
7	9	H2	0.0
7	10	H2	0.0
7	11	H2	0.0
7	12	H2	0.0
7	13	H2	0.0
7	14	H2	0.0
7	15	H2	0.0
7	16	H2	0.0
7	17	H2	0.0
7	18	H2	0.0
7	19	H2	0.0
7	20	H2	0.0
7	21	H2	0.0
7	22	H2	0.0
7	23	H2	0.0
7	24	H2	0.0
7	1	CH4	0.0
7	2	CH4	0.0
7	3	CH4	0.0
7	4	CH4	0.0
7	5	CH4	0.0
7	6	CH4	0.0
7	7	CH4	0.0
7	8	CH4	0.0
7	9	CH4	0.0
7	10	CH4	0.0
7	11	CH4	0.0
7	12	CH4	0.0
7	13	CH4	0.0
7	14	CH4	0.0
7	15	CH4	0.0
7	16	CH4	0.0
7	17	CH4	0.0
7	18	CH4	0.0
7	19	CH4	0.0
7	20	CH4	0.0
7	21	CH4	0.0
7	22	CH4	0.0
7	23	CH4	0.0
7	24	CH4	0.0
7	1	Biogas	0.0
7	2	Biogas	0.0
7	3	Biogas	0.0
7	4	Biogas	0.0
7	5	Biogas	0.0
7	6	Biogas	0.0
7	7	Biogas	0.0
7	8	Biogas	0.0
7	9	Biogas	0.0
7	10	Biogas	0.0
7	11	Biogas	0.0
7	12	Biogas	0.0
7	13	Biogas	0.0
7	14	Biogas	0.0
7	15	Biogas	0.0
7	16	Biogas	0.0
7	17	Biogas	0.0
7	18	Biogas	0.0
7	19	Biogas	0.0
7	20	Biogas	0.0
7	21	Biogas	0.0
7	22	Biogas	0.0
7	23	Biogas	0.0
7	24	Biogas	0.0
7	1	CH4_H2_Mix	0.0
7	2	CH4_H2_Mix	0.0
7	3	CH4_H2_Mix	0.0
7	4	CH4_H2_Mix	0.0
7	5	CH4_H2_Mix	0.0
7	6	CH4_H2_Mix	0.0
7	7	CH4_H2_Mix	0.0
7	8	CH4_H2_Mix	0.0
7	9	CH4_H2_Mix	0.0
7	10	CH4_H2_Mix	0.0
7	11	CH4_H2_Mix	0.0
7	12	CH4_H2_Mix	0.0
7	13	CH4_H2_Mix	0.0
7	14	CH4_H2_Mix	0.0
7	15	CH4_H2_Mix	0.0
7	16	CH4_H2_Mix	0.0
7	17	CH4_H2_Mix	0.0
7	18	CH4_H2_Mix	0.0
7	19	CH4_H2_Mix	0.0
7	20	CH4_H2_Mix	0.0
7	21	CH4_H2_Mix	0.0
7	22	CH4_H2_Mix	0.0
7	23	CH4_H2_Mix	0.0
7	24	CH4_H2_Mix	0.0
7	1	DummyFuel	0.0
7	2	DummyFuel	0.0
7	3	DummyFuel	0.0
7	4	DummyFuel	0.0
7	5	DummyFuel	0.0
7	6	DummyFuel	0.0
7	7	DummyFuel	0.0
7	8	DummyFuel	0.0
7	9	DummyFuel	0.0
7	10	DummyFuel	0.0
7	11	DummyFuel	0.0
7	12	DummyFuel	0.0
7	13	DummyFuel	0.0
7	14	DummyFuel	0.0
7	15	DummyFuel	0.0
7	16	DummyFuel	0.0
7	17	DummyFuel	0.0
7	18	DummyFuel	0.0
7	19	DummyFuel	0.0
7	20	DummyFuel	0.0
7	21	DummyFuel	0.0
7	22	DummyFuel	0.0
7	23	DummyFuel	0.0
7	24	DummyFuel	0.0
8	1	Electricity	33.65240270608757
8	2	Electricity	32.62578963400987
8	3	Electricity	32.40836856771525
8	4	Electricity	32.50205383629236
8	5	Electricity	33.527737146964604
8	6	Electricity	37.57079060733987
8	7	Electricity	47.44207743187027
8	8	Electricity	59.26760521832973
8	9	Electricity	73.77503484622106
8	10	Electricity	85.80937276449352
8	11	Electricity	91.64852484566393
8	12	Electricity	92.1306973724288
8	13	Electricity	83.8422609058421
8	14	Electricity	85.35088480484573
8	15	Electricity	93.65852382406999
8	16	Electricity	93.84085686143143
8	17	Electricity	92.86272815080676
8	18	Electricity	87.18427358240255
8	19	Electricity	78.05244389652778
8	20	Electricity	64.98140873464884
8	21	Electricity	47.57440153825365
8	22	Electricity	39.77727064958236
8	23	Electricity	37.767074195691414
8	24	Electricity	35.96855078674427
8	1	LT	4.184754129169569
8	2	LT	4.184754129169569
8	3	LT	4.184754129169569
8	4	LT	4.184754129169569
8	5	LT	4.184754129169569
8	6	LT	4.184754129169569
8	7	LT	4.184754129169569
8	8	LT	11.52899762586216
8	9	LT	12.863934193067255
8	10	LT	14.198870760272346
8	11	LT	14.198870760272346
8	12	LT	16.99010176442845
8	13	LT	16.99010176442845
8	14	LT	11.286281886370325
8	15	LT	16.99010176442845
8	16	LT	16.99010176442845
8	17	LT	14.196778383207763
8	18	LT	11.28837426343491
8	19	LT	4.184754129169569
8	20	LT	4.184754129169569
8	21	LT	4.184754129169569
8	22	LT	4.184754129169569
8	23	LT	4.184754129169569
8	24	LT	4.184754129169569
8	1	MT	46.20846302411203
8	2	MT	46.20846302411203
8	3	MT	46.20846302411203
8	4	MT	46.20846302411203
8	5	MT	46.20846302411203
8	6	MT	46.20846302411203
8	7	MT	46.20846302411203
8	8	MT	182.85201163788568
8	9	MT	204.02434982753562
8	10	MT	225.19668801718558
8	11	MT	225.19668801718558
8	12	MT	269.4661224137263
8	13	MT	269.4661224137263
8	14	MT	179.00249560340393
8	15	MT	269.4661224137263
8	16	MT	269.4661224137263
8	17	MT	163.32602006230815
8	18	MT	75.37298027656712
8	19	MT	46.20846302411203
8	20	MT	46.20846302411203
8	21	MT	46.20846302411203
8	22	MT	46.20846302411203
8	23	MT	46.20846302411203
8	24	MT	46.20846302411203
8	1	H2	0.0
8	2	H2	0.0
8	3	H2	0.0
8	4	H2	0.0
8	5	H2	0.0
8	6	H2	0.0
8	7	H2	0.0
8	8	H2	0.0
8	9	H2	0.0
8	10	H2	0.0
8	11	H2	0.0
8	12	H2	0.0
8	13	H2	0.0
8	14	H2	0.0
8	15	H2	0.0
8	16	H2	0.0
8	17	H2	0.0
8	18	H2	0.0
8	19	H2	0.0
8	20	H2	0.0
8	21	H2	0.0
8	22	H2	0.0
8	23	H2	0.0
8	24	H2	0.0
8	1	CH4	0.0
8	2	CH4	0.0
8	3	CH4	0.0
8	4	CH4	0.0
8	5	CH4	0.0
8	6	CH4	0.0
8	7	CH4	0.0
8	8	CH4	0.0
8	9	CH4	0.0
8	10	CH4	0.0
8	11	CH4	0.0
8	12	CH4	0.0
8	13	CH4	0.0
8	14	CH4	0.0
8	15	CH4	0.0
8	16	CH4	0.0
8	17	CH4	0.0
8	18	CH4	0.0
8	19	CH4	0.0
8	20	CH4	0.0
8	21	CH4	0.0
8	22	CH4	0.0
8	23	CH4	0.0
8	24	CH4	0.0
8	1	Biogas	0.0
8	2	Biogas	0.0
8	3	Biogas	0.0
8	4	Biogas	0.0
8	5	Biogas	0.0
8	6	Biogas	0.0
8	7	Biogas	0.0
8	8	Biogas	0.0
8	9	Biogas	0.0
8	10	Biogas	0.0
8	11	Biogas	0.0
8	12	Biogas	0.0
8	13	Biogas	0.0
8	14	Biogas	0.0
8	15	Biogas	0.0
8	16	Biogas	0.0
8	17	Biogas	0.0
8	18	Biogas	0.0
8	19	Biogas	0.0
8	20	Biogas	0.0
8	21	Biogas	0.0
8	22	Biogas	0.0
8	23	Biogas	0.0
8	24	Biogas	0.0
8	1	CH4_H2_Mix	0.0
8	2	CH4_H2_Mix	0.0
8	3	CH4_H2_Mix	0.0
8	4	CH4_H2_Mix	0.0
8	5	CH4_H2_Mix	0.0
8	6	CH4_H2_Mix	0.0
8	7	CH4_H2_Mix	0.0
8	8	CH4_H2_Mix	0.0
8	9	CH4_H2_Mix	0.0
8	10	CH4_H2_Mix	0.0
8	11	CH4_H2_Mix	0.0
8	12	CH4_H2_Mix	0.0
8	13	CH4_H2_Mix	0.0
8	14	CH4_H2_Mix	0.0
8	15	CH4_H2_Mix	0.0
8	16	CH4_H2_Mix	0.0
8	17	CH4_H2_Mix	0.0
8	18	CH4_H2_Mix	0.0
8	19	CH4_H2_Mix	0.0
8	20	CH4_H2_Mix	0.0
8	21	CH4_H2_Mix	0.0
8	22	CH4_H2_Mix	0.0
8	23	CH4_H2_Mix	0.0
8	24	CH4_H2_Mix	0.0
8	1	DummyFuel	0.0
8	2	DummyFuel	0.0
8	3	DummyFuel	0.0
8	4	DummyFuel	0.0
8	5	DummyFuel	0.0
8	6	DummyFuel	0.0
8	7	DummyFuel	0.0
8	8	DummyFuel	0.0
8	9	DummyFuel	0.0
8	10	DummyFuel	0.0
8	11	DummyFuel	0.0
8	12	DummyFuel	0.0
8	13	DummyFuel	0.0
8	14	DummyFuel	0.0
8	15	DummyFuel	0.0
8	16	DummyFuel	0.0
8	17	DummyFuel	0.0
8	18	DummyFuel	0.0
8	19	DummyFuel	0.0
8	20	DummyFuel	0.0
8	21	DummyFuel	0.0
8	22	DummyFuel	0.0
8	23	DummyFuel	0.0
8	24	DummyFuel	0.0
9	1	Electricity	37.480994445387275
9	2	Electricity	36.90658462624327
9	3	Electricity	35.678577039801695
9	4	Electricity	35.3017118751928
9	5	Electricity	36.57076238737823
9	6	Electricity	41.637412617351444
9	7	Electricity	50.28222141632663
9	8	Electricity	61.10033392001629
9	9	Electricity	75.11020724000706
9	10	Electricity	87.52024216696952
9	11	Electricity	92.8529950468067
9	12	Electricity	93.81827677870464
9	13	Electricity	87.36245107072236
9	14	Electricity	87.77477998455768
9	15	Electricity	94.1435315454411
9	16	Electricity	94.92397006660823
9	17	Electricity	91.62224413721233
9	18	Electricity	85.77518563828255
9	19	Electricity	78.1807896598666
9	20	Electricity	63.18191791372264
9	21	Electricity	46.76635711485931
9	22	Electricity	40.11554017573086
9	23	Electricity	37.99625627756692
9	24	Electricity	36.001155600726854
9	1	LT	1.7871903724288944
9	2	LT	1.7871903724288944
9	3	LT	1.7871903724288944
9	4	LT	1.7871903724288944
9	5	LT	1.7871903724288944
9	6	LT	1.7871903724288944
9	7	LT	1.7871903724288944
9	8	LT	4.8427093962589405
9	9	LT	6.0533867453236745
9	10	LT	6.658725419856043
9	11	LT	6.658725419856043
9	12	LT	7.869402768920778
9	13	LT	7.869402768920778
9	14	LT	5.448048070791308
9	15	LT	7.869402768920778
9	16	LT	6.658725419856043
9	17	LT	5.765130233641595
9	18	LT	4.8427093962589405
9	19	LT	1.7871903724288944
9	20	LT	1.7871903724288944
9	21	LT	1.7871903724288944
9	22	LT	1.7871903724288944
9	23	LT	1.7871903724288944
9	24	LT	1.7871903724288944
9	1	MT	54.66462168000578
9	2	MT	33.89278882864109
9	3	MT	33.89278882864109
9	4	MT	33.89278882864109
9	5	MT	33.89278882864109
9	6	MT	33.89278882864109
9	7	MT	33.89278882864109
9	8	MT	141.38166535386554
9	9	MT	176.72708169233192
9	10	MT	194.39978986156513
9	11	MT	194.39978986156513
9	12	MT	229.74520620003148
9	13	MT	229.74520620003148
9	14	MT	159.05437352309872
9	15	MT	229.74520620003148
9	16	MT	177.38286525640868
9	17	MT	86.13722256605288
9	18	MT	57.974767289155004
9	19	MT	35.4906221248999
9	20	MT	33.89278882864109
9	21	MT	33.89278882864109
9	22	MT	33.89278882864109
9	23	MT	33.89278882864109
9	24	MT	33.89278882864109
9	1	H2	0.0
9	2	H2	0.0
9	3	H2	0.0
9	4	H2	0.0
9	5	H2	0.0
9	6	H2	0.0
9	7	H2	0.0
9	8	H2	0.0
9	9	H2	0.0
9	10	H2	0.0
9	11	H2	0.0
9	12	H2	0.0
9	13	H2	0.0
9	14	H2	0.0
9	15	H2	0.0
9	16	H2	0.0
9	17	H2	0.0
9	18	H2	0.0
9	19	H2	0.0
9	20	H2	0.0
9	21	H2	0.0
9	22	H2	0.0
9	23	H2	0.0
9	24	H2	0.0
9	1	CH4	0.0
9	2	CH4	0.0
9	3	CH4	0.0
9	4	CH4	0.0
9	5	CH4	0.0
9	6	CH4	0.0
9	7	CH4	0.0
9	8	CH4	0.0
9	9	CH4	0.0
9	10	CH4	0.0
9	11	CH4	0.0
9	12	CH4	0.0
9	13	CH4	0.0
9	14	CH4	0.0
9	15	CH4	0.0
9	16	CH4	0.0
9	17	CH4	0.0
9	18	CH4	0.0
9	19	CH4	0.0
9	20	CH4	0.0
9	21	CH4	0.0
9	22	CH4	0.0
9	23	CH4	0.0
9	24	CH4	0.0
9	1	Biogas	0.0
9	2	Biogas	0.0
9	3	Biogas	0.0
9	4	Biogas	0.0
9	5	Biogas	0.0
9	6	Biogas	0.0
9	7	Biogas	0.0
9	8	Biogas	0.0
9	9	Biogas	0.0
9	10	Biogas	0.0
9	11	Biogas	0.0
9	12	Biogas	0.0
9	13	Biogas	0.0
9	14	Biogas	0.0
9	15	Biogas	0.0
9	16	Biogas	0.0
9	17	Biogas	0.0
9	18	Biogas	0.0
9	19	Biogas	0.0
9	20	Biogas	0.0
9	21	Biogas	0.0
9	22	Biogas	0.0
9	23	Biogas	0.0
9	24	Biogas	0.0
9	1	CH4_H2_Mix	0.0
9	2	CH4_H2_Mix	0.0
9	3	CH4_H2_Mix	0.0
9	4	CH4_H2_Mix	0.0
9	5	CH4_H2_Mix	0.0
9	6	CH4_H2_Mix	0.0
9	7	CH4_H2_Mix	0.0
9	8	CH4_H2_Mix	0.0
9	9	CH4_H2_Mix	0.0
9	10	CH4_H2_Mix	0.0
9	11	CH4_H2_Mix	0.0
9	12	CH4_H2_Mix	0.0
9	13	CH4_H2_Mix	0.0
9	14	CH4_H2_Mix	0.0
9	15	CH4_H2_Mix	0.0
9	16	CH4_H2_Mix	0.0
9	17	CH4_H2_Mix	0.0
9	18	CH4_H2_Mix	0.0
9	19	CH4_H2_Mix	0.0
9	20	CH4_H2_Mix	0.0
9	21	CH4_H2_Mix	0.0
9	22	CH4_H2_Mix	0.0
9	23	CH4_H2_Mix	0.0
9	24	CH4_H2_Mix	0.0
9	1	DummyFuel	0.0
9	2	DummyFuel	0.0
9	3	DummyFuel	0.0
9	4	DummyFuel	0.0
9	5	DummyFuel	0.0
9	6	DummyFuel	0.0
9	7	DummyFuel	0.0
9	8	DummyFuel	0.0
9	9	DummyFuel	0.0
9	10	DummyFuel	0.0
9	11	DummyFuel	0.0
9	12	DummyFuel	0.0
9	13	DummyFuel	0.0
9	14	DummyFuel	0.0
9	15	DummyFuel	0.0
9	16	DummyFuel	0.0
9	17	DummyFuel	0.0
9	18	DummyFuel	0.0
9	19	DummyFuel	0.0
9	20	DummyFuel	0.0
9	21	DummyFuel	0.0
9	22	DummyFuel	0.0
9	23	DummyFuel	0.0
9	24	DummyFuel	0.0
10	1	Electricity	30.821039767789227
10	2	Electricity	30.344821023013203
10	3	Electricity	29.55639741313718
10	4	Electricity	29.742739881870097
10	5	Electricity	31.112841011751996
10	6	Electricity	35.185522230425846
10	7	Electricity	43.062339975356075
10	8	Electricity	52.496984306053825
10	9	Electricity	66.04053056867382
10	10	Electricity	79.14664101504549
10	11	Electricity	84.9762390478037
10	12	Electricity	86.86752346202104
10	13	Electricity	80.5935921343473
10	14	Electricity	82.96405651348735
10	15	Electricity	90.60911128799714
10	16	Electricity	90.91155844700627
10	17	Electricity	89.66299440748944
10	18	Electricity	84.94087099589656
10	19	Electricity	77.35001146035421
10	20	Electricity	62.1301352558409
10	21	Electricity	46.299693989380785
10	22	Electricity	39.82995419014958
10	23	Electricity	37.039250349506695
10	24	Electricity	35.4944931494208
10	1	LT	0.838013043855285
10	2	LT	0.838013043855285
10	3	LT	0.838013043855285
10	4	LT	0.838013043855285
10	5	LT	0.838013043855285
10	6	LT	0.838013043855285
10	7	LT	0.838013043855285
10	8	LT	3.6453567407704894
10	9	LT	4.101026333366801
10	10	LT	4.556695925963111
10	11	LT	4.556695925963111
10	12	LT	5.468035111155733
10	13	LT	5.468035111155733
10	14	LT	3.6453567407704894
10	15	LT	5.468035111155733
10	16	LT	5.468035111155733
10	17	LT	4.556695925963111
10	18	LT	3.666307066866872
10	19	LT	1.3093953810238828
10	20	LT	1.3093953810238828
10	21	LT	1.3093953810238828
10	22	LT	1.3093953810238828
10	23	LT	1.3093953810238828
10	24	LT	1.3093953810238828
10	1	MT	31.521524574845515
10	2	MT	31.521524574845515
10	3	MT	31.521524574845515
10	4	MT	31.521524574845515
10	5	MT	31.521524574845515
10	6	MT	31.521524574845515
10	7	MT	31.521524574845515
10	8	MT	134.36340096061775
10	9	MT	151.15882608069498
10	10	MT	167.9542512007722
10	11	MT	167.9542512007722
10	12	MT	201.5451014409266
10	13	MT	201.5451014409266
10	14	MT	134.36340096061775
10	15	MT	201.5451014409266
10	16	MT	201.5451014409266
10	17	MT	119.04890201647855
10	18	MT	36.57539877863488
10	19	MT	33.562872628978276
10	20	MT	33.562872628978276
10	21	MT	33.562872628978276
10	22	MT	33.562872628978276
10	23	MT	33.562872628978276
10	24	MT	33.562872628978276
10	1	H2	0.0
10	2	H2	0.0
10	3	H2	0.0
10	4	H2	0.0
10	5	H2	0.0
10	6	H2	0.0
10	7	H2	0.0
10	8	H2	0.0
10	9	H2	0.0
10	10	H2	0.0
10	11	H2	0.0
10	12	H2	0.0
10	13	H2	0.0
10	14	H2	0.0
10	15	H2	0.0
10	16	H2	0.0
10	17	H2	0.0
10	18	H2	0.0
10	19	H2	0.0
10	20	H2	0.0
10	21	H2	0.0
10	22	H2	0.0
10	23	H2	0.0
10	24	H2	0.0
10	1	CH4	0.0
10	2	CH4	0.0
10	3	CH4	0.0
10	4	CH4	0.0
10	5	CH4	0.0
10	6	CH4	0.0
10	7	CH4	0.0
10	8	CH4	0.0
10	9	CH4	0.0
10	10	CH4	0.0
10	11	CH4	0.0
10	12	CH4	0.0
10	13	CH4	0.0
10	14	CH4	0.0
10	15	CH4	0.0
10	16	CH4	0.0
10	17	CH4	0.0
10	18	CH4	0.0
10	19	CH4	0.0
10	20	CH4	0.0
10	21	CH4	0.0
10	22	CH4	0.0
10	23	CH4	0.0
10	24	CH4	0.0
10	1	Biogas	0.0
10	2	Biogas	0.0
10	3	Biogas	0.0
10	4	Biogas	0.0
10	5	Biogas	0.0
10	6	Biogas	0.0
10	7	Biogas	0.0
10	8	Biogas	0.0
10	9	Biogas	0.0
10	10	Biogas	0.0
10	11	Biogas	0.0
10	12	Biogas	0.0
10	13	Biogas	0.0
10	14	Biogas	0.0
10	15	Biogas	0.0
10	16	Biogas	0.0
10	17	Biogas	0.0
10	18	Biogas	0.0
10	19	Biogas	0.0
10	20	Biogas	0.0
10	21	Biogas	0.0
10	22	Biogas	0.0
10	23	Biogas	0.0
10	24	Biogas	0.0
10	1	CH4_H2_Mix	0.0
10	2	CH4_H2_Mix	0.0
10	3	CH4_H2_Mix	0.0
10	4	CH4_H2_Mix	0.0
10	5	CH4_H2_Mix	0.0
10	6	CH4_H2_Mix	0.0
10	7	CH4_H2_Mix	0.0
10	8	CH4_H2_Mix	0.0
10	9	CH4_H2_Mix	0.0
10	10	CH4_H2_Mix	0.0
10	11	CH4_H2_Mix	0.0
10	12	CH4_H2_Mix	0.0
10	13	CH4_H2_Mix	0.0
10	14	CH4_H2_Mix	0.0
10	15	CH4_H2_Mix	0.0
10	16	CH4_H2_Mix	0.0
10	17	CH4_H2_Mix	0.0
10	18	CH4_H2_Mix	0.0
10	19	CH4_H2_Mix	0.0
10	20	CH4_H2_Mix	0.0
10	21	CH4_H2_Mix	0.0
10	22	CH4_H2_Mix	0.0
10	23	CH4_H2_Mix	0.0
10	24	CH4_H2_Mix	0.0
10	1	DummyFuel	0.0
10	2	DummyFuel	0.0
10	3	DummyFuel	0.0
10	4	DummyFuel	0.0
10	5	DummyFuel	0.0
10	6	DummyFuel	0.0
10	7	DummyFuel	0.0
10	8	DummyFuel	0.0
10	9	DummyFuel	0.0
10	10	DummyFuel	0.0
10	11	DummyFuel	0.0
10	12	DummyFuel	0.0
10	13	DummyFuel	0.0
10	14	DummyFuel	0.0
10	15	DummyFuel	0.0
10	16	DummyFuel	0.0
10	17	DummyFuel	0.0
10	18	DummyFuel	0.0
10	19	DummyFuel	0.0
10	20	DummyFuel	0.0
10	21	DummyFuel	0.0
10	22	DummyFuel	0.0
10	23	DummyFuel	0.0
10	24	DummyFuel	0.0
11	1	Electricity	40.967707042813906
11	2	Electricity	40.789409381768316
11	3	Electricity	40.77079307339174
11	4	Electricity	41.51959310307035
11	5	Electricity	42.97240076149331
11	6	Electricity	48.201210871767046
11	7	Electricity	58.733496005612565
11	8	Electricity	69.37774621757741
11	9	Electricity	84.30401324116349
11	10	Electricity	93.818248350748
11	11	Electricity	96.77316182364534
11	12	Electricity	95.85573209585478
11	13	Electricity	85.21241412830764
11	14	Electricity	83.21501403009765
11	15	Electricity	89.28314017752503
11	16	Electricity	88.10916298844135
11	17	Electricity	84.35041503942921
11	18	Electricity	78.79299662633592
11	19	Electricity	73.20377840196808
11	20	Electricity	62.95952309517438
11	21	Electricity	49.4978181833455
11	22	Electricity	42.47145828363432
11	23	Electricity	40.22630555354092
11	24	Electricity	38.916410579234075
11	1	LT	15.204054680803907
11	2	LT	15.204054680803907
11	3	LT	15.204054680803907
11	4	LT	15.204054680803907
11	5	LT	15.204054680803907
11	6	LT	15.204054680803907
11	7	LT	15.204054680803907
11	8	LT	41.19808365121059
11	9	LT	51.49760456401323
11	10	LT	56.647365020414554
11	11	LT	56.647365020414554
11	12	LT	66.9468859332172
11	13	LT	66.9468859332172
11	14	LT	46.347844107611905
11	15	LT	66.9468859332172
11	16	LT	56.647365020414554
11	17	LT	49.0453376800126
11	18	LT	41.19808365121059
11	19	LT	15.204054680803907
11	20	LT	15.204054680803907
11	21	LT	15.204054680803907
11	22	LT	15.204054680803907
11	23	LT	15.204054680803907
11	24	LT	15.204054680803907
11	1	MT	95.85525229349685
11	2	MT	64.5826913926644
11	3	MT	64.5826913926644
11	4	MT	64.5826913926644
11	5	MT	64.5826913926644
11	6	MT	64.5826913926644
11	7	MT	64.5826913926644
11	8	MT	249.58681026965178
11	9	MT	311.9835128370647
11	10	MT	343.18186412077114
11	11	MT	343.18186412077114
11	12	MT	405.57856668818414
11	13	MT	405.57856668818414
11	14	MT	280.78516155335825
11	15	MT	405.57856668818414
11	16	MT	317.5624199981662
11	17	MT	173.41152954116407
11	18	MT	124.01545034477078
11	19	MT	66.98827300042075
11	20	MT	64.5826913926644
11	21	MT	64.5826913926644
11	22	MT	64.5826913926644
11	23	MT	64.5826913926644
11	24	MT	64.5826913926644
11	1	H2	0.0
11	2	H2	0.0
11	3	H2	0.0
11	4	H2	0.0
11	5	H2	0.0
11	6	H2	0.0
11	7	H2	0.0
11	8	H2	0.0
11	9	H2	0.0
11	10	H2	0.0
11	11	H2	0.0
11	12	H2	0.0
11	13	H2	0.0
11	14	H2	0.0
11	15	H2	0.0
11	16	H2	0.0
11	17	H2	0.0
11	18	H2	0.0
11	19	H2	0.0
11	20	H2	0.0
11	21	H2	0.0
11	22	H2	0.0
11	23	H2	0.0
11	24	H2	0.0
11	1	CH4	0.0
11	2	CH4	0.0
11	3	CH4	0.0
11	4	CH4	0.0
11	5	CH4	0.0
11	6	CH4	0.0
11	7	CH4	0.0
11	8	CH4	0.0
11	9	CH4	0.0
11	10	CH4	0.0
11	11	CH4	0.0
11	12	CH4	0.0
11	13	CH4	0.0
11	14	CH4	0.0
11	15	CH4	0.0
11	16	CH4	0.0
11	17	CH4	0.0
11	18	CH4	0.0
11	19	CH4	0.0
11	20	CH4	0.0
11	21	CH4	0.0
11	22	CH4	0.0
11	23	CH4	0.0
11	24	CH4	0.0
11	1	Biogas	0.0
11	2	Biogas	0.0
11	3	Biogas	0.0
11	4	Biogas	0.0
11	5	Biogas	0.0
11	6	Biogas	0.0
11	7	Biogas	0.0
11	8	Biogas	0.0
11	9	Biogas	0.0
11	10	Biogas	0.0
11	11	Biogas	0.0
11	12	Biogas	0.0
11	13	Biogas	0.0
11	14	Biogas	0.0
11	15	Biogas	0.0
11	16	Biogas	0.0
11	17	Biogas	0.0
11	18	Biogas	0.0
11	19	Biogas	0.0
11	20	Biogas	0.0
11	21	Biogas	0.0
11	22	Biogas	0.0
11	23	Biogas	0.0
11	24	Biogas	0.0
11	1	CH4_H2_Mix	0.0
11	2	CH4_H2_Mix	0.0
11	3	CH4_H2_Mix	0.0
11	4	CH4_H2_Mix	0.0
11	5	CH4_H2_Mix	0.0
11	6	CH4_H2_Mix	0.0
11	7	CH4_H2_Mix	0.0
11	8	CH4_H2_Mix	0.0
11	9	CH4_H2_Mix	0.0
11	10	CH4_H2_Mix	0.0
11	11	CH4_H2_Mix	0.0
11	12	CH4_H2_Mix	0.0
11	13	CH4_H2_Mix	0.0
11	14	CH4_H2_Mix	0.0
11	15	CH4_H2_Mix	0.0
11	16	CH4_H2_Mix	0.0
11	17	CH4_H2_Mix	0.0
11	18	CH4_H2_Mix	0.0
11	19	CH4_H2_Mix	0.0
11	20	CH4_H2_Mix	0.0
11	21	CH4_H2_Mix	0.0
11	22	CH4_H2_Mix	0.0
11	23	CH4_H2_Mix	0.0
11	24	CH4_H2_Mix	0.0
11	1	DummyFuel	0.0
11	2	DummyFuel	0.0
11	3	DummyFuel	0.0
11	4	DummyFuel	0.0
11	5	DummyFuel	0.0
11	6	DummyFuel	0.0
11	7	DummyFuel	0.0
11	8	DummyFuel	0.0
11	9	DummyFuel	0.0
11	10	DummyFuel	0.0
11	11	DummyFuel	0.0
11	12	DummyFuel	0.0
11	13	DummyFuel	0.0
11	14	DummyFuel	0.0
11	15	DummyFuel	0.0
11	16	DummyFuel	0.0
11	17	DummyFuel	0.0
11	18	DummyFuel	0.0
11	19	DummyFuel	0.0
11	20	DummyFuel	0.0
11	21	DummyFuel	0.0
11	22	DummyFuel	0.0
11	23	DummyFuel	0.0
11	24	DummyFuel	0.0
12	1	Electricity	41.9847288719693
12	2	Electricity	42.702015346214864
12	3	Electricity	42.77291459406911
12	4	Electricity	43.13123609107832
12	5	Electricity	45.687432903379026
12	6	Electricity	51.01922594695823
12	7	Electricity	61.69228117871178
12	8	Electricity	76.95892636326236
12	9	Electricity	90.33962723150437
12	10	Electricity	99.99742157119215
12	11	Electricity	103.70525735551293
12	12	Electricity	103.09274307827168
12	13	Electricity	92.36044781074227
12	14	Electricity	91.75029183773304
12	15	Electricity	98.70916240018599
12	16	Electricity	97.04377998331749
12	17	Electricity	94.44268511537734
12	18	Electricity	89.09714897901569
12	19	Electricity	83.48577379747894
12	20	Electricity	70.36276574327513
12	21	Electricity	55.198216195201496
12	22	Electricity	48.25533268451494
12	23	Electricity	46.244480740725336
12	24	Electricity	45.20067278344
12	1	LT	16.11687636423619
12	2	LT	16.11687636423619
12	3	LT	16.11687636423619
12	4	LT	16.11687636423619
12	5	LT	16.11687636423619
12	6	LT	16.11687636423619
12	7	LT	16.11687636423619
12	8	LT	70.10841218442742
12	9	LT	78.87196370748086
12	10	LT	87.63551523053428
12	11	LT	87.63551523053428
12	12	LT	105.16261827664113
12	13	LT	105.16261827664113
12	14	LT	70.10841218442742
12	15	LT	105.16261827664113
12	16	LT	105.16261827664113
12	17	LT	87.63551523053428
12	18	LT	70.51133409353334
12	19	LT	25.182619319119045
12	20	LT	25.182619319119045
12	21	LT	25.182619319119045
12	22	LT	25.182619319119045
12	23	LT	25.182619319119045
12	24	LT	25.182619319119045
12	1	MT	74.9068596582677
12	2	MT	74.9068596582677
12	3	MT	74.9068596582677
12	4	MT	74.9068596582677
12	5	MT	74.9068596582677
12	6	MT	74.9068596582677
12	7	MT	74.9068596582677
12	8	MT	320.6746175897335
12	9	MT	360.7589447884502
12	10	MT	400.8432719871668
12	11	MT	400.8432719871668
12	12	MT	481.01192638460014
12	13	MT	481.01192638460014
12	14	MT	320.6746175897335
12	15	MT	481.01192638460014
12	16	MT	481.01192638460014
12	17	MT	309.07183284094043
12	18	MT	137.56823803214544
12	19	MT	87.60042670590806
12	20	MT	87.60042670590806
12	21	MT	87.60042670590806
12	22	MT	87.60042670590806
12	23	MT	87.60042670590806
12	24	MT	87.60042670590806
12	1	H2	0.0
12	2	H2	0.0
12	3	H2	0.0
12	4	H2	0.0
12	5	H2	0.0
12	6	H2	0.0
12	7	H2	0.0
12	8	H2	0.0
12	9	H2	0.0
12	10	H2	0.0
12	11	H2	0.0
12	12	H2	0.0
12	13	H2	0.0
12	14	H2	0.0
12	15	H2	0.0
12	16	H2	0.0
12	17	H2	0.0
12	18	H2	0.0
12	19	H2	0.0
12	20	H2	0.0
12	21	H2	0.0
12	22	H2	0.0
12	23	H2	0.0
12	24	H2	0.0
12	1	CH4	0.0
12	2	CH4	0.0
12	3	CH4	0.0
12	4	CH4	0.0
12	5	CH4	0.0
12	6	CH4	0.0
12	7	CH4	0.0
12	8	CH4	0.0
12	9	CH4	0.0
12	10	CH4	0.0
12	11	CH4	0.0
12	12	CH4	0.0
12	13	CH4	0.0
12	14	CH4	0.0
12	15	CH4	0.0
12	16	CH4	0.0
12	17	CH4	0.0
12	18	CH4	0.0
12	19	CH4	0.0
12	20	CH4	0.0
12	21	CH4	0.0
12	22	CH4	0.0
12	23	CH4	0.0
12	24	CH4	0.0
12	1	Biogas	0.0
12	2	Biogas	0.0
12	3	Biogas	0.0
12	4	Biogas	0.0
12	5	Biogas	0.0
12	6	Biogas	0.0
12	7	Biogas	0.0
12	8	Biogas	0.0
12	9	Biogas	0.0
12	10	Biogas	0.0
12	11	Biogas	0.0
12	12	Biogas	0.0
12	13	Biogas	0.0
12	14	Biogas	0.0
12	15	Biogas	0.0
12	16	Biogas	0.0
12	17	Biogas	0.0
12	18	Biogas	0.0
12	19	Biogas	0.0
12	20	Biogas	0.0
12	21	Biogas	0.0
12	22	Biogas	0.0
12	23	Biogas	0.0
12	24	Biogas	0.0
12	1	CH4_H2_Mix	0.0
12	2	CH4_H2_Mix	0.0
12	3	CH4_H2_Mix	0.0
12	4	CH4_H2_Mix	0.0
12	5	CH4_H2_Mix	0.0
12	6	CH4_H2_Mix	0.0
12	7	CH4_H2_Mix	0.0
12	8	CH4_H2_Mix	0.0
12	9	CH4_H2_Mix	0.0
12	10	CH4_H2_Mix	0.0
12	11	CH4_H2_Mix	0.0
12	12	CH4_H2_Mix	0.0
12	13	CH4_H2_Mix	0.0
12	14	CH4_H2_Mix	0.0
12	15	CH4_H2_Mix	0.0
12	16	CH4_H2_Mix	0.0
12	17	CH4_H2_Mix	0.0
12	18	CH4_H2_Mix	0.0
12	19	CH4_H2_Mix	0.0
12	20	CH4_H2_Mix	0.0
12	21	CH4_H2_Mix	0.0
12	22	CH4_H2_Mix	0.0
12	23	CH4_H2_Mix	0.0
12	24	CH4_H2_Mix	0.0
12	1	DummyFuel	0.0
12	2	DummyFuel	0.0
12	3	DummyFuel	0.0
12	4	DummyFuel	0.0
12	5	DummyFuel	0.0
12	6	DummyFuel	0.0
12	7	DummyFuel	0.0
12	8	DummyFuel	0.0
12	9	DummyFuel	0.0
12	10	DummyFuel	0.0
12	11	DummyFuel	0.0
12	12	DummyFuel	0.0
12	13	DummyFuel	0.0
12	14	DummyFuel	0.0
12	15	DummyFuel	0.0
12	16	DummyFuel	0.0
12	17	DummyFuel	0.0
12	18	DummyFuel	0.0
12	19	DummyFuel	0.0
12	20	DummyFuel	0.0
12	21	DummyFuel	0.0
12	22	DummyFuel	0.0
12	23	DummyFuel	0.0
12	24	DummyFuel	0.0
13	1	Electricity	41.669837945019545
13	2	Electricity	41.27227117246589
13	3	Electricity	40.969435016648994
13	4	Electricity	41.250380074966344
13	5	Electricity	42.61938574038001
13	6	Electricity	48.27932501846745
13	7	Electricity	59.669686335196005
13	8	Electricity	73.36460789443676
13	9	Electricity	89.86788756213218
13	10	Electricity	99.94138041530745
13	11	Electricity	103.18897297834741
13	12	Electricity	101.66235633642253
13	13	Electricity	90.9860435699475
13	14	Electricity	91.11426264898758
13	15	Electricity	98.69250113458159
13	16	Electricity	97.61623881358686
13	17	Electricity	96.19355032185737
13	18	Electricity	93.42445902527793
13	19	Electricity	84.39491231662109
13	20	Electricity	68.31076405354095
13	21	Electricity	53.9753356236782
13	22	Electricity	46.53340001823876
13	23	Electricity	44.54325773951531
13	24	Electricity	43.806611674775496
13	1	LT	28.847988172824355
13	2	LT	28.847988172824355
13	3	LT	28.847988172824355
13	4	LT	28.847988172824355
13	5	LT	28.847988172824355
13	6	LT	28.847988172824355
13	7	LT	28.847988172824355
13	8	LT	83.10081754300691
13	9	LT	92.7230174690393
13	10	LT	102.3452173950717
13	11	LT	102.3452173950717
13	12	LT	122.46436269495757
13	13	LT	122.46436269495757
13	14	LT	81.35132664736466
13	15	LT	122.46436269495757
13	16	LT	122.46436269495757
13	17	LT	102.36382900034448
13	18	LT	81.33271504209188
13	19	LT	28.847988172824355
13	20	LT	28.847988172824355
13	21	LT	28.847988172824355
13	22	LT	28.847988172824355
13	23	LT	28.847988172824355
13	24	LT	28.847988172824355
13	1	MT	73.07675453595192
13	2	MT	94.98496600433195
13	3	MT	94.98496600433195
13	4	MT	94.98496600433195
13	5	MT	94.98496600433195
13	6	MT	94.98496600433195
13	7	MT	94.98496600433195
13	8	MT	358.70022449745136
13	9	MT	400.2339347024195
13	10	MT	441.76764490738753
13	11	MT	441.76764490738753
13	12	MT	528.6108571541389
13	13	MT	528.6108571541389
13	14	MT	351.14864082382087
13	15	MT	528.6108571541389
13	16	MT	528.6108571541389
13	17	MT	344.2166002219539
13	18	MT	187.69322069732704
13	19	MT	96.9766215923665
13	20	MT	96.9766215923665
13	21	MT	96.9766215923665
13	22	MT	96.9766215923665
13	23	MT	96.9766215923665
13	24	MT	96.9766215923665
13	1	H2	0.0
13	2	H2	0.0
13	3	H2	0.0
13	4	H2	0.0
13	5	H2	0.0
13	6	H2	0.0
13	7	H2	0.0
13	8	H2	0.0
13	9	H2	0.0
13	10	H2	0.0
13	11	H2	0.0
13	12	H2	0.0
13	13	H2	0.0
13	14	H2	0.0
13	15	H2	0.0
13	16	H2	0.0
13	17	H2	0.0
13	18	H2	0.0
13	19	H2	0.0
13	20	H2	0.0
13	21	H2	0.0
13	22	H2	0.0
13	23	H2	0.0
13	24	H2	0.0
13	1	CH4	0.0
13	2	CH4	0.0
13	3	CH4	0.0
13	4	CH4	0.0
13	5	CH4	0.0
13	6	CH4	0.0
13	7	CH4	0.0
13	8	CH4	0.0
13	9	CH4	0.0
13	10	CH4	0.0
13	11	CH4	0.0
13	12	CH4	0.0
13	13	CH4	0.0
13	14	CH4	0.0
13	15	CH4	0.0
13	16	CH4	0.0
13	17	CH4	0.0
13	18	CH4	0.0
13	19	CH4	0.0
13	20	CH4	0.0
13	21	CH4	0.0
13	22	CH4	0.0
13	23	CH4	0.0
13	24	CH4	0.0
13	1	Biogas	0.0
13	2	Biogas	0.0
13	3	Biogas	0.0
13	4	Biogas	0.0
13	5	Biogas	0.0
13	6	Biogas	0.0
13	7	Biogas	0.0
13	8	Biogas	0.0
13	9	Biogas	0.0
13	10	Biogas	0.0
13	11	Biogas	0.0
13	12	Biogas	0.0
13	13	Biogas	0.0
13	14	Biogas	0.0
13	15	Biogas	0.0
13	16	Biogas	0.0
13	17	Biogas	0.0
13	18	Biogas	0.0
13	19	Biogas	0.0
13	20	Biogas	0.0
13	21	Biogas	0.0
13	22	Biogas	0.0
13	23	Biogas	0.0
13	24	Biogas	0.0
13	1	CH4_H2_Mix	0.0
13	2	CH4_H2_Mix	0.0
13	3	CH4_H2_Mix	0.0
13	4	CH4_H2_Mix	0.0
13	5	CH4_H2_Mix	0.0
13	6	CH4_H2_Mix	0.0
13	7	CH4_H2_Mix	0.0
13	8	CH4_H2_Mix	0.0
13	9	CH4_H2_Mix	0.0
13	10	CH4_H2_Mix	0.0
13	11	CH4_H2_Mix	0.0
13	12	CH4_H2_Mix	0.0
13	13	CH4_H2_Mix	0.0
13	14	CH4_H2_Mix	0.0
13	15	CH4_H2_Mix	0.0
13	16	CH4_H2_Mix	0.0
13	17	CH4_H2_Mix	0.0
13	18	CH4_H2_Mix	0.0
13	19	CH4_H2_Mix	0.0
13	20	CH4_H2_Mix	0.0
13	21	CH4_H2_Mix	0.0
13	22	CH4_H2_Mix	0.0
13	23	CH4_H2_Mix	0.0
13	24	CH4_H2_Mix	0.0
13	1	DummyFuel	0.0
13	2	DummyFuel	0.0
13	3	DummyFuel	0.0
13	4	DummyFuel	0.0
13	5	DummyFuel	0.0
13	6	DummyFuel	0.0
13	7	DummyFuel	0.0
13	8	DummyFuel	0.0
13	9	DummyFuel	0.0
13	10	DummyFuel	0.0
13	11	DummyFuel	0.0
13	12	DummyFuel	0.0
13	13	DummyFuel	0.0
13	14	DummyFuel	0.0
13	15	DummyFuel	0.0
13	16	DummyFuel	0.0
13	17	DummyFuel	0.0
13	18	DummyFuel	0.0
13	19	DummyFuel	0.0
13	20	DummyFuel	0.0
13	21	DummyFuel	0.0
13	22	DummyFuel	0.0
13	23	DummyFuel	0.0
13	24	DummyFuel	0.0
14	1	Electricity	45.6611652434102
14	2	Electricity	45.69326063449062
14	3	Electricity	45.642334255820934
14	4	Electricity	45.57288604992469
14	5	Electricity	47.41128995482712
14	6	Electricity	52.26566799913395
14	7	Electricity	63.42018769376974
14	8	Electricity	78.45655353305952
14	9	Electricity	95.11685101604252
14	10	Electricity	104.0386003319775
14	11	Electricity	106.90160761457896
14	12	Electricity	104.59214172529215
14	13	Electricity	93.24660709026908
14	14	Electricity	92.39532554373952
14	15	Electricity	98.88253966840456
14	16	Electricity	97.40218977928292
14	17	Electricity	94.77983477766166
14	18	Electricity	90.56730341712051
14	19	Electricity	83.00147173298878
14	20	Electricity	69.30633009778421
14	21	Electricity	53.50832786623332
14	22	Electricity	46.35866565713813
14	23	Electricity	44.35227241791713
14	24	Electricity	43.150349533980105
14	1	LT	22.64733414035344
14	2	LT	22.64733414035344
14	3	LT	22.64733414035344
14	4	LT	22.64733414035344
14	5	LT	22.64733414035344
14	6	LT	22.64733414035344
14	7	LT	22.64733414035344
14	8	LT	61.36696992869965
14	9	LT	76.70871241087455
14	10	LT	84.37958365196202
14	11	LT	84.37958365196202
14	12	LT	99.72132613413693
14	13	LT	99.72132613413693
14	14	LT	69.0378411697871
14	15	LT	99.72132613413693
14	16	LT	84.37958365196202
14	17	LT	73.0559165817853
14	18	LT	61.36696992869965
14	19	LT	22.64733414035344
14	20	LT	22.64733414035344
14	21	LT	22.64733414035344
14	22	LT	22.64733414035344
14	23	LT	22.64733414035344
14	24	LT	22.64733414035344
14	1	MT	114.5985080285535
14	2	MT	79.11879140548629
14	3	MT	79.11879140548629
14	4	MT	79.11879140548629
14	5	MT	79.11879140548629
14	6	MT	79.11879140548629
14	7	MT	79.11879140548629
14	8	MT	299.00948841906506
14	9	MT	373.7618605238313
14	10	MT	411.13804657621444
14	11	MT	411.13804657621444
14	12	MT	485.8904186809807
14	13	MT	485.8904186809807
14	14	MT	336.38567447144817
14	15	MT	485.8904186809807
14	16	MT	382.07197103500937
14	17	MT	215.60435818052594
14	18	MT	156.54478013259526
14	19	MT	81.84800037649146
14	20	MT	79.11879140548629
14	21	MT	79.11879140548629
14	22	MT	79.11879140548629
14	23	MT	79.11879140548629
14	24	MT	79.11879140548629
14	1	H2	0.0
14	2	H2	0.0
14	3	H2	0.0
14	4	H2	0.0
14	5	H2	0.0
14	6	H2	0.0
14	7	H2	0.0
14	8	H2	0.0
14	9	H2	0.0
14	10	H2	0.0
14	11	H2	0.0
14	12	H2	0.0
14	13	H2	0.0
14	14	H2	0.0
14	15	H2	0.0
14	16	H2	0.0
14	17	H2	0.0
14	18	H2	0.0
14	19	H2	0.0
14	20	H2	0.0
14	21	H2	0.0
14	22	H2	0.0
14	23	H2	0.0
14	24	H2	0.0
14	1	CH4	0.0
14	2	CH4	0.0
14	3	CH4	0.0
14	4	CH4	0.0
14	5	CH4	0.0
14	6	CH4	0.0
14	7	CH4	0.0
14	8	CH4	0.0
14	9	CH4	0.0
14	10	CH4	0.0
14	11	CH4	0.0
14	12	CH4	0.0
14	13	CH4	0.0
14	14	CH4	0.0
14	15	CH4	0.0
14	16	CH4	0.0
14	17	CH4	0.0
14	18	CH4	0.0
14	19	CH4	0.0
14	20	CH4	0.0
14	21	CH4	0.0
14	22	CH4	0.0
14	23	CH4	0.0
14	24	CH4	0.0
14	1	Biogas	0.0
14	2	Biogas	0.0
14	3	Biogas	0.0
14	4	Biogas	0.0
14	5	Biogas	0.0
14	6	Biogas	0.0
14	7	Biogas	0.0
14	8	Biogas	0.0
14	9	Biogas	0.0
14	10	Biogas	0.0
14	11	Biogas	0.0
14	12	Biogas	0.0
14	13	Biogas	0.0
14	14	Biogas	0.0
14	15	Biogas	0.0
14	16	Biogas	0.0
14	17	Biogas	0.0
14	18	Biogas	0.0
14	19	Biogas	0.0
14	20	Biogas	0.0
14	21	Biogas	0.0
14	22	Biogas	0.0
14	23	Biogas	0.0
14	24	Biogas	0.0
14	1	CH4_H2_Mix	0.0
14	2	CH4_H2_Mix	0.0
14	3	CH4_H2_Mix	0.0
14	4	CH4_H2_Mix	0.0
14	5	CH4_H2_Mix	0.0
14	6	CH4_H2_Mix	0.0
14	7	CH4_H2_Mix	0.0
14	8	CH4_H2_Mix	0.0
14	9	CH4_H2_Mix	0.0
14	10	CH4_H2_Mix	0.0
14	11	CH4_H2_Mix	0.0
14	12	CH4_H2_Mix	0.0
14	13	CH4_H2_Mix	0.0
14	14	CH4_H2_Mix	0.0
14	15	CH4_H2_Mix	0.0
14	16	CH4_H2_Mix	0.0
14	17	CH4_H2_Mix	0.0
14	18	CH4_H2_Mix	0.0
14	19	CH4_H2_Mix	0.0
14	20	CH4_H2_Mix	0.0
14	21	CH4_H2_Mix	0.0
14	22	CH4_H2_Mix	0.0
14	23	CH4_H2_Mix	0.0
14	24	CH4_H2_Mix	0.0
14	1	DummyFuel	0.0
14	2	DummyFuel	0.0
14	3	DummyFuel	0.0
14	4	DummyFuel	0.0
14	5	DummyFuel	0.0
14	6	DummyFuel	0.0
14	7	DummyFuel	0.0
14	8	DummyFuel	0.0
14	9	DummyFuel	0.0
14	10	DummyFuel	0.0
14	11	DummyFuel	0.0
14	12	DummyFuel	0.0
14	13	DummyFuel	0.0
14	14	DummyFuel	0.0
14	15	DummyFuel	0.0
14	16	DummyFuel	0.0
14	17	DummyFuel	0.0
14	18	DummyFuel	0.0
14	19	DummyFuel	0.0
14	20	DummyFuel	0.0
14	21	DummyFuel	0.0
14	22	DummyFuel	0.0
14	23	DummyFuel	0.0
14	24	DummyFuel	0.0
