Node	Time	EnergyCarrier	ReferenceDemand
3	1	Electricity	32.122100767238045
3	2	Electricity	31.51168633292247
3	3	Electricity	30.984604399604986
3	4	Electricity	30.940470503655668
3	5	Electricity	31.80637825921436
3	6	Electricity	35.50758977222667
3	7	Electricity	44.70002446652272
3	8	Electricity	53.94605771673909
3	9	Electricity	66.29580079886682
3	10	Electricity	78.13315973333498
3	11	Electricity	83.0462158672052
3	12	Electricity	84.25848703409707
3	13	Electricity	76.21340160410702
3	14	Electricity	78.17809822660257
3	15	Electricity	84.22343113230205
3	16	Electricity	84.60717738262986
3	17	Electricity	82.63772660244415
3	18	Electricity	78.88020505879146
3	19	Electricity	72.14347744116398
3	20	Electricity	57.5927965775065
3	21	Electricity	43.39467614102467
3	22	Electricity	37.11586123498115
3	23	Electricity	34.69268921992026
3	24	Electricity	33.02324489904376
3	1	LT	2.2005076020267462
3	2	LT	2.2005076020267462
3	3	LT	2.2005076020267462
3	4	LT	2.2005076020267462
3	5	LT	2.2005076020267462
3	6	LT	2.2005076020267462
3	7	LT	2.2005076020267462
3	8	LT	6.062398443583686
3	9	LT	6.764360368630219
3	10	LT	7.4663222936767495
3	11	LT	7.4663222936767495
3	12	LT	8.934060864228588
3	13	LT	8.934060864228588
3	14	LT	5.934769002666134
3	15	LT	8.934060864228588
3	16	LT	8.934060864228588
3	17	LT	7.465222039875737
3	18	LT	5.935869256467147
3	19	LT	2.2005076020267462
3	20	LT	2.2005076020267462
3	21	LT	2.2005076020267462
3	22	LT	2.2005076020267462
3	23	LT	2.2005076020267462
3	24	LT	2.2005076020267462
3	1	MT	39.44292703167079
3	2	MT	39.44292703167079
3	3	MT	39.44292703167079
3	4	MT	39.44292703167079
3	5	MT	39.44292703167079
3	6	MT	39.44292703167079
3	7	MT	39.44292703167079
3	8	MT	158.06047734720147
3	9	MT	176.362216829509
3	10	MT	194.66395631181655
3	11	MT	194.66395631181655
3	12	MT	232.9312297748232
3	13	MT	232.9312297748232
3	14	MT	154.73288835041828
3	15	MT	232.9312297748232
3	16	MT	232.9312297748232
3	17	MT	139.6469293528355
3	18	MT	62.58059138563005
3	19	MT	39.44292703167079
3	20	MT	39.44292703167079
3	21	MT	39.44292703167079
3	22	MT	39.44292703167079
3	23	MT	39.44292703167079
3	24	MT	39.44292703167079
3	1	H2	0.0
3	2	H2	0.0
3	3	H2	0.0
3	4	H2	0.0
3	5	H2	0.0
3	6	H2	0.0
3	7	H2	0.0
3	8	H2	0.0
3	9	H2	0.0
3	10	H2	0.0
3	11	H2	0.0
3	12	H2	0.0
3	13	H2	0.0
3	14	H2	0.0
3	15	H2	0.0
3	16	H2	0.0
3	17	H2	0.0
3	18	H2	0.0
3	19	H2	0.0
3	20	H2	0.0
3	21	H2	0.0
3	22	H2	0.0
3	23	H2	0.0
3	24	H2	0.0
3	1	CH4	0.0
3	2	CH4	0.0
3	3	CH4	0.0
3	4	CH4	0.0
3	5	CH4	0.0
3	6	CH4	0.0
3	7	CH4	0.0
3	8	CH4	0.0
3	9	CH4	0.0
3	10	CH4	0.0
3	11	CH4	0.0
3	12	CH4	0.0
3	13	CH4	0.0
3	14	CH4	0.0
3	15	CH4	0.0
3	16	CH4	0.0
3	17	CH4	0.0
3	18	CH4	0.0
3	19	CH4	0.0
3	20	CH4	0.0
3	21	CH4	0.0
3	22	CH4	0.0
3	23	CH4	0.0
3	24	CH4	0.0
3	1	Biogas	0.0
3	2	Biogas	0.0
3	3	Biogas	0.0
3	4	Biogas	0.0
3	5	Biogas	0.0
3	6	Biogas	0.0
3	7	Biogas	0.0
3	8	Biogas	0.0
3	9	Biogas	0.0
3	10	Biogas	0.0
3	11	Biogas	0.0
3	12	Biogas	0.0
3	13	Biogas	0.0
3	14	Biogas	0.0
3	15	Biogas	0.0
3	16	Biogas	0.0
3	17	Biogas	0.0
3	18	Biogas	0.0
3	19	Biogas	0.0
3	20	Biogas	0.0
3	21	Biogas	0.0
3	22	Biogas	0.0
3	23	Biogas	0.0
3	24	Biogas	0.0
3	1	CH4_H2_Mix	0.0
3	2	CH4_H2_Mix	0.0
3	3	CH4_H2_Mix	0.0
3	4	CH4_H2_Mix	0.0
3	5	CH4_H2_Mix	0.0
3	6	CH4_H2_Mix	0.0
3	7	CH4_H2_Mix	0.0
3	8	CH4_H2_Mix	0.0
3	9	CH4_H2_Mix	0.0
3	10	CH4_H2_Mix	0.0
3	11	CH4_H2_Mix	0.0
3	12	CH4_H2_Mix	0.0
3	13	CH4_H2_Mix	0.0
3	14	CH4_H2_Mix	0.0
3	15	CH4_H2_Mix	0.0
3	16	CH4_H2_Mix	0.0
3	17	CH4_H2_Mix	0.0
3	18	CH4_H2_Mix	0.0
3	19	CH4_H2_Mix	0.0
3	20	CH4_H2_Mix	0.0
3	21	CH4_H2_Mix	0.0
3	22	CH4_H2_Mix	0.0
3	23	CH4_H2_Mix	0.0
3	24	CH4_H2_Mix	0.0
3	1	DummyFuel	0.0
3	2	DummyFuel	0.0
3	3	DummyFuel	0.0
3	4	DummyFuel	0.0
3	5	DummyFuel	0.0
3	6	DummyFuel	0.0
3	7	DummyFuel	0.0
3	8	DummyFuel	0.0
3	9	DummyFuel	0.0
3	10	DummyFuel	0.0
3	11	DummyFuel	0.0
3	12	DummyFuel	0.0
3	13	DummyFuel	0.0
3	14	DummyFuel	0.0
3	15	DummyFuel	0.0
3	16	DummyFuel	0.0
3	17	DummyFuel	0.0
3	18	DummyFuel	0.0
3	19	DummyFuel	0.0
3	20	DummyFuel	0.0
3	21	DummyFuel	0.0
3	22	DummyFuel	0.0
3	23	DummyFuel	0.0
3	24	DummyFuel	0.0
4	1	Electricity	33.00030394342352
4	2	Electricity	32.42945415576956
4	3	Electricity	32.10034448716924
4	4	Electricity	32.29965278983798
4	5	Electricity	33.22296246800808
4	6	Electricity	37.74368444827439
4	7	Electricity	48.07753314613209
4	8	Electricity	59.754854973083475
4	9	Electricity	74.80054893200703
4	10	Electricity	85.38275707953918
4	11	Electricity	90.84213623672812
4	12	Electricity	91.34487945588342
4	13	Electricity	83.2955626943042
4	14	Electricity	84.03622677961094
4	15	Electricity	92.4924765146778
4	16	Electricity	92.07706291417823
4	17	Electricity	89.80797412329783
4	18	Electricity	83.78389772810857
4	19	Electricity	75.51596585004518
4	20	Electricity	61.27488932687648
4	21	Electricity	45.88142082021586
4	22	Electricity	38.721254937204975
4	23	Electricity	36.71292839423745
4	24	Electricity	35.29591470033408
4	1	LT	2.386579902822217
4	2	LT	2.386579902822217
4	3	LT	2.386579902822217
4	4	LT	2.386579902822217
4	5	LT	2.386579902822217
4	6	LT	2.386579902822217
4	7	LT	2.386579902822217
4	8	LT	6.575027632275209
4	9	LT	7.336346621275497
4	10	LT	8.097665610275783
4	11	LT	8.097665610275783
4	12	LT	9.689514405458203
4	13	LT	9.689514405458203
4	14	LT	6.43660599791152
4	15	LT	9.689514405458203
4	16	LT	9.689514405458203
4	17	LT	8.096472320324374
4	18	LT	6.437799287862931
4	19	LT	2.386579902822217
4	20	LT	2.386579902822217
4	21	LT	2.386579902822217
4	22	LT	2.386579902822217
4	23	LT	2.386579902822217
4	24	LT	2.386579902822217
4	1	MT	41.012189976210045
4	2	MT	41.012189976210045
4	3	MT	41.012189976210045
4	4	MT	41.012189976210045
4	5	MT	41.012189976210045
4	6	MT	41.012189976210045
4	7	MT	41.012189976210045
4	8	MT	164.2067545761504
4	9	MT	183.22016826391518
4	10	MT	202.23358195167995
4	11	MT	202.23358195167995
4	12	MT	241.9889014806427
4	13	MT	241.9889014806427
4	14	MT	160.74977026928408
4	15	MT	241.9889014806427
4	16	MT	241.9889014806427
4	17	MT	145.1860642196266
4	18	MT	65.19659834188076
4	19	MT	41.012189976210045
4	20	MT	41.012189976210045
4	21	MT	41.012189976210045
4	22	MT	41.012189976210045
4	23	MT	41.012189976210045
4	24	MT	41.012189976210045
4	1	H2	0.0
4	2	H2	0.0
4	3	H2	0.0
4	4	H2	0.0
4	5	H2	0.0
4	6	H2	0.0
4	7	H2	0.0
4	8	H2	0.0
4	9	H2	0.0
4	10	H2	0.0
4	11	H2	0.0
4	12	H2	0.0
4	13	H2	0.0
4	14	H2	0.0
4	15	H2	0.0
4	16	H2	0.0
4	17	H2	0.0
4	18	H2	0.0
4	19	H2	0.0
4	20	H2	0.0
4	21	H2	0.0
4	22	H2	0.0
4	23	H2	0.0
4	24	H2	0.0
4	1	CH4	0.0
4	2	CH4	0.0
4	3	CH4	0.0
4	4	CH4	0.0
4	5	CH4	0.0
4	6	CH4	0.0
4	7	CH4	0.0
4	8	CH4	0.0
4	9	CH4	0.0
4	10	CH4	0.0
4	11	CH4	0.0
4	12	CH4	0.0
4	13	CH4	0.0
4	14	CH4	0.0
4	15	CH4	0.0
4	16	CH4	0.0
4	17	CH4	0.0
4	18	CH4	0.0
4	19	CH4	0.0
4	20	CH4	0.0
4	21	CH4	0.0
4	22	CH4	0.0
4	23	CH4	0.0
4	24	CH4	0.0
4	1	Biogas	0.0
4	2	Biogas	0.0
4	3	Biogas	0.0
4	4	Biogas	0.0
4	5	Biogas	0.0
4	6	Biogas	0.0
4	7	Biogas	0.0
4	8	Biogas	0.0
4	9	Biogas	0.0
4	10	Biogas	0.0
4	11	Biogas	0.0
4	12	Biogas	0.0
4	13	Biogas	0.0
4	14	Biogas	0.0
4	15	Biogas	0.0
4	16	Biogas	0.0
4	17	Biogas	0.0
4	18	Biogas	0.0
4	19	Biogas	0.0
4	20	Biogas	0.0
4	21	Biogas	0.0
4	22	Biogas	0.0
4	23	Biogas	0.0
4	24	Biogas	0.0
4	1	CH4_H2_Mix	0.0
4	2	CH4_H2_Mix	0.0
4	3	CH4_H2_Mix	0.0
4	4	CH4_H2_Mix	0.0
4	5	CH4_H2_Mix	0.0
4	6	CH4_H2_Mix	0.0
4	7	CH4_H2_Mix	0.0
4	8	CH4_H2_Mix	0.0
4	9	CH4_H2_Mix	0.0
4	10	CH4_H2_Mix	0.0
4	11	CH4_H2_Mix	0.0
4	12	CH4_H2_Mix	0.0
4	13	CH4_H2_Mix	0.0
4	14	CH4_H2_Mix	0.0
4	15	CH4_H2_Mix	0.0
4	16	CH4_H2_Mix	0.0
4	17	CH4_H2_Mix	0.0
4	18	CH4_H2_Mix	0.0
4	19	CH4_H2_Mix	0.0
4	20	CH4_H2_Mix	0.0
4	21	CH4_H2_Mix	0.0
4	22	CH4_H2_Mix	0.0
4	23	CH4_H2_Mix	0.0
4	24	CH4_H2_Mix	0.0
4	1	DummyFuel	0.0
4	2	DummyFuel	0.0
4	3	DummyFuel	0.0
4	4	DummyFuel	0.0
4	5	DummyFuel	0.0
4	6	DummyFuel	0.0
4	7	DummyFuel	0.0
4	8	DummyFuel	0.0
4	9	DummyFuel	0.0
4	10	DummyFuel	0.0
4	11	DummyFuel	0.0
4	12	DummyFuel	0.0
4	13	DummyFuel	0.0
4	14	DummyFuel	0.0
4	15	DummyFuel	0.0
4	16	DummyFuel	0.0
4	17	DummyFuel	0.0
4	18	DummyFuel	0.0
4	19	DummyFuel	0.0
4	20	DummyFuel	0.0
4	21	DummyFuel	0.0
4	22	DummyFuel	0.0
4	23	DummyFuel	0.0
4	24	DummyFuel	0.0
5	1	Electricity	39.65874476898825
5	2	Electricity	39.582288311673985
5	3	Electricity	39.492173336015114
5	4	Electricity	39.749969372419955
5	5	Electricity	40.95091597647699
5	6	Electricity	46.060688426926475
5	7	Electricity	57.460758853648905
5	8	Electricity	69.59813129107326
5	9	Electricity	84.21545450610432
5	10	Electricity	94.5457275396295
5	11	Electricity	97.44936245150662
5	12	Electricity	96.3498567287968
5	13	Electricity	87.09579275818713
5	14	Electricity	85.39949995516885
5	15	Electricity	90.93486197308957
5	16	Electricity	90.59416213535364
5	17	Electricity	88.49029247323081
5	18	Electricity	82.99185543191216
5	19	Electricity	76.35712694266283
5	20	Electricity	66.37623950110202
5	21	Electricity	50.915567786340375
5	22	Electricity	43.397592008192376
5	23	Electricity	41.606495542270665
5	24	Electricity	40.47384013640928
5	1	LT	22.88544248380667
5	2	LT	22.88544248380667
5	3	LT	22.88544248380667
5	4	LT	22.88544248380667
5	5	LT	22.88544248380667
5	6	LT	22.88544248380667
5	7	LT	22.88544248380667
5	8	LT	63.04939404288736
5	9	LT	70.3498501952217
5	10	LT	77.65030634755603
5	11	LT	77.65030634755603
5	12	LT	92.91489648425507
5	13	LT	92.91489648425507
5	14	LT	61.72203837882658
5	15	LT	92.91489648425507
5	16	LT	92.91489648425507
5	17	LT	77.63886362631413
5	18	LT	61.73348110006848
5	19	LT	22.88544248380667
5	20	LT	22.88544248380667
5	21	LT	22.88544248380667
5	22	LT	22.88544248380667
5	23	LT	22.88544248380667
5	24	LT	22.88544248380667
5	1	MT	83.14332305256264
5	2	MT	83.14332305256264
5	3	MT	83.14332305256264
5	4	MT	83.14332305256264
5	5	MT	83.14332305256264
5	6	MT	83.14332305256264
5	7	MT	83.14332305256264
5	8	MT	306.83434575261435
5	9	MT	342.36253315554865
5	10	MT	377.89072055848294
5	11	MT	377.89072055848294
5	12	MT	452.1769305828
5	13	MT	452.1769305828
5	14	MT	300.3746753157172
5	15	MT	452.1769305828
5	16	MT	452.1769305828
5	17	MT	291.2539682127978
5	18	MT	155.28818083078949
5	19	MT	83.14332305256264
5	20	MT	83.14332305256264
5	21	MT	83.14332305256264
5	22	MT	83.14332305256264
5	23	MT	83.14332305256264
5	24	MT	83.14332305256264
5	1	H2	0.0
5	2	H2	0.0
5	3	H2	0.0
5	4	H2	0.0
5	5	H2	0.0
5	6	H2	0.0
5	7	H2	0.0
5	8	H2	0.0
5	9	H2	0.0
5	10	H2	0.0
5	11	H2	0.0
5	12	H2	0.0
5	13	H2	0.0
5	14	H2	0.0
5	15	H2	0.0
5	16	H2	0.0
5	17	H2	0.0
5	18	H2	0.0
5	19	H2	0.0
5	20	H2	0.0
5	21	H2	0.0
5	22	H2	0.0
5	23	H2	0.0
5	24	H2	0.0
5	1	CH4	0.0
5	2	CH4	0.0
5	3	CH4	0.0
5	4	CH4	0.0
5	5	CH4	0.0
5	6	CH4	0.0
5	7	CH4	0.0
5	8	CH4	0.0
5	9	CH4	0.0
5	10	CH4	0.0
5	11	CH4	0.0
5	12	CH4	0.0
5	13	CH4	0.0
5	14	CH4	0.0
5	15	CH4	0.0
5	16	CH4	0.0
5	17	CH4	0.0
5	18	CH4	0.0
5	19	CH4	0.0
5	20	CH4	0.0
5	21	CH4	0.0
5	22	CH4	0.0
5	23	CH4	0.0
5	24	CH4	0.0
5	1	Biogas	0.0
5	2	Biogas	0.0
5	3	Biogas	0.0
5	4	Biogas	0.0
5	5	Biogas	0.0
5	6	Biogas	0.0
5	7	Biogas	0.0
5	8	Biogas	0.0
5	9	Biogas	0.0
5	10	Biogas	0.0
5	11	Biogas	0.0
5	12	Biogas	0.0
5	13	Biogas	0.0
5	14	Biogas	0.0
5	15	Biogas	0.0
5	16	Biogas	0.0
5	17	Biogas	0.0
5	18	Biogas	0.0
5	19	Biogas	0.0
5	20	Biogas	0.0
5	21	Biogas	0.0
5	22	Biogas	0.0
5	23	Biogas	0.0
5	24	Biogas	0.0
5	1	CH4_H2_Mix	0.0
5	2	CH4_H2_Mix	0.0
5	3	CH4_H2_Mix	0.0
5	4	CH4_H2_Mix	0.0
5	5	CH4_H2_Mix	0.0
5	6	CH4_H2_Mix	0.0
5	7	CH4_H2_Mix	0.0
5	8	CH4_H2_Mix	0.0
5	9	CH4_H2_Mix	0.0
5	10	CH4_H2_Mix	0.0
5	11	CH4_H2_Mix	0.0
5	12	CH4_H2_Mix	0.0
5	13	CH4_H2_Mix	0.0
5	14	CH4_H2_Mix	0.0
5	15	CH4_H2_Mix	0.0
5	16	CH4_H2_Mix	0.0
5	17	CH4_H2_Mix	0.0
5	18	CH4_H2_Mix	0.0
5	19	CH4_H2_Mix	0.0
5	20	CH4_H2_Mix	0.0
5	21	CH4_H2_Mix	0.0
5	22	CH4_H2_Mix	0.0
5	23	CH4_H2_Mix	0.0
5	24	CH4_H2_Mix	0.0
5	1	DummyFuel	0.0
5	2	DummyFuel	0.0
5	3	DummyFuel	0.0
5	4	DummyFuel	0.0
5	5	DummyFuel	0.0
5	6	DummyFuel	0.0
5	7	DummyFuel	0.0
5	8	DummyFuel	0.0
5	9	DummyFuel	0.0
5	10	DummyFuel	0.0
5	11	DummyFuel	0.0
5	12	DummyFuel	0.0
5	13	DummyFuel	0.0
5	14	DummyFuel	0.0
5	15	DummyFuel	0.0
5	16	DummyFuel	0.0
5	17	DummyFuel	0.0
5	18	DummyFuel	0.0
5	19	DummyFuel	0.0
5	20	DummyFuel	0.0
5	21	DummyFuel	0.0
5	22	DummyFuel	0.0
5	23	DummyFuel	0.0
5	24	DummyFuel	0.0
6	1	Electricity	45.359482016059474
6	2	Electricity	44.98970676356757
6	3	Electricity	44.987040287110396
6	4	Electricity	44.892003753128996
6	5	Electricity	46.22773548343087
6	6	Electricity	51.414375760449545
6	7	Electricity	62.01504989276938
6	8	Electricity	77.11986465220677
6	9	Electricity	93.46864465909485
6	10	Electricity	103.56201567227293
6	11	Electricity	107.45218963733768
6	12	Electricity	106.45821829504722
6	13	Electricity	95.37903435774516
6	14	Electricity	94.37829789654286
6	15	Electricity	101.3238685332273
6	16	Electricity	99.37200880538829
6	17	Electricity	96.02834464697233
6	18	Electricity	92.31869651707348
6	19	Electricity	85.6692601834329
6	20	Electricity	70.97797249259165
6	21	Electricity	55.39436027880324
6	22	Electricity	48.40652560641921
6	23	Electricity	47.1762942544709
6	24	Electricity	46.02449768718317
6	1	LT	50.37355012717547
6	2	LT	50.37355012717547
6	3	LT	50.37355012717547
6	4	LT	50.37355012717547
6	5	LT	50.37355012717547
6	6	LT	50.37355012717547
6	7	LT	50.37355012717547
6	8	LT	136.49607131234646
6	9	LT	170.62008914043307
6	10	LT	187.68209805447637
6	11	LT	187.68209805447637
6	12	LT	221.806115882563
6	13	LT	221.806115882563
6	14	LT	153.5580802263898
6	15	LT	221.806115882563
6	16	LT	187.68209805447637
6	17	LT	162.49532299088867
6	18	LT	136.49607131234646
6	19	LT	50.37355012717547
6	20	LT	50.37355012717547
6	21	LT	50.37355012717547
6	22	LT	50.37355012717547
6	23	LT	50.37355012717547
6	24	LT	50.37355012717547
6	1	MT	187.79182985174316
6	2	MT	135.31103317149248
6	3	MT	135.31103317149248
6	4	MT	135.31103317149248
6	5	MT	135.31103317149248
6	6	MT	135.31103317149248
6	7	MT	135.31103317149248
6	8	MT	491.8218113953517
6	9	MT	614.7772642441896
6	10	MT	676.2549906686086
6	11	MT	676.2549906686086
6	12	MT	799.2104435174465
6	13	MT	799.2104435174465
6	14	MT	553.2995378197706
6	15	MT	799.2104435174465
6	16	MT	633.2611072344032
6	17	MT	377.8858179077604
6	18	MT	281.09122780234514
6	19	MT	139.34801753151174
6	20	MT	135.31103317149248
6	21	MT	135.31103317149248
6	22	MT	135.31103317149248
6	23	MT	135.31103317149248
6	24	MT	135.31103317149248
6	1	H2	0.0
6	2	H2	0.0
6	3	H2	0.0
6	4	H2	0.0
6	5	H2	0.0
6	6	H2	0.0
6	7	H2	0.0
6	8	H2	0.0
6	9	H2	0.0
6	10	H2	0.0
6	11	H2	0.0
6	12	H2	0.0
6	13	H2	0.0
6	14	H2	0.0
6	15	H2	0.0
6	16	H2	0.0
6	17	H2	0.0
6	18	H2	0.0
6	19	H2	0.0
6	20	H2	0.0
6	21	H2	0.0
6	22	H2	0.0
6	23	H2	0.0
6	24	H2	0.0
6	1	CH4	0.0
6	2	CH4	0.0
6	3	CH4	0.0
6	4	CH4	0.0
6	5	CH4	0.0
6	6	CH4	0.0
6	7	CH4	0.0
6	8	CH4	0.0
6	9	CH4	0.0
6	10	CH4	0.0
6	11	CH4	0.0
6	12	CH4	0.0
6	13	CH4	0.0
6	14	CH4	0.0
6	15	CH4	0.0
6	16	CH4	0.0
6	17	CH4	0.0
6	18	CH4	0.0
6	19	CH4	0.0
6	20	CH4	0.0
6	21	CH4	0.0
6	22	CH4	0.0
6	23	CH4	0.0
6	24	CH4	0.0
6	1	Biogas	0.0
6	2	Biogas	0.0
6	3	Biogas	0.0
6	4	Biogas	0.0
6	5	Biogas	0.0
6	6	Biogas	0.0
6	7	Biogas	0.0
6	8	Biogas	0.0
6	9	Biogas	0.0
6	10	Biogas	0.0
6	11	Biogas	0.0
6	12	Biogas	0.0
6	13	Biogas	0.0
6	14	Biogas	0.0
6	15	Biogas	0.0
6	16	Biogas	0.0
6	17	Biogas	0.0
6	18	Biogas	0.0
6	19	Biogas	0.0
6	20	Biogas	0.0
6	21	Biogas	0.0
6	22	Biogas	0.0
6	23	Biogas	0.0
6	24	Biogas	0.0
6	1	CH4_H2_Mix	0.0
6	2	CH4_H2_Mix	0.0
6	3	CH4_H2_Mix	0.0
6	4	CH4_H2_Mix	0.0
6	5	CH4_H2_Mix	0.0
6	6	CH4_H2_Mix	0.0
6	7	CH4_H2_Mix	0.0
6	8	CH4_H2_Mix	0.0
6	9	CH4_H2_Mix	0.0
6	10	CH4_H2_Mix	0.0
6	11	CH4_H2_Mix	0.0
6	12	CH4_H2_Mix	0.0
6	13	CH4_H2_Mix	0.0
6	14	CH4_H2_Mix	0.0
6	15	CH4_H2_Mix	0.0
6	16	CH4_H2_Mix	0.0
6	17	CH4_H2_Mix	0.0
6	18	CH4_H2_Mix	0.0
6	19	CH4_H2_Mix	0.0
6	20	CH4_H2_Mix	0.0
6	21	CH4_H2_Mix	0.0
6	22	CH4_H2_Mix	0.0
6	23	CH4_H2_Mix	0.0
6	24	CH4_H2_Mix	0.0
6	1	DummyFuel	0.0
6	2	DummyFuel	0.0
6	3	DummyFuel	0.0
6	4	DummyFuel	0.0
6	5	DummyFuel	0.0
6	6	DummyFuel	0.0
6	7	DummyFuel	0.0
6	8	DummyFuel	0.0
6	9	DummyFuel	0.0
6	10	DummyFuel	0.0
6	11	DummyFuel	0.0
6	12	DummyFuel	0.0
6	13	DummyFuel	0.0
6	14	DummyFuel	0.0
6	15	DummyFuel	0.0
6	16	DummyFuel	0.0
6	17	DummyFuel	0.0
6	18	DummyFuel	0.0
6	19	DummyFuel	0.0
6	20	DummyFuel	0.0
6	21	DummyFuel	0.0
6	22	DummyFuel	0.0
6	23	DummyFuel	0.0
6	24	DummyFuel	0.0
7	1	Electricity	28.676389897821316
7	2	Electricity	28.347853982410076
7	3	Electricity	28.553126987254224
7	4	Electricity	28.92151697227603
7	5	Electricity	30.95228834981299
7	6	Electricity	35.819609171513285
7	7	Electricity	46.66999270139516
7	8	Electricity	57.90095838922213
7	9	Electricity	72.39556678063626
7	10	Electricity	81.57953032390593
7	11	Electricity	87.00316968678143
7	12	Electricity	87.76286768258717
7	13	Electricity	79.60277345751581
7	14	Electricity	80.07485264080867
7	15	Electricity	86.24769303984208
7	16	Electricity	86.61827076135604
7	17	Electricity	83.71624788184378
7	18	Electricity	78.06050547721627
7	19	Electricity	70.43216940697194
7	20	Electricity	57.37704749058692
7	21	Electricity	43.792035582054986
7	22	Electricity	37.02043659098206
7	23	Electricity	34.77274936413394
7	24	Electricity	33.47889305277679
7	1	LT	6.322570014761513
7	2	LT	6.322570014761513
7	3	LT	6.322570014761513
7	4	LT	6.322570014761513
7	5	LT	6.322570014761513
7	6	LT	6.322570014761513
7	7	LT	6.322570014761513
7	8	LT	27.50317956421258
7	9	LT	30.941077009739153
7	10	LT	34.37897445526572
7	11	LT	34.37897445526572
7	12	LT	41.25476934631886
7	13	LT	41.25476934631886
7	14	LT	27.50317956421258
7	15	LT	41.25476934631886
7	16	LT	41.25476934631886
7	17	LT	34.37897445526572
7	18	LT	27.661243814581617
7	19	LT	9.879015648064863
7	20	LT	9.879015648064863
7	21	LT	9.879015648064863
7	22	LT	9.879015648064863
7	23	LT	9.879015648064863
7	24	LT	9.879015648064863
7	1	MT	51.43341951231933
7	2	MT	51.43341951231933
7	3	MT	51.43341951231933
7	4	MT	51.43341951231933
7	5	MT	51.43341951231933
7	6	MT	51.43341951231933
7	7	MT	51.43341951231933
7	8	MT	219.72281769891958
7	9	MT	247.18816991128455
7	10	MT	274.65352212364945
7	11	MT	274.65352212364945
7	12	MT	329.5842265483793
7	13	MT	329.5842265483793
7	14	MT	219.72281769891958
7	15	MT	329.5842265483793
7	16	MT	329.5842265483793
7	17	MT	203.43063218451599
7	18	MT	77.44827409188576
7	19	MT	57.515434048214345
7	20	MT	57.515434048214345
7	21	MT	57.515434048214345
7	22	MT	57.515434048214345
7	23	MT	57.515434048214345
7	24	MT	57.515434048214345
7	1	H2	0.0
7	2	H2	0.0
7	3	H2	0.0
7	4	H2	0.0
7	5	H2	0.0
7	6	H2	0.0
7	7	H2	0.0
7	8	H2	0.0
7	9	H2	0.0
7	10	H2	0.0
7	11	H2	0.0
7	12	H2	0.0
7	13	H2	0.0
7	14	H2	0.0
7	15	H2	0.0
7	16	H2	0.0
7	17	H2	0.0
7	18	H2	0.0
7	19	H2	0.0
7	20	H2	0.0
7	21	H2	0.0
7	22	H2	0.0
7	23	H2	0.0
7	24	H2	0.0
7	1	CH4	0.0
7	2	CH4	0.0
7	3	CH4	0.0
7	4	CH4	0.0
7	5	CH4	0.0
7	6	CH4	0.0
7	7	CH4	0.0
7	8	CH4	0.0
7	9	CH4	0.0
7	10	CH4	0.0
7	11	CH4	0.0
7	12	CH4	0.0
7	13	CH4	0.0
7	14	CH4	0.0
7	15	CH4	0.0
7	16	CH4	0.0
7	17	CH4	0.0
7	18	CH4	0.0
7	19	CH4	0.0
7	20	CH4	0.0
7	21	CH4	0.0
7	22	CH4	0.0
7	23	CH4	0.0
7	24	CH4	0.0
7	1	Biogas	0.0
7	2	Biogas	0.0
7	3	Biogas	0.0
7	4	Biogas	0.0
7	5	Biogas	0.0
7	6	Biogas	0.0
7	7	Biogas	0.0
7	8	Biogas	0.0
7	9	Biogas	0.0
7	10	Biogas	0.0
7	11	Biogas	0.0
7	12	Biogas	0.0
7	13	Biogas	0.0
7	14	Biogas	0.0
7	15	Biogas	0.0
7	16	Biogas	0.0
7	17	Biogas	0.0
7	18	Biogas	0.0
7	19	Biogas	0.0
7	20	Biogas	0.0
7	21	Biogas	0.0
7	22	Biogas	0.0
7	23	Biogas	0.0
7	24	Biogas	0.0
7	1	CH4_H2_Mix	0.0
7	2	CH4_H2_Mix	0.0
7	3	CH4_H2_Mix	0.0
7	4	CH4_H2_Mix	0.0
7	5	CH4_H2_Mix	0.0
7	6	CH4_H2_Mix	0.0
7	7	CH4_H2_Mix	0.0
7	8	CH4_H2_Mix	0.0
7	9	CH4_H2_Mix	0.0
7	10	CH4_H2_Mix	0.0
7	11	CH4_H2_Mix	0.0
7	12	CH4_H2_Mix	0.0
7	13	CH4_H2_Mix	0.0
7	14	CH4_H2_Mix	0.0
7	15	CH4_H2_Mix	0.0
7	16	CH4_H2_Mix	0.0
7	17	CH4_H2_Mix	0.0
7	18	CH4_H2_Mix	0.0
7	19	CH4_H2_Mix	0.0
7	20	CH4_H2_Mix	0.0
7	21	CH4_H2_Mix	0.0
7	22	CH4_H2_Mix	0.0
7	23	CH4_H2_Mix	0.0
7	24	CH4_H2_Mix	0.0
7	1	DummyFuel	0.0
7	2	DummyFuel	0.0
7	3	DummyFuel	0.0
7	4	DummyFuel	0.0
7	5	DummyFuel	0.0
7	6	DummyFuel	0.0
7	7	DummyFuel	0.0
7	8	DummyFuel	0.0
7	9	DummyFuel	0.0
7	10	DummyFuel	0.0
7	11	DummyFuel	0.0
7	12	DummyFuel	0.0
7	13	DummyFuel	0.0
7	14	DummyFuel	0.0
7	15	DummyFuel	0.0
7	16	DummyFuel	0.0
7	17	DummyFuel	0.0
7	18	DummyFuel	0.0
7	19	DummyFuel	0.0
7	20	DummyFuel	0.0
7	21	DummyFuel	0.0
7	22	DummyFuel	0.0
7	23	DummyFuel	0.0
7	24	DummyFuel	0.0
8	1	Electricity	35.82742574476797
8	2	Electricity	34.141349245002054
8	3	Electricity	33.66357755341811
8	4	Electricity	33.58691604489787
8	5	Electricity	34.8517405208978
8	6	Electricity	38.78457187640982
8	7	Electricity	47.567742682131616
8	8	Electricity	59.20749346789412
8	9	Electricity	75.02304195622368
8	10	Electricity	87.14340317533677
8	11	Electricity	93.32713011357359
8	12	Electricity	94.44648501091866
8	13	Electricity	87.17530354860766
8	14	Electricity	89.17294596854435
8	15	Electricity	97.48902836959667
8	16	Electricity	96.93815466890848
8	17	Electricity	95.44252242210075
8	18	Electricity	90.27755886741124
8	19	Electricity	80.57421032342704
8	20	Electricity	66.79188756890176
8	21	Electricity	49.683014108500906
8	22	Electricity	42.22570853051433
8	23	Electricity	39.85020675292895
8	24	Electricity	37.71332407467608
8	1	LT	0.3630436316714686
8	2	LT	0.3630436316714686
8	3	LT	0.3630436316714686
8	4	LT	0.3630436316714686
8	5	LT	0.3630436316714686
8	6	LT	0.3630436316714686
8	7	LT	0.3630436316714686
8	8	LT	1.0001852052548956
8	9	LT	1.1159961237580944
8	10	LT	1.2318070422612926
8	11	LT	1.2318070422612926
8	12	LT	1.4739571445861621
8	13	LT	1.4739571445861621
8	14	LT	0.9791286746179505
8	15	LT	1.4739571445861621
8	16	LT	1.4739571445861621
8	17	LT	1.231625520445457
8	18	LT	0.9793101964337864
8	19	LT	0.3630436316714686
8	20	LT	0.3630436316714686
8	21	LT	0.3630436316714686
8	22	LT	0.3630436316714686
8	23	LT	0.3630436316714686
8	24	LT	0.3630436316714686
8	1	MT	30.31601504246684
8	2	MT	30.31601504246684
8	3	MT	30.31601504246684
8	4	MT	30.31601504246684
8	5	MT	30.31601504246684
8	6	MT	30.31601504246684
8	7	MT	30.31601504246684
8	8	MT	123.40397723974095
8	9	MT	137.69285881486886
8	10	MT	151.98174038999676
8	11	MT	151.98174038999676
8	12	MT	181.85849277435508
8	13	MT	181.85849277435508
8	14	MT	120.80599877153588
8	15	MT	181.85849277435508
8	16	MT	181.85849277435508
8	17	MT	107.55990908110334
8	18	MT	46.398370553443804
8	19	MT	30.31601504246684
8	20	MT	30.31601504246684
8	21	MT	30.31601504246684
8	22	MT	30.31601504246684
8	23	MT	30.31601504246684
8	24	MT	30.31601504246684
8	1	H2	0.0
8	2	H2	0.0
8	3	H2	0.0
8	4	H2	0.0
8	5	H2	0.0
8	6	H2	0.0
8	7	H2	0.0
8	8	H2	0.0
8	9	H2	0.0
8	10	H2	0.0
8	11	H2	0.0
8	12	H2	0.0
8	13	H2	0.0
8	14	H2	0.0
8	15	H2	0.0
8	16	H2	0.0
8	17	H2	0.0
8	18	H2	0.0
8	19	H2	0.0
8	20	H2	0.0
8	21	H2	0.0
8	22	H2	0.0
8	23	H2	0.0
8	24	H2	0.0
8	1	CH4	0.0
8	2	CH4	0.0
8	3	CH4	0.0
8	4	CH4	0.0
8	5	CH4	0.0
8	6	CH4	0.0
8	7	CH4	0.0
8	8	CH4	0.0
8	9	CH4	0.0
8	10	CH4	0.0
8	11	CH4	0.0
8	12	CH4	0.0
8	13	CH4	0.0
8	14	CH4	0.0
8	15	CH4	0.0
8	16	CH4	0.0
8	17	CH4	0.0
8	18	CH4	0.0
8	19	CH4	0.0
8	20	CH4	0.0
8	21	CH4	0.0
8	22	CH4	0.0
8	23	CH4	0.0
8	24	CH4	0.0
8	1	Biogas	0.0
8	2	Biogas	0.0
8	3	Biogas	0.0
8	4	Biogas	0.0
8	5	Biogas	0.0
8	6	Biogas	0.0
8	7	Biogas	0.0
8	8	Biogas	0.0
8	9	Biogas	0.0
8	10	Biogas	0.0
8	11	Biogas	0.0
8	12	Biogas	0.0
8	13	Biogas	0.0
8	14	Biogas	0.0
8	15	Biogas	0.0
8	16	Biogas	0.0
8	17	Biogas	0.0
8	18	Biogas	0.0
8	19	Biogas	0.0
8	20	Biogas	0.0
8	21	Biogas	0.0
8	22	Biogas	0.0
8	23	Biogas	0.0
8	24	Biogas	0.0
8	1	CH4_H2_Mix	0.0
8	2	CH4_H2_Mix	0.0
8	3	CH4_H2_Mix	0.0
8	4	CH4_H2_Mix	0.0
8	5	CH4_H2_Mix	0.0
8	6	CH4_H2_Mix	0.0
8	7	CH4_H2_Mix	0.0
8	8	CH4_H2_Mix	0.0
8	9	CH4_H2_Mix	0.0
8	10	CH4_H2_Mix	0.0
8	11	CH4_H2_Mix	0.0
8	12	CH4_H2_Mix	0.0
8	13	CH4_H2_Mix	0.0
8	14	CH4_H2_Mix	0.0
8	15	CH4_H2_Mix	0.0
8	16	CH4_H2_Mix	0.0
8	17	CH4_H2_Mix	0.0
8	18	CH4_H2_Mix	0.0
8	19	CH4_H2_Mix	0.0
8	20	CH4_H2_Mix	0.0
8	21	CH4_H2_Mix	0.0
8	22	CH4_H2_Mix	0.0
8	23	CH4_H2_Mix	0.0
8	24	CH4_H2_Mix	0.0
8	1	DummyFuel	0.0
8	2	DummyFuel	0.0
8	3	DummyFuel	0.0
8	4	DummyFuel	0.0
8	5	DummyFuel	0.0
8	6	DummyFuel	0.0
8	7	DummyFuel	0.0
8	8	DummyFuel	0.0
8	9	DummyFuel	0.0
8	10	DummyFuel	0.0
8	11	DummyFuel	0.0
8	12	DummyFuel	0.0
8	13	DummyFuel	0.0
8	14	DummyFuel	0.0
8	15	DummyFuel	0.0
8	16	DummyFuel	0.0
8	17	DummyFuel	0.0
8	18	DummyFuel	0.0
8	19	DummyFuel	0.0
8	20	DummyFuel	0.0
8	21	DummyFuel	0.0
8	22	DummyFuel	0.0
8	23	DummyFuel	0.0
8	24	DummyFuel	0.0
9	1	Electricity	35.61280207048487
9	2	Electricity	34.414487510092584
9	3	Electricity	33.75852571243269
9	4	Electricity	33.60146173338668
9	5	Electricity	34.53519671856526
9	6	Electricity	39.085575037107944
9	7	Electricity	48.119808254039405
9	8	Electricity	59.26422292491084
9	9	Electricity	74.15402187148676
9	10	Electricity	86.88387389503002
9	11	Electricity	91.82889199607722
9	12	Electricity	92.46360407350531
9	13	Electricity	85.15070770125611
9	14	Electricity	85.75928115934207
9	15	Electricity	93.37993577780479
9	16	Electricity	94.0258620000329
9	17	Electricity	91.42398191747219
9	18	Electricity	86.36077742441469
9	19	Electricity	78.85773901727042
9	20	Electricity	64.26124733760093
9	21	Electricity	48.40066567215888
9	22	Electricity	40.14655626725955
9	23	Electricity	38.13087504199062
9	24	Electricity	36.23937382026436
9	1	LT	1.4504451251608979
9	2	LT	1.4504451251608979
9	3	LT	1.4504451251608979
9	4	LT	1.4504451251608979
9	5	LT	1.4504451251608979
9	6	LT	1.4504451251608979
9	7	LT	1.4504451251608979
9	8	LT	3.930238403661787
9	9	LT	4.912798004577234
9	10	LT	5.404077805034958
9	11	LT	5.404077805034958
9	12	LT	6.386637405950403
9	13	LT	6.386637405950403
9	14	LT	4.4215182041195105
9	15	LT	6.386637405950403
9	16	LT	5.404077805034958
9	17	LT	4.678855242454509
9	18	LT	3.930238403661787
9	19	LT	1.4504451251608979
9	20	LT	1.4504451251608979
9	21	LT	1.4504451251608979
9	22	LT	1.4504451251608979
9	23	LT	1.4504451251608979
9	24	LT	1.4504451251608979
9	1	MT	51.11469013264778
9	2	MT	31.59760317673651
9	3	MT	31.59760317673651
9	4	MT	31.59760317673651
9	5	MT	31.59760317673651
9	6	MT	31.59760317673651
9	7	MT	31.59760317673651
9	8	MT	132.16974355091358
9	9	MT	165.21217943864198
9	10	MT	181.73339738250618
9	11	MT	181.73339738250618
9	12	MT	214.77583327023456
9	13	MT	214.77583327023456
9	14	MT	148.69096149477778
9	15	MT	214.77583327023456
9	16	MT	165.7443992224712
9	17	MT	80.13447890718956
9	18	MT	53.801132851023745
9	19	MT	33.09891755796045
9	20	MT	31.59760317673651
9	21	MT	31.59760317673651
9	22	MT	31.59760317673651
9	23	MT	31.59760317673651
9	24	MT	31.59760317673651
9	1	H2	0.0
9	2	H2	0.0
9	3	H2	0.0
9	4	H2	0.0
9	5	H2	0.0
9	6	H2	0.0
9	7	H2	0.0
9	8	H2	0.0
9	9	H2	0.0
9	10	H2	0.0
9	11	H2	0.0
9	12	H2	0.0
9	13	H2	0.0
9	14	H2	0.0
9	15	H2	0.0
9	16	H2	0.0
9	17	H2	0.0
9	18	H2	0.0
9	19	H2	0.0
9	20	H2	0.0
9	21	H2	0.0
9	22	H2	0.0
9	23	H2	0.0
9	24	H2	0.0
9	1	CH4	0.0
9	2	CH4	0.0
9	3	CH4	0.0
9	4	CH4	0.0
9	5	CH4	0.0
9	6	CH4	0.0
9	7	CH4	0.0
9	8	CH4	0.0
9	9	CH4	0.0
9	10	CH4	0.0
9	11	CH4	0.0
9	12	CH4	0.0
9	13	CH4	0.0
9	14	CH4	0.0
9	15	CH4	0.0
9	16	CH4	0.0
9	17	CH4	0.0
9	18	CH4	0.0
9	19	CH4	0.0
9	20	CH4	0.0
9	21	CH4	0.0
9	22	CH4	0.0
9	23	CH4	0.0
9	24	CH4	0.0
9	1	Biogas	0.0
9	2	Biogas	0.0
9	3	Biogas	0.0
9	4	Biogas	0.0
9	5	Biogas	0.0
9	6	Biogas	0.0
9	7	Biogas	0.0
9	8	Biogas	0.0
9	9	Biogas	0.0
9	10	Biogas	0.0
9	11	Biogas	0.0
9	12	Biogas	0.0
9	13	Biogas	0.0
9	14	Biogas	0.0
9	15	Biogas	0.0
9	16	Biogas	0.0
9	17	Biogas	0.0
9	18	Biogas	0.0
9	19	Biogas	0.0
9	20	Biogas	0.0
9	21	Biogas	0.0
9	22	Biogas	0.0
9	23	Biogas	0.0
9	24	Biogas	0.0
9	1	CH4_H2_Mix	0.0
9	2	CH4_H2_Mix	0.0
9	3	CH4_H2_Mix	0.0
9	4	CH4_H2_Mix	0.0
9	5	CH4_H2_Mix	0.0
9	6	CH4_H2_Mix	0.0
9	7	CH4_H2_Mix	0.0
9	8	CH4_H2_Mix	0.0
9	9	CH4_H2_Mix	0.0
9	10	CH4_H2_Mix	0.0
9	11	CH4_H2_Mix	0.0
9	12	CH4_H2_Mix	0.0
9	13	CH4_H2_Mix	0.0
9	14	CH4_H2_Mix	0.0
9	15	CH4_H2_Mix	0.0
9	16	CH4_H2_Mix	0.0
9	17	CH4_H2_Mix	0.0
9	18	CH4_H2_Mix	0.0
9	19	CH4_H2_Mix	0.0
9	20	CH4_H2_Mix	0.0
9	21	CH4_H2_Mix	0.0
9	22	CH4_H2_Mix	0.0
9	23	CH4_H2_Mix	0.0
9	24	CH4_H2_Mix	0.0
9	1	DummyFuel	0.0
9	2	DummyFuel	0.0
9	3	DummyFuel	0.0
9	4	DummyFuel	0.0
9	5	DummyFuel	0.0
9	6	DummyFuel	0.0
9	7	DummyFuel	0.0
9	8	DummyFuel	0.0
9	9	DummyFuel	0.0
9	10	DummyFuel	0.0
9	11	DummyFuel	0.0
9	12	DummyFuel	0.0
9	13	DummyFuel	0.0
9	14	DummyFuel	0.0
9	15	DummyFuel	0.0
9	16	DummyFuel	0.0
9	17	DummyFuel	0.0
9	18	DummyFuel	0.0
9	19	DummyFuel	0.0
9	20	DummyFuel	0.0
9	21	DummyFuel	0.0
9	22	DummyFuel	0.0
9	23	DummyFuel	0.0
9	24	DummyFuel	0.0
10	1	Electricity	29.75337279910739
10	2	Electricity	29.739086712083594
10	3	Electricity	29.540091547664534
10	4	Electricity	30.11384645965767
10	5	Electricity	31.747029654994478
10	6	Electricity	36.873645745764854
10	7	Electricity	47.420498003082535
10	8	Electricity	58.96569851987598
10	9	Electricity	72.25785676730165
10	10	Electricity	83.27696847966932
10	11	Electricity	87.74883367198107
10	12	Electricity	88.27296687622373
10	13	Electricity	81.65260646407636
10	14	Electricity	81.79060303729477
10	15	Electricity	88.066256485989
10	16	Electricity	87.6883223339303
10	17	Electricity	85.23591685278232
10	18	Electricity	80.43826079111858
10	19	Electricity	71.84672517211074
10	20	Electricity	57.78328040663962
10	21	Electricity	42.48269860141045
10	22	Electricity	36.55103419624829
10	23	Electricity	34.90785591378158
10	24	Electricity	33.17395155593565
10	1	LT	1.7234227363468613
10	2	LT	1.7234227363468613
10	3	LT	1.7234227363468613
10	4	LT	1.7234227363468613
10	5	LT	1.7234227363468613
10	6	LT	1.7234227363468613
10	7	LT	1.7234227363468613
10	8	LT	4.964569366315312
10	9	LT	5.539414240309717
10	10	LT	6.114259114304122
10	11	LT	6.114259114304122
10	12	LT	7.316207487201514
10	13	LT	7.316207487201514
10	14	LT	4.860052116498148
10	15	LT	7.316207487201514
10	16	LT	7.316207487201514
10	17	LT	6.115370999940474
10	18	LT	4.858940230861795
10	19	LT	1.7234227363468613
10	20	LT	1.7234227363468613
10	21	LT	1.7234227363468613
10	22	LT	1.7234227363468613
10	23	LT	1.7234227363468613
10	24	LT	1.7234227363468613
10	1	MT	23.67513089772682
10	2	MT	35.09841592630753
10	3	MT	35.09841592630753
10	4	MT	35.09841592630753
10	5	MT	35.09841592630753
10	6	MT	35.09841592630753
10	7	MT	35.09841592630753
10	8	MT	145.4692971488602
10	9	MT	162.31311050293874
10	10	MT	179.1569238570173
10	11	MT	179.1569238570173
10	12	MT	214.37580632463605
10	13	MT	214.37580632463605
10	14	MT	142.40678562993682
10	15	MT	214.37580632463605
10	16	MT	214.37580632463605
10	17	MT	128.2829708043201
10	18	MT	57.187874773952004
10	19	MT	36.13689638345124
10	20	MT	36.13689638345124
10	21	MT	36.13689638345124
10	22	MT	36.13689638345124
10	23	MT	36.13689638345124
10	24	MT	36.13689638345124
10	1	H2	0.0
10	2	H2	0.0
10	3	H2	0.0
10	4	H2	0.0
10	5	H2	0.0
10	6	H2	0.0
10	7	H2	0.0
10	8	H2	0.0
10	9	H2	0.0
10	10	H2	0.0
10	11	H2	0.0
10	12	H2	0.0
10	13	H2	0.0
10	14	H2	0.0
10	15	H2	0.0
10	16	H2	0.0
10	17	H2	0.0
10	18	H2	0.0
10	19	H2	0.0
10	20	H2	0.0
10	21	H2	0.0
10	22	H2	0.0
10	23	H2	0.0
10	24	H2	0.0
10	1	CH4	0.0
10	2	CH4	0.0
10	3	CH4	0.0
10	4	CH4	0.0
10	5	CH4	0.0
10	6	CH4	0.0
10	7	CH4	0.0
10	8	CH4	0.0
10	9	CH4	0.0
10	10	CH4	0.0
10	11	CH4	0.0
10	12	CH4	0.0
10	13	CH4	0.0
10	14	CH4	0.0
10	15	CH4	0.0
10	16	CH4	0.0
10	17	CH4	0.0
10	18	CH4	0.0
10	19	CH4	0.0
10	20	CH4	0.0
10	21	CH4	0.0
10	22	CH4	0.0
10	23	CH4	0.0
10	24	CH4	0.0
10	1	Biogas	0.0
10	2	Biogas	0.0
10	3	Biogas	0.0
10	4	Biogas	0.0
10	5	Biogas	0.0
10	6	Biogas	0.0
10	7	Biogas	0.0
10	8	Biogas	0.0
10	9	Biogas	0.0
10	10	Biogas	0.0
10	11	Biogas	0.0
10	12	Biogas	0.0
10	13	Biogas	0.0
10	14	Biogas	0.0
10	15	Biogas	0.0
10	16	Biogas	0.0
10	17	Biogas	0.0
10	18	Biogas	0.0
10	19	Biogas	0.0
10	20	Biogas	0.0
10	21	Biogas	0.0
10	22	Biogas	0.0
10	23	Biogas	0.0
10	24	Biogas	0.0
10	1	CH4_H2_Mix	0.0
10	2	CH4_H2_Mix	0.0
10	3	CH4_H2_Mix	0.0
10	4	CH4_H2_Mix	0.0
10	5	CH4_H2_Mix	0.0
10	6	CH4_H2_Mix	0.0
10	7	CH4_H2_Mix	0.0
10	8	CH4_H2_Mix	0.0
10	9	CH4_H2_Mix	0.0
10	10	CH4_H2_Mix	0.0
10	11	CH4_H2_Mix	0.0
10	12	CH4_H2_Mix	0.0
10	13	CH4_H2_Mix	0.0
10	14	CH4_H2_Mix	0.0
10	15	CH4_H2_Mix	0.0
10	16	CH4_H2_Mix	0.0
10	17	CH4_H2_Mix	0.0
10	18	CH4_H2_Mix	0.0
10	19	CH4_H2_Mix	0.0
10	20	CH4_H2_Mix	0.0
10	21	CH4_H2_Mix	0.0
10	22	CH4_H2_Mix	0.0
10	23	CH4_H2_Mix	0.0
10	24	CH4_H2_Mix	0.0
10	1	DummyFuel	0.0
10	2	DummyFuel	0.0
10	3	DummyFuel	0.0
10	4	DummyFuel	0.0
10	5	DummyFuel	0.0
10	6	DummyFuel	0.0
10	7	DummyFuel	0.0
10	8	DummyFuel	0.0
10	9	DummyFuel	0.0
10	10	DummyFuel	0.0
10	11	DummyFuel	0.0
10	12	DummyFuel	0.0
10	13	DummyFuel	0.0
10	14	DummyFuel	0.0
10	15	DummyFuel	0.0
10	16	DummyFuel	0.0
10	17	DummyFuel	0.0
10	18	DummyFuel	0.0
10	19	DummyFuel	0.0
10	20	DummyFuel	0.0
10	21	DummyFuel	0.0
10	22	DummyFuel	0.0
10	23	DummyFuel	0.0
10	24	DummyFuel	0.0
11	1	Electricity	34.202431954577094
11	2	Electricity	34.35832602946092
11	3	Electricity	34.102260753945764
11	4	Electricity	34.40176518871583
11	5	Electricity	36.44229746478799
11	6	Electricity	42.897353362960445
11	7	Electricity	53.951042845242746
11	8	Electricity	66.95023888845492
11	9	Electricity	82.0708824456327
11	10	Electricity	92.2458137224798
11	11	Electricity	95.16746577667408
11	12	Electricity	93.972453242529
11	13	Electricity	83.80491607213709
11	14	Electricity	84.36238189165873
11	15	Electricity	91.54279336981257
11	16	Electricity	90.68054590369796
11	17	Electricity	90.21253832843041
11	18	Electricity	87.33951829890782
11	19	Electricity	79.78877359993662
11	20	Electricity	65.58329316041282
11	21	Electricity	49.13062876008618
11	22	Electricity	42.061934920279334
11	23	Electricity	39.32098230941398
11	24	Electricity	37.248857882969794
11	1	LT	23.65660489018346
11	2	LT	23.65660489018346
11	3	LT	23.65660489018346
11	4	LT	23.65660489018346
11	5	LT	23.65660489018346
11	6	LT	23.65660489018346
11	7	LT	23.65660489018346
11	8	LT	65.17394647245541
11	9	LT	72.72040343242395
11	10	LT	80.26686039239247
11	11	LT	80.26686039239247
11	12	LT	96.04581585414482
11	13	LT	96.04581585414482
11	14	LT	63.80186338882478
11	15	LT	96.04581585414482
11	16	LT	96.04581585414482
11	17	LT	80.25503208994738
11	18	LT	63.813691691269874
11	19	LT	23.65660489018346
11	20	LT	23.65660489018346
11	21	LT	23.65660489018346
11	22	LT	23.65660489018346
11	23	LT	23.65660489018346
11	24	LT	23.65660489018346
11	1	MT	84.73667528304628
11	2	MT	84.73667528304628
11	3	MT	84.73667528304628
11	4	MT	84.73667528304628
11	5	MT	84.73667528304628
11	6	MT	84.73667528304628
11	7	MT	84.73667528304628
11	8	MT	312.23425502263626
11	9	MT	348.3876950778889
11	10	MT	384.54113513314155
11	11	MT	384.54113513314155
11	12	MT	460.1346916123061
11	13	MT	460.1346916123061
11	14	MT	305.6609022853176
11	15	MT	460.1346916123061
11	16	MT	460.1346916123061
11	17	MT	296.7787890454268
11	18	MT	158.69011547162455
11	19	MT	84.73667528304628
11	20	MT	84.73667528304628
11	21	MT	84.73667528304628
11	22	MT	84.73667528304628
11	23	MT	84.73667528304628
11	24	MT	84.73667528304628
11	1	H2	0.0
11	2	H2	0.0
11	3	H2	0.0
11	4	H2	0.0
11	5	H2	0.0
11	6	H2	0.0
11	7	H2	0.0
11	8	H2	0.0
11	9	H2	0.0
11	10	H2	0.0
11	11	H2	0.0
11	12	H2	0.0
11	13	H2	0.0
11	14	H2	0.0
11	15	H2	0.0
11	16	H2	0.0
11	17	H2	0.0
11	18	H2	0.0
11	19	H2	0.0
11	20	H2	0.0
11	21	H2	0.0
11	22	H2	0.0
11	23	H2	0.0
11	24	H2	0.0
11	1	CH4	0.0
11	2	CH4	0.0
11	3	CH4	0.0
11	4	CH4	0.0
11	5	CH4	0.0
11	6	CH4	0.0
11	7	CH4	0.0
11	8	CH4	0.0
11	9	CH4	0.0
11	10	CH4	0.0
11	11	CH4	0.0
11	12	CH4	0.0
11	13	CH4	0.0
11	14	CH4	0.0
11	15	CH4	0.0
11	16	CH4	0.0
11	17	CH4	0.0
11	18	CH4	0.0
11	19	CH4	0.0
11	20	CH4	0.0
11	21	CH4	0.0
11	22	CH4	0.0
11	23	CH4	0.0
11	24	CH4	0.0
11	1	Biogas	0.0
11	2	Biogas	0.0
11	3	Biogas	0.0
11	4	Biogas	0.0
11	5	Biogas	0.0
11	6	Biogas	0.0
11	7	Biogas	0.0
11	8	Biogas	0.0
11	9	Biogas	0.0
11	10	Biogas	0.0
11	11	Biogas	0.0
11	12	Biogas	0.0
11	13	Biogas	0.0
11	14	Biogas	0.0
11	15	Biogas	0.0
11	16	Biogas	0.0
11	17	Biogas	0.0
11	18	Biogas	0.0
11	19	Biogas	0.0
11	20	Biogas	0.0
11	21	Biogas	0.0
11	22	Biogas	0.0
11	23	Biogas	0.0
11	24	Biogas	0.0
11	1	CH4_H2_Mix	0.0
11	2	CH4_H2_Mix	0.0
11	3	CH4_H2_Mix	0.0
11	4	CH4_H2_Mix	0.0
11	5	CH4_H2_Mix	0.0
11	6	CH4_H2_Mix	0.0
11	7	CH4_H2_Mix	0.0
11	8	CH4_H2_Mix	0.0
11	9	CH4_H2_Mix	0.0
11	10	CH4_H2_Mix	0.0
11	11	CH4_H2_Mix	0.0
11	12	CH4_H2_Mix	0.0
11	13	CH4_H2_Mix	0.0
11	14	CH4_H2_Mix	0.0
11	15	CH4_H2_Mix	0.0
11	16	CH4_H2_Mix	0.0
11	17	CH4_H2_Mix	0.0
11	18	CH4_H2_Mix	0.0
11	19	CH4_H2_Mix	0.0
11	20	CH4_H2_Mix	0.0
11	21	CH4_H2_Mix	0.0
11	22	CH4_H2_Mix	0.0
11	23	CH4_H2_Mix	0.0
11	24	CH4_H2_Mix	0.0
11	1	DummyFuel	0.0
11	2	DummyFuel	0.0
11	3	DummyFuel	0.0
11	4	DummyFuel	0.0
11	5	DummyFuel	0.0
11	6	DummyFuel	0.0
11	7	DummyFuel	0.0
11	8	DummyFuel	0.0
11	9	DummyFuel	0.0
11	10	DummyFuel	0.0
11	11	DummyFuel	0.0
11	12	DummyFuel	0.0
11	13	DummyFuel	0.0
11	14	DummyFuel	0.0
11	15	DummyFuel	0.0
11	16	DummyFuel	0.0
11	17	DummyFuel	0.0
11	18	DummyFuel	0.0
11	19	DummyFuel	0.0
11	20	DummyFuel	0.0
11	21	DummyFuel	0.0
11	22	DummyFuel	0.0
11	23	DummyFuel	0.0
11	24	DummyFuel	0.0
12	1	Electricity	38.76934982044992
12	2	Electricity	38.88575774226364
12	3	Electricity	38.42827634004324
12	4	Electricity	38.868425024538965
12	5	Electricity	39.68012408725766
12	6	Electricity	43.621297223790165
12	7	Electricity	52.28694389234187
12	8	Electricity	61.697266231204864
12	9	Electricity	75.25931250601518
12	10	Electricity	84.52304350209467
12	11	Electricity	88.42586299251427
12	12	Electricity	86.9005809190031
12	13	Electricity	78.39671022665297
12	14	Electricity	75.58698000055843
12	15	Electricity	80.46637984076635
12	16	Electricity	78.76042013896253
12	17	Electricity	74.96539424073583
12	18	Electricity	72.77924748450789
12	19	Electricity	63.145615995838746
12	20	Electricity	51.32828754657424
12	21	Electricity	42.75862632807539
12	22	Electricity	39.028402261056144
12	23	Electricity	37.849599591022105
12	24	Electricity	38.10710949826975
12	1	LT	47.94822069105226
12	2	LT	47.94822069105226
12	3	LT	47.94822069105226
12	4	LT	47.94822069105226
12	5	LT	47.94822069105226
12	6	LT	47.94822069105226
12	7	LT	47.94822069105226
12	8	LT	132.097348003849
12	9	LT	147.39283040429464
12	10	LT	162.68831280474032
12	11	LT	162.68831280474032
12	12	LT	194.66977600567213
12	13	LT	194.66977600567213
12	14	LT	129.3163512037679
12	15	LT	194.66977600567213
12	16	LT	194.66977600567213
12	17	LT	162.66433869439481
12	18	LT	129.34032531411347
12	19	LT	47.94822069105226
12	20	LT	47.94822069105226
12	21	LT	47.94822069105226
12	22	LT	47.94822069105226
12	23	LT	47.94822069105226
12	24	LT	47.94822069105226
12	1	MT	134.92727054328174
12	2	MT	134.92727054328174
12	3	MT	134.92727054328174
12	4	MT	134.92727054328174
12	5	MT	134.92727054328174
12	6	MT	134.92727054328174
12	7	MT	134.92727054328174
12	8	MT	482.3313970283265
12	9	MT	538.1802956316064
12	10	MT	594.0291942348864
12	11	MT	594.0291942348864
12	12	MT	710.8041640417443
12	13	MT	710.8041640417443
12	14	MT	472.17705182773017
12	15	MT	710.8041640417443
12	16	MT	710.8041640417443
12	17	MT	470.81064527323934
12	18	MT	265.8510566579287
12	19	MT	134.92727054328174
12	20	MT	134.92727054328174
12	21	MT	134.92727054328174
12	22	MT	134.92727054328174
12	23	MT	134.92727054328174
12	24	MT	134.92727054328174
12	1	H2	0.0
12	2	H2	0.0
12	3	H2	0.0
12	4	H2	0.0
12	5	H2	0.0
12	6	H2	0.0
12	7	H2	0.0
12	8	H2	0.0
12	9	H2	0.0
12	10	H2	0.0
12	11	H2	0.0
12	12	H2	0.0
12	13	H2	0.0
12	14	H2	0.0
12	15	H2	0.0
12	16	H2	0.0
12	17	H2	0.0
12	18	H2	0.0
12	19	H2	0.0
12	20	H2	0.0
12	21	H2	0.0
12	22	H2	0.0
12	23	H2	0.0
12	24	H2	0.0
12	1	CH4	0.0
12	2	CH4	0.0
12	3	CH4	0.0
12	4	CH4	0.0
12	5	CH4	0.0
12	6	CH4	0.0
12	7	CH4	0.0
12	8	CH4	0.0
12	9	CH4	0.0
12	10	CH4	0.0
12	11	CH4	0.0
12	12	CH4	0.0
12	13	CH4	0.0
12	14	CH4	0.0
12	15	CH4	0.0
12	16	CH4	0.0
12	17	CH4	0.0
12	18	CH4	0.0
12	19	CH4	0.0
12	20	CH4	0.0
12	21	CH4	0.0
12	22	CH4	0.0
12	23	CH4	0.0
12	24	CH4	0.0
12	1	Biogas	0.0
12	2	Biogas	0.0
12	3	Biogas	0.0
12	4	Biogas	0.0
12	5	Biogas	0.0
12	6	Biogas	0.0
12	7	Biogas	0.0
12	8	Biogas	0.0
12	9	Biogas	0.0
12	10	Biogas	0.0
12	11	Biogas	0.0
12	12	Biogas	0.0
12	13	Biogas	0.0
12	14	Biogas	0.0
12	15	Biogas	0.0
12	16	Biogas	0.0
12	17	Biogas	0.0
12	18	Biogas	0.0
12	19	Biogas	0.0
12	20	Biogas	0.0
12	21	Biogas	0.0
12	22	Biogas	0.0
12	23	Biogas	0.0
12	24	Biogas	0.0
12	1	CH4_H2_Mix	0.0
12	2	CH4_H2_Mix	0.0
12	3	CH4_H2_Mix	0.0
12	4	CH4_H2_Mix	0.0
12	5	CH4_H2_Mix	0.0
12	6	CH4_H2_Mix	0.0
12	7	CH4_H2_Mix	0.0
12	8	CH4_H2_Mix	0.0
12	9	CH4_H2_Mix	0.0
12	10	CH4_H2_Mix	0.0
12	11	CH4_H2_Mix	0.0
12	12	CH4_H2_Mix	0.0
12	13	CH4_H2_Mix	0.0
12	14	CH4_H2_Mix	0.0
12	15	CH4_H2_Mix	0.0
12	16	CH4_H2_Mix	0.0
12	17	CH4_H2_Mix	0.0
12	18	CH4_H2_Mix	0.0
12	19	CH4_H2_Mix	0.0
12	20	CH4_H2_Mix	0.0
12	21	CH4_H2_Mix	0.0
12	22	CH4_H2_Mix	0.0
12	23	CH4_H2_Mix	0.0
12	24	CH4_H2_Mix	0.0
12	1	DummyFuel	0.0
12	2	DummyFuel	0.0
12	3	DummyFuel	0.0
12	4	DummyFuel	0.0
12	5	DummyFuel	0.0
12	6	DummyFuel	0.0
12	7	DummyFuel	0.0
12	8	DummyFuel	0.0
12	9	DummyFuel	0.0
12	10	DummyFuel	0.0
12	11	DummyFuel	0.0
12	12	DummyFuel	0.0
12	13	DummyFuel	0.0
12	14	DummyFuel	0.0
12	15	DummyFuel	0.0
12	16	DummyFuel	0.0
12	17	DummyFuel	0.0
12	18	DummyFuel	0.0
12	19	DummyFuel	0.0
12	20	DummyFuel	0.0
12	21	DummyFuel	0.0
12	22	DummyFuel	0.0
12	23	DummyFuel	0.0
12	24	DummyFuel	0.0
13	1	Electricity	45.139832902328834
13	2	Electricity	46.18397302584552
13	3	Electricity	46.596854333897156
13	4	Electricity	46.812239279468386
13	5	Electricity	48.47143364974276
13	6	Electricity	53.118391998426084
13	7	Electricity	65.18194247987635
13	8	Electricity	79.29317737684333
13	9	Electricity	94.23841299250398
13	10	Electricity	104.32863220167634
13	11	Electricity	108.17202426490536
13	12	Electricity	106.69538141173408
13	13	Electricity	95.71335528632243
13	14	Electricity	92.92121517511077
13	15	Electricity	99.03340359118495
13	16	Electricity	96.98938506455833
13	17	Electricity	93.21448752782447
13	18	Electricity	87.29673024627479
13	19	Electricity	83.2298509657893
13	20	Electricity	68.89283133046041
13	21	Electricity	54.32908467895539
13	22	Electricity	47.41819224749764
13	23	Electricity	45.09913590073117
13	24	Electricity	43.84272959638387
13	1	LT	21.903006194398493
13	2	LT	21.903006194398493
13	3	LT	21.903006194398493
13	4	LT	21.903006194398493
13	5	LT	21.903006194398493
13	6	LT	21.903006194398493
13	7	LT	21.903006194398493
13	8	LT	59.35008130095075
13	9	LT	74.18760162618842
13	10	LT	81.60636178880728
13	11	LT	81.60636178880728
13	12	LT	96.44388211404497
13	13	LT	96.44388211404497
13	14	LT	66.7688414635696
13	15	LT	96.44388211404497
13	16	LT	81.60636178880728
13	17	LT	70.65485869160804
13	18	LT	59.35008130095075
13	19	LT	21.903006194398493
13	20	LT	21.903006194398493
13	21	LT	21.903006194398493
13	22	LT	21.903006194398493
13	23	LT	21.903006194398493
13	24	LT	21.903006194398493
13	1	MT	112.6335866373269
13	2	MT	77.61027484800962
13	3	MT	77.61027484800962
13	4	MT	77.61027484800962
13	5	MT	77.61027484800962
13	6	MT	77.61027484800962
13	7	MT	77.61027484800962
13	8	MT	293.8333186747352
13	9	MT	367.291648343419
13	10	MT	404.02081317776094
13	11	MT	404.02081317776094
13	12	MT	477.4791428464447
13	13	MT	477.4791428464447
13	14	MT	330.5624835090771
13	15	MT	477.4791428464447
13	16	MT	375.3286385195894
13	17	MT	211.24780892610352
13	18	MT	153.2012513360919
13	19	MT	80.30437575488017
13	20	MT	77.61027484800962
13	21	MT	77.61027484800962
13	22	MT	77.61027484800962
13	23	MT	77.61027484800962
13	24	MT	77.61027484800962
13	1	H2	0.0
13	2	H2	0.0
13	3	H2	0.0
13	4	H2	0.0
13	5	H2	0.0
13	6	H2	0.0
13	7	H2	0.0
13	8	H2	0.0
13	9	H2	0.0
13	10	H2	0.0
13	11	H2	0.0
13	12	H2	0.0
13	13	H2	0.0
13	14	H2	0.0
13	15	H2	0.0
13	16	H2	0.0
13	17	H2	0.0
13	18	H2	0.0
13	19	H2	0.0
13	20	H2	0.0
13	21	H2	0.0
13	22	H2	0.0
13	23	H2	0.0
13	24	H2	0.0
13	1	CH4	0.0
13	2	CH4	0.0
13	3	CH4	0.0
13	4	CH4	0.0
13	5	CH4	0.0
13	6	CH4	0.0
13	7	CH4	0.0
13	8	CH4	0.0
13	9	CH4	0.0
13	10	CH4	0.0
13	11	CH4	0.0
13	12	CH4	0.0
13	13	CH4	0.0
13	14	CH4	0.0
13	15	CH4	0.0
13	16	CH4	0.0
13	17	CH4	0.0
13	18	CH4	0.0
13	19	CH4	0.0
13	20	CH4	0.0
13	21	CH4	0.0
13	22	CH4	0.0
13	23	CH4	0.0
13	24	CH4	0.0
13	1	Biogas	0.0
13	2	Biogas	0.0
13	3	Biogas	0.0
13	4	Biogas	0.0
13	5	Biogas	0.0
13	6	Biogas	0.0
13	7	Biogas	0.0
13	8	Biogas	0.0
13	9	Biogas	0.0
13	10	Biogas	0.0
13	11	Biogas	0.0
13	12	Biogas	0.0
13	13	Biogas	0.0
13	14	Biogas	0.0
13	15	Biogas	0.0
13	16	Biogas	0.0
13	17	Biogas	0.0
13	18	Biogas	0.0
13	19	Biogas	0.0
13	20	Biogas	0.0
13	21	Biogas	0.0
13	22	Biogas	0.0
13	23	Biogas	0.0
13	24	Biogas	0.0
13	1	CH4_H2_Mix	0.0
13	2	CH4_H2_Mix	0.0
13	3	CH4_H2_Mix	0.0
13	4	CH4_H2_Mix	0.0
13	5	CH4_H2_Mix	0.0
13	6	CH4_H2_Mix	0.0
13	7	CH4_H2_Mix	0.0
13	8	CH4_H2_Mix	0.0
13	9	CH4_H2_Mix	0.0
13	10	CH4_H2_Mix	0.0
13	11	CH4_H2_Mix	0.0
13	12	CH4_H2_Mix	0.0
13	13	CH4_H2_Mix	0.0
13	14	CH4_H2_Mix	0.0
13	15	CH4_H2_Mix	0.0
13	16	CH4_H2_Mix	0.0
13	17	CH4_H2_Mix	0.0
13	18	CH4_H2_Mix	0.0
13	19	CH4_H2_Mix	0.0
13	20	CH4_H2_Mix	0.0
13	21	CH4_H2_Mix	0.0
13	22	CH4_H2_Mix	0.0
13	23	CH4_H2_Mix	0.0
13	24	CH4_H2_Mix	0.0
13	1	DummyFuel	0.0
13	2	DummyFuel	0.0
13	3	DummyFuel	0.0
13	4	DummyFuel	0.0
13	5	DummyFuel	0.0
13	6	DummyFuel	0.0
13	7	DummyFuel	0.0
13	8	DummyFuel	0.0
13	9	DummyFuel	0.0
13	10	DummyFuel	0.0
13	11	DummyFuel	0.0
13	12	DummyFuel	0.0
13	13	DummyFuel	0.0
13	14	DummyFuel	0.0
13	15	DummyFuel	0.0
13	16	DummyFuel	0.0
13	17	DummyFuel	0.0
13	18	DummyFuel	0.0
13	19	DummyFuel	0.0
13	20	DummyFuel	0.0
13	21	DummyFuel	0.0
13	22	DummyFuel	0.0
13	23	DummyFuel	0.0
13	24	DummyFuel	0.0
14	1	Electricity	47.68422813473618
14	2	Electricity	47.69098970648765
14	3	Electricity	47.478584046244094
14	4	Electricity	48.015145562942955
14	5	Electricity	49.307334835612714
14	6	Electricity	54.506996130247764
14	7	Electricity	64.917653341086
14	8	Electricity	79.53831534614774
14	9	Electricity	98.90837199044913
14	10	Electricity	109.98391608515294
14	11	Electricity	113.5106239038358
14	12	Electricity	112.55415268486378
14	13	Electricity	100.38920163301016
14	14	Electricity	99.60103364671218
14	15	Electricity	106.57893023990076
14	16	Electricity	105.29547133966952
14	17	Electricity	103.4541046437351
14	18	Electricity	99.76191414227951
14	19	Electricity	90.85275146883728
14	20	Electricity	76.31534757575342
14	21	Electricity	60.549052625265254
14	22	Electricity	51.86915954721214
14	23	Electricity	49.01026045906147
14	24	Electricity	47.53476610040589
14	1	LT	50.47844847075441
14	2	LT	50.47844847075441
14	3	LT	50.47844847075441
14	4	LT	50.47844847075441
14	5	LT	50.47844847075441
14	6	LT	50.47844847075441
14	7	LT	50.47844847075441
14	8	LT	145.4104983367216
14	9	LT	162.24750340728932
14	10	LT	179.0845084778571
14	11	LT	179.0845084778571
14	12	LT	214.28915544358972
14	13	LT	214.28915544358972
14	14	LT	142.34922468752742
14	15	LT	214.28915544358972
14	16	LT	214.28915544358972
14	17	LT	179.11707521880598
14	18	LT	142.31665794657857
14	19	LT	50.47844847075441
14	20	LT	50.47844847075441
14	21	LT	50.47844847075441
14	22	LT	50.47844847075441
14	23	LT	50.47844847075441
14	24	LT	50.47844847075441
14	1	MT	110.61552352372917
14	2	MT	139.91247183251633
14	3	MT	139.91247183251633
14	4	MT	139.91247183251633
14	5	MT	139.91247183251633
14	6	MT	139.91247183251633
14	7	MT	139.91247183251633
14	8	MT	516.8151604879988
14	9	MT	576.6569159129251
14	10	MT	636.4986713378514
14	11	MT	636.4986713378514
14	12	MT	761.6223417717879
14	13	MT	761.6223417717879
14	14	MT	505.9348413198304
14	15	MT	761.6223417717879
14	16	MT	761.6223417717879
14	17	MT	506.05599764228987
14	18	MT	287.3443263002504
14	19	MT	142.57583076967882
14	20	MT	142.57583076967882
14	21	MT	142.57583076967882
14	22	MT	142.57583076967882
14	23	MT	142.57583076967882
14	24	MT	142.57583076967882
14	1	H2	0.0
14	2	H2	0.0
14	3	H2	0.0
14	4	H2	0.0
14	5	H2	0.0
14	6	H2	0.0
14	7	H2	0.0
14	8	H2	0.0
14	9	H2	0.0
14	10	H2	0.0
14	11	H2	0.0
14	12	H2	0.0
14	13	H2	0.0
14	14	H2	0.0
14	15	H2	0.0
14	16	H2	0.0
14	17	H2	0.0
14	18	H2	0.0
14	19	H2	0.0
14	20	H2	0.0
14	21	H2	0.0
14	22	H2	0.0
14	23	H2	0.0
14	24	H2	0.0
14	1	CH4	0.0
14	2	CH4	0.0
14	3	CH4	0.0
14	4	CH4	0.0
14	5	CH4	0.0
14	6	CH4	0.0
14	7	CH4	0.0
14	8	CH4	0.0
14	9	CH4	0.0
14	10	CH4	0.0
14	11	CH4	0.0
14	12	CH4	0.0
14	13	CH4	0.0
14	14	CH4	0.0
14	15	CH4	0.0
14	16	CH4	0.0
14	17	CH4	0.0
14	18	CH4	0.0
14	19	CH4	0.0
14	20	CH4	0.0
14	21	CH4	0.0
14	22	CH4	0.0
14	23	CH4	0.0
14	24	CH4	0.0
14	1	Biogas	0.0
14	2	Biogas	0.0
14	3	Biogas	0.0
14	4	Biogas	0.0
14	5	Biogas	0.0
14	6	Biogas	0.0
14	7	Biogas	0.0
14	8	Biogas	0.0
14	9	Biogas	0.0
14	10	Biogas	0.0
14	11	Biogas	0.0
14	12	Biogas	0.0
14	13	Biogas	0.0
14	14	Biogas	0.0
14	15	Biogas	0.0
14	16	Biogas	0.0
14	17	Biogas	0.0
14	18	Biogas	0.0
14	19	Biogas	0.0
14	20	Biogas	0.0
14	21	Biogas	0.0
14	22	Biogas	0.0
14	23	Biogas	0.0
14	24	Biogas	0.0
14	1	CH4_H2_Mix	0.0
14	2	CH4_H2_Mix	0.0
14	3	CH4_H2_Mix	0.0
14	4	CH4_H2_Mix	0.0
14	5	CH4_H2_Mix	0.0
14	6	CH4_H2_Mix	0.0
14	7	CH4_H2_Mix	0.0
14	8	CH4_H2_Mix	0.0
14	9	CH4_H2_Mix	0.0
14	10	CH4_H2_Mix	0.0
14	11	CH4_H2_Mix	0.0
14	12	CH4_H2_Mix	0.0
14	13	CH4_H2_Mix	0.0
14	14	CH4_H2_Mix	0.0
14	15	CH4_H2_Mix	0.0
14	16	CH4_H2_Mix	0.0
14	17	CH4_H2_Mix	0.0
14	18	CH4_H2_Mix	0.0
14	19	CH4_H2_Mix	0.0
14	20	CH4_H2_Mix	0.0
14	21	CH4_H2_Mix	0.0
14	22	CH4_H2_Mix	0.0
14	23	CH4_H2_Mix	0.0
14	24	CH4_H2_Mix	0.0
14	1	DummyFuel	0.0
14	2	DummyFuel	0.0
14	3	DummyFuel	0.0
14	4	DummyFuel	0.0
14	5	DummyFuel	0.0
14	6	DummyFuel	0.0
14	7	DummyFuel	0.0
14	8	DummyFuel	0.0
14	9	DummyFuel	0.0
14	10	DummyFuel	0.0
14	11	DummyFuel	0.0
14	12	DummyFuel	0.0
14	13	DummyFuel	0.0
14	14	DummyFuel	0.0
14	15	DummyFuel	0.0
14	16	DummyFuel	0.0
14	17	DummyFuel	0.0
14	18	DummyFuel	0.0
14	19	DummyFuel	0.0
14	20	DummyFuel	0.0
14	21	DummyFuel	0.0
14	22	DummyFuel	0.0
14	23	DummyFuel	0.0
14	24	DummyFuel	0.0
