Node	Time	EnergyCarrier	ReferenceDemand
3	1	Electricity	350.4325005826172
3	2	Electricity	352.8360566153035
3	3	Electricity	337.89365781866456
3	4	Electricity	349.97746132540715
3	5	Electricity	346.5747757302556
3	6	Electricity	357.56034600754714
3	7	Electricity	349.87145216945856
3	8	Electricity	336.7917191168022
3	9	Electricity	353.33268732719375
3	10	Electricity	353.7871757710014
3	11	Electricity	359.9355036615479
3	12	Electricity	349.8175194468355
3	13	Electricity	351.0465022967092
3	14	Electricity	348.93863527018146
3	15	Electricity	354.40918827322344
3	16	Electricity	344.21548534824507
3	17	Electricity	352.3706849486173
3	18	Electricity	362.51907284644756
3	19	Electricity	354.51274245970643
3	20	Electricity	353.30914830970755
3	21	Electricity	353.308242652681
3	22	Electricity	348.70217055236697
3	23	Electricity	357.3376266525084
3	24	Electricity	342.12451258904565
3	1	LT	0.4592311396003992
3	2	LT	0.5333006782456249
3	3	LT	0.5333006782456249
3	4	LT	0.5333006782456249
3	5	LT	0.5333006782456249
3	6	LT	0.6666258478070312
3	7	LT	0.7851371096393922
3	8	LT	0.9332761869298435
3	9	LT	0.9332761869298435
3	10	LT	0.9332761869298435
3	11	LT	0.9332761869298435
3	12	LT	0.9332761869298435
3	13	LT	0.9332761869298435
3	14	LT	0.9332761869298435
3	15	LT	0.9332761869298435
3	16	LT	0.8295788328265276
3	17	LT	0.8147649250974824
3	18	LT	0.6962536632651214
3	19	LT	0.651811940077986
3	20	LT	0.54811458597467
3	21	LT	0.4592311396003992
3	22	LT	0.3999755086842187
3	23	LT	0.3999755086842187
3	24	LT	0.3999755086842187
3	1	MT	0.4592311396003992
3	2	MT	0.5333006782456249
3	3	MT	0.5333006782456249
3	4	MT	0.5333006782456249
3	5	MT	0.5333006782456249
3	6	MT	0.6666258478070312
3	7	MT	0.7851371096393922
3	8	MT	0.9332761869298435
3	9	MT	0.9332761869298435
3	10	MT	0.9332761869298435
3	11	MT	0.9332761869298435
3	12	MT	0.9332761869298435
3	13	MT	0.9332761869298435
3	14	MT	0.9332761869298435
3	15	MT	0.9332761869298435
3	16	MT	0.8295788328265276
3	17	MT	0.8147649250974824
3	18	MT	0.6962536632651214
3	19	MT	0.651811940077986
3	20	MT	0.54811458597467
3	21	MT	0.4592311396003992
3	22	MT	0.3999755086842187
3	23	MT	0.3999755086842187
3	24	MT	0.3999755086842187
3	1	H2	0.0
3	2	H2	0.0
3	3	H2	0.0
3	4	H2	0.0
3	5	H2	0.0
3	6	H2	0.0
3	7	H2	0.0
3	8	H2	0.0
3	9	H2	0.0
3	10	H2	0.0
3	11	H2	0.0
3	12	H2	0.0
3	13	H2	0.0
3	14	H2	0.0
3	15	H2	0.0
3	16	H2	0.0
3	17	H2	0.0
3	18	H2	0.0
3	19	H2	0.0
3	20	H2	0.0
3	21	H2	0.0
3	22	H2	0.0
3	23	H2	0.0
3	24	H2	0.0
3	1	CH4	9.453907773416152
3	2	CH4	10.97873160783811
3	3	CH4	10.97873160783811
3	4	CH4	10.97873160783811
3	5	CH4	10.97873160783811
3	6	CH4	13.723414509797639
3	7	CH4	16.163132644872775
3	8	CH4	19.212780313716696
3	9	CH4	19.212780313716696
3	10	CH4	19.212780313716696
3	11	CH4	19.212780313716696
3	12	CH4	19.212780313716696
3	13	CH4	19.212780313716696
3	14	CH4	19.212780313716696
3	15	CH4	19.212780313716696
3	16	CH4	17.078026945525952
3	17	CH4	16.77306217864156
3	18	CH4	14.333344043566425
3	19	CH4	13.418449742913248
3	20	CH4	11.283696374722505
3	21	CH4	9.453907773416152
3	22	CH4	8.234048705878585
3	23	CH4	8.234048705878585
3	24	CH4	8.234048705878585
3	1	Biogas	0.0
3	2	Biogas	0.0
3	3	Biogas	0.0
3	4	Biogas	0.0
3	5	Biogas	0.0
3	6	Biogas	0.0
3	7	Biogas	0.0
3	8	Biogas	0.0
3	9	Biogas	0.0
3	10	Biogas	0.0
3	11	Biogas	0.0
3	12	Biogas	0.0
3	13	Biogas	0.0
3	14	Biogas	0.0
3	15	Biogas	0.0
3	16	Biogas	0.0
3	17	Biogas	0.0
3	18	Biogas	0.0
3	19	Biogas	0.0
3	20	Biogas	0.0
3	21	Biogas	0.0
3	22	Biogas	0.0
3	23	Biogas	0.0
3	24	Biogas	0.0
3	1	CH4_H2_Mix	0.0
3	2	CH4_H2_Mix	0.0
3	3	CH4_H2_Mix	0.0
3	4	CH4_H2_Mix	0.0
3	5	CH4_H2_Mix	0.0
3	6	CH4_H2_Mix	0.0
3	7	CH4_H2_Mix	0.0
3	8	CH4_H2_Mix	0.0
3	9	CH4_H2_Mix	0.0
3	10	CH4_H2_Mix	0.0
3	11	CH4_H2_Mix	0.0
3	12	CH4_H2_Mix	0.0
3	13	CH4_H2_Mix	0.0
3	14	CH4_H2_Mix	0.0
3	15	CH4_H2_Mix	0.0
3	16	CH4_H2_Mix	0.0
3	17	CH4_H2_Mix	0.0
3	18	CH4_H2_Mix	0.0
3	19	CH4_H2_Mix	0.0
3	20	CH4_H2_Mix	0.0
3	21	CH4_H2_Mix	0.0
3	22	CH4_H2_Mix	0.0
3	23	CH4_H2_Mix	0.0
3	24	CH4_H2_Mix	0.0
3	1	DummyFuel	0.0
3	2	DummyFuel	0.0
3	3	DummyFuel	0.0
3	4	DummyFuel	0.0
3	5	DummyFuel	0.0
3	6	DummyFuel	0.0
3	7	DummyFuel	0.0
3	8	DummyFuel	0.0
3	9	DummyFuel	0.0
3	10	DummyFuel	0.0
3	11	DummyFuel	0.0
3	12	DummyFuel	0.0
3	13	DummyFuel	0.0
3	14	DummyFuel	0.0
3	15	DummyFuel	0.0
3	16	DummyFuel	0.0
3	17	DummyFuel	0.0
3	18	DummyFuel	0.0
3	19	DummyFuel	0.0
3	20	DummyFuel	0.0
3	21	DummyFuel	0.0
3	22	DummyFuel	0.0
3	23	DummyFuel	0.0
3	24	DummyFuel	0.0
4	1	Electricity	356.2123227708971
4	2	Electricity	351.945179146436
4	3	Electricity	342.8343185268416
4	4	Electricity	355.92767507299754
4	5	Electricity	356.3125100103012
4	6	Electricity	358.4115279142838
4	7	Electricity	344.5863438303022
4	8	Electricity	352.0205960998199
4	9	Electricity	348.48204588665357
4	10	Electricity	347.5476342880743
4	11	Electricity	356.93518980504047
4	12	Electricity	355.7557132143604
4	13	Electricity	344.34896546512357
4	14	Electricity	355.2698876308719
4	15	Electricity	354.878814581968
4	16	Electricity	343.63719140809366
4	17	Electricity	356.4889845613728
4	18	Electricity	354.2852403457524
4	19	Electricity	353.0903152242357
4	20	Electricity	344.4392689671487
4	21	Electricity	351.9196753913552
4	22	Electricity	360.27225765973725
4	23	Electricity	346.87557274346636
4	24	Electricity	355.838571757072
4	1	LT	0.6543149563911043
4	2	LT	0.6543149563911043
4	3	LT	0.6543149563911043
4	4	LT	0.6543149563911043
4	5	LT	0.6543149563911043
4	6	LT	0.8506094433084354
4	7	LT	0.9487566867671009
4	8	LT	0.9814724345866563
4	9	LT	0.9814724345866563
4	10	LT	1.0632618041355442
4	11	LT	1.112335425864877
4	12	LT	1.3086299127822085
4	13	LT	1.3086299127822085
4	14	LT	1.3086299127822085
4	15	LT	1.3086299127822085
4	16	LT	1.3086299127822085
4	17	LT	1.3086299127822085
4	18	LT	1.3086299127822085
4	19	LT	1.3086299127822085
4	20	LT	1.0959775519550994
4	21	LT	0.8996830650377682
4	22	LT	0.6543149563911043
4	23	LT	0.6543149563911043
4	24	LT	0.6543149563911043
4	1	MT	0.6543149563911043
4	2	MT	0.6543149563911043
4	3	MT	0.6543149563911043
4	4	MT	0.6543149563911043
4	5	MT	0.6543149563911043
4	6	MT	0.8506094433084354
4	7	MT	0.9487566867671009
4	8	MT	0.9814724345866563
4	9	MT	0.9814724345866563
4	10	MT	1.0632618041355442
4	11	MT	1.112335425864877
4	12	MT	1.3086299127822085
4	13	MT	1.3086299127822085
4	14	MT	1.3086299127822085
4	15	MT	1.3086299127822085
4	16	MT	1.3086299127822085
4	17	MT	1.3086299127822085
4	18	MT	1.3086299127822085
4	19	MT	1.3086299127822085
4	20	MT	1.0959775519550994
4	21	MT	0.8996830650377682
4	22	MT	0.6543149563911043
4	23	MT	0.6543149563911043
4	24	MT	0.6543149563911043
4	1	H2	0.0
4	2	H2	0.0
4	3	H2	0.0
4	4	H2	0.0
4	5	H2	0.0
4	6	H2	0.0
4	7	H2	0.0
4	8	H2	0.0
4	9	H2	0.0
4	10	H2	0.0
4	11	H2	0.0
4	12	H2	0.0
4	13	H2	0.0
4	14	H2	0.0
4	15	H2	0.0
4	16	H2	0.0
4	17	H2	0.0
4	18	H2	0.0
4	19	H2	0.0
4	20	H2	0.0
4	21	H2	0.0
4	22	H2	0.0
4	23	H2	0.0
4	24	H2	0.0
4	1	CH4	16.376163096918955
4	2	CH4	16.376163096918955
4	3	CH4	16.376163096918955
4	4	CH4	16.376163096918955
4	5	CH4	16.376163096918955
4	6	CH4	21.289012025994637
4	7	CH4	23.745436490532484
4	8	CH4	24.56424464537843
4	9	CH4	24.56424464537843
4	10	CH4	26.6112650324933
4	11	CH4	27.83947726476222
4	12	CH4	32.75232619383791
4	13	CH4	32.75232619383791
4	14	CH4	32.75232619383791
4	15	CH4	32.75232619383791
4	16	CH4	32.75232619383791
4	17	CH4	32.75232619383791
4	18	CH4	32.75232619383791
4	19	CH4	32.75232619383791
4	20	CH4	27.43007318733925
4	21	CH4	22.51722425826356
4	22	CH4	16.376163096918955
4	23	CH4	16.376163096918955
4	24	CH4	16.376163096918955
4	1	Biogas	0.0
4	2	Biogas	0.0
4	3	Biogas	0.0
4	4	Biogas	0.0
4	5	Biogas	0.0
4	6	Biogas	0.0
4	7	Biogas	0.0
4	8	Biogas	0.0
4	9	Biogas	0.0
4	10	Biogas	0.0
4	11	Biogas	0.0
4	12	Biogas	0.0
4	13	Biogas	0.0
4	14	Biogas	0.0
4	15	Biogas	0.0
4	16	Biogas	0.0
4	17	Biogas	0.0
4	18	Biogas	0.0
4	19	Biogas	0.0
4	20	Biogas	0.0
4	21	Biogas	0.0
4	22	Biogas	0.0
4	23	Biogas	0.0
4	24	Biogas	0.0
4	1	CH4_H2_Mix	0.0
4	2	CH4_H2_Mix	0.0
4	3	CH4_H2_Mix	0.0
4	4	CH4_H2_Mix	0.0
4	5	CH4_H2_Mix	0.0
4	6	CH4_H2_Mix	0.0
4	7	CH4_H2_Mix	0.0
4	8	CH4_H2_Mix	0.0
4	9	CH4_H2_Mix	0.0
4	10	CH4_H2_Mix	0.0
4	11	CH4_H2_Mix	0.0
4	12	CH4_H2_Mix	0.0
4	13	CH4_H2_Mix	0.0
4	14	CH4_H2_Mix	0.0
4	15	CH4_H2_Mix	0.0
4	16	CH4_H2_Mix	0.0
4	17	CH4_H2_Mix	0.0
4	18	CH4_H2_Mix	0.0
4	19	CH4_H2_Mix	0.0
4	20	CH4_H2_Mix	0.0
4	21	CH4_H2_Mix	0.0
4	22	CH4_H2_Mix	0.0
4	23	CH4_H2_Mix	0.0
4	24	CH4_H2_Mix	0.0
4	1	DummyFuel	0.0
4	2	DummyFuel	0.0
4	3	DummyFuel	0.0
4	4	DummyFuel	0.0
4	5	DummyFuel	0.0
4	6	DummyFuel	0.0
4	7	DummyFuel	0.0
4	8	DummyFuel	0.0
4	9	DummyFuel	0.0
4	10	DummyFuel	0.0
4	11	DummyFuel	0.0
4	12	DummyFuel	0.0
4	13	DummyFuel	0.0
4	14	DummyFuel	0.0
4	15	DummyFuel	0.0
4	16	DummyFuel	0.0
4	17	DummyFuel	0.0
4	18	DummyFuel	0.0
4	19	DummyFuel	0.0
4	20	DummyFuel	0.0
4	21	DummyFuel	0.0
4	22	DummyFuel	0.0
4	23	DummyFuel	0.0
4	24	DummyFuel	0.0
5	1	Electricity	360.42911998501444
5	2	Electricity	353.0577900654298
5	3	Electricity	352.76711432276574
5	4	Electricity	350.8035795593824
5	5	Electricity	354.6021359885674
5	6	Electricity	345.4791945715436
5	7	Electricity	338.58048791619467
5	8	Electricity	338.98112019411815
5	9	Electricity	349.1458155423603
5	10	Electricity	353.44344636598174
5	11	Electricity	346.9837567966512
5	12	Electricity	343.47404828412095
5	13	Electricity	347.4017993835131
5	14	Electricity	346.97435116397844
5	15	Electricity	345.33831511446067
5	16	Electricity	349.06808143834036
5	17	Electricity	359.7149412414865
5	18	Electricity	355.2150830858615
5	19	Electricity	345.80806379821547
5	20	Electricity	358.39353520598996
5	21	Electricity	341.08425117823344
5	22	Electricity	356.9648740858542
5	23	Electricity	353.4352543470201
5	24	Electricity	346.32739999175027
5	1	LT	3.5192402392632784
5	2	LT	4.08685963269284
5	3	LT	4.08685963269284
5	4	LT	4.08685963269284
5	5	LT	4.08685963269284
5	6	LT	5.108574540866049
5	7	LT	6.016765570353347
5	8	LT	7.15200435721247
5	9	LT	7.15200435721247
5	10	LT	7.15200435721247
5	11	LT	7.15200435721247
5	12	LT	7.15200435721247
5	13	LT	7.15200435721247
5	14	LT	7.15200435721247
5	15	LT	7.15200435721247
5	16	LT	6.357337206411084
5	17	LT	6.243813327725171
5	18	LT	5.335622298237873
5	19	LT	4.995050662180138
5	20	LT	4.200383511378752
5	21	LT	3.5192402392632784
5	22	LT	3.0651447245196297
5	23	LT	3.0651447245196297
5	24	LT	3.0651447245196297
5	1	MT	3.5192402392632784
5	2	MT	4.08685963269284
5	3	MT	4.08685963269284
5	4	MT	4.08685963269284
5	5	MT	4.08685963269284
5	6	MT	5.108574540866049
5	7	MT	6.016765570353347
5	8	MT	7.15200435721247
5	9	MT	7.15200435721247
5	10	MT	7.15200435721247
5	11	MT	7.15200435721247
5	12	MT	7.15200435721247
5	13	MT	7.15200435721247
5	14	MT	7.15200435721247
5	15	MT	7.15200435721247
5	16	MT	6.357337206411084
5	17	MT	6.243813327725171
5	18	MT	5.335622298237873
5	19	MT	4.995050662180138
5	20	MT	4.200383511378752
5	21	MT	3.5192402392632784
5	22	MT	3.0651447245196297
5	23	MT	3.0651447245196297
5	24	MT	3.0651447245196297
5	1	H2	0.0
5	2	H2	0.0
5	3	H2	0.0
5	4	H2	0.0
5	5	H2	0.0
5	6	H2	0.0
5	7	H2	0.0
5	8	H2	0.0
5	9	H2	0.0
5	10	H2	0.0
5	11	H2	0.0
5	12	H2	0.0
5	13	H2	0.0
5	14	H2	0.0
5	15	H2	0.0
5	16	H2	0.0
5	17	H2	0.0
5	18	H2	0.0
5	19	H2	0.0
5	20	H2	0.0
5	21	H2	0.0
5	22	H2	0.0
5	23	H2	0.0
5	24	H2	0.0
5	1	CH4	30.079567963579688
5	2	CH4	34.9311111835119
5	3	CH4	34.9311111835119
5	4	CH4	34.9311111835119
5	5	CH4	34.9311111835119
5	6	CH4	43.66388897938987
5	7	CH4	51.426358131281404
5	8	CH4	61.12944457114582
5	9	CH4	61.12944457114582
5	10	CH4	61.12944457114582
5	11	CH4	61.12944457114582
5	12	CH4	61.12944457114582
5	13	CH4	61.12944457114582
5	14	CH4	61.12944457114582
5	15	CH4	61.12944457114582
5	16	CH4	54.33728406324073
5	17	CH4	53.36697541925429
5	18	CH4	45.60450626736275
5	19	CH4	42.69358033540343
5	20	CH4	35.90141982749834
5	21	CH4	30.079567963579688
5	22	CH4	26.198333387633927
5	23	CH4	26.198333387633927
5	24	CH4	26.198333387633927
5	1	Biogas	0.0
5	2	Biogas	0.0
5	3	Biogas	0.0
5	4	Biogas	0.0
5	5	Biogas	0.0
5	6	Biogas	0.0
5	7	Biogas	0.0
5	8	Biogas	0.0
5	9	Biogas	0.0
5	10	Biogas	0.0
5	11	Biogas	0.0
5	12	Biogas	0.0
5	13	Biogas	0.0
5	14	Biogas	0.0
5	15	Biogas	0.0
5	16	Biogas	0.0
5	17	Biogas	0.0
5	18	Biogas	0.0
5	19	Biogas	0.0
5	20	Biogas	0.0
5	21	Biogas	0.0
5	22	Biogas	0.0
5	23	Biogas	0.0
5	24	Biogas	0.0
5	1	CH4_H2_Mix	0.0
5	2	CH4_H2_Mix	0.0
5	3	CH4_H2_Mix	0.0
5	4	CH4_H2_Mix	0.0
5	5	CH4_H2_Mix	0.0
5	6	CH4_H2_Mix	0.0
5	7	CH4_H2_Mix	0.0
5	8	CH4_H2_Mix	0.0
5	9	CH4_H2_Mix	0.0
5	10	CH4_H2_Mix	0.0
5	11	CH4_H2_Mix	0.0
5	12	CH4_H2_Mix	0.0
5	13	CH4_H2_Mix	0.0
5	14	CH4_H2_Mix	0.0
5	15	CH4_H2_Mix	0.0
5	16	CH4_H2_Mix	0.0
5	17	CH4_H2_Mix	0.0
5	18	CH4_H2_Mix	0.0
5	19	CH4_H2_Mix	0.0
5	20	CH4_H2_Mix	0.0
5	21	CH4_H2_Mix	0.0
5	22	CH4_H2_Mix	0.0
5	23	CH4_H2_Mix	0.0
5	24	CH4_H2_Mix	0.0
5	1	DummyFuel	0.0
5	2	DummyFuel	0.0
5	3	DummyFuel	0.0
5	4	DummyFuel	0.0
5	5	DummyFuel	0.0
5	6	DummyFuel	0.0
5	7	DummyFuel	0.0
5	8	DummyFuel	0.0
5	9	DummyFuel	0.0
5	10	DummyFuel	0.0
5	11	DummyFuel	0.0
5	12	DummyFuel	0.0
5	13	DummyFuel	0.0
5	14	DummyFuel	0.0
5	15	DummyFuel	0.0
5	16	DummyFuel	0.0
5	17	DummyFuel	0.0
5	18	DummyFuel	0.0
5	19	DummyFuel	0.0
5	20	DummyFuel	0.0
5	21	DummyFuel	0.0
5	22	DummyFuel	0.0
5	23	DummyFuel	0.0
5	24	DummyFuel	0.0
6	1	Electricity	349.5282784798977
6	2	Electricity	355.517579851139
6	3	Electricity	344.13681721945983
6	4	Electricity	361.82129319659055
6	5	Electricity	354.70458482985094
6	6	Electricity	339.39539258586893
6	7	Electricity	352.4879535857107
6	8	Electricity	348.29261050847305
6	9	Electricity	358.50264953279435
6	10	Electricity	352.8555005758905
6	11	Electricity	359.6201038905848
6	12	Electricity	353.99382850663835
6	13	Electricity	352.8259245612404
6	14	Electricity	366.64522904635515
6	15	Electricity	367.3865291198444
6	16	Electricity	358.2783642800816
6	17	Electricity	356.4723094812346
6	18	Electricity	342.6718384003276
6	19	Electricity	339.29914157689194
6	20	Electricity	353.8179288831637
6	21	Electricity	349.933297160001
6	22	Electricity	348.73748674023255
6	23	Electricity	365.56900829887405
6	24	Electricity	365.3768727343134
6	1	LT	1.3041081317456023
6	2	LT	2.5461158762652247
6	3	LT	2.5461158762652247
6	4	LT	2.5461158762652247
6	5	LT	2.5461158762652247
6	6	LT	3.167119748525035
6	7	LT	3.974424782462789
6	8	LT	4.533328267496619
6	9	LT	4.533328267496619
6	10	LT	4.533328267496619
6	11	LT	4.533328267496619
6	12	LT	4.533328267496619
6	13	LT	4.533328267496619
6	14	LT	4.533328267496619
6	15	LT	4.533328267496619
6	16	LT	4.098625556914751
6	17	LT	3.7260232335588643
6	18	LT	3.353420910202978
6	19	LT	3.2292201357510155
6	20	LT	2.6082162634912045
6	21	LT	1.9251120040054133
6	22	LT	1.9251120040054133
6	23	LT	1.9251120040054133
6	24	LT	1.9251120040054133
6	1	MT	1.3041081317456023
6	2	MT	2.5461158762652247
6	3	MT	2.5461158762652247
6	4	MT	2.5461158762652247
6	5	MT	2.5461158762652247
6	6	MT	3.167119748525035
6	7	MT	3.974424782462789
6	8	MT	4.533328267496619
6	9	MT	4.533328267496619
6	10	MT	4.533328267496619
6	11	MT	4.533328267496619
6	12	MT	4.533328267496619
6	13	MT	4.533328267496619
6	14	MT	4.533328267496619
6	15	MT	4.533328267496619
6	16	MT	4.098625556914751
6	17	MT	3.7260232335588643
6	18	MT	3.353420910202978
6	19	MT	3.2292201357510155
6	20	MT	2.6082162634912045
6	21	MT	1.9251120040054133
6	22	MT	1.9251120040054133
6	23	MT	1.9251120040054133
6	24	MT	1.9251120040054133
6	1	H2	0.0
6	2	H2	0.0
6	3	H2	0.0
6	4	H2	0.0
6	5	H2	0.0
6	6	H2	0.0
6	7	H2	0.0
6	8	H2	0.0
6	9	H2	0.0
6	10	H2	0.0
6	11	H2	0.0
6	12	H2	0.0
6	13	H2	0.0
6	14	H2	0.0
6	15	H2	0.0
6	16	H2	0.0
6	17	H2	0.0
6	18	H2	0.0
6	19	H2	0.0
6	20	H2	0.0
6	21	H2	0.0
6	22	H2	0.0
6	23	H2	0.0
6	24	H2	0.0
6	1	CH4	12.580154549883867
6	2	CH4	24.561254121201838
6	3	CH4	24.561254121201838
6	4	CH4	24.561254121201838
6	5	CH4	24.561254121201838
6	6	CH4	30.551803906860822
6	7	CH4	38.339518628217505
6	8	CH4	43.73101343531059
6	9	CH4	43.73101343531059
6	10	CH4	43.73101343531059
6	11	CH4	43.73101343531059
6	12	CH4	43.73101343531059
6	13	CH4	43.73101343531059
6	14	CH4	43.73101343531059
6	15	CH4	43.73101343531059
6	16	CH4	39.537628585349296
6	17	CH4	35.94329871395391
6	18	CH4	32.34896884255852
6	19	CH4	31.15085888542672
6	20	CH4	25.160309099767733
6	21	CH4	18.57070433554285
6	22	CH4	18.57070433554285
6	23	CH4	18.57070433554285
6	24	CH4	18.57070433554285
6	1	Biogas	0.0
6	2	Biogas	0.0
6	3	Biogas	0.0
6	4	Biogas	0.0
6	5	Biogas	0.0
6	6	Biogas	0.0
6	7	Biogas	0.0
6	8	Biogas	0.0
6	9	Biogas	0.0
6	10	Biogas	0.0
6	11	Biogas	0.0
6	12	Biogas	0.0
6	13	Biogas	0.0
6	14	Biogas	0.0
6	15	Biogas	0.0
6	16	Biogas	0.0
6	17	Biogas	0.0
6	18	Biogas	0.0
6	19	Biogas	0.0
6	20	Biogas	0.0
6	21	Biogas	0.0
6	22	Biogas	0.0
6	23	Biogas	0.0
6	24	Biogas	0.0
6	1	CH4_H2_Mix	0.0
6	2	CH4_H2_Mix	0.0
6	3	CH4_H2_Mix	0.0
6	4	CH4_H2_Mix	0.0
6	5	CH4_H2_Mix	0.0
6	6	CH4_H2_Mix	0.0
6	7	CH4_H2_Mix	0.0
6	8	CH4_H2_Mix	0.0
6	9	CH4_H2_Mix	0.0
6	10	CH4_H2_Mix	0.0
6	11	CH4_H2_Mix	0.0
6	12	CH4_H2_Mix	0.0
6	13	CH4_H2_Mix	0.0
6	14	CH4_H2_Mix	0.0
6	15	CH4_H2_Mix	0.0
6	16	CH4_H2_Mix	0.0
6	17	CH4_H2_Mix	0.0
6	18	CH4_H2_Mix	0.0
6	19	CH4_H2_Mix	0.0
6	20	CH4_H2_Mix	0.0
6	21	CH4_H2_Mix	0.0
6	22	CH4_H2_Mix	0.0
6	23	CH4_H2_Mix	0.0
6	24	CH4_H2_Mix	0.0
6	1	DummyFuel	0.0
6	2	DummyFuel	0.0
6	3	DummyFuel	0.0
6	4	DummyFuel	0.0
6	5	DummyFuel	0.0
6	6	DummyFuel	0.0
6	7	DummyFuel	0.0
6	8	DummyFuel	0.0
6	9	DummyFuel	0.0
6	10	DummyFuel	0.0
6	11	DummyFuel	0.0
6	12	DummyFuel	0.0
6	13	DummyFuel	0.0
6	14	DummyFuel	0.0
6	15	DummyFuel	0.0
6	16	DummyFuel	0.0
6	17	DummyFuel	0.0
6	18	DummyFuel	0.0
6	19	DummyFuel	0.0
6	20	DummyFuel	0.0
6	21	DummyFuel	0.0
6	22	DummyFuel	0.0
6	23	DummyFuel	0.0
6	24	DummyFuel	0.0
7	1	Electricity	340.9914690375917
7	2	Electricity	340.05126629325224
7	3	Electricity	355.72291322908575
7	4	Electricity	361.900128946875
7	5	Electricity	343.2646871337815
7	6	Electricity	346.15502391883285
7	7	Electricity	345.98701915472014
7	8	Electricity	351.5282692626921
7	9	Electricity	352.78197743781874
7	10	Electricity	356.2155352350521
7	11	Electricity	351.3971221373445
7	12	Electricity	359.7751867693936
7	13	Electricity	360.18895853795505
7	14	Electricity	359.81791416826485
7	15	Electricity	350.62831650017205
7	16	Electricity	352.35001955658964
7	17	Electricity	357.4261751887158
7	18	Electricity	351.5574310889049
7	19	Electricity	356.6666655113352
7	20	Electricity	349.4461911911952
7	21	Electricity	353.1137880504033
7	22	Electricity	356.01845699716597
7	23	Electricity	349.15337869225414
7	24	Electricity	343.0913349837472
7	1	LT	0.22079203983111734
7	2	LT	0.24839104481000698
7	3	LT	0.24839104481000698
7	4	LT	0.24839104481000698
7	5	LT	0.24839104481000698
7	6	LT	0.32014845775512013
7	7	LT	0.36982666671712155
7	8	LT	0.36982666671712155
7	9	LT	0.36982666671712155
7	10	LT	0.39742567169601123
7	11	LT	0.43054447767067877
7	12	LT	0.49678208962001397
7	13	LT	0.49678208962001397
7	14	LT	0.49678208962001397
7	15	LT	0.49678208962001397
7	16	LT	0.49678208962001397
7	17	LT	0.49678208962001397
7	18	LT	0.49678208962001397
7	19	LT	0.49678208962001397
7	20	LT	0.41398507468334494
7	21	LT	0.331188059746676
7	22	LT	0.24839104481000698
7	23	LT	0.24839104481000698
7	24	LT	0.24839104481000698
7	1	MT	0.22079203983111734
7	2	MT	0.24839104481000698
7	3	MT	0.24839104481000698
7	4	MT	0.24839104481000698
7	5	MT	0.24839104481000698
7	6	MT	0.32014845775512013
7	7	MT	0.36982666671712155
7	8	MT	0.36982666671712155
7	9	MT	0.36982666671712155
7	10	MT	0.39742567169601123
7	11	MT	0.43054447767067877
7	12	MT	0.49678208962001397
7	13	MT	0.49678208962001397
7	14	MT	0.49678208962001397
7	15	MT	0.49678208962001397
7	16	MT	0.49678208962001397
7	17	MT	0.49678208962001397
7	18	MT	0.49678208962001397
7	19	MT	0.49678208962001397
7	20	MT	0.41398507468334494
7	21	MT	0.331188059746676
7	22	MT	0.24839104481000698
7	23	MT	0.24839104481000698
7	24	MT	0.24839104481000698
7	1	H2	0.0
7	2	H2	0.0
7	3	H2	0.0
7	4	H2	0.0
7	5	H2	0.0
7	6	H2	0.0
7	7	H2	0.0
7	8	H2	0.0
7	9	H2	0.0
7	10	H2	0.0
7	11	H2	0.0
7	12	H2	0.0
7	13	H2	0.0
7	14	H2	0.0
7	15	H2	0.0
7	16	H2	0.0
7	17	H2	0.0
7	18	H2	0.0
7	19	H2	0.0
7	20	H2	0.0
7	21	H2	0.0
7	22	H2	0.0
7	23	H2	0.0
7	24	H2	0.0
7	1	CH4	12.900345707048697
7	2	CH4	14.512888920429784
7	3	CH4	14.512888920429784
7	4	CH4	14.512888920429784
7	5	CH4	14.512888920429784
7	6	CH4	18.705501275220612
7	7	CH4	21.60807905930657
7	8	CH4	21.60807905930657
7	9	CH4	21.60807905930657
7	10	CH4	23.220622272687656
7	11	CH4	25.15567412874496
7	12	CH4	29.02577784085957
7	13	CH4	29.02577784085957
7	14	CH4	29.02577784085957
7	15	CH4	29.02577784085957
7	16	CH4	29.02577784085957
7	17	CH4	29.02577784085957
7	18	CH4	29.02577784085957
7	19	CH4	29.02577784085957
7	20	CH4	24.188148200716306
7	21	CH4	19.350518560573043
7	22	CH4	14.512888920429784
7	23	CH4	14.512888920429784
7	24	CH4	14.512888920429784
7	1	Biogas	0.0
7	2	Biogas	0.0
7	3	Biogas	0.0
7	4	Biogas	0.0
7	5	Biogas	0.0
7	6	Biogas	0.0
7	7	Biogas	0.0
7	8	Biogas	0.0
7	9	Biogas	0.0
7	10	Biogas	0.0
7	11	Biogas	0.0
7	12	Biogas	0.0
7	13	Biogas	0.0
7	14	Biogas	0.0
7	15	Biogas	0.0
7	16	Biogas	0.0
7	17	Biogas	0.0
7	18	Biogas	0.0
7	19	Biogas	0.0
7	20	Biogas	0.0
7	21	Biogas	0.0
7	22	Biogas	0.0
7	23	Biogas	0.0
7	24	Biogas	0.0
7	1	CH4_H2_Mix	0.0
7	2	CH4_H2_Mix	0.0
7	3	CH4_H2_Mix	0.0
7	4	CH4_H2_Mix	0.0
7	5	CH4_H2_Mix	0.0
7	6	CH4_H2_Mix	0.0
7	7	CH4_H2_Mix	0.0
7	8	CH4_H2_Mix	0.0
7	9	CH4_H2_Mix	0.0
7	10	CH4_H2_Mix	0.0
7	11	CH4_H2_Mix	0.0
7	12	CH4_H2_Mix	0.0
7	13	CH4_H2_Mix	0.0
7	14	CH4_H2_Mix	0.0
7	15	CH4_H2_Mix	0.0
7	16	CH4_H2_Mix	0.0
7	17	CH4_H2_Mix	0.0
7	18	CH4_H2_Mix	0.0
7	19	CH4_H2_Mix	0.0
7	20	CH4_H2_Mix	0.0
7	21	CH4_H2_Mix	0.0
7	22	CH4_H2_Mix	0.0
7	23	CH4_H2_Mix	0.0
7	24	CH4_H2_Mix	0.0
7	1	DummyFuel	0.0
7	2	DummyFuel	0.0
7	3	DummyFuel	0.0
7	4	DummyFuel	0.0
7	5	DummyFuel	0.0
7	6	DummyFuel	0.0
7	7	DummyFuel	0.0
7	8	DummyFuel	0.0
7	9	DummyFuel	0.0
7	10	DummyFuel	0.0
7	11	DummyFuel	0.0
7	12	DummyFuel	0.0
7	13	DummyFuel	0.0
7	14	DummyFuel	0.0
7	15	DummyFuel	0.0
7	16	DummyFuel	0.0
7	17	DummyFuel	0.0
7	18	DummyFuel	0.0
7	19	DummyFuel	0.0
7	20	DummyFuel	0.0
7	21	DummyFuel	0.0
7	22	DummyFuel	0.0
7	23	DummyFuel	0.0
7	24	DummyFuel	0.0
8	1	Electricity	354.34039141263236
8	2	Electricity	345.9575724964848
8	3	Electricity	349.47055901181574
8	4	Electricity	359.45654534684525
8	5	Electricity	355.3031757082682
8	6	Electricity	351.9786530984302
8	7	Electricity	344.254671827702
8	8	Electricity	356.55660695576216
8	9	Electricity	358.9026330621697
8	10	Electricity	364.8111007293828
8	11	Electricity	347.1763692155717
8	12	Electricity	346.38720808798945
8	13	Electricity	362.0309421695307
8	14	Electricity	351.98113084985533
8	15	Electricity	360.71181371270717
8	16	Electricity	346.57121037547853
8	17	Electricity	349.99617564575124
8	18	Electricity	347.08484539481725
8	19	Electricity	355.94940461658047
8	20	Electricity	346.4967763467543
8	21	Electricity	345.1378535904671
8	22	Electricity	340.99770928690185
8	23	Electricity	358.84913592162087
8	24	Electricity	341.49183649819037
8	1	LT	1.254038697954394
8	2	LT	1.4563030040760705
8	3	LT	1.4563030040760705
8	4	LT	1.4563030040760705
8	5	LT	1.4563030040760705
8	6	LT	1.820378755095088
8	7	LT	2.1440016448897707
8	8	LT	2.548530257133123
8	9	LT	2.548530257133123
8	10	LT	2.548530257133123
8	11	LT	2.548530257133123
8	12	LT	2.548530257133123
8	13	LT	2.548530257133123
8	14	LT	2.548530257133123
8	15	LT	2.548530257133123
8	16	LT	2.2653602285627765
8	17	LT	2.224907367338441
8	18	LT	1.901284477543759
8	19	LT	1.779925893870753
8	20	LT	1.4967558653004058
8	21	LT	1.254038697954394
8	22	LT	1.0922272530570531
8	23	LT	1.0922272530570531
8	24	LT	1.0922272530570531
8	1	MT	1.254038697954394
8	2	MT	1.4563030040760705
8	3	MT	1.4563030040760705
8	4	MT	1.4563030040760705
8	5	MT	1.4563030040760705
8	6	MT	1.820378755095088
8	7	MT	2.1440016448897707
8	8	MT	2.548530257133123
8	9	MT	2.548530257133123
8	10	MT	2.548530257133123
8	11	MT	2.548530257133123
8	12	MT	2.548530257133123
8	13	MT	2.548530257133123
8	14	MT	2.548530257133123
8	15	MT	2.548530257133123
8	16	MT	2.2653602285627765
8	17	MT	2.224907367338441
8	18	MT	1.901284477543759
8	19	MT	1.779925893870753
8	20	MT	1.4967558653004058
8	21	MT	1.254038697954394
8	22	MT	1.0922272530570531
8	23	MT	1.0922272530570531
8	24	MT	1.0922272530570531
8	1	H2	0.0
8	2	H2	0.0
8	3	H2	0.0
8	4	H2	0.0
8	5	H2	0.0
8	6	H2	0.0
8	7	H2	0.0
8	8	H2	0.0
8	9	H2	0.0
8	10	H2	0.0
8	11	H2	0.0
8	12	H2	0.0
8	13	H2	0.0
8	14	H2	0.0
8	15	H2	0.0
8	16	H2	0.0
8	17	H2	0.0
8	18	H2	0.0
8	19	H2	0.0
8	20	H2	0.0
8	21	H2	0.0
8	22	H2	0.0
8	23	H2	0.0
8	24	H2	0.0
8	1	CH4	14.811222108523564
8	2	CH4	17.200128900220918
8	3	CH4	17.200128900220918
8	4	CH4	17.200128900220918
8	5	CH4	17.200128900220918
8	6	CH4	21.500161125276144
8	7	CH4	25.322411991991903
8	8	CH4	30.100225575386602
8	9	CH4	30.100225575386602
8	10	CH4	30.100225575386602
8	11	CH4	30.100225575386602
8	12	CH4	30.100225575386602
8	13	CH4	30.100225575386602
8	14	CH4	30.100225575386602
8	15	CH4	30.100225575386602
8	16	CH4	26.755756067010314
8	17	CH4	26.27797470867084
8	18	CH4	22.455723841955084
8	19	CH4	21.022379766936673
8	20	CH4	17.67791025856038
8	21	CH4	14.811222108523564
8	22	CH4	12.900096675165688
8	23	CH4	12.900096675165688
8	24	CH4	12.900096675165688
8	1	Biogas	0.0
8	2	Biogas	0.0
8	3	Biogas	0.0
8	4	Biogas	0.0
8	5	Biogas	0.0
8	6	Biogas	0.0
8	7	Biogas	0.0
8	8	Biogas	0.0
8	9	Biogas	0.0
8	10	Biogas	0.0
8	11	Biogas	0.0
8	12	Biogas	0.0
8	13	Biogas	0.0
8	14	Biogas	0.0
8	15	Biogas	0.0
8	16	Biogas	0.0
8	17	Biogas	0.0
8	18	Biogas	0.0
8	19	Biogas	0.0
8	20	Biogas	0.0
8	21	Biogas	0.0
8	22	Biogas	0.0
8	23	Biogas	0.0
8	24	Biogas	0.0
8	1	CH4_H2_Mix	0.0
8	2	CH4_H2_Mix	0.0
8	3	CH4_H2_Mix	0.0
8	4	CH4_H2_Mix	0.0
8	5	CH4_H2_Mix	0.0
8	6	CH4_H2_Mix	0.0
8	7	CH4_H2_Mix	0.0
8	8	CH4_H2_Mix	0.0
8	9	CH4_H2_Mix	0.0
8	10	CH4_H2_Mix	0.0
8	11	CH4_H2_Mix	0.0
8	12	CH4_H2_Mix	0.0
8	13	CH4_H2_Mix	0.0
8	14	CH4_H2_Mix	0.0
8	15	CH4_H2_Mix	0.0
8	16	CH4_H2_Mix	0.0
8	17	CH4_H2_Mix	0.0
8	18	CH4_H2_Mix	0.0
8	19	CH4_H2_Mix	0.0
8	20	CH4_H2_Mix	0.0
8	21	CH4_H2_Mix	0.0
8	22	CH4_H2_Mix	0.0
8	23	CH4_H2_Mix	0.0
8	24	CH4_H2_Mix	0.0
8	1	DummyFuel	0.0
8	2	DummyFuel	0.0
8	3	DummyFuel	0.0
8	4	DummyFuel	0.0
8	5	DummyFuel	0.0
8	6	DummyFuel	0.0
8	7	DummyFuel	0.0
8	8	DummyFuel	0.0
8	9	DummyFuel	0.0
8	10	DummyFuel	0.0
8	11	DummyFuel	0.0
8	12	DummyFuel	0.0
8	13	DummyFuel	0.0
8	14	DummyFuel	0.0
8	15	DummyFuel	0.0
8	16	DummyFuel	0.0
8	17	DummyFuel	0.0
8	18	DummyFuel	0.0
8	19	DummyFuel	0.0
8	20	DummyFuel	0.0
8	21	DummyFuel	0.0
8	22	DummyFuel	0.0
8	23	DummyFuel	0.0
8	24	DummyFuel	0.0
9	1	Electricity	360.9864714751196
9	2	Electricity	349.1065469923232
9	3	Electricity	361.2052636053405
9	4	Electricity	336.7681216871124
9	5	Electricity	346.20537104149366
9	6	Electricity	346.70374321114826
9	7	Electricity	359.7822994721026
9	8	Electricity	351.35837213015327
9	9	Electricity	357.84097132135634
9	10	Electricity	358.39227509534334
9	11	Electricity	352.28955952400804
9	12	Electricity	341.46714212810076
9	13	Electricity	340.3254517590207
9	14	Electricity	345.32189481376133
9	15	Electricity	336.3456823637368
9	16	Electricity	360.4153816731099
9	17	Electricity	353.1478353239269
9	18	Electricity	343.4175283140285
9	19	Electricity	367.2728618188788
9	20	Electricity	342.96859991322447
9	21	Electricity	355.32735731976453
9	22	Electricity	347.54303899046585
9	23	Electricity	364.725901163664
9	24	Electricity	354.0832381842839
9	1	LT	0.47910132855924936
9	2	LT	0.5563757363913864
9	3	LT	0.5563757363913864
9	4	LT	0.5563757363913864
9	5	LT	0.5563757363913864
9	6	LT	0.6954696704892329
9	7	LT	0.8191087230206522
9	8	LT	0.9736575386849262
9	9	LT	0.9736575386849262
9	10	LT	0.9736575386849262
9	11	LT	0.9736575386849262
9	12	LT	0.9736575386849262
9	13	LT	0.9736575386849262
9	14	LT	0.9736575386849262
9	15	LT	0.9736575386849262
9	16	LT	0.8654733677199343
9	17	LT	0.850018486153507
9	18	LT	0.7263794336220877
9	19	LT	0.6800147889228055
9	20	LT	0.5718306179578138
9	21	LT	0.47910132855924936
9	22	LT	0.41728180229353984
9	23	LT	0.41728180229353984
9	24	LT	0.41728180229353984
9	1	MT	0.47910132855924936
9	2	MT	0.5563757363913864
9	3	MT	0.5563757363913864
9	4	MT	0.5563757363913864
9	5	MT	0.5563757363913864
9	6	MT	0.6954696704892329
9	7	MT	0.8191087230206522
9	8	MT	0.9736575386849262
9	9	MT	0.9736575386849262
9	10	MT	0.9736575386849262
9	11	MT	0.9736575386849262
9	12	MT	0.9736575386849262
9	13	MT	0.9736575386849262
9	14	MT	0.9736575386849262
9	15	MT	0.9736575386849262
9	16	MT	0.8654733677199343
9	17	MT	0.850018486153507
9	18	MT	0.7263794336220877
9	19	MT	0.6800147889228055
9	20	MT	0.5718306179578138
9	21	MT	0.47910132855924936
9	22	MT	0.41728180229353984
9	23	MT	0.41728180229353984
9	24	MT	0.41728180229353984
9	1	H2	0.0
9	2	H2	0.0
9	3	H2	0.0
9	4	H2	0.0
9	5	H2	0.0
9	6	H2	0.0
9	7	H2	0.0
9	8	H2	0.0
9	9	H2	0.0
9	10	H2	0.0
9	11	H2	0.0
9	12	H2	0.0
9	13	H2	0.0
9	14	H2	0.0
9	15	H2	0.0
9	16	H2	0.0
9	17	H2	0.0
9	18	H2	0.0
9	19	H2	0.0
9	20	H2	0.0
9	21	H2	0.0
9	22	H2	0.0
9	23	H2	0.0
9	24	H2	0.0
9	1	CH4	9.587840631793837
9	2	CH4	11.134266540147681
9	3	CH4	11.134266540147681
9	4	CH4	11.134266540147681
9	5	CH4	11.134266540147681
9	6	CH4	13.917833175184601
9	7	CH4	16.392114628550754
9	8	CH4	19.484966445258443
9	9	CH4	19.484966445258443
9	10	CH4	19.484966445258443
9	11	CH4	19.484966445258443
9	12	CH4	19.484966445258443
9	13	CH4	19.484966445258443
9	14	CH4	19.484966445258443
9	15	CH4	19.484966445258443
9	16	CH4	17.31997017356306
9	17	CH4	17.01068499189229
9	18	CH4	14.536403538526141
9	19	CH4	13.608547993513834
9	20	CH4	11.443551721818451
9	21	CH4	9.587840631793837
9	22	CH4	8.350699905110762
9	23	CH4	8.350699905110762
9	24	CH4	8.350699905110762
9	1	Biogas	0.0
9	2	Biogas	0.0
9	3	Biogas	0.0
9	4	Biogas	0.0
9	5	Biogas	0.0
9	6	Biogas	0.0
9	7	Biogas	0.0
9	8	Biogas	0.0
9	9	Biogas	0.0
9	10	Biogas	0.0
9	11	Biogas	0.0
9	12	Biogas	0.0
9	13	Biogas	0.0
9	14	Biogas	0.0
9	15	Biogas	0.0
9	16	Biogas	0.0
9	17	Biogas	0.0
9	18	Biogas	0.0
9	19	Biogas	0.0
9	20	Biogas	0.0
9	21	Biogas	0.0
9	22	Biogas	0.0
9	23	Biogas	0.0
9	24	Biogas	0.0
9	1	CH4_H2_Mix	0.0
9	2	CH4_H2_Mix	0.0
9	3	CH4_H2_Mix	0.0
9	4	CH4_H2_Mix	0.0
9	5	CH4_H2_Mix	0.0
9	6	CH4_H2_Mix	0.0
9	7	CH4_H2_Mix	0.0
9	8	CH4_H2_Mix	0.0
9	9	CH4_H2_Mix	0.0
9	10	CH4_H2_Mix	0.0
9	11	CH4_H2_Mix	0.0
9	12	CH4_H2_Mix	0.0
9	13	CH4_H2_Mix	0.0
9	14	CH4_H2_Mix	0.0
9	15	CH4_H2_Mix	0.0
9	16	CH4_H2_Mix	0.0
9	17	CH4_H2_Mix	0.0
9	18	CH4_H2_Mix	0.0
9	19	CH4_H2_Mix	0.0
9	20	CH4_H2_Mix	0.0
9	21	CH4_H2_Mix	0.0
9	22	CH4_H2_Mix	0.0
9	23	CH4_H2_Mix	0.0
9	24	CH4_H2_Mix	0.0
9	1	DummyFuel	0.0
9	2	DummyFuel	0.0
9	3	DummyFuel	0.0
9	4	DummyFuel	0.0
9	5	DummyFuel	0.0
9	6	DummyFuel	0.0
9	7	DummyFuel	0.0
9	8	DummyFuel	0.0
9	9	DummyFuel	0.0
9	10	DummyFuel	0.0
9	11	DummyFuel	0.0
9	12	DummyFuel	0.0
9	13	DummyFuel	0.0
9	14	DummyFuel	0.0
9	15	DummyFuel	0.0
9	16	DummyFuel	0.0
9	17	DummyFuel	0.0
9	18	DummyFuel	0.0
9	19	DummyFuel	0.0
9	20	DummyFuel	0.0
9	21	DummyFuel	0.0
9	22	DummyFuel	0.0
9	23	DummyFuel	0.0
9	24	DummyFuel	0.0
10	1	Electricity	354.2336784825172
10	2	Electricity	347.7629694931385
10	3	Electricity	373.1534523223436
10	4	Electricity	343.9252188472086
10	5	Electricity	349.26839028247804
10	6	Electricity	349.3562385325856
10	7	Electricity	348.11765904335067
10	8	Electricity	335.18904687041584
10	9	Electricity	352.42634273703203
10	10	Electricity	355.6154461843198
10	11	Electricity	364.473886311899
10	12	Electricity	355.59820744635675
10	13	Electricity	352.072242392139
10	14	Electricity	351.0818257707969
10	15	Electricity	357.1939562693546
10	16	Electricity	351.45938720774984
10	17	Electricity	346.62171008204166
10	18	Electricity	347.12532478059165
10	19	Electricity	359.5042853896645
10	20	Electricity	353.0691082492459
10	21	Electricity	361.53378225240755
10	22	Electricity	358.57570239023147
10	23	Electricity	349.41150754039825
10	24	Electricity	352.79016459946575
10	1	LT	0.3083315327682753
10	2	LT	0.3083315327682753
10	3	LT	0.3083315327682753
10	4	LT	0.3083315327682753
10	5	LT	0.3083315327682753
10	6	LT	0.3974050866791104
10	7	LT	0.4796268287506505
10	8	LT	0.4796268287506505
10	9	LT	0.4796268287506505
10	10	LT	0.5138858879471255
10	11	LT	0.5344413234650104
10	12	LT	0.6166630655365506
10	13	LT	0.6166630655365506
10	14	LT	0.6166630655365506
10	15	LT	0.6166630655365506
10	16	LT	0.5138858879471255
10	17	LT	0.4864786405899455
10	18	LT	0.4864786405899455
10	19	LT	0.4864786405899455
10	20	LT	0.4864786405899455
10	21	LT	0.3768496511612254
10	22	LT	0.14388804862519514
10	23	LT	0.14388804862519514
10	24	LT	0.14388804862519514
10	1	MT	0.3083315327682753
10	2	MT	0.3083315327682753
10	3	MT	0.3083315327682753
10	4	MT	0.3083315327682753
10	5	MT	0.3083315327682753
10	6	MT	0.3974050866791104
10	7	MT	0.4796268287506505
10	8	MT	0.4796268287506505
10	9	MT	0.4796268287506505
10	10	MT	0.5138858879471255
10	11	MT	0.5344413234650104
10	12	MT	0.6166630655365506
10	13	MT	0.6166630655365506
10	14	MT	0.6166630655365506
10	15	MT	0.6166630655365506
10	16	MT	0.5138858879471255
10	17	MT	0.4864786405899455
10	18	MT	0.4864786405899455
10	19	MT	0.4864786405899455
10	20	MT	0.4864786405899455
10	21	MT	0.3768496511612254
10	22	MT	0.14388804862519514
10	23	MT	0.14388804862519514
10	24	MT	0.14388804862519514
10	1	H2	0.0
10	2	H2	0.0
10	3	H2	0.0
10	4	H2	0.0
10	5	H2	0.0
10	6	H2	0.0
10	7	H2	0.0
10	8	H2	0.0
10	9	H2	0.0
10	10	H2	0.0
10	11	H2	0.0
10	12	H2	0.0
10	13	H2	0.0
10	14	H2	0.0
10	15	H2	0.0
10	16	H2	0.0
10	17	H2	0.0
10	18	H2	0.0
10	19	H2	0.0
10	20	H2	0.0
10	21	H2	0.0
10	22	H2	0.0
10	23	H2	0.0
10	24	H2	0.0
10	1	CH4	16.17187261878016
10	2	CH4	16.17187261878016
10	3	CH4	16.17187261878016
10	4	CH4	16.17187261878016
10	5	CH4	16.17187261878016
10	6	CH4	20.843746930872204
10	7	CH4	25.15624629588025
10	8	CH4	25.15624629588025
10	9	CH4	25.15624629588025
10	10	CH4	26.953121031300267
10	11	CH4	28.031245872552276
10	12	CH4	32.34374523756032
10	13	CH4	32.34374523756032
10	14	CH4	32.34374523756032
10	15	CH4	32.34374523756032
10	16	CH4	26.953121031300267
10	17	CH4	25.51562124296425
10	18	CH4	25.51562124296425
10	19	CH4	25.51562124296425
10	20	CH4	25.51562124296425
10	21	CH4	19.765622089620194
10	22	CH4	7.5468738887640745
10	23	CH4	7.5468738887640745
10	24	CH4	7.5468738887640745
10	1	Biogas	0.0
10	2	Biogas	0.0
10	3	Biogas	0.0
10	4	Biogas	0.0
10	5	Biogas	0.0
10	6	Biogas	0.0
10	7	Biogas	0.0
10	8	Biogas	0.0
10	9	Biogas	0.0
10	10	Biogas	0.0
10	11	Biogas	0.0
10	12	Biogas	0.0
10	13	Biogas	0.0
10	14	Biogas	0.0
10	15	Biogas	0.0
10	16	Biogas	0.0
10	17	Biogas	0.0
10	18	Biogas	0.0
10	19	Biogas	0.0
10	20	Biogas	0.0
10	21	Biogas	0.0
10	22	Biogas	0.0
10	23	Biogas	0.0
10	24	Biogas	0.0
10	1	CH4_H2_Mix	0.0
10	2	CH4_H2_Mix	0.0
10	3	CH4_H2_Mix	0.0
10	4	CH4_H2_Mix	0.0
10	5	CH4_H2_Mix	0.0
10	6	CH4_H2_Mix	0.0
10	7	CH4_H2_Mix	0.0
10	8	CH4_H2_Mix	0.0
10	9	CH4_H2_Mix	0.0
10	10	CH4_H2_Mix	0.0
10	11	CH4_H2_Mix	0.0
10	12	CH4_H2_Mix	0.0
10	13	CH4_H2_Mix	0.0
10	14	CH4_H2_Mix	0.0
10	15	CH4_H2_Mix	0.0
10	16	CH4_H2_Mix	0.0
10	17	CH4_H2_Mix	0.0
10	18	CH4_H2_Mix	0.0
10	19	CH4_H2_Mix	0.0
10	20	CH4_H2_Mix	0.0
10	21	CH4_H2_Mix	0.0
10	22	CH4_H2_Mix	0.0
10	23	CH4_H2_Mix	0.0
10	24	CH4_H2_Mix	0.0
10	1	DummyFuel	0.0
10	2	DummyFuel	0.0
10	3	DummyFuel	0.0
10	4	DummyFuel	0.0
10	5	DummyFuel	0.0
10	6	DummyFuel	0.0
10	7	DummyFuel	0.0
10	8	DummyFuel	0.0
10	9	DummyFuel	0.0
10	10	DummyFuel	0.0
10	11	DummyFuel	0.0
10	12	DummyFuel	0.0
10	13	DummyFuel	0.0
10	14	DummyFuel	0.0
10	15	DummyFuel	0.0
10	16	DummyFuel	0.0
10	17	DummyFuel	0.0
10	18	DummyFuel	0.0
10	19	DummyFuel	0.0
10	20	DummyFuel	0.0
10	21	DummyFuel	0.0
10	22	DummyFuel	0.0
10	23	DummyFuel	0.0
10	24	DummyFuel	0.0
11	1	Electricity	356.5271355183543
11	2	Electricity	356.5467856868888
11	3	Electricity	353.2295245583951
11	4	Electricity	345.7494358934301
11	5	Electricity	344.5112107618966
11	6	Electricity	351.8497505697381
11	7	Electricity	360.0811259284813
11	8	Electricity	355.5188239716396
11	9	Electricity	360.86406642002066
11	10	Electricity	349.66878943084777
11	11	Electricity	351.1714822378439
11	12	Electricity	363.10021804367364
11	13	Electricity	338.20472338828813
11	14	Electricity	356.53112346904317
11	15	Electricity	359.2094389537025
11	16	Electricity	338.22255959388883
11	17	Electricity	356.5708027354027
11	18	Electricity	343.6754067255898
11	19	Electricity	349.02159648294446
11	20	Electricity	347.16447791437463
11	21	Electricity	342.33953315915267
11	22	Electricity	355.6470317922372
11	23	Electricity	351.7964028535914
11	24	Electricity	358.9057737932832
11	1	LT	0.6402257550336922
11	2	LT	0.6402257550336922
11	3	LT	0.6402257550336922
11	4	LT	0.6402257550336922
11	5	LT	0.6402257550336922
11	6	LT	2.7743116051459995
11	7	LT	3.1477766289156537
11	8	LT	3.1477766289156537
11	9	LT	3.1477766289156537
11	10	LT	3.3611852139268845
11	11	LT	3.3611852139268845
11	12	LT	4.268171700224615
11	13	LT	4.268171700224615
11	14	LT	2.827663751398807
11	15	LT	4.268171700224615
11	16	LT	4.268171700224615
11	17	LT	4.268171700224615
11	18	LT	4.268171700224615
11	19	LT	4.268171700224615
11	20	LT	3.574593798938115
11	21	LT	2.934368043904423
11	22	LT	2.1340858501123074
11	23	LT	2.027381557606692
11	24	LT	2.027381557606692
11	1	MT	0.6402257550336922
11	2	MT	0.6402257550336922
11	3	MT	0.6402257550336922
11	4	MT	0.6402257550336922
11	5	MT	0.6402257550336922
11	6	MT	2.7743116051459995
11	7	MT	3.1477766289156537
11	8	MT	3.1477766289156537
11	9	MT	3.1477766289156537
11	10	MT	3.3611852139268845
11	11	MT	3.3611852139268845
11	12	MT	4.268171700224615
11	13	MT	4.268171700224615
11	14	MT	2.827663751398807
11	15	MT	4.268171700224615
11	16	MT	4.268171700224615
11	17	MT	4.268171700224615
11	18	MT	4.268171700224615
11	19	MT	4.268171700224615
11	20	MT	3.574593798938115
11	21	MT	2.934368043904423
11	22	MT	2.1340858501123074
11	23	MT	2.027381557606692
11	24	MT	2.027381557606692
11	1	H2	0.0
11	2	H2	0.0
11	3	H2	0.0
11	4	H2	0.0
11	5	H2	0.0
11	6	H2	0.0
11	7	H2	0.0
11	8	H2	0.0
11	9	H2	0.0
11	10	H2	0.0
11	11	H2	0.0
11	12	H2	0.0
11	13	H2	0.0
11	14	H2	0.0
11	15	H2	0.0
11	16	H2	0.0
11	17	H2	0.0
11	18	H2	0.0
11	19	H2	0.0
11	20	H2	0.0
11	21	H2	0.0
11	22	H2	0.0
11	23	H2	0.0
11	24	H2	0.0
11	1	CH4	6.917190217466218
11	2	CH4	6.917190217466218
11	3	CH4	6.917190217466218
11	4	CH4	6.917190217466218
11	5	CH4	6.917190217466218
11	6	CH4	29.974490942353608
11	7	CH4	34.00951856920891
11	8	CH4	34.00951856920891
11	9	CH4	34.00951856920891
11	10	CH4	36.31524864169765
11	11	CH4	36.31524864169765
11	12	CH4	46.11460144977479
11	13	CH4	46.11460144977479
11	14	CH4	30.550923460475797
11	15	CH4	46.11460144977479
11	16	CH4	46.11460144977479
11	17	CH4	46.11460144977479
11	18	CH4	46.11460144977479
11	19	CH4	46.11460144977479
11	20	CH4	38.620978714186386
11	21	CH4	31.70378849672016
11	22	CH4	23.057300724887394
11	23	CH4	21.904435688643026
11	24	CH4	21.904435688643026
11	1	Biogas	0.0
11	2	Biogas	0.0
11	3	Biogas	0.0
11	4	Biogas	0.0
11	5	Biogas	0.0
11	6	Biogas	0.0
11	7	Biogas	0.0
11	8	Biogas	0.0
11	9	Biogas	0.0
11	10	Biogas	0.0
11	11	Biogas	0.0
11	12	Biogas	0.0
11	13	Biogas	0.0
11	14	Biogas	0.0
11	15	Biogas	0.0
11	16	Biogas	0.0
11	17	Biogas	0.0
11	18	Biogas	0.0
11	19	Biogas	0.0
11	20	Biogas	0.0
11	21	Biogas	0.0
11	22	Biogas	0.0
11	23	Biogas	0.0
11	24	Biogas	0.0
11	1	CH4_H2_Mix	0.0
11	2	CH4_H2_Mix	0.0
11	3	CH4_H2_Mix	0.0
11	4	CH4_H2_Mix	0.0
11	5	CH4_H2_Mix	0.0
11	6	CH4_H2_Mix	0.0
11	7	CH4_H2_Mix	0.0
11	8	CH4_H2_Mix	0.0
11	9	CH4_H2_Mix	0.0
11	10	CH4_H2_Mix	0.0
11	11	CH4_H2_Mix	0.0
11	12	CH4_H2_Mix	0.0
11	13	CH4_H2_Mix	0.0
11	14	CH4_H2_Mix	0.0
11	15	CH4_H2_Mix	0.0
11	16	CH4_H2_Mix	0.0
11	17	CH4_H2_Mix	0.0
11	18	CH4_H2_Mix	0.0
11	19	CH4_H2_Mix	0.0
11	20	CH4_H2_Mix	0.0
11	21	CH4_H2_Mix	0.0
11	22	CH4_H2_Mix	0.0
11	23	CH4_H2_Mix	0.0
11	24	CH4_H2_Mix	0.0
11	1	DummyFuel	0.0
11	2	DummyFuel	0.0
11	3	DummyFuel	0.0
11	4	DummyFuel	0.0
11	5	DummyFuel	0.0
11	6	DummyFuel	0.0
11	7	DummyFuel	0.0
11	8	DummyFuel	0.0
11	9	DummyFuel	0.0
11	10	DummyFuel	0.0
11	11	DummyFuel	0.0
11	12	DummyFuel	0.0
11	13	DummyFuel	0.0
11	14	DummyFuel	0.0
11	15	DummyFuel	0.0
11	16	DummyFuel	0.0
11	17	DummyFuel	0.0
11	18	DummyFuel	0.0
11	19	DummyFuel	0.0
11	20	DummyFuel	0.0
11	21	DummyFuel	0.0
11	22	DummyFuel	0.0
11	23	DummyFuel	0.0
11	24	DummyFuel	0.0
12	1	Electricity	339.20241374476916
12	2	Electricity	358.0618976384476
12	3	Electricity	347.55618882894294
12	4	Electricity	335.9169974476693
12	5	Electricity	349.24411573151053
12	6	Electricity	347.0994276892105
12	7	Electricity	351.48279214382075
12	8	Electricity	345.75557412918016
12	9	Electricity	356.5147862681183
12	10	Electricity	348.4113278473769
12	11	Electricity	338.2264113194151
12	12	Electricity	353.41788123408435
12	13	Electricity	353.6168045554949
12	14	Electricity	345.08155994095887
12	15	Electricity	349.24110061052164
12	16	Electricity	349.5757629953135
12	17	Electricity	349.14052648259917
12	18	Electricity	351.9551264259281
12	19	Electricity	350.8877545327656
12	20	Electricity	358.16793677956827
12	21	Electricity	357.0396862189827
12	22	Electricity	355.0752150758816
12	23	Electricity	350.7712545548551
12	24	Electricity	355.26935722752006
12	1	LT	2.5299478051426902
12	2	LT	2.5299478051426902
12	3	LT	2.5299478051426902
12	4	LT	2.5299478051426902
12	5	LT	2.5299478051426902
12	6	LT	3.2889321466854975
12	7	LT	3.6684243174569007
12	8	LT	3.7949217077140363
12	9	LT	3.7949217077140363
12	10	LT	4.111165183356872
12	11	LT	4.300911268742574
12	12	LT	5.0598956102853805
12	13	LT	5.0598956102853805
12	14	LT	5.0598956102853805
12	15	LT	5.0598956102853805
12	16	LT	5.0598956102853805
12	17	LT	5.0598956102853805
12	18	LT	5.0598956102853805
12	19	LT	5.0598956102853805
12	20	LT	4.237662573614006
12	21	LT	3.478678232071199
12	22	LT	2.5299478051426902
12	23	LT	2.5299478051426902
12	24	LT	2.5299478051426902
12	1	MT	2.5299478051426902
12	2	MT	2.5299478051426902
12	3	MT	2.5299478051426902
12	4	MT	2.5299478051426902
12	5	MT	2.5299478051426902
12	6	MT	3.2889321466854975
12	7	MT	3.6684243174569007
12	8	MT	3.7949217077140363
12	9	MT	3.7949217077140363
12	10	MT	4.111165183356872
12	11	MT	4.300911268742574
12	12	MT	5.0598956102853805
12	13	MT	5.0598956102853805
12	14	MT	5.0598956102853805
12	15	MT	5.0598956102853805
12	16	MT	5.0598956102853805
12	17	MT	5.0598956102853805
12	18	MT	5.0598956102853805
12	19	MT	5.0598956102853805
12	20	MT	4.237662573614006
12	21	MT	3.478678232071199
12	22	MT	2.5299478051426902
12	23	MT	2.5299478051426902
12	24	MT	2.5299478051426902
12	1	H2	0.0
12	2	H2	0.0
12	3	H2	0.0
12	4	H2	0.0
12	5	H2	0.0
12	6	H2	0.0
12	7	H2	0.0
12	8	H2	0.0
12	9	H2	0.0
12	10	H2	0.0
12	11	H2	0.0
12	12	H2	0.0
12	13	H2	0.0
12	14	H2	0.0
12	15	H2	0.0
12	16	H2	0.0
12	17	H2	0.0
12	18	H2	0.0
12	19	H2	0.0
12	20	H2	0.0
12	21	H2	0.0
12	22	H2	0.0
12	23	H2	0.0
12	24	H2	0.0
12	1	CH4	22.417162915318848
12	2	CH4	22.417162915318848
12	3	CH4	22.417162915318848
12	4	CH4	22.417162915318848
12	5	CH4	22.417162915318848
12	6	CH4	29.1423117899145
12	7	CH4	32.504886227212324
12	8	CH4	33.62574437297827
12	9	CH4	33.62574437297827
12	10	CH4	36.42788973739312
12	11	CH4	38.109176956042035
12	12	CH4	44.834325830637695
12	13	CH4	44.834325830637695
12	14	CH4	44.834325830637695
12	15	CH4	44.834325830637695
12	16	CH4	44.834325830637695
12	17	CH4	44.834325830637695
12	18	CH4	44.834325830637695
12	19	CH4	44.834325830637695
12	20	CH4	37.548747883159066
12	21	CH4	30.82359900856341
12	22	CH4	22.417162915318848
12	23	CH4	22.417162915318848
12	24	CH4	22.417162915318848
12	1	Biogas	0.0
12	2	Biogas	0.0
12	3	Biogas	0.0
12	4	Biogas	0.0
12	5	Biogas	0.0
12	6	Biogas	0.0
12	7	Biogas	0.0
12	8	Biogas	0.0
12	9	Biogas	0.0
12	10	Biogas	0.0
12	11	Biogas	0.0
12	12	Biogas	0.0
12	13	Biogas	0.0
12	14	Biogas	0.0
12	15	Biogas	0.0
12	16	Biogas	0.0
12	17	Biogas	0.0
12	18	Biogas	0.0
12	19	Biogas	0.0
12	20	Biogas	0.0
12	21	Biogas	0.0
12	22	Biogas	0.0
12	23	Biogas	0.0
12	24	Biogas	0.0
12	1	CH4_H2_Mix	0.0
12	2	CH4_H2_Mix	0.0
12	3	CH4_H2_Mix	0.0
12	4	CH4_H2_Mix	0.0
12	5	CH4_H2_Mix	0.0
12	6	CH4_H2_Mix	0.0
12	7	CH4_H2_Mix	0.0
12	8	CH4_H2_Mix	0.0
12	9	CH4_H2_Mix	0.0
12	10	CH4_H2_Mix	0.0
12	11	CH4_H2_Mix	0.0
12	12	CH4_H2_Mix	0.0
12	13	CH4_H2_Mix	0.0
12	14	CH4_H2_Mix	0.0
12	15	CH4_H2_Mix	0.0
12	16	CH4_H2_Mix	0.0
12	17	CH4_H2_Mix	0.0
12	18	CH4_H2_Mix	0.0
12	19	CH4_H2_Mix	0.0
12	20	CH4_H2_Mix	0.0
12	21	CH4_H2_Mix	0.0
12	22	CH4_H2_Mix	0.0
12	23	CH4_H2_Mix	0.0
12	24	CH4_H2_Mix	0.0
12	1	DummyFuel	0.0
12	2	DummyFuel	0.0
12	3	DummyFuel	0.0
12	4	DummyFuel	0.0
12	5	DummyFuel	0.0
12	6	DummyFuel	0.0
12	7	DummyFuel	0.0
12	8	DummyFuel	0.0
12	9	DummyFuel	0.0
12	10	DummyFuel	0.0
12	11	DummyFuel	0.0
12	12	DummyFuel	0.0
12	13	DummyFuel	0.0
12	14	DummyFuel	0.0
12	15	DummyFuel	0.0
12	16	DummyFuel	0.0
12	17	DummyFuel	0.0
12	18	DummyFuel	0.0
12	19	DummyFuel	0.0
12	20	DummyFuel	0.0
12	21	DummyFuel	0.0
12	22	DummyFuel	0.0
12	23	DummyFuel	0.0
12	24	DummyFuel	0.0
13	1	Electricity	344.11889773984745
13	2	Electricity	358.99576163370057
13	3	Electricity	341.06019204345563
13	4	Electricity	352.787542847704
13	5	Electricity	367.03017046398463
13	6	Electricity	339.0124747252719
13	7	Electricity	354.1658716255363
13	8	Electricity	353.343226499586
13	9	Electricity	347.02402698022
13	10	Electricity	339.73301586585814
13	11	Electricity	351.7370647517901
13	12	Electricity	356.55320864573713
13	13	Electricity	358.2802413910271
13	14	Electricity	353.6854999571387
13	15	Electricity	355.2614274567227
13	16	Electricity	347.0780706643374
13	17	Electricity	355.9768655746197
13	18	Electricity	344.3359397972872
13	19	Electricity	354.88237001332186
13	20	Electricity	348.8772614240598
13	21	Electricity	353.4539366120482
13	22	Electricity	349.671076793275
13	23	Electricity	362.6684427734649
13	24	Electricity	355.6824903963177
13	1	LT	2.1910827670002146
13	2	LT	2.464968112875242
13	3	LT	2.464968112875242
13	4	LT	2.464968112875242
13	5	LT	2.464968112875242
13	6	LT	3.1770700121503115
13	7	LT	3.67006363472536
13	8	LT	3.67006363472536
13	9	LT	3.67006363472536
13	10	LT	3.9439489806003873
13	11	LT	4.272611395650419
13	12	LT	4.929936225750484
13	13	LT	4.929936225750484
13	14	LT	4.929936225750484
13	15	LT	4.929936225750484
13	16	LT	4.929936225750484
13	17	LT	4.929936225750484
13	18	LT	4.929936225750484
13	19	LT	4.929936225750484
13	20	LT	4.108280188125403
13	21	LT	3.2866241505003226
13	22	LT	2.464968112875242
13	23	LT	2.464968112875242
13	24	LT	2.464968112875242
13	1	MT	2.1910827670002146
13	2	MT	2.464968112875242
13	3	MT	2.464968112875242
13	4	MT	2.464968112875242
13	5	MT	2.464968112875242
13	6	MT	3.1770700121503115
13	7	MT	3.67006363472536
13	8	MT	3.67006363472536
13	9	MT	3.67006363472536
13	10	MT	3.9439489806003873
13	11	MT	4.272611395650419
13	12	MT	4.929936225750484
13	13	MT	4.929936225750484
13	14	MT	4.929936225750484
13	15	MT	4.929936225750484
13	16	MT	4.929936225750484
13	17	MT	4.929936225750484
13	18	MT	4.929936225750484
13	19	MT	4.929936225750484
13	20	MT	4.108280188125403
13	21	MT	3.2866241505003226
13	22	MT	2.464968112875242
13	23	MT	2.464968112875242
13	24	MT	2.464968112875242
13	1	H2	0.0
13	2	H2	0.0
13	3	H2	0.0
13	4	H2	0.0
13	5	H2	0.0
13	6	H2	0.0
13	7	H2	0.0
13	8	H2	0.0
13	9	H2	0.0
13	10	H2	0.0
13	11	H2	0.0
13	12	H2	0.0
13	13	H2	0.0
13	14	H2	0.0
13	15	H2	0.0
13	16	H2	0.0
13	17	H2	0.0
13	18	H2	0.0
13	19	H2	0.0
13	20	H2	0.0
13	21	H2	0.0
13	22	H2	0.0
13	23	H2	0.0
13	24	H2	0.0
13	1	CH4	19.749676919247577
13	2	CH4	22.218386534153527
13	3	CH4	22.218386534153527
13	4	CH4	22.218386534153527
13	5	CH4	22.218386534153527
13	6	CH4	28.637031532908985
13	7	CH4	33.0807088397397
13	8	CH4	33.0807088397397
13	9	CH4	33.0807088397397
13	10	CH4	35.54941845464564
13	11	CH4	38.51186999253278
13	12	CH4	44.436773068307055
13	13	CH4	44.436773068307055
13	14	CH4	44.436773068307055
13	15	CH4	44.436773068307055
13	16	CH4	44.436773068307055
13	17	CH4	44.436773068307055
13	18	CH4	44.436773068307055
13	19	CH4	44.436773068307055
13	20	CH4	37.030644223589206
13	21	CH4	29.624515378871365
13	22	CH4	22.218386534153527
13	23	CH4	22.218386534153527
13	24	CH4	22.218386534153527
13	1	Biogas	0.0
13	2	Biogas	0.0
13	3	Biogas	0.0
13	4	Biogas	0.0
13	5	Biogas	0.0
13	6	Biogas	0.0
13	7	Biogas	0.0
13	8	Biogas	0.0
13	9	Biogas	0.0
13	10	Biogas	0.0
13	11	Biogas	0.0
13	12	Biogas	0.0
13	13	Biogas	0.0
13	14	Biogas	0.0
13	15	Biogas	0.0
13	16	Biogas	0.0
13	17	Biogas	0.0
13	18	Biogas	0.0
13	19	Biogas	0.0
13	20	Biogas	0.0
13	21	Biogas	0.0
13	22	Biogas	0.0
13	23	Biogas	0.0
13	24	Biogas	0.0
13	1	CH4_H2_Mix	0.0
13	2	CH4_H2_Mix	0.0
13	3	CH4_H2_Mix	0.0
13	4	CH4_H2_Mix	0.0
13	5	CH4_H2_Mix	0.0
13	6	CH4_H2_Mix	0.0
13	7	CH4_H2_Mix	0.0
13	8	CH4_H2_Mix	0.0
13	9	CH4_H2_Mix	0.0
13	10	CH4_H2_Mix	0.0
13	11	CH4_H2_Mix	0.0
13	12	CH4_H2_Mix	0.0
13	13	CH4_H2_Mix	0.0
13	14	CH4_H2_Mix	0.0
13	15	CH4_H2_Mix	0.0
13	16	CH4_H2_Mix	0.0
13	17	CH4_H2_Mix	0.0
13	18	CH4_H2_Mix	0.0
13	19	CH4_H2_Mix	0.0
13	20	CH4_H2_Mix	0.0
13	21	CH4_H2_Mix	0.0
13	22	CH4_H2_Mix	0.0
13	23	CH4_H2_Mix	0.0
13	24	CH4_H2_Mix	0.0
13	1	DummyFuel	0.0
13	2	DummyFuel	0.0
13	3	DummyFuel	0.0
13	4	DummyFuel	0.0
13	5	DummyFuel	0.0
13	6	DummyFuel	0.0
13	7	DummyFuel	0.0
13	8	DummyFuel	0.0
13	9	DummyFuel	0.0
13	10	DummyFuel	0.0
13	11	DummyFuel	0.0
13	12	DummyFuel	0.0
13	13	DummyFuel	0.0
13	14	DummyFuel	0.0
13	15	DummyFuel	0.0
13	16	DummyFuel	0.0
13	17	DummyFuel	0.0
13	18	DummyFuel	0.0
13	19	DummyFuel	0.0
13	20	DummyFuel	0.0
13	21	DummyFuel	0.0
13	22	DummyFuel	0.0
13	23	DummyFuel	0.0
13	24	DummyFuel	0.0
14	1	Electricity	344.11889773984745
14	2	Electricity	358.99576163370057
14	3	Electricity	341.06019204345563
14	4	Electricity	352.787542847704
14	5	Electricity	367.03017046398463
14	6	Electricity	339.0124747252719
14	7	Electricity	354.1658716255363
14	8	Electricity	353.343226499586
14	9	Electricity	347.02402698022
14	10	Electricity	339.73301586585814
14	11	Electricity	351.7370647517901
14	12	Electricity	356.55320864573713
14	13	Electricity	358.2802413910271
14	14	Electricity	353.6854999571387
14	15	Electricity	355.2614274567227
14	16	Electricity	347.0780706643374
14	17	Electricity	355.9768655746197
14	18	Electricity	344.3359397972872
14	19	Electricity	354.88237001332186
14	20	Electricity	348.8772614240598
14	21	Electricity	353.4539366120482
14	22	Electricity	349.671076793275
14	23	Electricity	362.6684427734649
14	24	Electricity	355.6824903963177
14	1	LT	2.1910827670002146
14	2	LT	2.464968112875242
14	3	LT	2.464968112875242
14	4	LT	2.464968112875242
14	5	LT	2.464968112875242
14	6	LT	3.1770700121503115
14	7	LT	3.67006363472536
14	8	LT	3.67006363472536
14	9	LT	3.67006363472536
14	10	LT	3.9439489806003873
14	11	LT	4.272611395650419
14	12	LT	4.929936225750484
14	13	LT	4.929936225750484
14	14	LT	4.929936225750484
14	15	LT	4.929936225750484
14	16	LT	4.929936225750484
14	17	LT	4.929936225750484
14	18	LT	4.929936225750484
14	19	LT	4.929936225750484
14	20	LT	4.108280188125403
14	21	LT	3.2866241505003226
14	22	LT	2.464968112875242
14	23	LT	2.464968112875242
14	24	LT	2.464968112875242
14	1	MT	2.1910827670002146
14	2	MT	2.464968112875242
14	3	MT	2.464968112875242
14	4	MT	2.464968112875242
14	5	MT	2.464968112875242
14	6	MT	3.1770700121503115
14	7	MT	3.67006363472536
14	8	MT	3.67006363472536
14	9	MT	3.67006363472536
14	10	MT	3.9439489806003873
14	11	MT	4.272611395650419
14	12	MT	4.929936225750484
14	13	MT	4.929936225750484
14	14	MT	4.929936225750484
14	15	MT	4.929936225750484
14	16	MT	4.929936225750484
14	17	MT	4.929936225750484
14	18	MT	4.929936225750484
14	19	MT	4.929936225750484
14	20	MT	4.108280188125403
14	21	MT	3.2866241505003226
14	22	MT	2.464968112875242
14	23	MT	2.464968112875242
14	24	MT	2.464968112875242
14	1	H2	0.0
14	2	H2	0.0
14	3	H2	0.0
14	4	H2	0.0
14	5	H2	0.0
14	6	H2	0.0
14	7	H2	0.0
14	8	H2	0.0
14	9	H2	0.0
14	10	H2	0.0
14	11	H2	0.0
14	12	H2	0.0
14	13	H2	0.0
14	14	H2	0.0
14	15	H2	0.0
14	16	H2	0.0
14	17	H2	0.0
14	18	H2	0.0
14	19	H2	0.0
14	20	H2	0.0
14	21	H2	0.0
14	22	H2	0.0
14	23	H2	0.0
14	24	H2	0.0
14	1	CH4	19.749676919247577
14	2	CH4	22.218386534153527
14	3	CH4	22.218386534153527
14	4	CH4	22.218386534153527
14	5	CH4	22.218386534153527
14	6	CH4	28.637031532908985
14	7	CH4	33.0807088397397
14	8	CH4	33.0807088397397
14	9	CH4	33.0807088397397
14	10	CH4	35.54941845464564
14	11	CH4	38.51186999253278
14	12	CH4	44.436773068307055
14	13	CH4	44.436773068307055
14	14	CH4	44.436773068307055
14	15	CH4	44.436773068307055
14	16	CH4	44.436773068307055
14	17	CH4	44.436773068307055
14	18	CH4	44.436773068307055
14	19	CH4	44.436773068307055
14	20	CH4	37.030644223589206
14	21	CH4	29.624515378871365
14	22	CH4	22.218386534153527
14	23	CH4	22.218386534153527
14	24	CH4	22.218386534153527
14	1	Biogas	0.0
14	2	Biogas	0.0
14	3	Biogas	0.0
14	4	Biogas	0.0
14	5	Biogas	0.0
14	6	Biogas	0.0
14	7	Biogas	0.0
14	8	Biogas	0.0
14	9	Biogas	0.0
14	10	Biogas	0.0
14	11	Biogas	0.0
14	12	Biogas	0.0
14	13	Biogas	0.0
14	14	Biogas	0.0
14	15	Biogas	0.0
14	16	Biogas	0.0
14	17	Biogas	0.0
14	18	Biogas	0.0
14	19	Biogas	0.0
14	20	Biogas	0.0
14	21	Biogas	0.0
14	22	Biogas	0.0
14	23	Biogas	0.0
14	24	Biogas	0.0
14	1	CH4_H2_Mix	0.0
14	2	CH4_H2_Mix	0.0
14	3	CH4_H2_Mix	0.0
14	4	CH4_H2_Mix	0.0
14	5	CH4_H2_Mix	0.0
14	6	CH4_H2_Mix	0.0
14	7	CH4_H2_Mix	0.0
14	8	CH4_H2_Mix	0.0
14	9	CH4_H2_Mix	0.0
14	10	CH4_H2_Mix	0.0
14	11	CH4_H2_Mix	0.0
14	12	CH4_H2_Mix	0.0
14	13	CH4_H2_Mix	0.0
14	14	CH4_H2_Mix	0.0
14	15	CH4_H2_Mix	0.0
14	16	CH4_H2_Mix	0.0
14	17	CH4_H2_Mix	0.0
14	18	CH4_H2_Mix	0.0
14	19	CH4_H2_Mix	0.0
14	20	CH4_H2_Mix	0.0
14	21	CH4_H2_Mix	0.0
14	22	CH4_H2_Mix	0.0
14	23	CH4_H2_Mix	0.0
14	24	CH4_H2_Mix	0.0
14	1	DummyFuel	0.0
14	2	DummyFuel	0.0
14	3	DummyFuel	0.0
14	4	DummyFuel	0.0
14	5	DummyFuel	0.0
14	6	DummyFuel	0.0
14	7	DummyFuel	0.0
14	8	DummyFuel	0.0
14	9	DummyFuel	0.0
14	10	DummyFuel	0.0
14	11	DummyFuel	0.0
14	12	DummyFuel	0.0
14	13	DummyFuel	0.0
14	14	DummyFuel	0.0
14	15	DummyFuel	0.0
14	16	DummyFuel	0.0
14	17	DummyFuel	0.0
14	18	DummyFuel	0.0
14	19	DummyFuel	0.0
14	20	DummyFuel	0.0
14	21	DummyFuel	0.0
14	22	DummyFuel	0.0
14	23	DummyFuel	0.0
14	24	DummyFuel	0.0
