Node	Time	ID_Capacity_Sell_Volume
1	1	3.0
1	2	25.1
1	3	39.3
1	4	21.7
1	5	39.2
1	6	48.6
1	7	33.1
1	8	6.5
1	9	0.3
1	10	0.1
1	11	26.5
1	12	68.9
1	13	22.5
1	14	0.0
1	15	11.1
1	16	3.6
1	17	127.4
1	18	55.5
1	19	1.1
1	20	0.0
1	21	0.0
1	22	0.0
1	23	19.0
1	24	12.5
2	1	13.4
2	2	0.0
2	3	2.0
2	4	3.1
2	5	1.0
2	6	49.2
2	7	1.6
2	8	12.7
2	9	16.6
2	10	45.1
2	11	8.2
2	12	1.9
2	13	117.0
2	14	25.0
2	15	76.8
2	16	57.7
2	17	39.9
2	18	74.4
2	19	21.6
2	20	10.9
2	21	18.7
2	22	71.4
2	23	61.5
2	24	85.4
3	1	10.0
3	2	19.0
3	3	2.1
3	4	0.1
3	5	5.7
3	6	18.9
3	7	43.2
3	8	69.3
3	9	70.1
3	10	77.0
3	11	20.5
3	12	37.3
3	13	7.6
3	14	19.1
3	15	137.4
3	16	42.0
3	17	12.8
3	18	20.5
3	19	32.8
3	20	19.9
3	21	13.4
3	22	62.7
3	23	74.6
3	24	73.8
4	1	13.4
4	2	0.0
4	3	2.0
4	4	3.1
4	5	1.0
4	6	49.2
4	7	1.6
4	8	12.7
4	9	16.6
4	10	45.1
4	11	8.2
4	12	1.9
4	13	117.0
4	14	25.0
4	15	76.8
4	16	57.7
4	17	39.9
4	18	74.4
4	19	21.6
4	20	10.9
4	21	18.7
4	22	71.4
4	23	61.5
4	24	85.4
5	1	3.0
5	2	25.1
5	3	39.3
5	4	21.7
5	5	39.2
5	6	48.6
5	7	33.1
5	8	6.5
5	9	0.3
5	10	0.1
5	11	26.5
5	12	68.9
5	13	22.5
5	14	0.0
5	15	11.1
5	16	3.6
5	17	127.4
5	18	55.5
5	19	1.1
5	20	0.0
5	21	0.0
5	22	0.0
5	23	19.0
5	24	12.5
6	1	6.0
6	2	2.2
6	3	0.0
6	4	0.0
6	5	0.0
6	6	0.0
6	7	3.9
6	8	32.2
6	9	40.3
6	10	42.3
6	11	258.6
6	12	38.0
6	13	47.5
6	14	17.2
6	15	36.9
6	16	310.8
6	17	48.3
6	18	28.8
6	19	19.5
6	20	82.2
6	21	56.5
6	22	57.0
6	23	21.9
6	24	66.9
7	1	8.8
7	2	10.9
7	3	24.1
7	4	33.0
7	5	11.6
7	6	22.3
7	7	6.6
7	8	0.0
7	9	32.3
7	10	114.6
7	11	34.8
7	12	28.9
7	13	0.5
7	14	15.8
7	15	3.2
7	16	34.0
7	17	78.7
7	18	5.2
7	19	5.8
7	20	7.0
7	21	5.4
7	22	9.2
7	23	11.4
7	24	22.6
8	1	5.3
8	2	6.9
8	3	5.4
8	4	11.2
8	5	7.9
8	6	2.0
8	7	5.1
8	8	10.8
8	9	3.9
8	10	5.6
8	11	1.4
8	12	5.9
8	13	3.0
8	14	135.6
8	15	24.3
8	16	22.7
8	17	68.1
8	18	36.8
8	19	97.5
8	20	8.5
8	21	0.3
8	22	2.1
8	23	8.7
8	24	45.2
9	1	8.8
9	2	10.9
9	3	24.1
9	4	33.0
9	5	11.6
9	6	22.3
9	7	6.6
9	8	0.0
9	9	32.3
9	10	114.6
9	11	34.8
9	12	28.9
9	13	0.5
9	14	15.8
9	15	3.2
9	16	34.0
9	17	78.7
9	18	5.2
9	19	5.8
9	20	7.0
9	21	5.4
9	22	9.2
9	23	11.4
9	24	22.6
10	1	5.3
10	2	6.9
10	3	5.4
10	4	11.2
10	5	7.9
10	6	2.0
10	7	5.1
10	8	10.8
10	9	3.9
10	10	5.6
10	11	1.4
10	12	5.9
10	13	3.0
10	14	135.6
10	15	24.3
10	16	22.7
10	17	68.1
10	18	36.8
10	19	97.5
10	20	8.5
10	21	0.3
10	22	2.1
10	23	8.7
10	24	45.2
11	1	0.0
11	2	0.0
11	3	0.0
11	4	0.0
11	5	0.0
11	6	0.0
11	7	0.0
11	8	0.0
11	9	0.0
11	10	0.1
11	11	16.9
11	12	20.6
11	13	1.7
11	14	5.0
11	15	2.1
11	16	10.6
11	17	55.2
11	18	20.8
11	19	30.8
11	20	26.0
11	21	21.0
11	22	38.3
11	23	122.9
11	24	110.5
12	1	3.0
12	2	25.1
12	3	39.3
12	4	21.7
12	5	39.2
12	6	48.6
12	7	33.1
12	8	6.5
12	9	0.3
12	10	0.1
12	11	26.5
12	12	68.9
12	13	22.5
12	14	0.0
12	15	11.1
12	16	3.6
12	17	127.4
12	18	55.5
12	19	1.1
12	20	0.0
12	21	0.0
12	22	0.0
12	23	19.0
12	24	12.5
13	1	5.3
13	2	6.9
13	3	5.4
13	4	11.2
13	5	7.9
13	6	2.0
13	7	5.1
13	8	10.8
13	9	3.9
13	10	5.6
13	11	1.4
13	12	5.9
13	13	3.0
13	14	135.6
13	15	24.3
13	16	22.7
13	17	68.1
13	18	36.8
13	19	97.5
13	20	8.5
13	21	0.3
13	22	2.1
13	23	8.7
13	24	45.2
14	1	5.3
14	2	6.9
14	3	5.4
14	4	11.2
14	5	7.9
14	6	2.0
14	7	5.1
14	8	10.8
14	9	3.9
14	10	5.6
14	11	1.4
14	12	5.9
14	13	3.0
14	14	135.6
14	15	24.3
14	16	22.7
14	17	68.1
14	18	36.8
14	19	97.5
14	20	8.5
14	21	0.3
14	22	2.1
14	23	8.7
14	24	45.2
15	1	5.3
15	2	6.9
15	3	5.4
15	4	11.2
15	5	7.9
15	6	2.0
15	7	5.1
15	8	10.8
15	9	3.9
15	10	5.6
15	11	1.4
15	12	5.9
15	13	3.0
15	14	135.6
15	15	24.3
15	16	22.7
15	17	68.1
15	18	36.8
15	19	97.5
15	20	8.5
15	21	0.3
15	22	2.1
15	23	8.7
15	24	45.2
16	1	3.0
16	2	25.1
16	3	39.3
16	4	21.7
16	5	39.2
16	6	48.6
16	7	33.1
16	8	6.5
16	9	0.3
16	10	0.1
16	11	26.5
16	12	68.9
16	13	22.5
16	14	0.0
16	15	11.1
16	16	3.6
16	17	127.4
16	18	55.5
16	19	1.1
16	20	0.0
16	21	0.0
16	22	0.0
16	23	19.0
16	24	12.5
17	1	5.3
17	2	6.9
17	3	5.4
17	4	11.2
17	5	7.9
17	6	2.0
17	7	5.1
17	8	10.8
17	9	3.9
17	10	5.6
17	11	1.4
17	12	5.9
17	13	3.0
17	14	135.6
17	15	24.3
17	16	22.7
17	17	68.1
17	18	36.8
17	19	97.5
17	20	8.5
17	21	0.3
17	22	2.1
17	23	8.7
17	24	45.2
18	1	10.0
18	2	19.0
18	3	2.1
18	4	0.1
18	5	5.7
18	6	18.9
18	7	43.2
18	8	69.3
18	9	70.1
18	10	77.0
18	11	20.5
18	12	37.3
18	13	7.6
18	14	19.1
18	15	137.4
18	16	42.0
18	17	12.8
18	18	20.5
18	19	32.8
18	20	19.9
18	21	13.4
18	22	62.7
18	23	74.6
18	24	73.8
19	1	3.0
19	2	25.1
19	3	39.3
19	4	21.7
19	5	39.2
19	6	48.6
19	7	33.1
19	8	6.5
19	9	0.3
19	10	0.1
19	11	26.5
19	12	68.9
19	13	22.5
19	14	0.0
19	15	11.1
19	16	3.6
19	17	127.4
19	18	55.5
19	19	1.1
19	20	0.0
19	21	0.0
19	22	0.0
19	23	19.0
19	24	12.5
20	1	3.0
20	2	25.1
20	3	39.3
20	4	21.7
20	5	39.2
20	6	48.6
20	7	33.1
20	8	6.5
20	9	0.3
20	10	0.1
20	11	26.5
20	12	68.9
20	13	22.5
20	14	0.0
20	15	11.1
20	16	3.6
20	17	127.4
20	18	55.5
20	19	1.1
20	20	0.0
20	21	0.0
20	22	0.0
20	23	19.0
20	24	12.5
21	1	6.0
21	2	2.2
21	3	0.0
21	4	0.0
21	5	0.0
21	6	0.0
21	7	3.9
21	8	32.2
21	9	40.3
21	10	42.3
21	11	258.6
21	12	38.0
21	13	47.5
21	14	17.2
21	15	36.9
21	16	310.8
21	17	48.3
21	18	28.8
21	19	19.5
21	20	82.2
21	21	56.5
21	22	57.0
21	23	21.9
21	24	66.9
22	1	5.3
22	2	6.9
22	3	5.4
22	4	11.2
22	5	7.9
22	6	2.0
22	7	5.1
22	8	10.8
22	9	3.9
22	10	5.6
22	11	1.4
22	12	5.9
22	13	3.0
22	14	135.6
22	15	24.3
22	16	22.7
22	17	68.1
22	18	36.8
22	19	97.5
22	20	8.5
22	21	0.3
22	22	2.1
22	23	8.7
22	24	45.2
23	1	8.8
23	2	10.9
23	3	24.1
23	4	33.0
23	5	11.6
23	6	22.3
23	7	6.6
23	8	0.0
23	9	32.3
23	10	114.6
23	11	34.8
23	12	28.9
23	13	0.5
23	14	15.8
23	15	3.2
23	16	34.0
23	17	78.7
23	18	5.2
23	19	5.8
23	20	7.0
23	21	5.4
23	22	9.2
23	23	11.4
23	24	22.6
24	1	3.0
24	2	25.1
24	3	39.3
24	4	21.7
24	5	39.2
24	6	48.6
24	7	33.1
24	8	6.5
24	9	0.3
24	10	0.1
24	11	26.5
24	12	68.9
24	13	22.5
24	14	0.0
24	15	11.1
24	16	3.6
24	17	127.4
24	18	55.5
24	19	1.1
24	20	0.0
24	21	0.0
24	22	0.0
24	23	19.0
24	24	12.5
25	1	6.0
25	2	2.2
25	3	0.0
25	4	0.0
25	5	0.0
25	6	0.0
25	7	3.9
25	8	32.2
25	9	40.3
25	10	42.3
25	11	258.6
25	12	38.0
25	13	47.5
25	14	17.2
25	15	36.9
25	16	310.8
25	17	48.3
25	18	28.8
25	19	19.5
25	20	82.2
25	21	56.5
25	22	57.0
25	23	21.9
25	24	66.9
26	1	0.0
26	2	0.0
26	3	0.0
26	4	0.0
26	5	0.0
26	6	0.0
26	7	0.0
26	8	0.0
26	9	0.0
26	10	0.1
26	11	16.9
26	12	20.6
26	13	1.7
26	14	5.0
26	15	2.1
26	16	10.6
26	17	55.2
26	18	20.8
26	19	30.8
26	20	26.0
26	21	21.0
26	22	38.3
26	23	122.9
26	24	110.5
27	1	3.0
27	2	25.1
27	3	39.3
27	4	21.7
27	5	39.2
27	6	48.6
27	7	33.1
27	8	6.5
27	9	0.3
27	10	0.1
27	11	26.5
27	12	68.9
27	13	22.5
27	14	0.0
27	15	11.1
27	16	3.6
27	17	127.4
27	18	55.5
27	19	1.1
27	20	0.0
27	21	0.0
27	22	0.0
27	23	19.0
27	24	12.5
28	1	10.0
28	2	19.0
28	3	2.1
28	4	0.1
28	5	5.7
28	6	18.9
28	7	43.2
28	8	69.3
28	9	70.1
28	10	77.0
28	11	20.5
28	12	37.3
28	13	7.6
28	14	19.1
28	15	137.4
28	16	42.0
28	17	12.8
28	18	20.5
28	19	32.8
28	20	19.9
28	21	13.4
28	22	62.7
28	23	74.6
28	24	73.8
29	1	13.4
29	2	0.0
29	3	2.0
29	4	3.1
29	5	1.0
29	6	49.2
29	7	1.6
29	8	12.7
29	9	16.6
29	10	45.1
29	11	8.2
29	12	1.9
29	13	117.0
29	14	25.0
29	15	76.8
29	16	57.7
29	17	39.9
29	18	74.4
29	19	21.6
29	20	10.9
29	21	18.7
29	22	71.4
29	23	61.5
29	24	85.4
30	1	6.0
30	2	2.2
30	3	0.0
30	4	0.0
30	5	0.0
30	6	0.0
30	7	3.9
30	8	32.2
30	9	40.3
30	10	42.3
30	11	258.6
30	12	38.0
30	13	47.5
30	14	17.2
30	15	36.9
30	16	310.8
30	17	48.3
30	18	28.8
30	19	19.5
30	20	82.2
30	21	56.5
30	22	57.0
30	23	21.9
30	24	66.9
31	1	3.0
31	2	25.1
31	3	39.3
31	4	21.7
31	5	39.2
31	6	48.6
31	7	33.1
31	8	6.5
31	9	0.3
31	10	0.1
31	11	26.5
31	12	68.9
31	13	22.5
31	14	0.0
31	15	11.1
31	16	3.6
31	17	127.4
31	18	55.5
31	19	1.1
31	20	0.0
31	21	0.0
31	22	0.0
31	23	19.0
31	24	12.5
32	1	6.0
32	2	2.2
32	3	0.0
32	4	0.0
32	5	0.0
32	6	0.0
32	7	3.9
32	8	32.2
32	9	40.3
32	10	42.3
32	11	258.6
32	12	38.0
32	13	47.5
32	14	17.2
32	15	36.9
32	16	310.8
32	17	48.3
32	18	28.8
32	19	19.5
32	20	82.2
32	21	56.5
32	22	57.0
32	23	21.9
32	24	66.9
33	1	0.0
33	2	0.0
33	3	0.0
33	4	0.0
33	5	0.0
33	6	0.0
33	7	0.0
33	8	0.0
33	9	0.0
33	10	0.1
33	11	16.9
33	12	20.6
33	13	1.7
33	14	5.0
33	15	2.1
33	16	10.6
33	17	55.2
33	18	20.8
33	19	30.8
33	20	26.0
33	21	21.0
33	22	38.3
33	23	122.9
33	24	110.5
34	1	13.4
34	2	0.0
34	3	2.0
34	4	3.1
34	5	1.0
34	6	49.2
34	7	1.6
34	8	12.7
34	9	16.6
34	10	45.1
34	11	8.2
34	12	1.9
34	13	117.0
34	14	25.0
34	15	76.8
34	16	57.7
34	17	39.9
34	18	74.4
34	19	21.6
34	20	10.9
34	21	18.7
34	22	71.4
34	23	61.5
34	24	85.4
35	1	6.0
35	2	2.2
35	3	0.0
35	4	0.0
35	5	0.0
35	6	0.0
35	7	3.9
35	8	32.2
35	9	40.3
35	10	42.3
35	11	258.6
35	12	38.0
35	13	47.5
35	14	17.2
35	15	36.9
35	16	310.8
35	17	48.3
35	18	28.8
35	19	19.5
35	20	82.2
35	21	56.5
35	22	57.0
35	23	21.9
35	24	66.9
36	1	5.3
36	2	6.9
36	3	5.4
36	4	11.2
36	5	7.9
36	6	2.0
36	7	5.1
36	8	10.8
36	9	3.9
36	10	5.6
36	11	1.4
36	12	5.9
36	13	3.0
36	14	135.6
36	15	24.3
36	16	22.7
36	17	68.1
36	18	36.8
36	19	97.5
36	20	8.5
36	21	0.3
36	22	2.1
36	23	8.7
36	24	45.2
37	1	3.0
37	2	25.1
37	3	39.3
37	4	21.7
37	5	39.2
37	6	48.6
37	7	33.1
37	8	6.5
37	9	0.3
37	10	0.1
37	11	26.5
37	12	68.9
37	13	22.5
37	14	0.0
37	15	11.1
37	16	3.6
37	17	127.4
37	18	55.5
37	19	1.1
37	20	0.0
37	21	0.0
37	22	0.0
37	23	19.0
37	24	12.5
38	1	3.0
38	2	25.1
38	3	39.3
38	4	21.7
38	5	39.2
38	6	48.6
38	7	33.1
38	8	6.5
38	9	0.3
38	10	0.1
38	11	26.5
38	12	68.9
38	13	22.5
38	14	0.0
38	15	11.1
38	16	3.6
38	17	127.4
38	18	55.5
38	19	1.1
38	20	0.0
38	21	0.0
38	22	0.0
38	23	19.0
38	24	12.5
39	1	5.3
39	2	6.9
39	3	5.4
39	4	11.2
39	5	7.9
39	6	2.0
39	7	5.1
39	8	10.8
39	9	3.9
39	10	5.6
39	11	1.4
39	12	5.9
39	13	3.0
39	14	135.6
39	15	24.3
39	16	22.7
39	17	68.1
39	18	36.8
39	19	97.5
39	20	8.5
39	21	0.3
39	22	2.1
39	23	8.7
39	24	45.2
40	1	3.0
40	2	25.1
40	3	39.3
40	4	21.7
40	5	39.2
40	6	48.6
40	7	33.1
40	8	6.5
40	9	0.3
40	10	0.1
40	11	26.5
40	12	68.9
40	13	22.5
40	14	0.0
40	15	11.1
40	16	3.6
40	17	127.4
40	18	55.5
40	19	1.1
40	20	0.0
40	21	0.0
40	22	0.0
40	23	19.0
40	24	12.5
41	1	5.3
41	2	6.9
41	3	5.4
41	4	11.2
41	5	7.9
41	6	2.0
41	7	5.1
41	8	10.8
41	9	3.9
41	10	5.6
41	11	1.4
41	12	5.9
41	13	3.0
41	14	135.6
41	15	24.3
41	16	22.7
41	17	68.1
41	18	36.8
41	19	97.5
41	20	8.5
41	21	0.3
41	22	2.1
41	23	8.7
41	24	45.2
42	1	6.0
42	2	2.2
42	3	0.0
42	4	0.0
42	5	0.0
42	6	0.0
42	7	3.9
42	8	32.2
42	9	40.3
42	10	42.3
42	11	258.6
42	12	38.0
42	13	47.5
42	14	17.2
42	15	36.9
42	16	310.8
42	17	48.3
42	18	28.8
42	19	19.5
42	20	82.2
42	21	56.5
42	22	57.0
42	23	21.9
42	24	66.9
43	1	10.0
43	2	19.0
43	3	2.1
43	4	0.1
43	5	5.7
43	6	18.9
43	7	43.2
43	8	69.3
43	9	70.1
43	10	77.0
43	11	20.5
43	12	37.3
43	13	7.6
43	14	19.1
43	15	137.4
43	16	42.0
43	17	12.8
43	18	20.5
43	19	32.8
43	20	19.9
43	21	13.4
43	22	62.7
43	23	74.6
43	24	73.8
44	1	5.3
44	2	6.9
44	3	5.4
44	4	11.2
44	5	7.9
44	6	2.0
44	7	5.1
44	8	10.8
44	9	3.9
44	10	5.6
44	11	1.4
44	12	5.9
44	13	3.0
44	14	135.6
44	15	24.3
44	16	22.7
44	17	68.1
44	18	36.8
44	19	97.5
44	20	8.5
44	21	0.3
44	22	2.1
44	23	8.7
44	24	45.2
45	1	6.0
45	2	2.2
45	3	0.0
45	4	0.0
45	5	0.0
45	6	0.0
45	7	3.9
45	8	32.2
45	9	40.3
45	10	42.3
45	11	258.6
45	12	38.0
45	13	47.5
45	14	17.2
45	15	36.9
45	16	310.8
45	17	48.3
45	18	28.8
45	19	19.5
45	20	82.2
45	21	56.5
45	22	57.0
45	23	21.9
45	24	66.9
46	1	3.0
46	2	25.1
46	3	39.3
46	4	21.7
46	5	39.2
46	6	48.6
46	7	33.1
46	8	6.5
46	9	0.3
46	10	0.1
46	11	26.5
46	12	68.9
46	13	22.5
46	14	0.0
46	15	11.1
46	16	3.6
46	17	127.4
46	18	55.5
46	19	1.1
46	20	0.0
46	21	0.0
46	22	0.0
46	23	19.0
46	24	12.5
47	1	0.0
47	2	0.0
47	3	0.0
47	4	0.0
47	5	0.0
47	6	0.0
47	7	0.0
47	8	0.0
47	9	0.0
47	10	0.1
47	11	16.9
47	12	20.6
47	13	1.7
47	14	5.0
47	15	2.1
47	16	10.6
47	17	55.2
47	18	20.8
47	19	30.8
47	20	26.0
47	21	21.0
47	22	38.3
47	23	122.9
47	24	110.5
48	1	3.0
48	2	25.1
48	3	39.3
48	4	21.7
48	5	39.2
48	6	48.6
48	7	33.1
48	8	6.5
48	9	0.3
48	10	0.1
48	11	26.5
48	12	68.9
48	13	22.5
48	14	0.0
48	15	11.1
48	16	3.6
48	17	127.4
48	18	55.5
48	19	1.1
48	20	0.0
48	21	0.0
48	22	0.0
48	23	19.0
48	24	12.5
49	1	5.3
49	2	6.9
49	3	5.4
49	4	11.2
49	5	7.9
49	6	2.0
49	7	5.1
49	8	10.8
49	9	3.9
49	10	5.6
49	11	1.4
49	12	5.9
49	13	3.0
49	14	135.6
49	15	24.3
49	16	22.7
49	17	68.1
49	18	36.8
49	19	97.5
49	20	8.5
49	21	0.3
49	22	2.1
49	23	8.7
49	24	45.2
50	1	10.0
50	2	19.0
50	3	2.1
50	4	0.1
50	5	5.7
50	6	18.9
50	7	43.2
50	8	69.3
50	9	70.1
50	10	77.0
50	11	20.5
50	12	37.3
50	13	7.6
50	14	19.1
50	15	137.4
50	16	42.0
50	17	12.8
50	18	20.5
50	19	32.8
50	20	19.9
50	21	13.4
50	22	62.7
50	23	74.6
50	24	73.8
51	1	5.3
51	2	6.9
51	3	5.4
51	4	11.2
51	5	7.9
51	6	2.0
51	7	5.1
51	8	10.8
51	9	3.9
51	10	5.6
51	11	1.4
51	12	5.9
51	13	3.0
51	14	135.6
51	15	24.3
51	16	22.7
51	17	68.1
51	18	36.8
51	19	97.5
51	20	8.5
51	21	0.3
51	22	2.1
51	23	8.7
51	24	45.2
52	1	0.0
52	2	0.0
52	3	0.0
52	4	0.0
52	5	0.0
52	6	0.0
52	7	0.0
52	8	0.0
52	9	0.0
52	10	0.1
52	11	16.9
52	12	20.6
52	13	1.7
52	14	5.0
52	15	2.1
52	16	10.6
52	17	55.2
52	18	20.8
52	19	30.8
52	20	26.0
52	21	21.0
52	22	38.3
52	23	122.9
52	24	110.5
53	1	3.0
53	2	25.1
53	3	39.3
53	4	21.7
53	5	39.2
53	6	48.6
53	7	33.1
53	8	6.5
53	9	0.3
53	10	0.1
53	11	26.5
53	12	68.9
53	13	22.5
53	14	0.0
53	15	11.1
53	16	3.6
53	17	127.4
53	18	55.5
53	19	1.1
53	20	0.0
53	21	0.0
53	22	0.0
53	23	19.0
53	24	12.5
54	1	5.3
54	2	6.9
54	3	5.4
54	4	11.2
54	5	7.9
54	6	2.0
54	7	5.1
54	8	10.8
54	9	3.9
54	10	5.6
54	11	1.4
54	12	5.9
54	13	3.0
54	14	135.6
54	15	24.3
54	16	22.7
54	17	68.1
54	18	36.8
54	19	97.5
54	20	8.5
54	21	0.3
54	22	2.1
54	23	8.7
54	24	45.2
55	1	8.8
55	2	10.9
55	3	24.1
55	4	33.0
55	5	11.6
55	6	22.3
55	7	6.6
55	8	0.0
55	9	32.3
55	10	114.6
55	11	34.8
55	12	28.9
55	13	0.5
55	14	15.8
55	15	3.2
55	16	34.0
55	17	78.7
55	18	5.2
55	19	5.8
55	20	7.0
55	21	5.4
55	22	9.2
55	23	11.4
55	24	22.6
56	1	3.0
56	2	25.1
56	3	39.3
56	4	21.7
56	5	39.2
56	6	48.6
56	7	33.1
56	8	6.5
56	9	0.3
56	10	0.1
56	11	26.5
56	12	68.9
56	13	22.5
56	14	0.0
56	15	11.1
56	16	3.6
56	17	127.4
56	18	55.5
56	19	1.1
56	20	0.0
56	21	0.0
56	22	0.0
56	23	19.0
56	24	12.5
57	1	3.0
57	2	25.1
57	3	39.3
57	4	21.7
57	5	39.2
57	6	48.6
57	7	33.1
57	8	6.5
57	9	0.3
57	10	0.1
57	11	26.5
57	12	68.9
57	13	22.5
57	14	0.0
57	15	11.1
57	16	3.6
57	17	127.4
57	18	55.5
57	19	1.1
57	20	0.0
57	21	0.0
57	22	0.0
57	23	19.0
57	24	12.5
58	1	3.0
58	2	25.1
58	3	39.3
58	4	21.7
58	5	39.2
58	6	48.6
58	7	33.1
58	8	6.5
58	9	0.3
58	10	0.1
58	11	26.5
58	12	68.9
58	13	22.5
58	14	0.0
58	15	11.1
58	16	3.6
58	17	127.4
58	18	55.5
58	19	1.1
58	20	0.0
58	21	0.0
58	22	0.0
58	23	19.0
58	24	12.5
59	1	10.0
59	2	19.0
59	3	2.1
59	4	0.1
59	5	5.7
59	6	18.9
59	7	43.2
59	8	69.3
59	9	70.1
59	10	77.0
59	11	20.5
59	12	37.3
59	13	7.6
59	14	19.1
59	15	137.4
59	16	42.0
59	17	12.8
59	18	20.5
59	19	32.8
59	20	19.9
59	21	13.4
59	22	62.7
59	23	74.6
59	24	73.8
60	1	0.0
60	2	0.0
60	3	0.0
60	4	0.0
60	5	0.0
60	6	0.0
60	7	0.0
60	8	0.0
60	9	0.0
60	10	0.1
60	11	16.9
60	12	20.6
60	13	1.7
60	14	5.0
60	15	2.1
60	16	10.6
60	17	55.2
60	18	20.8
60	19	30.8
60	20	26.0
60	21	21.0
60	22	38.3
60	23	122.9
60	24	110.5
61	1	3.0
61	2	25.1
61	3	39.3
61	4	21.7
61	5	39.2
61	6	48.6
61	7	33.1
61	8	6.5
61	9	0.3
61	10	0.1
61	11	26.5
61	12	68.9
61	13	22.5
61	14	0.0
61	15	11.1
61	16	3.6
61	17	127.4
61	18	55.5
61	19	1.1
61	20	0.0
61	21	0.0
61	22	0.0
61	23	19.0
61	24	12.5
62	1	6.0
62	2	2.2
62	3	0.0
62	4	0.0
62	5	0.0
62	6	0.0
62	7	3.9
62	8	32.2
62	9	40.3
62	10	42.3
62	11	258.6
62	12	38.0
62	13	47.5
62	14	17.2
62	15	36.9
62	16	310.8
62	17	48.3
62	18	28.8
62	19	19.5
62	20	82.2
62	21	56.5
62	22	57.0
62	23	21.9
62	24	66.9
63	1	8.8
63	2	10.9
63	3	24.1
63	4	33.0
63	5	11.6
63	6	22.3
63	7	6.6
63	8	0.0
63	9	32.3
63	10	114.6
63	11	34.8
63	12	28.9
63	13	0.5
63	14	15.8
63	15	3.2
63	16	34.0
63	17	78.7
63	18	5.2
63	19	5.8
63	20	7.0
63	21	5.4
63	22	9.2
63	23	11.4
63	24	22.6
64	1	3.0
64	2	25.1
64	3	39.3
64	4	21.7
64	5	39.2
64	6	48.6
64	7	33.1
64	8	6.5
64	9	0.3
64	10	0.1
64	11	26.5
64	12	68.9
64	13	22.5
64	14	0.0
64	15	11.1
64	16	3.6
64	17	127.4
64	18	55.5
64	19	1.1
64	20	0.0
64	21	0.0
64	22	0.0
64	23	19.0
64	24	12.5
65	1	3.0
65	2	25.1
65	3	39.3
65	4	21.7
65	5	39.2
65	6	48.6
65	7	33.1
65	8	6.5
65	9	0.3
65	10	0.1
65	11	26.5
65	12	68.9
65	13	22.5
65	14	0.0
65	15	11.1
65	16	3.6
65	17	127.4
65	18	55.5
65	19	1.1
65	20	0.0
65	21	0.0
65	22	0.0
65	23	19.0
65	24	12.5
66	1	6.0
66	2	2.2
66	3	0.0
66	4	0.0
66	5	0.0
66	6	0.0
66	7	3.9
66	8	32.2
66	9	40.3
66	10	42.3
66	11	258.6
66	12	38.0
66	13	47.5
66	14	17.2
66	15	36.9
66	16	310.8
66	17	48.3
66	18	28.8
66	19	19.5
66	20	82.2
66	21	56.5
66	22	57.0
66	23	21.9
66	24	66.9
67	1	13.4
67	2	0.0
67	3	2.0
67	4	3.1
67	5	1.0
67	6	49.2
67	7	1.6
67	8	12.7
67	9	16.6
67	10	45.1
67	11	8.2
67	12	1.9
67	13	117.0
67	14	25.0
67	15	76.8
67	16	57.7
67	17	39.9
67	18	74.4
67	19	21.6
67	20	10.9
67	21	18.7
67	22	71.4
67	23	61.5
67	24	85.4
68	1	0.0
68	2	0.0
68	3	0.0
68	4	0.0
68	5	0.0
68	6	0.0
68	7	0.0
68	8	0.0
68	9	0.0
68	10	0.1
68	11	16.9
68	12	20.6
68	13	1.7
68	14	5.0
68	15	2.1
68	16	10.6
68	17	55.2
68	18	20.8
68	19	30.8
68	20	26.0
68	21	21.0
68	22	38.3
68	23	122.9
68	24	110.5
69	1	10.0
69	2	19.0
69	3	2.1
69	4	0.1
69	5	5.7
69	6	18.9
69	7	43.2
69	8	69.3
69	9	70.1
69	10	77.0
69	11	20.5
69	12	37.3
69	13	7.6
69	14	19.1
69	15	137.4
69	16	42.0
69	17	12.8
69	18	20.5
69	19	32.8
69	20	19.9
69	21	13.4
69	22	62.7
69	23	74.6
69	24	73.8
70	1	0.0
70	2	0.0
70	3	0.0
70	4	0.0
70	5	0.0
70	6	0.0
70	7	0.0
70	8	0.0
70	9	0.0
70	10	0.1
70	11	16.9
70	12	20.6
70	13	1.7
70	14	5.0
70	15	2.1
70	16	10.6
70	17	55.2
70	18	20.8
70	19	30.8
70	20	26.0
70	21	21.0
70	22	38.3
70	23	122.9
70	24	110.5
71	1	0.0
71	2	0.0
71	3	0.0
71	4	0.0
71	5	0.0
71	6	0.0
71	7	0.0
71	8	0.0
71	9	0.0
71	10	0.1
71	11	16.9
71	12	20.6
71	13	1.7
71	14	5.0
71	15	2.1
71	16	10.6
71	17	55.2
71	18	20.8
71	19	30.8
71	20	26.0
71	21	21.0
71	22	38.3
71	23	122.9
71	24	110.5
72	1	6.0
72	2	2.2
72	3	0.0
72	4	0.0
72	5	0.0
72	6	0.0
72	7	3.9
72	8	32.2
72	9	40.3
72	10	42.3
72	11	258.6
72	12	38.0
72	13	47.5
72	14	17.2
72	15	36.9
72	16	310.8
72	17	48.3
72	18	28.8
72	19	19.5
72	20	82.2
72	21	56.5
72	22	57.0
72	23	21.9
72	24	66.9
73	1	0.0
73	2	0.0
73	3	0.0
73	4	0.0
73	5	0.0
73	6	0.0
73	7	0.0
73	8	0.0
73	9	0.0
73	10	0.1
73	11	16.9
73	12	20.6
73	13	1.7
73	14	5.0
73	15	2.1
73	16	10.6
73	17	55.2
73	18	20.8
73	19	30.8
73	20	26.0
73	21	21.0
73	22	38.3
73	23	122.9
73	24	110.5
74	1	5.3
74	2	6.9
74	3	5.4
74	4	11.2
74	5	7.9
74	6	2.0
74	7	5.1
74	8	10.8
74	9	3.9
74	10	5.6
74	11	1.4
74	12	5.9
74	13	3.0
74	14	135.6
74	15	24.3
74	16	22.7
74	17	68.1
74	18	36.8
74	19	97.5
74	20	8.5
74	21	0.3
74	22	2.1
74	23	8.7
74	24	45.2
75	1	10.0
75	2	19.0
75	3	2.1
75	4	0.1
75	5	5.7
75	6	18.9
75	7	43.2
75	8	69.3
75	9	70.1
75	10	77.0
75	11	20.5
75	12	37.3
75	13	7.6
75	14	19.1
75	15	137.4
75	16	42.0
75	17	12.8
75	18	20.5
75	19	32.8
75	20	19.9
75	21	13.4
75	22	62.7
75	23	74.6
75	24	73.8
76	1	5.3
76	2	6.9
76	3	5.4
76	4	11.2
76	5	7.9
76	6	2.0
76	7	5.1
76	8	10.8
76	9	3.9
76	10	5.6
76	11	1.4
76	12	5.9
76	13	3.0
76	14	135.6
76	15	24.3
76	16	22.7
76	17	68.1
76	18	36.8
76	19	97.5
76	20	8.5
76	21	0.3
76	22	2.1
76	23	8.7
76	24	45.2
77	1	6.0
77	2	2.2
77	3	0.0
77	4	0.0
77	5	0.0
77	6	0.0
77	7	3.9
77	8	32.2
77	9	40.3
77	10	42.3
77	11	258.6
77	12	38.0
77	13	47.5
77	14	17.2
77	15	36.9
77	16	310.8
77	17	48.3
77	18	28.8
77	19	19.5
77	20	82.2
77	21	56.5
77	22	57.0
77	23	21.9
77	24	66.9
78	1	5.3
78	2	6.9
78	3	5.4
78	4	11.2
78	5	7.9
78	6	2.0
78	7	5.1
78	8	10.8
78	9	3.9
78	10	5.6
78	11	1.4
78	12	5.9
78	13	3.0
78	14	135.6
78	15	24.3
78	16	22.7
78	17	68.1
78	18	36.8
78	19	97.5
78	20	8.5
78	21	0.3
78	22	2.1
78	23	8.7
78	24	45.2
79	1	8.8
79	2	10.9
79	3	24.1
79	4	33.0
79	5	11.6
79	6	22.3
79	7	6.6
79	8	0.0
79	9	32.3
79	10	114.6
79	11	34.8
79	12	28.9
79	13	0.5
79	14	15.8
79	15	3.2
79	16	34.0
79	17	78.7
79	18	5.2
79	19	5.8
79	20	7.0
79	21	5.4
79	22	9.2
79	23	11.4
79	24	22.6
80	1	8.8
80	2	10.9
80	3	24.1
80	4	33.0
80	5	11.6
80	6	22.3
80	7	6.6
80	8	0.0
80	9	32.3
80	10	114.6
80	11	34.8
80	12	28.9
80	13	0.5
80	14	15.8
80	15	3.2
80	16	34.0
80	17	78.7
80	18	5.2
80	19	5.8
80	20	7.0
80	21	5.4
80	22	9.2
80	23	11.4
80	24	22.6
81	1	3.0
81	2	25.1
81	3	39.3
81	4	21.7
81	5	39.2
81	6	48.6
81	7	33.1
81	8	6.5
81	9	0.3
81	10	0.1
81	11	26.5
81	12	68.9
81	13	22.5
81	14	0.0
81	15	11.1
81	16	3.6
81	17	127.4
81	18	55.5
81	19	1.1
81	20	0.0
81	21	0.0
81	22	0.0
81	23	19.0
81	24	12.5
82	1	8.8
82	2	10.9
82	3	24.1
82	4	33.0
82	5	11.6
82	6	22.3
82	7	6.6
82	8	0.0
82	9	32.3
82	10	114.6
82	11	34.8
82	12	28.9
82	13	0.5
82	14	15.8
82	15	3.2
82	16	34.0
82	17	78.7
82	18	5.2
82	19	5.8
82	20	7.0
82	21	5.4
82	22	9.2
82	23	11.4
82	24	22.6
83	1	5.3
83	2	6.9
83	3	5.4
83	4	11.2
83	5	7.9
83	6	2.0
83	7	5.1
83	8	10.8
83	9	3.9
83	10	5.6
83	11	1.4
83	12	5.9
83	13	3.0
83	14	135.6
83	15	24.3
83	16	22.7
83	17	68.1
83	18	36.8
83	19	97.5
83	20	8.5
83	21	0.3
83	22	2.1
83	23	8.7
83	24	45.2
84	1	0.0
84	2	0.0
84	3	0.0
84	4	0.0
84	5	0.0
84	6	0.0
84	7	0.0
84	8	0.0
84	9	0.0
84	10	0.1
84	11	16.9
84	12	20.6
84	13	1.7
84	14	5.0
84	15	2.1
84	16	10.6
84	17	55.2
84	18	20.8
84	19	30.8
84	20	26.0
84	21	21.0
84	22	38.3
84	23	122.9
84	24	110.5
85	1	3.0
85	2	25.1
85	3	39.3
85	4	21.7
85	5	39.2
85	6	48.6
85	7	33.1
85	8	6.5
85	9	0.3
85	10	0.1
85	11	26.5
85	12	68.9
85	13	22.5
85	14	0.0
85	15	11.1
85	16	3.6
85	17	127.4
85	18	55.5
85	19	1.1
85	20	0.0
85	21	0.0
85	22	0.0
85	23	19.0
85	24	12.5
86	1	6.0
86	2	2.2
86	3	0.0
86	4	0.0
86	5	0.0
86	6	0.0
86	7	3.9
86	8	32.2
86	9	40.3
86	10	42.3
86	11	258.6
86	12	38.0
86	13	47.5
86	14	17.2
86	15	36.9
86	16	310.8
86	17	48.3
86	18	28.8
86	19	19.5
86	20	82.2
86	21	56.5
86	22	57.0
86	23	21.9
86	24	66.9
87	1	3.0
87	2	25.1
87	3	39.3
87	4	21.7
87	5	39.2
87	6	48.6
87	7	33.1
87	8	6.5
87	9	0.3
87	10	0.1
87	11	26.5
87	12	68.9
87	13	22.5
87	14	0.0
87	15	11.1
87	16	3.6
87	17	127.4
87	18	55.5
87	19	1.1
87	20	0.0
87	21	0.0
87	22	0.0
87	23	19.0
87	24	12.5
88	1	3.0
88	2	25.1
88	3	39.3
88	4	21.7
88	5	39.2
88	6	48.6
88	7	33.1
88	8	6.5
88	9	0.3
88	10	0.1
88	11	26.5
88	12	68.9
88	13	22.5
88	14	0.0
88	15	11.1
88	16	3.6
88	17	127.4
88	18	55.5
88	19	1.1
88	20	0.0
88	21	0.0
88	22	0.0
88	23	19.0
88	24	12.5
89	1	3.0
89	2	25.1
89	3	39.3
89	4	21.7
89	5	39.2
89	6	48.6
89	7	33.1
89	8	6.5
89	9	0.3
89	10	0.1
89	11	26.5
89	12	68.9
89	13	22.5
89	14	0.0
89	15	11.1
89	16	3.6
89	17	127.4
89	18	55.5
89	19	1.1
89	20	0.0
89	21	0.0
89	22	0.0
89	23	19.0
89	24	12.5
90	1	8.8
90	2	10.9
90	3	24.1
90	4	33.0
90	5	11.6
90	6	22.3
90	7	6.6
90	8	0.0
90	9	32.3
90	10	114.6
90	11	34.8
90	12	28.9
90	13	0.5
90	14	15.8
90	15	3.2
90	16	34.0
90	17	78.7
90	18	5.2
90	19	5.8
90	20	7.0
90	21	5.4
90	22	9.2
90	23	11.4
90	24	22.6
91	1	0.0
91	2	0.0
91	3	0.0
91	4	0.0
91	5	0.0
91	6	0.0
91	7	0.0
91	8	0.0
91	9	0.0
91	10	0.1
91	11	16.9
91	12	20.6
91	13	1.7
91	14	5.0
91	15	2.1
91	16	10.6
91	17	55.2
91	18	20.8
91	19	30.8
91	20	26.0
91	21	21.0
91	22	38.3
91	23	122.9
91	24	110.5
92	1	5.3
92	2	6.9
92	3	5.4
92	4	11.2
92	5	7.9
92	6	2.0
92	7	5.1
92	8	10.8
92	9	3.9
92	10	5.6
92	11	1.4
92	12	5.9
92	13	3.0
92	14	135.6
92	15	24.3
92	16	22.7
92	17	68.1
92	18	36.8
92	19	97.5
92	20	8.5
92	21	0.3
92	22	2.1
92	23	8.7
92	24	45.2
93	1	6.0
93	2	2.2
93	3	0.0
93	4	0.0
93	5	0.0
93	6	0.0
93	7	3.9
93	8	32.2
93	9	40.3
93	10	42.3
93	11	258.6
93	12	38.0
93	13	47.5
93	14	17.2
93	15	36.9
93	16	310.8
93	17	48.3
93	18	28.8
93	19	19.5
93	20	82.2
93	21	56.5
93	22	57.0
93	23	21.9
93	24	66.9
94	1	8.8
94	2	10.9
94	3	24.1
94	4	33.0
94	5	11.6
94	6	22.3
94	7	6.6
94	8	0.0
94	9	32.3
94	10	114.6
94	11	34.8
94	12	28.9
94	13	0.5
94	14	15.8
94	15	3.2
94	16	34.0
94	17	78.7
94	18	5.2
94	19	5.8
94	20	7.0
94	21	5.4
94	22	9.2
94	23	11.4
94	24	22.6
95	1	13.4
95	2	0.0
95	3	2.0
95	4	3.1
95	5	1.0
95	6	49.2
95	7	1.6
95	8	12.7
95	9	16.6
95	10	45.1
95	11	8.2
95	12	1.9
95	13	117.0
95	14	25.0
95	15	76.8
95	16	57.7
95	17	39.9
95	18	74.4
95	19	21.6
95	20	10.9
95	21	18.7
95	22	71.4
95	23	61.5
95	24	85.4
96	1	0.0
96	2	0.0
96	3	0.0
96	4	0.0
96	5	0.0
96	6	0.0
96	7	0.0
96	8	0.0
96	9	0.0
96	10	0.1
96	11	16.9
96	12	20.6
96	13	1.7
96	14	5.0
96	15	2.1
96	16	10.6
96	17	55.2
96	18	20.8
96	19	30.8
96	20	26.0
96	21	21.0
96	22	38.3
96	23	122.9
96	24	110.5
97	1	10.0
97	2	19.0
97	3	2.1
97	4	0.1
97	5	5.7
97	6	18.9
97	7	43.2
97	8	69.3
97	9	70.1
97	10	77.0
97	11	20.5
97	12	37.3
97	13	7.6
97	14	19.1
97	15	137.4
97	16	42.0
97	17	12.8
97	18	20.5
97	19	32.8
97	20	19.9
97	21	13.4
97	22	62.7
97	23	74.6
97	24	73.8
98	1	8.8
98	2	10.9
98	3	24.1
98	4	33.0
98	5	11.6
98	6	22.3
98	7	6.6
98	8	0.0
98	9	32.3
98	10	114.6
98	11	34.8
98	12	28.9
98	13	0.5
98	14	15.8
98	15	3.2
98	16	34.0
98	17	78.7
98	18	5.2
98	19	5.8
98	20	7.0
98	21	5.4
98	22	9.2
98	23	11.4
98	24	22.6
99	1	3.0
99	2	25.1
99	3	39.3
99	4	21.7
99	5	39.2
99	6	48.6
99	7	33.1
99	8	6.5
99	9	0.3
99	10	0.1
99	11	26.5
99	12	68.9
99	13	22.5
99	14	0.0
99	15	11.1
99	16	3.6
99	17	127.4
99	18	55.5
99	19	1.1
99	20	0.0
99	21	0.0
99	22	0.0
99	23	19.0
99	24	12.5
100	1	5.3
100	2	6.9
100	3	5.4
100	4	11.2
100	5	7.9
100	6	2.0
100	7	5.1
100	8	10.8
100	9	3.9
100	10	5.6
100	11	1.4
100	12	5.9
100	13	3.0
100	14	135.6
100	15	24.3
100	16	22.7
100	17	68.1
100	18	36.8
100	19	97.5
100	20	8.5
100	21	0.3
100	22	2.1
100	23	8.7
100	24	45.2
101	1	13.4
101	2	0.0
101	3	2.0
101	4	3.1
101	5	1.0
101	6	49.2
101	7	1.6
101	8	12.7
101	9	16.6
101	10	45.1
101	11	8.2
101	12	1.9
101	13	117.0
101	14	25.0
101	15	76.8
101	16	57.7
101	17	39.9
101	18	74.4
101	19	21.6
101	20	10.9
101	21	18.7
101	22	71.4
101	23	61.5
101	24	85.4
102	1	3.0
102	2	25.1
102	3	39.3
102	4	21.7
102	5	39.2
102	6	48.6
102	7	33.1
102	8	6.5
102	9	0.3
102	10	0.1
102	11	26.5
102	12	68.9
102	13	22.5
102	14	0.0
102	15	11.1
102	16	3.6
102	17	127.4
102	18	55.5
102	19	1.1
102	20	0.0
102	21	0.0
102	22	0.0
102	23	19.0
102	24	12.5
103	1	5.3
103	2	6.9
103	3	5.4
103	4	11.2
103	5	7.9
103	6	2.0
103	7	5.1
103	8	10.8
103	9	3.9
103	10	5.6
103	11	1.4
103	12	5.9
103	13	3.0
103	14	135.6
103	15	24.3
103	16	22.7
103	17	68.1
103	18	36.8
103	19	97.5
103	20	8.5
103	21	0.3
103	22	2.1
103	23	8.7
103	24	45.2
104	1	5.3
104	2	6.9
104	3	5.4
104	4	11.2
104	5	7.9
104	6	2.0
104	7	5.1
104	8	10.8
104	9	3.9
104	10	5.6
104	11	1.4
104	12	5.9
104	13	3.0
104	14	135.6
104	15	24.3
104	16	22.7
104	17	68.1
104	18	36.8
104	19	97.5
104	20	8.5
104	21	0.3
104	22	2.1
104	23	8.7
104	24	45.2
105	1	0.0
105	2	0.0
105	3	0.0
105	4	0.0
105	5	0.0
105	6	0.0
105	7	0.0
105	8	0.0
105	9	0.0
105	10	0.1
105	11	16.9
105	12	20.6
105	13	1.7
105	14	5.0
105	15	2.1
105	16	10.6
105	17	55.2
105	18	20.8
105	19	30.8
105	20	26.0
105	21	21.0
105	22	38.3
105	23	122.9
105	24	110.5
106	1	3.0
106	2	25.1
106	3	39.3
106	4	21.7
106	5	39.2
106	6	48.6
106	7	33.1
106	8	6.5
106	9	0.3
106	10	0.1
106	11	26.5
106	12	68.9
106	13	22.5
106	14	0.0
106	15	11.1
106	16	3.6
106	17	127.4
106	18	55.5
106	19	1.1
106	20	0.0
106	21	0.0
106	22	0.0
106	23	19.0
106	24	12.5
107	1	5.3
107	2	6.9
107	3	5.4
107	4	11.2
107	5	7.9
107	6	2.0
107	7	5.1
107	8	10.8
107	9	3.9
107	10	5.6
107	11	1.4
107	12	5.9
107	13	3.0
107	14	135.6
107	15	24.3
107	16	22.7
107	17	68.1
107	18	36.8
107	19	97.5
107	20	8.5
107	21	0.3
107	22	2.1
107	23	8.7
107	24	45.2
108	1	3.0
108	2	25.1
108	3	39.3
108	4	21.7
108	5	39.2
108	6	48.6
108	7	33.1
108	8	6.5
108	9	0.3
108	10	0.1
108	11	26.5
108	12	68.9
108	13	22.5
108	14	0.0
108	15	11.1
108	16	3.6
108	17	127.4
108	18	55.5
108	19	1.1
108	20	0.0
108	21	0.0
108	22	0.0
108	23	19.0
108	24	12.5
109	1	13.4
109	2	0.0
109	3	2.0
109	4	3.1
109	5	1.0
109	6	49.2
109	7	1.6
109	8	12.7
109	9	16.6
109	10	45.1
109	11	8.2
109	12	1.9
109	13	117.0
109	14	25.0
109	15	76.8
109	16	57.7
109	17	39.9
109	18	74.4
109	19	21.6
109	20	10.9
109	21	18.7
109	22	71.4
109	23	61.5
109	24	85.4
110	1	5.3
110	2	6.9
110	3	5.4
110	4	11.2
110	5	7.9
110	6	2.0
110	7	5.1
110	8	10.8
110	9	3.9
110	10	5.6
110	11	1.4
110	12	5.9
110	13	3.0
110	14	135.6
110	15	24.3
110	16	22.7
110	17	68.1
110	18	36.8
110	19	97.5
110	20	8.5
110	21	0.3
110	22	2.1
110	23	8.7
110	24	45.2
111	1	5.3
111	2	6.9
111	3	5.4
111	4	11.2
111	5	7.9
111	6	2.0
111	7	5.1
111	8	10.8
111	9	3.9
111	10	5.6
111	11	1.4
111	12	5.9
111	13	3.0
111	14	135.6
111	15	24.3
111	16	22.7
111	17	68.1
111	18	36.8
111	19	97.5
111	20	8.5
111	21	0.3
111	22	2.1
111	23	8.7
111	24	45.2
112	1	6.0
112	2	2.2
112	3	0.0
112	4	0.0
112	5	0.0
112	6	0.0
112	7	3.9
112	8	32.2
112	9	40.3
112	10	42.3
112	11	258.6
112	12	38.0
112	13	47.5
112	14	17.2
112	15	36.9
112	16	310.8
112	17	48.3
112	18	28.8
112	19	19.5
112	20	82.2
112	21	56.5
112	22	57.0
112	23	21.9
112	24	66.9
