Node	Time	Res_CapacityDownVolume
1	1	427.0
1	2	430.0
1	3	422.0
1	4	422.0
1	5	450.0
1	6	400.0
1	7	250.0
1	8	250.0
1	9	250.0
1	10	250.0
1	11	300.0
1	12	472.0
1	13	489.0
1	14	489.0
1	15	387.0
1	16	200.0
1	17	200.0
1	18	200.0
1	19	300.0
1	20	300.0
1	21	300.0
1	22	300.0
1	23	350.0
1	24	378.0
2	1	0.0
2	2	0.0
2	3	0.0
2	4	31.0
2	5	31.0
2	6	31.0
2	7	31.0
2	8	31.0
2	9	31.0
2	10	31.0
2	11	31.0
2	12	31.0
2	13	31.0
2	14	31.0
2	15	31.0
2	16	31.0
2	17	31.0
2	18	31.0
2	19	31.0
2	20	0.0
2	21	0.0
2	22	0.0
2	23	0.0
2	24	0.0
3	1	338.0
3	2	338.0
3	3	338.0
3	4	338.0
3	5	292.0
3	6	338.0
3	7	300.0
3	8	160.0
3	9	160.0
3	10	160.0
3	11	256.0
3	12	306.0
3	13	332.0
3	14	335.0
3	15	263.0
3	16	160.0
3	17	160.0
3	18	160.0
3	19	250.0
3	20	248.0
3	21	263.0
3	22	338.0
3	23	338.0
3	24	280.0
4	1	550.0
4	2	544.0
4	3	544.0
4	4	544.0
4	5	549.0
4	6	549.0
4	7	523.0
4	8	512.0
4	9	546.0
4	10	546.0
4	11	688.0
4	12	729.0
4	13	729.0
4	14	729.0
4	15	727.0
4	16	522.0
4	17	448.0
4	18	200.0
4	19	250.0
4	20	250.0
4	21	300.0
4	22	350.0
4	23	350.0
4	24	539.0
5	1	279.0
5	2	279.0
5	3	279.0
5	4	279.0
5	5	279.0
5	6	279.0
5	7	250.0
5	8	240.0
5	9	240.0
5	10	185.0
5	11	213.0
5	12	264.0
5	13	279.0
5	14	279.0
5	15	279.0
5	16	250.0
5	17	190.0
5	18	190.0
5	19	279.0
5	20	279.0
5	21	279.0
5	22	279.0
5	23	279.0
5	24	337.0
6	1	0.0
6	2	0.0
6	3	30.0
6	4	30.0
6	5	30.0
6	6	30.0
6	7	100.0
6	8	100.0
6	9	42.0
6	10	30.0
6	11	30.0
6	12	30.0
6	13	30.0
6	14	30.0
6	15	30.0
6	16	30.0
6	17	98.0
6	18	98.0
6	19	50.0
6	20	50.0
6	21	50.0
6	22	50.0
6	23	50.0
6	24	50.0
7	1	270.0
7	2	270.0
7	3	270.0
7	4	270.0
7	5	290.0
7	6	250.0
7	7	250.0
7	8	250.0
7	9	250.0
7	10	270.0
7	11	270.0
7	12	270.0
7	13	270.0
7	14	270.0
7	15	216.0
7	16	200.0
7	17	200.0
7	18	290.0
7	19	290.0
7	20	290.0
7	21	290.0
7	22	270.0
7	23	270.0
7	24	280.0
8	1	0.0
8	2	0.0
8	3	0.0
8	4	0.0
8	5	100.0
8	6	100.0
8	7	100.0
8	8	150.0
8	9	100.0
8	10	100.0
8	11	100.0
8	12	100.0
8	13	100.0
8	14	100.0
8	15	100.0
8	16	150.0
8	17	150.0
8	18	96.0
8	19	46.0
8	20	46.0
8	21	50.0
8	22	50.0
8	23	50.0
8	24	50.0
9	1	300.0
9	2	300.0
9	3	300.0
9	4	300.0
9	5	300.0
9	6	300.0
9	7	300.0
9	8	300.0
9	9	300.0
9	10	250.0
9	11	300.0
9	12	300.0
9	13	300.0
9	14	300.0
9	15	300.0
9	16	208.0
9	17	201.0
9	18	200.0
9	19	250.0
9	20	250.0
9	21	300.0
9	22	300.0
9	23	300.0
9	24	280.0
10	1	0.0
10	2	0.0
10	3	50.0
10	4	50.0
10	5	50.0
10	6	50.0
10	7	50.0
10	8	78.0
10	9	50.0
10	10	50.0
10	11	50.0
10	12	50.0
10	13	50.0
10	14	50.0
10	15	50.0
10	16	50.0
10	17	78.0
10	18	50.0
10	19	0.0
10	20	0.0
10	21	0.0
10	22	0.0
10	23	0.0
10	24	0.0
11	1	240.0
11	2	240.0
11	3	240.0
11	4	241.0
11	5	260.0
11	6	260.0
11	7	260.0
11	8	255.0
11	9	260.0
11	10	214.0
11	11	260.0
11	12	260.0
11	13	260.0
11	14	260.0
11	15	260.0
11	16	200.0
11	17	200.0
11	18	200.0
11	19	200.0
11	20	198.0
11	21	227.0
11	22	260.0
11	23	260.0
11	24	388.0
12	1	464.0
12	2	464.0
12	3	464.0
12	4	464.0
12	5	434.0
12	6	359.0
12	7	209.0
12	8	209.0
12	9	209.0
12	10	209.0
12	11	309.0
12	12	509.0
12	13	623.0
12	14	637.0
12	15	529.0
12	16	209.0
12	17	159.0
12	18	159.0
12	19	300.0
12	20	300.0
12	21	300.0
12	22	300.0
12	23	309.0
12	24	450.0
13	1	450.0
13	2	450.0
13	3	450.0
13	4	450.0
13	5	450.0
13	6	450.0
13	7	415.0
13	8	490.0
13	9	473.0
13	10	473.0
13	11	493.0
13	12	493.0
13	13	493.0
13	14	493.0
13	15	493.0
13	16	470.0
13	17	453.0
13	18	300.0
13	19	250.0
13	20	250.0
13	21	300.0
13	22	337.0
13	23	350.0
13	24	450.0
14	1	450.0
14	2	450.0
14	3	450.0
14	4	445.0
14	5	440.0
14	6	393.0
14	7	250.0
14	8	250.0
14	9	250.0
14	10	250.0
14	11	350.0
14	12	354.0
14	13	402.0
14	14	469.0
14	15	400.0
14	16	200.0
14	17	200.0
14	18	200.0
14	19	300.0
14	20	300.0
14	21	300.0
14	22	300.0
14	23	350.0
14	24	359.0
15	1	405.0
15	2	405.0
15	3	405.0
15	4	405.0
15	5	405.0
15	6	400.0
15	7	250.0
15	8	250.0
15	9	250.0
15	10	250.0
15	11	325.0
15	12	405.0
15	13	405.0
15	14	405.0
15	15	405.0
15	16	250.0
15	17	200.0
15	18	200.0
15	19	300.0
15	20	300.0
15	21	300.0
15	22	300.0
15	23	350.0
15	24	265.0
16	1	0.0
16	2	0.0
16	3	80.0
16	4	0.0
16	5	0.0
16	6	0.0
16	7	200.0
16	8	303.0
16	9	100.0
16	10	303.0
16	11	303.0
16	12	220.0
16	13	288.0
16	14	298.0
16	15	298.0
16	16	303.0
16	17	110.0
16	18	100.0
16	19	50.0
16	20	50.0
16	21	42.0
16	22	0.0
16	23	0.0
16	24	115.0
17	1	523.0
17	2	533.0
17	3	533.0
17	4	523.0
17	5	522.0
17	6	523.0
17	7	533.0
17	8	533.0
17	9	398.0
17	10	348.0
17	11	348.0
17	12	395.0
17	13	390.0
17	14	390.0
17	15	485.0
17	16	523.0
17	17	480.0
17	18	218.0
17	19	250.0
17	20	250.0
17	21	300.0
17	22	350.0
17	23	350.0
17	24	450.0
18	1	330.0
18	2	330.0
18	3	330.0
18	4	330.0
18	5	330.0
18	6	330.0
18	7	250.0
18	8	250.0
18	9	250.0
18	10	224.0
18	11	183.0
18	12	383.0
18	13	390.0
18	14	390.0
18	15	383.0
18	16	84.0
18	17	60.0
18	18	200.0
18	19	300.0
18	20	300.0
18	21	300.0
18	22	300.0
18	23	330.0
18	24	305.0
19	1	50.0
19	2	35.0
19	3	35.0
19	4	35.0
19	5	59.0
19	6	88.0
19	7	88.0
19	8	138.0
19	9	88.0
19	10	78.0
19	11	63.0
19	12	55.0
19	13	45.0
19	14	45.0
19	15	56.0
19	16	92.0
19	17	80.0
19	18	55.0
19	19	50.0
19	20	50.0
19	21	50.0
19	22	50.0
19	23	35.0
19	24	50.0
20	1	279.0
20	2	279.0
20	3	279.0
20	4	279.0
20	5	279.0
20	6	279.0
20	7	250.0
20	8	240.0
20	9	240.0
20	10	185.0
20	11	213.0
20	12	264.0
20	13	279.0
20	14	279.0
20	15	279.0
20	16	250.0
20	17	190.0
20	18	190.0
20	19	279.0
20	20	279.0
20	21	279.0
20	22	279.0
20	23	279.0
20	24	337.0
21	1	260.0
21	2	260.0
21	3	260.0
21	4	260.0
21	5	260.0
21	6	260.0
21	7	250.0
21	8	250.0
21	9	250.0
21	10	250.0
21	11	282.0
21	12	320.0
21	13	320.0
21	14	320.0
21	15	320.0
21	16	211.0
21	17	200.0
21	18	200.0
21	19	260.0
21	20	260.0
21	21	260.0
21	22	260.0
21	23	260.0
21	24	260.0
22	1	499.0
22	2	585.0
22	3	585.0
22	4	535.0
22	5	457.0
22	6	400.0
22	7	250.0
22	8	250.0
22	9	250.0
22	10	250.0
22	11	302.0
22	12	525.0
22	13	594.0
22	14	599.0
22	15	539.0
22	16	200.0
22	17	200.0
22	18	200.0
22	19	300.0
22	20	300.0
22	21	300.0
22	22	300.0
22	23	350.0
22	24	567.0
23	1	300.0
23	2	300.0
23	3	300.0
23	4	300.0
23	5	300.0
23	6	300.0
23	7	300.0
23	8	300.0
23	9	300.0
23	10	250.0
23	11	300.0
23	12	300.0
23	13	300.0
23	14	300.0
23	15	300.0
23	16	208.0
23	17	201.0
23	18	200.0
23	19	250.0
23	20	250.0
23	21	300.0
23	22	300.0
23	23	300.0
23	24	280.0
24	1	369.0
24	2	369.0
24	3	369.0
24	4	369.0
24	5	369.0
24	6	369.0
24	7	369.0
24	8	369.0
24	9	369.0
24	10	369.0
24	11	369.0
24	12	369.0
24	13	369.0
24	14	369.0
24	15	369.0
24	16	369.0
24	17	369.0
24	18	260.0
24	19	250.0
24	20	250.0
24	21	300.0
24	22	350.0
24	23	350.0
24	24	299.0
25	1	295.0
25	2	295.0
25	3	295.0
25	4	295.0
25	5	295.0
25	6	295.0
25	7	347.0
25	8	435.0
25	9	435.0
25	10	398.0
25	11	509.0
25	12	559.0
25	13	559.0
25	14	559.0
25	15	539.0
25	16	355.0
25	17	348.0
25	18	260.0
25	19	250.0
25	20	250.0
25	21	290.0
25	22	295.0
25	23	295.0
25	24	329.0
26	1	343.0
26	2	343.0
26	3	343.0
26	4	343.0
26	5	303.0
26	6	273.0
26	7	200.0
26	8	200.0
26	9	200.0
26	10	150.0
26	11	300.0
26	12	273.0
26	13	343.0
26	14	343.0
26	15	343.0
26	16	200.0
26	17	110.0
26	18	110.0
26	19	250.0
26	20	200.0
26	21	200.0
26	22	250.0
26	23	207.0
26	24	348.0
27	1	237.0
27	2	237.0
27	3	237.0
27	4	237.0
27	5	237.0
27	6	237.0
27	7	223.0
27	8	223.0
27	9	223.0
27	10	223.0
27	11	287.0
27	12	287.0
27	13	287.0
27	14	287.0
27	15	237.0
27	16	200.0
27	17	200.0
27	18	173.0
27	19	173.0
27	20	173.0
27	21	173.0
27	22	237.0
27	23	237.0
27	24	254.0
28	1	470.0
28	2	465.0
28	3	465.0
28	4	465.0
28	5	470.0
28	6	400.0
28	7	250.0
28	8	250.0
28	9	250.0
28	10	250.0
28	11	310.0
28	12	540.0
28	13	583.0
28	14	583.0
28	15	520.0
28	16	220.0
28	17	200.0
28	18	200.0
28	19	300.0
28	20	300.0
28	21	300.0
28	22	300.0
28	23	350.0
28	24	450.0
29	1	233.0
29	2	233.0
29	3	233.0
29	4	233.0
29	5	233.0
29	6	233.0
29	7	250.0
29	8	250.0
29	9	250.0
29	10	250.0
29	11	263.0
29	12	263.0
29	13	263.0
29	14	263.0
29	15	263.0
29	16	200.0
29	17	200.0
29	18	200.0
29	19	233.0
29	20	233.0
29	21	233.0
29	22	233.0
29	23	233.0
29	24	260.0
30	1	564.0
30	2	564.0
30	3	564.0
30	4	564.0
30	5	562.0
30	6	564.0
30	7	540.0
30	8	552.0
30	9	564.0
30	10	564.0
30	11	673.0
30	12	729.0
30	13	729.0
30	14	729.0
30	15	729.0
30	16	590.0
30	17	505.0
30	18	278.0
30	19	250.0
30	20	250.0
30	21	300.0
30	22	350.0
30	23	350.0
30	24	450.0
31	1	346.0
31	2	346.0
31	3	346.0
31	4	346.0
31	5	346.0
31	6	346.0
31	7	250.0
31	8	250.0
31	9	250.0
31	10	250.0
31	11	285.0
31	12	335.0
31	13	385.0
31	14	385.0
31	15	346.0
31	16	185.0
31	17	185.0
31	18	185.0
31	19	285.0
31	20	285.0
31	21	275.0
31	22	288.0
31	23	337.0
31	24	352.0
32	1	295.0
32	2	295.0
32	3	295.0
32	4	295.0
32	5	295.0
32	6	295.0
32	7	347.0
32	8	435.0
32	9	435.0
32	10	398.0
32	11	509.0
32	12	559.0
32	13	559.0
32	14	559.0
32	15	539.0
32	16	355.0
32	17	348.0
32	18	260.0
32	19	250.0
32	20	250.0
32	21	290.0
32	22	295.0
32	23	295.0
32	24	329.0
33	1	470.0
33	2	570.0
33	3	570.0
33	4	520.0
33	5	500.0
33	6	400.0
33	7	250.0
33	8	250.0
33	9	250.0
33	10	250.0
33	11	350.0
33	12	570.0
33	13	676.0
33	14	676.0
33	15	576.0
33	16	250.0
33	17	200.0
33	18	200.0
33	19	300.0
33	20	300.0
33	21	300.0
33	22	300.0
33	23	350.0
33	24	450.0
34	1	426.0
34	2	426.0
34	3	426.0
34	4	426.0
34	5	426.0
34	6	400.0
34	7	250.0
34	8	250.0
34	9	250.0
34	10	250.0
34	11	324.0
34	12	426.0
34	13	426.0
34	14	426.0
34	15	426.0
34	16	250.0
34	17	200.0
34	18	200.0
34	19	300.0
34	20	300.0
34	21	300.0
34	22	300.0
34	23	350.0
34	24	416.0
35	1	0.0
35	2	0.0
35	3	30.0
35	4	30.0
35	5	30.0
35	6	30.0
35	7	100.0
35	8	100.0
35	9	42.0
35	10	30.0
35	11	30.0
35	12	30.0
35	13	30.0
35	14	30.0
35	15	30.0
35	16	30.0
35	17	98.0
35	18	98.0
35	19	50.0
35	20	50.0
35	21	50.0
35	22	50.0
35	23	50.0
35	24	50.0
36	1	450.0
36	2	450.0
36	3	450.0
36	4	450.0
36	5	450.0
36	6	398.0
36	7	250.0
36	8	250.0
36	9	250.0
36	10	250.0
36	11	300.0
36	12	350.0
36	13	398.0
36	14	265.0
36	15	295.0
36	16	129.0
36	17	200.0
36	18	200.0
36	19	300.0
36	20	300.0
36	21	300.0
36	22	300.0
36	23	344.0
36	24	362.0
37	1	237.0
37	2	237.0
37	3	237.0
37	4	237.0
37	5	237.0
37	6	237.0
37	7	223.0
37	8	223.0
37	9	223.0
37	10	223.0
37	11	287.0
37	12	287.0
37	13	287.0
37	14	287.0
37	15	237.0
37	16	200.0
37	17	200.0
37	18	173.0
37	19	173.0
37	20	173.0
37	21	173.0
37	22	237.0
37	23	237.0
37	24	254.0
38	1	417.0
38	2	417.0
38	3	417.0
38	4	417.0
38	5	417.0
38	6	305.0
38	7	250.0
38	8	250.0
38	9	250.0
38	10	250.0
38	11	300.0
38	12	450.0
38	13	487.0
38	14	487.0
38	15	473.0
38	16	200.0
38	17	200.0
38	18	200.0
38	19	300.0
38	20	300.0
38	21	300.0
38	22	300.0
38	23	350.0
38	24	407.0
39	1	453.0
39	2	453.0
39	3	453.0
39	4	453.0
39	5	450.0
39	6	283.0
39	7	135.0
39	8	133.0
39	9	133.0
39	10	133.0
39	11	300.0
39	12	353.0
39	13	353.0
39	14	353.0
39	15	353.0
39	16	200.0
39	17	200.0
39	18	200.0
39	19	230.0
39	20	300.0
39	21	300.0
39	22	300.0
39	23	350.0
39	24	450.0
40	1	450.0
40	2	504.0
40	3	504.0
40	4	500.0
40	5	450.0
40	6	400.0
40	7	250.0
40	8	250.0
40	9	250.0
40	10	250.0
40	11	250.0
40	12	550.0
40	13	610.0
40	14	669.0
40	15	498.0
40	16	200.0
40	17	200.0
40	18	200.0
40	19	300.0
40	20	300.0
40	21	300.0
40	22	300.0
40	23	350.0
40	24	450.0
41	1	450.0
41	2	504.0
41	3	504.0
41	4	500.0
41	5	450.0
41	6	400.0
41	7	250.0
41	8	250.0
41	9	250.0
41	10	250.0
41	11	250.0
41	12	550.0
41	13	650.0
41	14	661.0
41	15	500.0
41	16	200.0
41	17	200.0
41	18	200.0
41	19	300.0
41	20	300.0
41	21	300.0
41	22	300.0
41	23	350.0
41	24	450.0
42	1	50.0
42	2	50.0
42	3	90.0
42	4	90.0
42	5	87.0
42	6	87.0
42	7	90.0
42	8	90.0
42	9	90.0
42	10	90.0
42	11	90.0
42	12	90.0
42	13	90.0
42	14	90.0
42	15	90.0
42	16	90.0
42	17	90.0
42	18	90.0
42	19	50.0
42	20	50.0
42	21	50.0
42	22	50.0
42	23	50.0
42	24	50.0
43	1	348.0
43	2	348.0
43	3	348.0
43	4	348.0
43	5	348.0
43	6	348.0
43	7	250.0
43	8	250.0
43	9	250.0
43	10	250.0
43	11	350.0
43	12	368.0
43	13	368.0
43	14	368.0
43	15	368.0
43	16	210.0
43	17	200.0
43	18	200.0
43	19	288.0
43	20	300.0
43	21	300.0
43	22	300.0
43	23	348.0
43	24	404.0
44	1	337.0
44	2	337.0
44	3	337.0
44	4	337.0
44	5	337.0
44	6	337.0
44	7	337.0
44	8	337.0
44	9	337.0
44	10	337.0
44	11	337.0
44	12	337.0
44	13	337.0
44	14	337.0
44	15	337.0
44	16	337.0
44	17	337.0
44	18	286.0
44	19	236.0
44	20	236.0
44	21	286.0
44	22	336.0
44	23	336.0
44	24	279.0
45	1	200.0
45	2	200.0
45	3	200.0
45	4	200.0
45	5	200.0
45	6	200.0
45	7	200.0
45	8	200.0
45	9	200.0
45	10	200.0
45	11	200.0
45	12	200.0
45	13	200.0
45	14	200.0
45	15	200.0
45	16	200.0
45	17	200.0
45	18	160.0
45	19	200.0
45	20	200.0
45	21	200.0
45	22	200.0
45	23	200.0
45	24	200.0
46	1	0.0
46	2	0.0
46	3	0.0
46	4	0.0
46	5	0.0
46	6	0.0
46	7	0.0
46	8	18.0
46	9	0.0
46	10	0.0
46	11	0.0
46	12	0.0
46	13	0.0
46	14	0.0
46	15	0.0
46	16	29.0
46	17	18.0
46	18	0.0
46	19	0.0
46	20	0.0
46	21	0.0
46	22	0.0
46	23	0.0
46	24	0.0
47	1	234.0
47	2	234.0
47	3	234.0
47	4	234.0
47	5	234.0
47	6	234.0
47	7	234.0
47	8	234.0
47	9	234.0
47	10	234.0
47	11	234.0
47	12	234.0
47	13	234.0
47	14	234.0
47	15	234.0
47	16	234.0
47	17	200.0
47	18	200.0
47	19	234.0
47	20	234.0
47	21	234.0
47	22	234.0
47	23	234.0
47	24	306.0
48	1	427.0
48	2	430.0
48	3	422.0
48	4	422.0
48	5	450.0
48	6	400.0
48	7	250.0
48	8	250.0
48	9	250.0
48	10	250.0
48	11	300.0
48	12	472.0
48	13	489.0
48	14	489.0
48	15	387.0
48	16	200.0
48	17	200.0
48	18	200.0
48	19	300.0
48	20	300.0
48	21	300.0
48	22	300.0
48	23	350.0
48	24	378.0
49	1	453.0
49	2	453.0
49	3	453.0
49	4	453.0
49	5	450.0
49	6	283.0
49	7	135.0
49	8	133.0
49	9	133.0
49	10	133.0
49	11	300.0
49	12	353.0
49	13	353.0
49	14	353.0
49	15	353.0
49	16	200.0
49	17	200.0
49	18	200.0
49	19	230.0
49	20	300.0
49	21	300.0
49	22	300.0
49	23	350.0
49	24	450.0
50	1	420.0
50	2	439.0
50	3	439.0
50	4	429.0
50	5	439.0
50	6	439.0
50	7	456.0
50	8	479.0
50	9	374.0
50	10	374.0
50	11	374.0
50	12	409.0
50	13	404.0
50	14	404.0
50	15	404.0
50	16	294.0
50	17	399.0
50	18	300.0
50	19	250.0
50	20	250.0
50	21	300.0
50	22	350.0
50	23	350.0
50	24	413.0
51	1	569.0
51	2	569.0
51	3	569.0
51	4	569.0
51	5	569.0
51	6	569.0
51	7	555.0
51	8	509.0
51	9	511.0
51	10	468.0
51	11	569.0
51	12	569.0
51	13	569.0
51	14	569.0
51	15	569.0
51	16	358.0
51	17	286.0
51	18	285.0
51	19	250.0
51	20	247.0
51	21	297.0
51	22	347.0
51	23	347.0
51	24	409.0
52	1	299.0
52	2	299.0
52	3	286.0
52	4	270.0
52	5	299.0
52	6	299.0
52	7	299.0
52	8	299.0
52	9	299.0
52	10	296.0
52	11	299.0
52	12	299.0
52	13	299.0
52	14	299.0
52	15	299.0
52	16	254.0
52	17	255.0
52	18	276.0
52	19	250.0
52	20	250.0
52	21	299.0
52	22	299.0
52	23	299.0
52	24	307.0
53	1	140.0
53	2	140.0
53	3	140.0
53	4	140.0
53	5	140.0
53	6	140.0
53	7	140.0
53	8	140.0
53	9	140.0
53	10	140.0
53	11	140.0
53	12	140.0
53	13	140.0
53	14	140.0
53	15	140.0
53	16	110.0
53	17	140.0
53	18	140.0
53	19	140.0
53	20	140.0
53	21	140.0
53	22	140.0
53	23	140.0
53	24	140.0
54	1	329.0
54	2	329.0
54	3	329.0
54	4	329.0
54	5	329.0
54	6	215.0
54	7	215.0
54	8	250.0
54	9	236.0
54	10	233.0
54	11	331.0
54	12	409.0
54	13	409.0
54	14	409.0
54	15	394.0
54	16	240.0
54	17	200.0
54	18	200.0
54	19	215.0
54	20	215.0
54	21	215.0
54	22	215.0
54	23	215.0
54	24	299.0
55	1	0.0
55	2	0.0
55	3	40.0
55	4	40.0
55	5	40.0
55	6	40.0
55	7	40.0
55	8	59.0
55	9	40.0
55	10	40.0
55	11	40.0
55	12	40.0
55	13	40.0
55	14	40.0
55	15	40.0
55	16	55.0
55	17	55.0
55	18	37.0
55	19	0.0
55	20	0.0
55	21	0.0
55	22	0.0
55	23	0.0
55	24	0.0
56	1	288.0
56	2	288.0
56	3	288.0
56	4	288.0
56	5	288.0
56	6	288.0
56	7	250.0
56	8	154.0
56	9	137.0
56	10	135.0
56	11	177.0
56	12	227.0
56	13	288.0
56	14	288.0
56	15	288.0
56	16	125.0
56	17	133.0
56	18	150.0
56	19	250.0
56	20	250.0
56	21	250.0
56	22	250.0
56	23	288.0
56	24	295.0
57	1	292.0
57	2	292.0
57	3	292.0
57	4	292.0
57	5	292.0
57	6	292.0
57	7	250.0
57	8	250.0
57	9	250.0
57	10	250.0
57	11	287.0
57	12	292.0
57	13	292.0
57	14	292.0
57	15	292.0
57	16	250.0
57	17	200.0
57	18	200.0
57	19	292.0
57	20	292.0
57	21	292.0
57	22	292.0
57	23	292.0
57	24	392.0
58	1	176.0
58	2	176.0
58	3	176.0
58	4	176.0
58	5	176.0
58	6	176.0
58	7	120.0
58	8	120.0
58	9	70.0
58	10	37.0
58	11	43.0
58	12	43.0
58	13	43.0
58	14	173.0
58	15	102.0
58	16	44.0
58	17	10.0
58	18	24.0
58	19	150.0
58	20	150.0
58	21	171.0
58	22	176.0
58	23	176.0
58	24	176.0
59	1	185.0
59	2	185.0
59	3	185.0
59	4	185.0
59	5	185.0
59	6	185.0
59	7	131.0
59	8	131.0
59	9	130.0
59	10	130.0
59	11	131.0
59	12	131.0
59	13	87.0
59	14	83.0
59	15	33.0
59	16	63.0
59	17	10.0
59	18	0.0
59	19	60.0
59	20	70.0
59	21	70.0
59	22	129.0
59	23	185.0
59	24	185.0
60	1	378.0
60	2	378.0
60	3	378.0
60	4	378.0
60	5	378.0
60	6	378.0
60	7	350.0
60	8	250.0
60	9	250.0
60	10	250.0
60	11	250.0
60	12	240.0
60	13	343.0
60	14	408.0
60	15	418.0
60	16	378.0
60	17	200.0
60	18	200.0
60	19	200.0
60	20	300.0
60	21	300.0
60	22	300.0
60	23	290.0
60	24	331.0
61	1	399.0
61	2	399.0
61	3	399.0
61	4	399.0
61	5	399.0
61	6	399.0
61	7	399.0
61	8	250.0
61	9	250.0
61	10	250.0
61	11	250.0
61	12	300.0
61	13	479.0
61	14	479.0
61	15	479.0
61	16	479.0
61	17	250.0
61	18	200.0
61	19	160.0
61	20	260.0
61	21	300.0
61	22	300.0
61	23	300.0
61	24	350.0
62	1	25.0
62	2	31.0
62	3	31.0
62	4	31.0
62	5	31.0
62	6	31.0
62	7	31.0
62	8	31.0
62	9	31.0
62	10	31.0
62	11	31.0
62	12	31.0
62	13	31.0
62	14	31.0
62	15	31.0
62	16	31.0
62	17	31.0
62	18	31.0
62	19	31.0
62	20	25.0
62	21	25.0
62	22	25.0
62	23	25.0
62	24	25.0
63	1	31.0
63	2	31.0
63	3	31.0
63	4	31.0
63	5	31.0
63	6	31.0
63	7	31.0
63	8	31.0
63	9	31.0
63	10	31.0
63	11	31.0
63	12	31.0
63	13	31.0
63	14	31.0
63	15	31.0
63	16	31.0
63	17	31.0
63	18	31.0
63	19	31.0
63	20	0.0
63	21	0.0
63	22	31.0
63	23	31.0
63	24	31.0
64	1	315.0
64	2	315.0
64	3	315.0
64	4	315.0
64	5	315.0
64	6	315.0
64	7	315.0
64	8	272.0
64	9	156.0
64	10	156.0
64	11	156.0
64	12	156.0
64	13	156.0
64	14	156.0
64	15	156.0
64	16	156.0
64	17	156.0
64	18	123.0
64	19	123.0
64	20	156.0
64	21	272.0
64	22	272.0
64	23	272.0
64	24	272.0
65	1	299.0
65	2	299.0
65	3	299.0
65	4	299.0
65	5	299.0
65	6	269.0
65	7	195.0
65	8	250.0
65	9	250.0
65	10	250.0
65	11	275.0
65	12	305.0
65	13	315.0
65	14	359.0
65	15	305.0
65	16	195.0
65	17	195.0
65	18	195.0
65	19	195.0
65	20	195.0
65	21	195.0
65	22	195.0
65	23	241.0
65	24	450.0
66	1	295.0
66	2	289.0
66	3	289.0
66	4	289.0
66	5	289.0
66	6	270.0
66	7	252.0
66	8	141.0
66	9	55.0
66	10	55.0
66	11	55.0
66	12	55.0
66	13	139.0
66	14	139.0
66	15	139.0
66	16	119.0
66	17	35.0
66	18	35.0
66	19	0.0
66	20	141.0
66	21	87.0
66	22	200.0
66	23	250.0
66	24	295.0
67	1	280.0
67	2	269.0
67	3	269.0
67	4	254.0
67	5	254.0
67	6	280.0
67	7	220.0
67	8	70.0
67	9	126.0
67	10	120.0
67	11	100.0
67	12	56.0
67	13	200.0
67	14	160.0
67	15	160.0
67	16	30.0
67	17	30.0
67	18	30.0
67	19	30.0
67	20	40.0
67	21	40.0
67	22	70.0
67	23	237.0
67	24	177.0
68	1	355.0
68	2	355.0
68	3	355.0
68	4	355.0
68	5	355.0
68	6	355.0
68	7	243.0
68	8	243.0
68	9	243.0
68	10	220.0
68	11	243.0
68	12	243.0
68	13	240.0
68	14	243.0
68	15	243.0
68	16	170.0
68	17	170.0
68	18	170.0
68	19	220.0
68	20	220.0
68	21	243.0
68	22	243.0
68	23	243.0
68	24	365.0
69	1	247.0
69	2	247.0
69	3	247.0
69	4	247.0
69	5	247.0
69	6	247.0
69	7	150.0
69	8	150.0
69	9	128.0
69	10	98.0
69	11	98.0
69	12	177.0
69	13	207.0
69	14	207.0
69	15	207.0
69	16	207.0
69	17	150.0
69	18	75.0
69	19	27.0
69	20	150.0
69	21	207.0
69	22	227.0
69	23	227.0
69	24	227.0
70	1	31.0
70	2	31.0
70	3	31.0
70	4	31.0
70	5	31.0
70	6	31.0
70	7	31.0
70	8	31.0
70	9	31.0
70	10	31.0
70	11	31.0
70	12	31.0
70	13	31.0
70	14	31.0
70	15	31.0
70	16	31.0
70	17	31.0
70	18	31.0
70	19	31.0
70	20	31.0
70	21	31.0
70	22	31.0
70	23	31.0
70	24	31.0
71	1	50.0
71	2	50.0
71	3	50.0
71	4	50.0
71	5	50.0
71	6	50.0
71	7	50.0
71	8	50.0
71	9	50.0
71	10	50.0
71	11	50.0
71	12	330.0
71	13	328.0
71	14	330.0
71	15	330.0
71	16	50.0
71	17	50.0
71	18	50.0
71	19	50.0
71	20	50.0
71	21	50.0
71	22	50.0
71	23	50.0
71	24	260.0
72	1	273.0
72	2	294.0
72	3	349.0
72	4	352.0
72	5	302.0
72	6	299.0
72	7	220.0
72	8	140.0
72	9	140.0
72	10	140.0
72	11	140.0
72	12	32.0
72	13	32.0
72	14	140.0
72	15	32.0
72	16	0.0
72	17	0.0
72	18	0.0
72	19	0.0
72	20	32.0
72	21	23.0
72	22	27.0
72	23	86.0
72	24	170.0
73	1	329.0
73	2	319.0
73	3	379.0
73	4	379.0
73	5	362.0
73	6	370.0
73	7	370.0
73	8	215.0
73	9	215.0
73	10	215.0
73	11	215.0
73	12	329.0
73	13	329.0
73	14	329.0
73	15	329.0
73	16	329.0
73	17	215.0
73	18	215.0
73	19	215.0
73	20	215.0
73	21	249.0
73	22	300.0
73	23	329.0
73	24	329.0
74	1	31.0
74	2	31.0
74	3	31.0
74	4	31.0
74	5	31.0
74	6	31.0
74	7	31.0
74	8	31.0
74	9	31.0
74	10	31.0
74	11	31.0
74	12	31.0
74	13	31.0
74	14	31.0
74	15	31.0
74	16	31.0
74	17	41.0
74	18	31.0
74	19	31.0
74	20	31.0
74	21	31.0
74	22	31.0
74	23	31.0
74	24	31.0
75	1	425.0
75	2	425.0
75	3	425.0
75	4	425.0
75	5	425.0
75	6	425.0
75	7	425.0
75	8	425.0
75	9	425.0
75	10	425.0
75	11	425.0
75	12	425.0
75	13	425.0
75	14	475.0
75	15	475.0
75	16	475.0
75	17	443.0
75	18	343.0
75	19	210.0
75	20	250.0
75	21	250.0
75	22	300.0
75	23	350.0
75	24	350.0
76	1	0.0
76	2	0.0
76	3	0.0
76	4	0.0
76	5	0.0
76	6	0.0
76	7	0.0
76	8	31.0
76	9	41.0
76	10	0.0
76	11	0.0
76	12	0.0
76	13	0.0
76	14	0.0
76	15	0.0
76	16	0.0
76	17	41.0
76	18	41.0
76	19	41.0
76	20	10.0
76	21	30.0
76	22	30.0
76	23	30.0
76	24	31.0
77	1	125.0
77	2	125.0
77	3	125.0
77	4	125.0
77	5	125.0
77	6	125.0
77	7	125.0
77	8	125.0
77	9	105.0
77	10	63.0
77	11	205.0
77	12	205.0
77	13	205.0
77	14	205.0
77	15	205.0
77	16	125.0
77	17	125.0
77	18	55.0
77	19	51.0
77	20	125.0
77	21	125.0
77	22	125.0
77	23	125.0
77	24	125.0
78	1	252.0
78	2	252.0
78	3	252.0
78	4	252.0
78	5	252.0
78	6	220.0
78	7	175.0
78	8	194.0
78	9	194.0
78	10	194.0
78	11	194.0
78	12	194.0
78	13	194.0
78	14	194.0
78	15	150.0
78	16	150.0
78	17	150.0
78	18	150.0
78	19	164.0
78	20	164.0
78	21	164.0
78	22	205.0
78	23	197.0
78	24	209.0
79	1	181.0
79	2	181.0
79	3	181.0
79	4	181.0
79	5	181.0
79	6	181.0
79	7	171.0
79	8	181.0
79	9	171.0
79	10	171.0
79	11	171.0
79	12	181.0
79	13	181.0
79	14	181.0
79	15	181.0
79	16	170.0
79	17	170.0
79	18	170.0
79	19	171.0
79	20	171.0
79	21	171.0
79	22	171.0
79	23	171.0
79	24	253.0
80	1	181.0
80	2	181.0
80	3	181.0
80	4	181.0
80	5	181.0
80	6	181.0
80	7	171.0
80	8	181.0
80	9	171.0
80	10	171.0
80	11	171.0
80	12	181.0
80	13	181.0
80	14	181.0
80	15	181.0
80	16	170.0
80	17	170.0
80	18	170.0
80	19	171.0
80	20	171.0
80	21	171.0
80	22	171.0
80	23	171.0
80	24	253.0
81	1	251.0
81	2	250.0
81	3	251.0
81	4	251.0
81	5	250.0
81	6	251.0
81	7	220.0
81	8	80.0
81	9	110.0
81	10	110.0
81	11	110.0
81	12	122.0
81	13	182.0
81	14	197.0
81	15	197.0
81	16	197.0
81	17	197.0
81	18	127.0
81	19	98.0
81	20	196.0
81	21	196.0
81	22	137.0
81	23	122.0
81	24	170.0
82	1	226.0
82	2	226.0
82	3	226.0
82	4	226.0
82	5	226.0
82	6	226.0
82	7	140.0
82	8	140.0
82	9	140.0
82	10	140.0
82	11	140.0
82	12	140.0
82	13	226.0
82	14	226.0
82	15	226.0
82	16	226.0
82	17	152.0
82	18	79.0
82	19	20.0
82	20	140.0
82	21	140.0
82	22	140.0
82	23	140.0
82	24	172.0
83	1	330.0
83	2	330.0
83	3	330.0
83	4	330.0
83	5	330.0
83	6	119.0
83	7	86.0
83	8	0.0
83	9	0.0
83	10	0.0
83	11	0.0
83	12	86.0
83	13	70.0
83	14	173.0
83	15	150.0
83	16	150.0
83	17	150.0
83	18	150.0
83	19	173.0
83	20	173.0
83	21	70.0
83	22	120.0
83	23	173.0
83	24	365.0
84	1	176.0
84	2	176.0
84	3	176.0
84	4	176.0
84	5	176.0
84	6	176.0
84	7	176.0
84	8	176.0
84	9	176.0
84	10	176.0
84	11	176.0
84	12	176.0
84	13	176.0
84	14	176.0
84	15	150.0
84	16	150.0
84	17	150.0
84	18	150.0
84	19	176.0
84	20	70.0
84	21	70.0
84	22	120.0
84	23	176.0
84	24	181.0
85	1	176.0
85	2	176.0
85	3	176.0
85	4	176.0
85	5	176.0
85	6	176.0
85	7	120.0
85	8	120.0
85	9	70.0
85	10	37.0
85	11	43.0
85	12	43.0
85	13	43.0
85	14	173.0
85	15	102.0
85	16	44.0
85	17	10.0
85	18	24.0
85	19	150.0
85	20	150.0
85	21	171.0
85	22	176.0
85	23	176.0
85	24	176.0
86	1	450.0
86	2	438.0
86	3	438.0
86	4	438.0
86	5	438.0
86	6	450.0
86	7	400.0
86	8	230.0
86	9	230.0
86	10	230.0
86	11	230.0
86	12	310.0
86	13	470.0
86	14	470.0
86	15	470.0
86	16	470.0
86	17	210.0
86	18	200.0
86	19	200.0
86	20	180.0
86	21	200.0
86	22	220.0
86	23	230.0
86	24	350.0
87	1	387.0
87	2	387.0
87	3	387.0
87	4	387.0
87	5	387.0
87	6	360.0
87	7	250.0
87	8	250.0
87	9	200.0
87	10	250.0
87	11	300.0
87	12	353.0
87	13	353.0
87	14	353.0
87	15	273.0
87	16	200.0
87	17	200.0
87	18	200.0
87	19	260.0
87	20	260.0
87	21	273.0
87	22	300.0
87	23	327.0
87	24	417.0
88	1	431.0
88	2	431.0
88	3	431.0
88	4	431.0
88	5	431.0
88	6	297.0
88	7	200.0
88	8	250.0
88	9	103.0
88	10	91.0
88	11	194.0
88	12	381.0
88	13	431.0
88	14	431.0
88	15	381.0
88	16	143.0
88	17	93.0
88	18	93.0
88	19	193.0
88	20	193.0
88	21	193.0
88	22	193.0
88	23	252.0
88	24	384.0
89	1	365.0
89	2	365.0
89	3	365.0
89	4	365.0
89	5	365.0
89	6	365.0
89	7	365.0
89	8	253.0
89	9	253.0
89	10	250.0
89	11	253.0
89	12	253.0
89	13	253.0
89	14	253.0
89	15	253.0
89	16	170.0
89	17	192.0
89	18	170.0
89	19	210.0
89	20	210.0
89	21	210.0
89	22	210.0
89	23	210.0
89	24	355.0
90	1	0.0
90	2	0.0
90	3	0.0
90	4	0.0
90	5	0.0
90	6	0.0
90	7	0.0
90	8	0.0
90	9	31.0
90	10	0.0
90	11	0.0
90	12	0.0
90	13	0.0
90	14	0.0
90	15	0.0
90	16	0.0
90	17	12.0
90	18	31.0
90	19	0.0
90	20	0.0
90	21	0.0
90	22	0.0
90	23	0.0
90	24	0.0
91	1	0.0
91	2	0.0
91	3	0.0
91	4	0.0
91	5	0.0
91	6	0.0
91	7	31.0
91	8	31.0
91	9	31.0
91	10	31.0
91	11	31.0
91	12	31.0
91	13	31.0
91	14	31.0
91	15	31.0
91	16	31.0
91	17	31.0
91	18	31.0
91	19	31.0
91	20	0.0
91	21	0.0
91	22	0.0
91	23	0.0
91	24	0.0
92	1	0.0
92	2	0.0
92	3	0.0
92	4	0.0
92	5	0.0
92	6	0.0
92	7	0.0
92	8	20.0
92	9	31.0
92	10	0.0
92	11	0.0
92	12	0.0
92	13	0.0
92	14	0.0
92	15	0.0
92	16	0.0
92	17	30.0
92	18	31.0
92	19	20.0
92	20	20.0
92	21	20.0
92	22	20.0
92	23	20.0
92	24	20.0
93	1	98.0
93	2	98.0
93	3	98.0
93	4	98.0
93	5	98.0
93	6	98.0
93	7	98.0
93	8	98.0
93	9	98.0
93	10	98.0
93	11	97.0
93	12	79.0
93	13	95.0
93	14	98.0
93	15	98.0
93	16	74.0
93	17	74.0
93	18	98.0
93	19	98.0
93	20	98.0
93	21	98.0
93	22	98.0
93	23	98.0
93	24	252.0
94	1	0.0
94	2	0.0
94	3	0.0
94	4	0.0
94	5	0.0
94	6	0.0
94	7	0.0
94	8	0.0
94	9	31.0
94	10	0.0
94	11	0.0
94	12	0.0
94	13	0.0
94	14	0.0
94	15	0.0
94	16	0.0
94	17	12.0
94	18	31.0
94	19	0.0
94	20	0.0
94	21	0.0
94	22	0.0
94	23	0.0
94	24	0.0
95	1	380.0
95	2	380.0
95	3	380.0
95	4	380.0
95	5	380.0
95	6	320.0
95	7	250.0
95	8	210.0
95	9	250.0
95	10	250.0
95	11	284.0
95	12	380.0
95	13	380.0
95	14	380.0
95	15	320.0
95	16	200.0
95	17	160.0
95	18	160.0
95	19	300.0
95	20	300.0
95	21	300.0
95	22	300.0
95	23	320.0
95	24	350.0
96	1	388.0
96	2	343.0
96	3	343.0
96	4	343.0
96	5	343.0
96	6	343.0
96	7	287.0
96	8	225.0
96	9	166.0
96	10	116.0
96	11	47.0
96	12	68.0
96	13	200.0
96	14	87.0
96	15	115.0
96	16	65.0
96	17	18.0
96	18	129.0
96	19	150.0
96	20	200.0
96	21	200.0
96	22	200.0
96	23	237.0
96	24	294.0
97	1	253.0
97	2	253.0
97	3	253.0
97	4	253.0
97	5	253.0
97	6	253.0
97	7	253.0
97	8	253.0
97	9	253.0
97	10	250.0
97	11	253.0
97	12	253.0
97	13	253.0
97	14	253.0
97	15	263.0
97	16	200.0
97	17	209.0
97	18	201.0
97	19	209.0
97	20	209.0
97	21	209.0
97	22	209.0
97	23	199.0
97	24	369.0
98	1	299.0
98	2	299.0
98	3	299.0
98	4	299.0
98	5	299.0
98	6	299.0
98	7	250.0
98	8	250.0
98	9	250.0
98	10	250.0
98	11	299.0
98	12	299.0
98	13	299.0
98	14	299.0
98	15	299.0
98	16	200.0
98	17	200.0
98	18	200.0
98	19	295.0
98	20	295.0
98	21	295.0
98	22	295.0
98	23	299.0
98	24	282.0
99	1	315.0
99	2	360.0
99	3	414.0
99	4	414.0
99	5	360.0
99	6	360.0
99	7	270.0
99	8	194.0
99	9	120.0
99	10	127.0
99	11	250.0
99	12	350.0
99	13	227.0
99	14	400.0
99	15	400.0
99	16	305.0
99	17	200.0
99	18	200.0
99	19	200.0
99	20	227.0
99	21	250.0
99	22	120.0
99	23	175.0
99	24	197.0
100	1	341.0
100	2	341.0
100	3	341.0
100	4	341.0
100	5	341.0
100	6	341.0
100	7	341.0
100	8	300.0
100	9	300.0
100	10	300.0
100	11	307.0
100	12	307.0
100	13	307.0
100	14	307.0
100	15	307.0
100	16	307.0
100	17	227.0
100	18	227.0
100	19	227.0
100	20	227.0
100	21	227.0
100	22	227.0
100	23	227.0
100	24	227.0
101	1	280.0
101	2	269.0
101	3	269.0
101	4	254.0
101	5	254.0
101	6	280.0
101	7	220.0
101	8	70.0
101	9	126.0
101	10	120.0
101	11	100.0
101	12	56.0
101	13	200.0
101	14	160.0
101	15	160.0
101	16	30.0
101	17	30.0
101	18	30.0
101	19	30.0
101	20	40.0
101	21	40.0
101	22	70.0
101	23	237.0
101	24	177.0
102	1	185.0
102	2	185.0
102	3	185.0
102	4	185.0
102	5	185.0
102	6	131.0
102	7	131.0
102	8	41.0
102	9	20.0
102	10	0.0
102	11	0.0
102	12	0.0
102	13	0.0
102	14	0.0
102	15	0.0
102	16	0.0
102	17	0.0
102	18	0.0
102	19	0.0
102	20	0.0
102	21	0.0
102	22	72.0
102	23	172.0
102	24	161.0
103	1	307.0
103	2	307.0
103	3	307.0
103	4	307.0
103	5	274.0
103	6	70.0
103	7	70.0
103	8	70.0
103	9	70.0
103	10	70.0
103	11	35.0
103	12	50.0
103	13	50.0
103	14	35.0
103	15	0.0
103	16	70.0
103	17	70.0
103	18	70.0
103	19	70.0
103	20	70.0
103	21	70.0
103	22	103.0
103	23	103.0
103	24	369.0
104	1	450.0
104	2	492.0
104	3	464.0
104	4	496.0
104	5	488.0
104	6	400.0
104	7	250.0
104	8	250.0
104	9	250.0
104	10	250.0
104	11	300.0
104	12	547.0
104	13	592.0
104	14	592.0
104	15	518.0
104	16	250.0
104	17	200.0
104	18	200.0
104	19	300.0
104	20	300.0
104	21	300.0
104	22	300.0
104	23	350.0
104	24	387.0
105	1	20.0
105	2	0.0
105	3	0.0
105	4	0.0
105	5	0.0
105	6	20.0
105	7	20.0
105	8	31.0
105	9	31.0
105	10	20.0
105	11	20.0
105	12	28.0
105	13	28.0
105	14	28.0
105	15	20.0
105	16	20.0
105	17	28.0
105	18	31.0
105	19	30.0
105	20	20.0
105	21	20.0
105	22	20.0
105	23	20.0
105	24	20.0
106	1	0.0
106	2	0.0
106	3	0.0
106	4	0.0
106	5	0.0
106	6	0.0
106	7	0.0
106	8	0.0
106	9	0.0
106	10	0.0
106	11	0.0
106	12	0.0
106	13	0.0
106	14	0.0
106	15	0.0
106	16	0.0
106	17	0.0
106	18	0.0
106	19	0.0
106	20	0.0
106	21	0.0
106	22	0.0
106	23	0.0
106	24	0.0
107	1	217.0
107	2	217.0
107	3	217.0
107	4	217.0
107	5	217.0
107	6	217.0
107	7	217.0
107	8	163.0
107	9	163.0
107	10	163.0
107	11	163.0
107	12	163.0
107	13	200.0
107	14	200.0
107	15	200.0
107	16	150.0
107	17	150.0
107	18	150.0
107	19	150.0
107	20	163.0
107	21	200.0
107	22	200.0
107	23	217.0
107	24	217.0
108	1	336.0
108	2	336.0
108	3	336.0
108	4	336.0
108	5	336.0
108	6	336.0
108	7	230.0
108	8	230.0
108	9	180.0
108	10	107.0
108	11	70.0
108	12	158.0
108	13	74.0
108	14	130.0
108	15	49.0
108	16	80.0
108	17	49.0
108	18	40.0
108	19	180.0
108	20	180.0
108	21	130.0
108	22	230.0
108	23	330.0
108	24	230.0
109	1	377.0
109	2	377.0
109	3	377.0
109	4	377.0
109	5	377.0
109	6	263.0
109	7	250.0
109	8	250.0
109	9	250.0
109	10	250.0
109	11	300.0
109	12	412.0
109	13	412.0
109	14	412.0
109	15	412.0
109	16	200.0
109	17	200.0
109	18	200.0
109	19	263.0
109	20	263.0
109	21	263.0
109	22	263.0
109	23	350.0
109	24	450.0
110	1	25.0
110	2	25.0
110	3	25.0
110	4	31.0
110	5	31.0
110	6	31.0
110	7	31.0
110	8	31.0
110	9	31.0
110	10	31.0
110	11	31.0
110	12	31.0
110	13	31.0
110	14	31.0
110	15	31.0
110	16	31.0
110	17	31.0
110	18	31.0
110	19	31.0
110	20	25.0
110	21	25.0
110	22	25.0
110	23	25.0
110	24	31.0
111	1	0.0
111	2	0.0
111	3	0.0
111	4	0.0
111	5	0.0
111	6	0.0
111	7	0.0
111	8	20.0
111	9	31.0
111	10	0.0
111	11	0.0
111	12	0.0
111	13	0.0
111	14	0.0
111	15	0.0
111	16	0.0
111	17	30.0
111	18	31.0
111	19	20.0
111	20	20.0
111	21	20.0
111	22	20.0
111	23	20.0
111	24	20.0
112	1	125.0
112	2	125.0
112	3	125.0
112	4	125.0
112	5	125.0
112	6	125.0
112	7	125.0
112	8	125.0
112	9	105.0
112	10	63.0
112	11	205.0
112	12	205.0
112	13	205.0
112	14	205.0
112	15	205.0
112	16	125.0
112	17	125.0
112	18	55.0
112	19	51.0
112	20	125.0
112	21	125.0
112	22	125.0
112	23	125.0
112	24	125.0
