Node	Time	Intraday_Price
3	1	40.4921916701789
3	2	15.144035926745659
3	3	2.503729507345476
3	4	9.469283698317252
3	5	6.351270269404848
3	6	5.740618539989807
3	7	4.359128998710136
3	8	0.9001525078841557
3	9	0.0
3	10	0.7501164589733436
3	11	0.709358381762871
3	12	-0.0988904560261765
3	13	-3.460186015168902
3	14	-6.0808988228555645
3	15	-5.099066274203242
3	16	-0.07328186881096617
3	17	4.1603133185677885
3	18	35.65395823833138
3	19	44.94296674691305
3	20	26.60746035757718
3	21	32.93198726745225
3	22	19.384015754440576
3	23	36.17840525038633
3	24	37.694392913755024
4	1	22.27644265659559
4	2	21.724117128196326
4	3	25.047815356400562
4	4	26.10610003267548
4	5	14.624609904554953
4	6	18.07250613198615
4	7	22.058313398970775
4	8	20.771014631176964
4	9	18.15531226147965
4	10	19.41132652847853
4	11	24.69498638318028
4	12	28.356194528853695
4	13	21.672246552668327
4	14	9.486318979411706
4	15	9.493518538742732
4	16	19.21302242244643
4	17	23.889959638889735
4	18	11.942918225059568
4	19	15.62312958445238
4	20	15.743071943211945
4	21	30.457249495912897
4	22	22.49739301808138
4	23	18.59986927549468
4	24	20.177623866014457
5	1	37.36953276584981
5	2	47.219533693364696
5	3	49.57034435217273
5	4	63.46339346964984
5	5	47.065587710365236
5	6	39.980301566764396
5	7	60.92588772903713
5	8	62.11296976595642
5	9	41.11063736456058
5	10	47.907993426257114
5	11	32.664708048436346
5	12	0.7602375924514578
5	13	0.5364472327505964
5	14	11.706086264377529
5	15	39.25335125500869
5	16	44.685153818955214
5	17	69.99578620079741
5	18	70.32323463472207
5	19	49.413415157350514
5	20	13.701093513673426
5	21	66.09973316647901
5	22	58.65064307640903
5	23	42.45311976838737
5	24	53.14914843312476
6	1	38.72348288686342
6	2	23.115513508080948
6	3	11.273899902669417
6	4	15.304768913257863
6	5	23.75474948706208
6	6	48.11612815651096
6	7	49.2173191627088
6	8	31.34395294794684
6	9	46.5050301816346
6	10	33.681319485176964
6	11	50.7477391981783
6	12	50.59844584702136
6	13	40.0955837425727
6	14	35.96587348974353
6	15	36.75527785545813
6	16	28.12733429043012
6	17	42.42179477886122
6	18	32.84358611891158
6	19	28.659125843210553
6	20	51.38091813740603
6	21	66.88930690024398
6	22	77.24571107234688
6	23	64.76036503435685
6	24	51.30838921805806
7	1	36.62841205750643
7	2	41.44734544379897
7	3	35.329383779091984
7	4	38.160385360464
7	5	27.82792159806443
7	6	45.9148411949689
7	7	52.510298143045716
7	8	30.01492847582368
7	9	33.19312397301076
7	10	35.6138571670137
7	11	27.69680098425735
7	12	34.97699662709546
7	13	20.149855070624138
7	14	30.643596244179847
7	15	44.05820487731883
7	16	40.03298021259903
7	17	41.75496991100374
7	18	47.4029236493666
7	19	35.89963410551242
7	20	37.92458636114241
7	21	36.22300615160257
7	22	29.377565895788322
7	23	25.29064926205991
7	24	28.55228716271924
8	1	45.89654068192395
8	2	63.3256620691757
8	3	58.92404230170739
8	4	77.34596863027004
8	5	54.52879266576566
8	6	46.463952044874695
8	7	210.2619212238265
8	8	113.97752613544984
8	9	84.23067477907958
8	10	85.01055740923438
8	11	73.55297291883349
8	12	70.18661272819197
8	13	112.37656977887052
8	14	69.91339314756017
8	15	70.14690363153828
8	16	68.2232991613234
8	17	92.44908951137485
8	18	74.91199221408503
8	19	51.811091381722854
8	20	46.527381769268736
8	21	47.797181481459184
8	22	70.77161216652601
8	23	95.48462075050422
8	24	64.54129241217018
9	1	27.512981699865662
9	2	24.191480832224602
9	3	28.43567435188493
9	4	19.78161920660248
9	5	15.526061067630078
9	6	22.87919650110599
9	7	26.371846631779643
9	8	25.716334332245985
9	9	20.2098528938536
9	10	18.282891385924902
9	11	22.150792000280394
9	12	11.756449025069944
9	13	5.179886341127099
9	14	4.964480289630995
9	15	26.21392330441342
9	16	26.689636895816072
9	17	29.619563709832583
9	18	22.139560999558437
9	19	25.485840127068116
9	20	24.13456390568728
9	21	19.597320786290943
9	22	15.935410247211134
9	23	16.750818870401968
9	24	18.37344094893809
10	1	59.10378108143742
10	2	57.797683490948494
10	3	58.239378325438345
10	4	53.60848705350544
10	5	43.96363155767441
10	6	50.30012734615157
10	7	104.84709318343481
10	8	134.76436697914576
10	9	79.01546788170751
10	10	100.59205219183991
10	11	87.0475616018507
10	12	42.09342455372121
10	13	54.548300287619014
10	14	65.67814166584296
10	15	50.79508089175297
10	16	86.52699558597313
10	17	56.03581810793366
10	18	62.84314348478558
10	19	64.2527079020042
10	20	76.80647878575323
10	21	61.27640826322242
10	22	55.23446657749393
10	23	36.540247587281115
10	24	49.46460264048185
11	1	15.360517735617558
11	2	20.16912904399545
11	3	28.799663555927754
11	4	27.901978279695435
11	5	26.868334723263796
11	6	20.957111580444547
11	7	37.856973536156715
11	8	37.134619444822555
11	9	44.00942164895529
11	10	48.69215078781195
11	11	19.97996277583038
11	12	8.481421713259742
11	13	16.138169015289684
11	14	25.033310262096204
11	15	33.76185823663995
11	16	44.01869207238155
11	17	37.622643656107854
11	18	44.13174177432504
11	19	34.27576314784227
11	20	46.73661065339185
11	21	42.539824241680854
11	22	40.67647173431587
11	23	2.9360200560792475
11	24	26.20636360630514
12	1	29.78875298639028
12	2	36.51238327407001
12	3	38.08607780832772
12	4	42.09821261854428
12	5	37.897263743160266
12	6	31.161065044369366
12	7	76.44808676606489
12	8	96.68342929421722
12	9	88.05885676967574
12	10	55.76679912600668
12	11	52.391956682260066
12	12	33.19572351285413
12	13	35.0520588670799
12	14	22.00080402586314
12	15	49.70024013559765
12	16	45.06118975327985
12	17	68.51464434532043
12	18	146.57051903631609
12	19	132.5464459988289
12	20	47.06703401922942
12	21	50.671638936657395
12	22	42.91772670885253
12	23	55.27392253982541
12	24	33.01812591061077
13	1	6.693450404382477
13	2	3.5707378636002614
13	3	4.342118193266531
13	4	3.5187431667871927
13	5	5.1960606913534235
13	6	7.985937145906879
13	7	5.950542955139863
13	8	12.928817817878208
13	9	13.163998804875089
13	10	14.083238346475714
13	11	11.502608694011382
13	12	5.431131002751436
13	13	3.7468316218593447
13	14	8.92072187706557
13	15	9.962335965830748
13	16	20.727206588508654
13	17	9.784387970606558
13	18	15.236141472000467
13	19	8.456553439532733
13	20	9.707097239566378
13	21	16.31404303725621
13	22	18.604350059867155
13	23	13.473466364186965
13	24	17.541441985815595
14	1	-0.04301362114148334
14	2	-0.06055393143654317
14	3	-0.10361151710173123
14	4	-0.04413594185948797
14	5	0.0410824541967806
14	6	2.29411179879404
14	7	4.051422273358061
14	8	4.308430801980711
14	9	5.173061662265239
14	10	4.847749340250271
14	11	3.0884167552820676
14	12	3.3047820569996413
14	13	1.0761624521735347
14	14	2.4213871798698627
14	15	2.703179994889972
14	16	2.98106272789874
14	17	4.32416180336489
14	18	5.177206590708114
14	19	4.030571726423086
14	20	3.718789337883137
14	21	3.098331044409409
14	22	1.369935784439239
14	23	0.10332035633472537
14	24	-0.03249863194445536
15	1	22.376766264810293
15	2	34.90860537868929
15	3	41.96730530321152
15	4	31.667870174163028
15	5	29.266443782951537
15	6	36.63474253886238
15	7	27.120586034909117
15	8	28.31246969761827
15	9	27.98621141163607
15	10	19.27763176872791
15	11	5.109699169328312
15	12	1.3563338598906471
15	13	0.008833396674481528
15	14	0.02640216815037547
15	15	7.967403845589895
15	16	25.90580635121489
15	17	37.165116961401495
15	18	24.384420693605318
15	19	42.77527654235524
15	20	38.709959709975685
15	21	41.656695636280425
15	22	28.856000799884555
15	23	12.885835266315159
15	24	40.106651335942345
16	1	30.07111112802935
16	2	21.956071120322886
16	3	13.264166529131924
16	4	18.761390817714272
16	5	23.63316124972292
16	6	26.47466268140358
16	7	13.877647053479741
16	8	19.984672946724253
16	9	24.569428954795136
16	10	-0.013798072731640661
16	11	-4.630168573620587
16	12	-9.609214374026003
16	13	-11.185070084762252
16	14	-23.944143228594548
16	15	-30.0981972745983
16	16	-10.879768180199399
16	17	17.797707984946385
16	18	18.281455194402902
16	19	35.673960548405816
16	20	50.250293518170615
16	21	53.251482177785476
16	22	19.91507083674032
16	23	7.2554817933637175
16	24	0.620469262159434
17	1	36.60836678688487
17	2	44.49695969084373
17	3	49.59562356658372
17	4	31.83872456347127
17	5	36.90219718771109
17	6	38.67540647291671
17	7	29.532606760413476
17	8	30.25983850402027
17	9	11.656256742482572
17	10	5.018885745290383
17	11	0.8594283273237615
17	12	0.8499974092960536
17	13	0.47820854999870166
17	14	0.055870376035026245
17	15	1.305497557312015
17	16	16.164788715825367
17	17	35.502732168183435
17	18	30.052553347624883
17	19	41.09017019624832
17	20	33.937378754474516
17	21	33.766389336387284
17	22	30.713806727859538
17	23	35.42329391057902
17	24	38.38397143383976
18	1	2.4511990978947176
18	2	2.1638370538753495
18	3	2.156911583043418
18	4	2.902469417201881
18	5	3.436175785284854
18	6	4.039281779347381
18	7	14.322625706644597
18	8	14.657000913499207
18	9	20.75237136226166
18	10	7.509243366576308
18	11	3.9781182653291554
18	12	1.1115179395724297
18	13	-0.7631794902732502
18	14	-0.06910054036062478
18	15	0.968331804283152
18	16	5.0120887196871315
18	17	7.6286953049529025
18	18	4.78668722535716
18	19	6.648924571120081
18	20	3.531092093373141
18	21	5.568067000338375
18	22	5.830302488064203
18	23	3.0461642727717515
18	24	2.0534606153098793
19	1	42.21645872598955
19	2	51.20741003446531
19	3	47.77426234623332
19	4	24.706568661145653
19	5	34.54143784837795
19	6	42.68207750314418
19	7	37.61959855722351
19	8	57.65825437419037
19	9	43.24616093946714
19	10	41.61225925476228
19	11	37.89480696443966
19	12	46.53919633071693
19	13	21.999814257043617
19	14	20.200524479184825
19	15	30.669632392948902
19	16	32.58683836887881
19	17	54.850410037423885
19	18	39.02303235606017
19	19	56.77901474806331
19	20	28.060607251636682
19	21	50.831840466998564
19	22	35.135182476944294
19	23	38.169964286408096
19	24	31.57654887070494
20	1	37.36953276584981
20	2	47.219533693364696
20	3	49.57034435217273
20	4	63.46339346964984
20	5	47.065587710365236
20	6	39.980301566764396
20	7	60.92588772903713
20	8	62.11296976595642
20	9	41.11063736456058
20	10	47.907993426257114
20	11	32.664708048436346
20	12	0.7602375924514578
20	13	0.5364472327505964
20	14	11.706086264377529
20	15	39.25335125500869
20	16	44.685153818955214
20	17	69.99578620079741
20	18	70.32323463472207
20	19	49.413415157350514
20	20	13.701093513673426
20	21	66.09973316647901
20	22	58.65064307640903
20	23	42.45311976838737
20	24	53.14914843312476
21	1	12.815226686883364
21	2	19.48881978368357
21	3	13.252882512596669
21	4	18.35095846359045
21	5	11.688370398989607
21	6	18.05487528533061
21	7	12.352265148655812
21	8	20.723584716120655
21	9	24.60223357766301
21	10	18.429588688403737
21	11	16.631610201857185
21	12	17.224340315887112
21	13	16.530677461234035
21	14	12.210205873075358
21	15	16.001005114229
21	16	18.54981286607809
21	17	17.405253371417686
21	18	22.479441363737575
21	19	18.790241155754583
21	20	11.387305239525677
21	21	9.077218815794891
21	22	21.135491357552482
21	23	13.697495038069125
21	24	11.70407612869036
22	1	29.912500087329217
22	2	28.78563294487249
22	3	17.21670679147058
22	4	39.56965289377778
22	5	41.15293687545944
22	6	34.21003762199594
22	7	44.123965207435376
22	8	37.06162516967177
22	9	53.33017916232162
22	10	57.568935626485185
22	11	29.832564523243402
22	12	39.867412495353264
22	13	47.43412291549469
22	14	37.87415952566456
22	15	23.948795258948284
22	16	33.60330492319973
22	17	26.73121097861516
22	18	51.77130682199739
22	19	30.96412252557276
22	20	32.04656783784036
22	21	42.58997949421327
22	22	41.97625618153852
22	23	43.319137396461755
22	24	35.156934716279785
23	1	27.512981699865662
23	2	24.191480832224602
23	3	28.43567435188493
23	4	19.78161920660248
23	5	15.526061067630078
23	6	22.87919650110599
23	7	26.371846631779643
23	8	25.716334332245985
23	9	20.2098528938536
23	10	18.282891385924902
23	11	22.150792000280394
23	12	11.756449025069944
23	13	5.179886341127099
23	14	4.964480289630995
23	15	26.21392330441342
23	16	26.689636895816072
23	17	29.619563709832583
23	18	22.139560999558437
23	19	25.485840127068116
23	20	24.13456390568728
23	21	19.597320786290943
23	22	15.935410247211134
23	23	16.750818870401968
23	24	18.37344094893809
24	1	32.46287451687994
24	2	41.06907112630443
24	3	36.30477805100095
24	4	36.095182891888655
24	5	43.46778686770613
24	6	43.2258312211678
24	7	40.02124350881975
24	8	39.59087549610691
24	9	13.694164921298505
24	10	1.2971926927626625
24	11	-1.3519610991393198
24	12	-6.7894618544738625
24	13	-10.37263534928612
24	14	-14.367437043634197
24	15	-10.595902211051717
24	16	-2.678288075517241
24	17	12.771119166801387
24	18	24.213888273223407
24	19	24.701432273876854
24	20	18.037542081159256
24	21	28.600867537380534
24	22	35.2399274364738
24	23	21.846591942199304
24	24	18.696344225255363
25	1	25.987133439201447
25	2	41.3753093273869
25	3	32.62242954124497
25	4	31.56258452942059
25	5	43.674613195249705
25	6	35.30341433722814
25	7	35.928805925265905
25	8	27.906662300506476
25	9	31.479680405394348
25	10	41.59024638875919
25	11	23.557795598986406
25	12	22.713430433915036
25	13	29.219682000851567
25	14	22.843419201537095
25	15	23.470785345401325
25	16	38.242902258512885
25	17	28.49121953139784
25	18	28.796755389777598
25	19	40.01559076583894
25	20	28.988356449313994
25	21	26.99135737740202
25	22	63.430033751075015
25	23	29.724537649111028
25	24	27.948696451678103
26	1	32.44455046942121
26	2	19.371881613069853
26	3	38.84748588973096
26	4	32.050683978504104
26	5	29.35601119581806
26	6	19.202315045639207
26	7	85.46356347920262
26	8	64.13464160601553
26	9	84.29296928856827
26	10	86.28610025840008
26	11	81.39209169041877
26	12	39.59597241638698
26	13	31.19515315135311
26	14	42.69831008999728
26	15	27.87954315462675
26	16	35.36334235137611
26	17	27.31897106625839
26	18	43.6424094571487
26	19	37.350371611972825
26	20	31.45784527087329
26	21	40.690437217614644
26	22	35.270582736231006
26	23	30.16473902084301
26	24	29.269427430517446
27	1	13.62845996090307
27	2	15.17648020013805
27	3	12.717512551790257
27	4	11.222242239135237
27	5	11.697276644514044
27	6	25.04626038663448
27	7	47.360501011361215
27	8	46.081712557324586
27	9	62.26731446853678
27	10	32.424773235129656
27	11	48.40643826880885
27	12	32.3936877879216
27	13	22.004044044642228
27	14	42.69298127688831
27	15	25.793401924424195
27	16	33.20309862769328
27	17	47.616184331942755
27	18	66.56504742404765
27	19	19.29087095795831
27	20	34.919584106545834
27	21	19.653074759857525
27	22	18.64619447895634
27	23	19.25862615577412
27	24	14.417482504564353
28	1	5.746647654577805
28	2	5.930965635230004
28	3	6.213710351623254
28	4	7.030322378551872
28	5	8.808925578357957
28	6	9.420000103471054
28	7	73.06308227756253
28	8	65.61419926573268
28	9	50.28128188151621
28	10	42.1142532100104
28	11	15.20798442534109
28	12	17.026398212098208
28	13	11.746025393752332
28	14	10.442187780226366
28	15	10.713683019655882
28	16	18.24288196619976
28	17	47.502479029867196
28	18	60.36278607160909
28	19	37.86522199070735
28	20	67.26336544847926
28	21	19.729389038918512
28	22	21.41493139432303
28	23	21.171175031312174
28	24	14.679838221601903
29	1	18.820000337864496
29	2	13.11853975374803
29	3	17.46410795490638
29	4	13.435339875595727
29	5	14.52232970530663
29	6	20.515573531220596
29	7	15.516007640113633
29	8	22.15150213139951
29	9	20.897592658972783
29	10	15.873916916437425
29	11	11.859580174149468
29	12	17.34221108324828
29	13	16.787743575223416
29	14	17.876726178674797
29	15	23.845905445540872
29	16	11.581055687867051
29	17	24.499136596047435
29	18	23.953766347265404
29	19	28.876151450948132
29	20	14.233360042645899
29	21	14.915257654302442
29	22	20.013378782256197
29	23	20.262504725267128
29	24	23.482164420453017
30	1	21.256601976410604
30	2	27.191040999048
30	3	21.131074242531877
30	4	21.31105735185459
30	5	15.981774611818551
30	6	26.64020457839296
30	7	17.35982635774052
30	8	19.632503791320268
30	9	5.868595295286494
30	10	0.0
30	11	-4.02035129826449
30	12	-16.553983143258375
30	13	-33.587464961821766
30	14	-50.237332720431475
30	15	-34.26220749342924
30	16	-5.964758707235223
30	17	0.7930613361662533
30	18	22.310666918827284
30	19	12.117797588742828
30	20	24.022229794789855
30	21	19.32670745981007
30	22	34.48530610728865
30	23	26.453933896078876
30	24	19.91440655902986
31	1	3.366445795515208
31	2	6.179754957542574
31	3	3.9151713029359114
31	4	5.687466906901394
31	5	5.3603245236143975
31	6	6.89657851595591
31	7	56.452327032781454
31	8	103.01582247707314
31	9	88.69899393050964
31	10	35.730328149818774
31	11	11.018717822602236
31	12	6.8255703757827115
31	13	11.037068666353909
31	14	10.388713082776357
31	15	7.670303940519614
31	16	9.709175970350941
31	17	12.989068511006895
31	18	12.840345358821748
31	19	7.704263053938833
31	20	4.032458772974296
31	21	7.521002601066878
31	22	4.700988527536775
31	23	3.2327017041000983
31	24	5.06462501030391
32	1	25.987133439201447
32	2	41.3753093273869
32	3	32.62242954124497
32	4	31.56258452942059
32	5	43.674613195249705
32	6	35.30341433722814
32	7	35.928805925265905
32	8	27.906662300506476
32	9	31.479680405394348
32	10	41.59024638875919
32	11	23.557795598986406
32	12	22.713430433915036
32	13	29.219682000851567
32	14	22.843419201537095
32	15	23.470785345401325
32	16	38.242902258512885
32	17	28.49121953139784
32	18	28.796755389777598
32	19	40.01559076583894
32	20	28.988356449313994
32	21	26.99135737740202
32	22	63.430033751075015
32	23	29.724537649111028
32	24	27.948696451678103
33	1	8.60350018082967
33	2	5.952496416001326
33	3	6.546932522088001
33	4	4.41703362007746
33	5	10.050950902705678
33	6	16.461917252400543
33	7	42.76738403051519
33	8	154.4493350711345
33	9	113.59831113676152
33	10	67.97705916361288
33	11	47.571098056687354
33	12	34.488589441983436
33	13	40.79871782819121
33	14	46.867703203390974
33	15	16.750562863707945
33	16	33.25073590083003
33	17	55.330765199870406
33	18	23.424844814759794
33	19	30.89264564192213
33	20	53.92345106617544
33	21	21.71550088852598
33	22	26.20783673892407
33	23	11.575333143343164
33	24	18.073875863568915
34	1	18.295187385229255
34	2	15.950644419511962
34	3	16.438925457448033
34	4	27.034716010096904
34	5	19.22127300408367
34	6	32.96434247370538
34	7	33.06026110729526
34	8	9.38662837141921
34	9	26.160974524785406
34	10	16.7068364681709
34	11	5.740840681397087
34	12	0.7888980513309743
34	13	-0.20243364387794438
34	14	-0.14684826453189873
34	15	0.9852563613249659
34	16	13.804882638747076
34	17	15.538690025050004
34	18	17.99907826651092
34	19	31.47772605956632
34	20	22.21887569053579
34	21	22.035108770086502
34	22	12.348729142329015
34	23	36.444026828858114
34	24	13.189000237969402
35	1	38.72348288686342
35	2	23.115513508080948
35	3	11.273899902669417
35	4	15.304768913257863
35	5	23.75474948706208
35	6	48.11612815651096
35	7	49.2173191627088
35	8	31.34395294794684
35	9	46.5050301816346
35	10	33.681319485176964
35	11	50.7477391981783
35	12	50.59844584702136
35	13	40.0955837425727
35	14	35.96587348974353
35	15	36.75527785545813
35	16	28.12733429043012
35	17	42.42179477886122
35	18	32.84358611891158
35	19	28.659125843210553
35	20	51.38091813740603
35	21	66.88930690024398
35	22	77.24571107234688
35	23	64.76036503435685
35	24	51.30838921805806
36	1	27.507059880281343
36	2	38.47065857552758
36	3	44.23414436054263
36	4	47.14152824262199
36	5	37.4939756234985
36	6	29.50995784898931
36	7	49.50167388169209
36	8	33.14831188023607
36	9	47.75732428891395
36	10	49.98717997904891
36	11	28.435203277488274
36	12	31.578209300180646
36	13	30.71824512111527
36	14	33.57423033647852
36	15	37.94273046073513
36	16	9.958918513958544
36	17	38.17351326154347
36	18	31.442444324363734
36	19	36.4556113097868
36	20	31.67986468499146
36	21	56.88077718499361
36	22	55.57251196850158
36	23	51.55939965021513
36	24	47.080414699713096
37	1	13.62845996090307
37	2	15.17648020013805
37	3	12.717512551790257
37	4	11.222242239135237
37	5	11.697276644514044
37	6	25.04626038663448
37	7	47.360501011361215
37	8	46.081712557324586
37	9	62.26731446853678
37	10	32.424773235129656
37	11	48.40643826880885
37	12	32.3936877879216
37	13	22.004044044642228
37	14	42.69298127688831
37	15	25.793401924424195
37	16	33.20309862769328
37	17	47.616184331942755
37	18	66.56504742404765
37	19	19.29087095795831
37	20	34.919584106545834
37	21	19.653074759857525
37	22	18.64619447895634
37	23	19.25862615577412
37	24	14.417482504564353
38	1	11.148564822417216
38	2	14.087330003836842
38	3	16.62710595726957
38	4	22.756929888453712
38	5	21.255221921735483
38	6	18.011332086706332
38	7	21.814067242020577
38	8	20.247576673762403
38	9	35.22275706625876
38	10	18.05691741723118
38	11	14.464773007776268
38	12	21.749204873806747
38	13	13.076216408959647
38	14	19.810180929953823
38	15	22.45971669696911
38	16	29.767353012655327
38	17	12.74100807648782
38	18	20.165758290265057
38	19	34.99780978484285
38	20	14.352050237420935
38	21	22.289357836579963
38	22	21.590698208263927
38	23	17.542691343619076
38	24	16.00389118768419
39	1	25.22920680374195
39	2	34.57741361198348
39	3	36.293817646794196
39	4	28.562341884849882
39	5	32.40669544830444
39	6	31.840457995518307
39	7	26.319194578062152
39	8	28.616413613502726
39	9	45.9444746729762
39	10	32.595101622002886
39	11	19.05135479212541
39	12	28.542570802516735
39	13	13.165277194274259
39	14	18.944686327636365
39	15	18.00921676094453
39	16	36.40562400553277
39	17	29.30475893974586
39	18	38.12596443306173
39	19	23.91470373153533
39	20	47.22120149492477
39	21	35.58605868272514
39	22	50.44656843186019
39	23	25.137660803936726
39	24	28.76665121587973
40	1	23.833144773122886
40	2	25.06550411421686
40	3	15.17190598903633
40	4	14.152709257521806
40	5	10.478489746780319
40	6	27.849154828400554
40	7	20.64256017917565
40	8	32.03570394063135
40	9	21.64104599149155
40	10	29.095679708015208
40	11	14.544887763672426
40	12	1.3055868044793852
40	13	0.011946179132433073
40	14	1.1669563690937943
40	15	21.71351015974504
40	16	19.949839927240753
40	17	21.916700445946805
40	18	25.538822545551202
40	19	22.827490972664414
40	20	20.77017176717209
40	21	22.104169486972854
40	22	33.88330149021964
40	23	18.95437912103544
40	24	18.017115751447186
41	1	23.81551684134953
41	2	29.791712640652275
41	3	21.422387635845595
41	4	14.022066940556366
41	5	20.927299151453326
41	6	30.868944825662567
41	7	21.62977790377462
41	8	17.50266286266682
41	9	25.548618033172833
41	10	12.326015321217328
41	11	10.838013821498716
41	12	2.2240327747137827
41	13	-1.7840971276919488
41	14	-0.02452537252657705
41	15	27.337209702363275
41	16	20.661452172412016
41	17	22.77317908015525
41	18	27.69496833149043
41	19	24.60361295091385
41	20	17.64420082194648
41	21	23.421578485585975
41	22	33.88356859148925
41	23	38.31011181630746
41	24	30.29859196154762
42	1	40.18518581355817
42	2	63.80725204848296
42	3	39.02366018450286
42	4	66.08362493523676
42	5	48.768558743049425
42	6	71.98902390250166
42	7	81.25936654238751
42	8	60.9765877304965
42	9	68.06928072219945
42	10	35.703246486413946
42	11	47.182330260542386
42	12	32.226290519847666
42	13	28.69285374716271
42	14	20.864592661689485
42	15	50.5325444397704
42	16	31.318721071143077
42	17	50.846300895234855
42	18	71.6934083338942
42	19	82.01941352543541
42	20	74.04174808194739
42	21	61.728216620448435
42	22	92.60914252684638
42	23	74.0885198578363
42	24	73.23569838684314
43	1	6.990961136017766
43	2	0.3723177611430342
43	3	0.0
43	4	-0.25197281219167117
43	5	-0.03906102216769439
43	6	4.592687104241944
43	7	13.399949870430062
43	8	24.419236263409626
43	9	12.443712877849295
43	10	12.198708548148904
43	11	9.656440604665784
43	12	5.223484795618952
43	13	8.029451241712662
43	14	10.861928001045534
43	15	16.327477589029378
43	16	8.548523673670697
43	17	19.139459567780527
43	18	25.455742274603107
43	19	21.200554033346236
43	20	16.17875974322018
43	21	17.169696867052807
43	22	22.946695063265313
43	23	29.286290362335805
43	24	14.63462045449895
44	1	33.529816315252845
44	2	36.73309058341712
44	3	45.655549174205866
44	4	48.04725846257083
44	5	26.71629291150021
44	6	50.81800272931645
44	7	51.19626924983398
44	8	37.537256572247664
44	9	25.52519310868557
44	10	9.14617440700951
44	11	0.0
44	12	-0.5807651837781377
44	13	-1.1169975002331378
44	14	-1.3661439392192551
44	15	-0.03320847752757017
44	16	19.780388600950797
44	17	48.15206206926042
44	18	31.988953045396876
44	19	44.178539809600935
44	20	38.76509174976462
44	21	55.65508503162157
44	22	51.00271367292363
44	23	40.224406884650044
44	24	33.9126664915389
45	1	67.10017988265668
45	2	63.92858694704114
45	3	64.22677329093598
45	4	46.26464172954761
45	5	81.28926443568317
45	6	56.736267747333294
45	7	97.40385645610006
45	8	85.41584718493952
45	9	75.66909996356799
45	10	43.17516387368699
45	11	64.85677155467147
45	12	52.334047791569674
45	13	40.47619648206725
45	14	33.499423342915605
45	15	38.914114866427134
45	16	68.9654533421695
45	17	55.996838940618524
45	18	41.0052864011528
45	19	67.04335980507575
45	20	52.939362115200524
45	21	87.22982079896043
45	22	71.81886796346797
45	23	55.024199358029
45	24	69.28418848163426
46	1	66.10907287019666
46	2	49.011764967819644
46	3	58.17732489330587
46	4	50.73078401557664
46	5	54.32527583005468
46	6	57.98658203674974
46	7	78.83088306125761
46	8	76.60317020486247
46	9	95.58200974219613
46	10	60.392944036656175
46	11	67.15199060414331
46	12	52.083402185801965
46	13	48.75926932597632
46	14	51.85277661346617
46	15	49.64929739079427
46	16	85.9517347312707
46	17	54.776073881231966
46	18	74.5707787036907
46	19	81.32664129876666
46	20	43.8140134894495
46	21	73.82949826126799
46	22	56.19842087723376
46	23	70.11126639257607
46	24	51.552492816916605
47	1	37.69653854857012
47	2	20.03053270993052
47	3	47.19951607288333
47	4	37.0690581809632
47	5	38.681385205732916
47	6	21.369812865170925
47	7	37.83019442646165
47	8	51.53432307608009
47	9	39.756856230848776
47	10	22.255655697671394
47	11	21.864801497900498
47	12	17.954493676723313
47	13	9.100317613071859
47	14	14.524386232791523
47	15	17.212904227041747
47	16	37.17360883624094
47	17	39.19738194712146
47	18	34.15447274438927
47	19	37.14123759237658
47	20	35.69941081654062
47	21	36.62649348685903
47	22	17.07103066459088
47	23	25.199803547218988
47	24	17.206302195814267
48	1	25.088053916078884
48	2	28.74738337955782
48	3	21.100555934953515
48	4	20.14164404305801
48	5	26.8750418910271
48	6	31.849355301006863
48	7	26.147069478414778
48	8	21.43304875193845
48	9	30.026785645240967
48	10	22.019976369149703
48	11	18.542521261044268
48	12	30.330086541046807
48	13	29.77549824621374
48	14	31.561218518206534
48	15	27.09306410438476
48	16	20.193141630373297
48	17	36.45071799091602
48	18	35.28696165353719
48	19	16.616945449044863
48	20	18.68178487929973
48	21	17.126321277166593
48	22	31.708591844402758
48	23	29.302236071404547
48	24	12.412709751030633
49	1	25.22920680374195
49	2	34.57741361198348
49	3	36.293817646794196
49	4	28.562341884849882
49	5	32.40669544830444
49	6	31.840457995518307
49	7	26.319194578062152
49	8	28.616413613502726
49	9	45.9444746729762
49	10	32.595101622002886
49	11	19.05135479212541
49	12	28.542570802516735
49	13	13.165277194274259
49	14	18.944686327636365
49	15	18.00921676094453
49	16	36.40562400553277
49	17	29.30475893974586
49	18	38.12596443306173
49	19	23.91470373153533
49	20	47.22120149492477
49	21	35.58605868272514
49	22	50.44656843186019
49	23	25.137660803936726
49	24	28.76665121587973
50	1	32.53942771889052
50	2	30.816899943545334
50	3	19.978705486972924
50	4	26.75950759899616
50	5	17.266842552232564
50	6	19.256053934832043
50	7	15.828241902725177
50	8	22.063977307555657
50	9	21.99751505358967
50	10	22.1178810063402
50	11	19.953831157452804
50	12	0.013462955387490587
50	13	-0.004714839468523298
50	14	8.160291646413272
50	15	25.478474456914707
50	16	32.969231462441485
50	17	19.57095824686839
50	18	41.89910430428214
50	19	22.728673367867994
50	20	29.487378902807116
50	21	28.58355109840246
50	22	28.095247243282305
50	23	20.004767195929993
50	24	22.472276029198703
51	1	11.59935967625526
51	2	6.953372703128356
51	3	2.7078498603779333
51	4	2.6440121341756297
51	5	2.1014277336394587
51	6	3.3196428245424823
51	7	1.021758707199542
51	8	-0.01835428486877299
51	9	-0.7601711200415877
51	10	-0.6831802821847218
51	11	-0.8588623123066521
51	12	-0.9334657145027012
51	13	-0.7973747466330058
51	14	-0.09325334447410057
51	15	0.0
51	16	5.003230900034689
51	17	22.24479048017121
51	18	24.5081735990997
51	19	47.7372620045414
51	20	44.775455045637784
51	21	29.671880265690035
51	22	32.48521750133854
51	23	39.85366912999288
51	24	18.941442670303328
52	1	28.891836331326353
52	2	15.393882765145982
52	3	7.020094149572379
52	4	5.791960772003976
52	5	1.2360715760320844
52	6	5.67174810824879
52	7	2.412294054079829
52	8	-0.07209429811334574
52	9	-2.657902044693416
52	10	-3.7529213922739864
52	11	-17.72854189222192
52	12	-39.79710021841682
52	13	-36.77064213328499
52	14	-49.23351905632396
52	15	-20.680407251548697
52	16	-4.755510142718423
52	17	13.192037566194497
52	18	24.385437402893288
52	19	37.07171582610454
52	20	44.76125905168977
52	21	50.12979338030396
52	22	31.927202905461137
52	23	17.601968773321634
52	24	45.25632788891357
53	1	62.61912630506721
53	2	24.187154887277128
53	3	33.5606530831604
53	4	56.0186756006789
53	5	44.338709260278875
53	6	39.97329221628173
53	7	29.75385238785583
53	8	15.148092449923384
53	9	3.855569419288493
53	10	3.3716481200925736
53	11	5.905084040360279
53	12	2.4847946677780555
53	13	1.4711174122988302
53	14	0.4183988735072387
53	15	0.758146788551724
53	16	4.0562599735361236
53	17	4.954094266859205
53	18	28.81299391757004
53	19	25.178763772257852
53	20	42.765622811959815
53	21	32.410130792766644
53	22	28.509834443980942
53	23	16.694851201807772
53	24	20.769811713448984
54	1	22.791542870840196
54	2	3.2916960449705157
54	3	5.715823745904297
54	4	9.878611519783027
54	5	26.0901808416022
54	6	32.543356384199136
54	7	65.03602769001952
54	8	70.43976025400218
54	9	48.177264440857215
54	10	47.85793062105868
54	11	27.53104529359264
54	12	24.151529069728774
54	13	13.022058410596864
54	14	11.103465589916205
54	15	23.5199090374143
54	16	31.501365412964113
54	17	18.581231317603066
54	18	39.9675288177329
54	19	42.15881809322462
54	20	39.47488509791141
54	21	22.31814248028435
54	22	28.593920519688464
54	23	10.440979654898875
54	24	3.1999865818524906
55	1	39.39109020524978
55	2	41.652740099297745
55	3	46.64862905041118
55	4	43.242329290858585
55	5	42.970137061905454
55	6	43.78137054043434
55	7	41.091299315431854
55	8	45.89384313405824
55	9	36.10630538339149
55	10	46.62882186627341
55	11	72.5874076140356
55	12	72.5437745974524
55	13	56.080606318879575
55	14	52.273200799698984
55	15	61.748045456991775
55	16	54.51190109303952
55	17	64.81935615755643
55	18	45.49164346248987
55	19	47.363123258842926
55	20	57.74318015194354
55	21	50.91591738618639
55	22	56.78892264636148
55	23	55.43770436816001
55	24	44.47523033546116
56	1	26.780011021410406
56	2	4.890502857532939
56	3	2.3600060850025155
56	4	2.572357071700705
56	5	3.65841910241309
56	6	21.031722659718362
56	7	21.189559853455556
56	8	24.896666713636243
56	9	23.117142910501283
56	10	5.715509103405186
56	11	0.5192450753489822
56	12	0.40635262875843714
56	13	-0.04276801545981898
56	14	-0.055516099505061256
56	15	12.35954123754076
56	16	34.80061782137162
56	17	22.439898063341566
56	18	48.55153164706014
56	19	35.33069231003213
56	20	23.328850563670287
56	21	37.37661889730842
56	22	40.5516266510213
56	23	37.67289210282502
56	24	44.129246220082614
57	1	41.21194757246539
57	2	50.23107344436807
57	3	38.24614323567168
57	4	48.89788036638978
57	5	39.327912238159236
57	6	44.52042386820197
57	7	31.105057651350627
57	8	74.76482873738844
57	9	36.52390790283884
57	10	50.07825030711485
57	11	28.635052924430173
57	12	28.38647761631119
57	13	25.138065528278574
57	14	17.42635300464829
57	15	54.61523498495582
57	16	57.663493067877944
57	17	45.15657667788567
57	18	34.47996963379245
57	19	40.35651013526774
57	20	29.716887431555058
57	21	39.12768277165893
57	22	55.75214291019921
57	23	56.0047503156555
57	24	38.342164619440794
58	1	102.77801460194499
58	2	87.29851627073135
58	3	93.16312043678717
58	4	93.51984523667817
58	5	61.93736496519399
58	6	79.29921197165409
58	7	47.99875416700316
58	8	230.82987842360953
58	9	277.85208209187425
58	10	340.7889304735003
58	11	249.89924265391343
58	12	167.7593618204021
58	13	84.37004092629061
58	14	120.42251909539998
58	15	142.23410456245847
58	16	135.38191492975443
58	17	154.7534884719657
58	18	125.85789783903051
58	19	146.64212090576
58	20	131.2891095886668
58	21	73.14293324863237
58	22	80.71508296314455
58	23	104.48387354324846
58	24	89.58618808745419
59	1	89.48186101587656
59	2	74.27485523084529
59	3	94.90586245439712
59	4	77.81594662064745
59	5	87.74067363468532
59	6	40.91213582697262
59	7	121.9275423725672
59	8	93.54007426932253
59	9	139.69618127277977
59	10	143.4131551025708
59	11	134.40743393733052
59	12	117.81311922867103
59	13	101.00117885176273
59	14	91.21280392292256
59	15	129.63085229754645
59	16	94.47251419982005
59	17	159.21937196043527
59	18	169.50584781295623
59	19	106.99423953069294
59	20	136.74991316304883
59	21	129.96919517726886
59	22	124.26326806189994
59	23	80.85509700441284
59	24	60.6573245107429
60	1	3.4249817365677098
60	2	3.0297993253857025
60	3	4.973518722887676
60	4	5.661165651427247
60	5	8.461882796898204
60	6	5.727299396471137
60	7	21.25893167824678
60	8	23.13945918048804
60	9	9.929561401019994
60	10	23.268771549961517
60	11	21.551937189638508
60	12	10.615047501849327
60	13	12.580370871287784
60	14	11.598426902270107
60	15	9.386431011693793
60	16	11.728228584220984
60	17	11.294865169517093
60	18	8.361508911564997
60	19	10.25246618557588
60	20	4.40041570421434
60	21	5.211106625694093
60	22	4.303882633896425
60	23	2.778986051733263
60	24	5.505892712872684
61	1	29.116610431165395
61	2	34.4235884181483
61	3	31.976580112164992
61	4	39.307249319131486
61	5	37.75799472299613
61	6	39.628286604062076
61	7	20.381517022401283
61	8	53.200439078012664
61	9	41.768828844097435
61	10	56.59158143591573
61	11	61.384096509510044
61	12	39.90278568176855
61	13	31.793358564854667
61	14	31.869157712346507
61	15	38.040667276409366
61	16	28.325554756448167
61	17	37.626370844237215
61	18	36.21205745347741
61	19	29.34069780286292
61	20	58.171286312254246
61	21	41.94635467686224
61	22	33.69656522946449
61	23	35.14667502052593
61	24	32.31698556204936
62	1	59.385212033303716
62	2	72.43013502640876
62	3	46.26030669250995
62	4	43.68681363728407
62	5	50.31995727187163
62	6	61.288453942887024
62	7	37.06316111783312
62	8	55.10682942758709
62	9	109.89340573095654
62	10	72.97624713317101
62	11	87.52010035855184
62	12	58.353093354011335
62	13	67.44883557680252
62	14	76.27463898419369
62	15	41.65180179062897
62	16	57.54811442990829
62	17	55.94559306635006
62	18	67.07539709881492
62	19	119.88894930923077
62	20	90.78731313775128
62	21	72.87340727299787
62	22	44.734730498591084
62	23	80.74715854719074
62	24	65.33594422531897
63	1	78.62739868726781
63	2	59.653440398700276
63	3	58.233786526888075
63	4	70.32905324764998
63	5	65.35699534738659
63	6	69.53259417755916
63	7	95.99650983682604
63	8	63.66551435453733
63	9	97.298182805781
63	10	76.96923861357908
63	11	47.935739402655535
63	12	66.43088223486534
63	13	63.448092206170095
63	14	51.22430633224898
63	15	65.59448314731833
63	16	62.56503960957469
63	17	59.7086376137305
63	18	117.75509397822813
63	19	143.8817531947979
63	20	110.98031687592238
63	21	54.479240792223614
63	22	54.38249857035985
63	23	66.40684137723392
63	24	64.23119463895932
64	1	55.04986335792069
64	2	36.67356096268322
64	3	43.27046085274256
64	4	58.25713788235215
64	5	43.34916094045404
64	6	46.02216869777932
64	7	50.24202476575266
64	8	51.58577935722038
64	9	53.621216941292914
64	10	75.52013794983544
64	11	54.31092472568881
64	12	57.86563547759561
64	13	63.34146116011492
64	14	51.59632877722083
64	15	65.33889564027429
64	16	39.242415637257686
64	17	55.60034958120805
64	18	59.401792189024384
64	19	30.505901859914474
64	20	53.65396425004495
64	21	55.56448547963067
64	22	74.24692748855895
64	23	42.22614592282184
64	24	67.7196831027169
65	1	0.05403557361465319
65	2	0.05472961075152214
65	3	0.023474771410395525
65	4	7.965334026485936
65	5	28.236910001847523
65	6	25.762648608725808
65	7	44.17180735200125
65	8	44.26011906543338
65	9	52.15267820788124
65	10	32.18620363393656
65	11	42.76836101225602
65	12	16.019159243768005
65	13	25.160324310134953
65	14	32.0583603895863
65	15	42.58571411004647
65	16	41.455041520185766
65	17	59.57438581264184
65	18	34.737290329877275
65	19	66.22027264650973
65	20	50.91159737086944
65	21	40.49749837209754
65	22	51.5679056154609
65	23	31.46896524119277
65	24	23.29036712548189
66	1	54.28810669766636
66	2	69.88298846005006
66	3	62.6011899542613
66	4	59.86826179561721
66	5	54.24971885013893
66	6	45.07778176262648
66	7	77.10017037514528
66	8	139.16886154804732
66	9	98.05711099182554
66	10	250.4227457056409
66	11	200.2604128863282
66	12	191.51445488313885
66	13	121.67167469529203
66	14	112.82886703228374
66	15	103.86194168069134
66	16	231.55401391651563
66	17	226.52276289566763
66	18	200.9045466920195
66	19	153.06186991475474
66	20	133.32967649276762
66	21	76.23618113552273
66	22	71.5490171180688
66	23	77.83039678907355
66	24	31.03769806019248
67	1	34.65300433932711
67	2	30.46274034859031
67	3	36.15658317155154
67	4	37.53941181334596
67	5	35.6011829826889
67	6	22.083482411900974
67	7	34.5883055148849
67	8	31.635328814748913
67	9	71.75085705963886
67	10	68.92946853654706
67	11	49.88005377850339
67	12	50.91267369797241
67	13	54.67633821443373
67	14	42.66933561957114
67	15	80.77091152983898
67	16	107.27245755541175
67	17	101.25601303096013
67	18	106.26470113125839
67	19	80.73123567221278
67	20	96.7029183083685
67	21	41.12552558841196
67	22	69.3765549349277
67	23	75.97210401685676
67	24	51.76222613248475
68	1	70.90699696467075
68	2	75.41122268707667
68	3	41.731790456753394
68	4	49.16431901501898
68	5	49.582413629241024
68	6	74.09991823328943
68	7	87.05879350223303
68	8	41.59402756838006
68	9	57.882790591228385
68	10	72.7904547158722
68	11	40.072063858926974
68	12	36.74736822617217
68	13	66.81214772753171
68	14	46.82906365393895
68	15	63.25829440271417
68	16	38.81865978706702
68	17	45.572666077108714
68	18	79.87504169315798
68	19	41.94722878594546
68	20	47.26596784297729
68	21	20.781596630957225
68	22	40.222533052090824
68	23	61.00926294675651
68	24	51.31566660527313
69	1	77.004569787008
69	2	43.71286049295081
69	3	40.97714754188358
69	4	67.4754046276942
69	5	50.92686658322266
69	6	54.10861165484618
69	7	85.72885110915367
69	8	98.57797940364391
69	9	127.58127314265823
69	10	173.21628565469635
69	11	73.24145059836196
69	12	95.92835827443726
69	13	91.91481829123263
69	14	103.96507632803987
69	15	93.0040833730881
69	16	101.3372735621528
69	17	114.98529041676495
69	18	136.76041717480945
69	19	136.79115246696873
69	20	121.051978919249
69	21	170.5768915119427
69	22	105.67255091844339
69	23	109.73909980705042
69	24	101.1434275128277
70	1	54.50202838539336
70	2	69.75207971354062
70	3	87.59008639201733
70	4	35.98440264415962
70	5	65.84961810454294
70	6	69.1913585610778
70	7	76.55976107059527
70	8	83.56604598286373
70	9	63.948665311329584
70	10	77.85728824963769
70	11	63.98066943585617
70	12	49.196706986164706
70	13	61.313632116492805
70	14	79.86307919127088
70	15	64.04974910648657
70	16	43.619257331749985
70	17	34.03025058537315
70	18	60.41816454423257
70	19	63.43705829569958
70	20	65.857450311447
70	21	89.60352819968706
70	22	67.42977787032815
70	23	33.29069016197112
70	24	76.20461722208638
71	1	-0.010403823055362891
71	2	-0.06445280239741775
71	3	-0.30338217492438524
71	4	-0.18437246115473224
71	5	-0.07136159769059432
71	6	-0.008804533963029715
71	7	1.144074719274315
71	8	15.61491109109994
71	9	12.828378564557843
71	10	6.422169937168384
71	11	7.793181957945709
71	12	2.1966886995833814
71	13	7.9309409854508885
71	14	7.455440658874015
71	15	12.437029486795419
71	16	22.83947283993159
71	17	28.68404732919844
71	18	43.034915528220864
71	19	48.71243876155135
71	20	36.172275591383396
71	21	30.10372678341575
71	22	45.69448779392947
71	23	45.16752728887087
71	24	42.5535046768159
72	1	21.808897499140507
72	2	11.273459237623621
72	3	4.760391543716021
72	4	2.93366047777074
72	5	7.423403611289179
72	6	10.180063155976143
72	7	19.234826401564316
72	8	26.15395094423692
72	9	30.238170643564747
72	10	34.71794991779204
72	11	25.25970137645762
72	12	34.942341166813605
72	13	19.58246404038783
72	14	26.187232464164158
72	15	31.151019651824633
72	16	34.5769397655598
72	17	39.93923463673085
72	18	25.96712184026146
72	19	20.011236487759415
72	20	45.500423159377355
72	21	22.086422055983263
72	22	23.183676126523736
72	23	16.859220147912506
72	24	24.691257418995413
73	1	24.356246126481455
73	2	19.371361032860563
73	3	13.01188890179917
73	4	16.08322307113989
73	5	19.536685256631774
73	6	34.3172757256677
73	7	43.85364761854239
73	8	36.23422183879618
73	9	34.140730761261615
73	10	31.564298863038054
73	11	29.145702347551904
73	12	45.875349995901836
73	13	34.50836409616683
73	14	40.26554847744024
73	15	47.29037351080001
73	16	41.74616471540893
73	17	33.09344562663745
73	18	31.68719749255948
73	19	43.273305247106286
73	20	46.16843504783532
73	21	57.91035808872156
73	22	54.41530703044431
73	23	36.74912878082075
73	24	21.162415226613394
74	1	53.77269348137242
74	2	42.505157163642245
74	3	52.585869836900606
74	4	49.091614058444435
74	5	53.09886728325078
74	6	84.3109589323335
74	7	125.81209737520095
74	8	120.17990342132724
74	9	105.4334158866017
74	10	69.86116404016003
74	11	74.6384937055437
74	12	47.260007993447324
74	13	79.92328951225737
74	14	58.56565818834097
74	15	46.8728836777217
74	16	68.04140106072862
74	17	73.39167350171728
74	18	104.93107769012144
74	19	124.37201502052456
74	20	75.79190344312524
74	21	32.58855629926948
74	22	73.78645553948014
74	23	60.7157239371918
74	24	51.29339902860137
75	1	2.776401414530652
75	2	2.0146117869650113
75	3	2.778740287176113
75	4	2.1457098733321587
75	5	2.5224072429945514
75	6	2.0824921402721936
75	7	1.2795353445170776
75	8	13.356429882327957
75	9	14.110998804236305
75	10	20.28239099526916
75	11	10.03422520760623
75	12	26.39524677523054
75	13	29.00194757970837
75	14	23.044128396664526
75	15	34.53253003669797
75	16	30.04083703573055
75	17	61.484048120507715
75	18	36.414873591960635
75	19	36.79131483144512
75	20	23.211690163268894
75	21	10.38936775846878
75	22	9.865548034194559
75	23	6.141767375484938
75	24	5.423313043963511
76	1	51.94842064490381
76	2	70.46190097625625
76	3	13.085904878659969
76	4	44.79619635277947
76	5	24.148352529875854
76	6	54.01063225125386
76	7	40.717255075542944
76	8	60.787328268863845
76	9	46.47244773297681
76	10	26.37293021335235
76	11	44.30190926696656
76	12	66.62255601701146
76	13	33.862129331486024
76	14	23.59263559138799
76	15	46.471862701749295
76	16	38.53445390813569
76	17	50.21231979783386
76	18	49.624292149531435
76	19	40.08686975887662
76	20	36.08958960428314
76	21	60.15905682035852
76	22	47.81238417297188
76	23	52.5554819384837
76	24	68.68069590928235
77	1	43.68730949473369
77	2	44.84957627157501
77	3	38.93821544615063
77	4	52.32754559473085
77	5	41.98687121836192
77	6	32.1548632297486
77	7	55.90707615461044
77	8	51.053200349944845
77	9	62.98558360631876
77	10	55.07163741475732
77	11	32.63248191742419
77	12	45.96527529160761
77	13	72.9328823609311
77	14	38.7396588127848
77	15	51.7990929467982
77	16	38.433341601728955
77	17	2.8480487814922357
77	18	43.743861079089385
77	19	80.49209600701039
77	20	46.772979210902854
77	21	46.08191143311127
77	22	40.622259482633396
77	23	35.43257124645688
77	24	33.80415656335737
78	1	78.96718314983693
78	2	83.81395382398146
78	3	46.16844518402662
78	4	113.01091377036163
78	5	99.1283890726454
78	6	63.39456161814619
78	7	87.51257112757577
78	8	68.45211947472527
78	9	79.70238539721241
78	10	47.58029998068228
78	11	108.64825203252138
78	12	114.25079345521314
78	13	92.49783963267843
78	14	96.93554011671613
78	15	41.926326094574165
78	16	86.73137515595884
78	17	40.01262889569527
78	18	122.37472691009336
78	19	108.65057740317424
78	20	112.18927572355773
78	21	41.45817452480898
78	22	130.9385117811858
78	23	73.62382132573522
78	24	69.03297773396227
79	1	93.83639793234428
79	2	78.6147249294459
79	3	129.7667437030398
79	4	28.57989888987227
79	5	47.062721764935446
79	6	86.43216499715328
79	7	104.65827316793187
79	8	136.98404425331745
79	9	133.92354577261054
79	10	106.25361930573729
79	11	24.35998579819636
79	12	97.41663120221831
79	13	88.0611277395767
79	14	103.36193712725834
79	15	84.82187083733548
79	16	80.4829485498116
79	17	82.23637981117545
79	18	73.8667371453179
79	19	106.1411555236441
79	20	97.83573263538217
79	21	68.19591757015766
79	22	83.32078508385504
79	23	76.06942230771169
79	24	57.75990060485716
80	1	93.83639793234428
80	2	78.6147249294459
80	3	129.7667437030398
80	4	28.57989888987227
80	5	47.062721764935446
80	6	86.43216499715328
80	7	104.65827316793187
80	8	136.98404425331745
80	9	133.92354577261054
80	10	106.25361930573729
80	11	24.35998579819636
80	12	97.41663120221831
80	13	88.0611277395767
80	14	103.36193712725834
80	15	84.82187083733548
80	16	80.4829485498116
80	17	82.23637981117545
80	18	73.8667371453179
80	19	106.1411555236441
80	20	97.83573263538217
80	21	68.19591757015766
80	22	83.32078508385504
80	23	76.06942230771169
80	24	57.75990060485716
81	1	47.69098015355293
81	2	38.50635171391742
81	3	25.020517017852455
81	4	30.540063700364012
81	5	23.928753903615135
81	6	50.5559786654863
81	7	46.1959111012648
81	8	53.183989998697974
81	9	69.77046141946624
81	10	35.87519958685611
81	11	53.8112630668868
81	12	76.87347905248161
81	13	60.445967828274064
81	14	47.85875524105006
81	15	81.93299021830664
81	16	84.671503651044
81	17	102.47052520874368
81	18	81.88758939526235
81	19	112.56496396632893
81	20	182.47994690389564
81	21	73.5017069745683
81	22	138.2983663094241
81	23	70.98197068326553
81	24	58.96174833930357
82	1	41.00952614121892
82	2	30.58778540583393
82	3	12.388308930182417
82	4	30.353011649659834
82	5	58.42585967192369
82	6	41.07316204072201
82	7	43.26328124370737
82	8	110.35960115134996
82	9	98.67231608795133
82	10	105.87048372612966
82	11	72.3204107667441
82	12	52.95911754013653
82	13	77.13970558367316
82	14	86.40444133918895
82	15	133.55751575218
82	16	98.09567304811527
82	17	186.72558429423253
82	18	46.49651922491693
82	19	60.8954437816925
82	20	93.71615212942383
82	21	163.5510144871565
82	22	143.71953536831472
82	23	60.705417408589334
82	24	50.117189854312564
83	1	42.466224231181876
83	2	29.058405702131495
83	3	21.29002797021729
83	4	18.259548830793086
83	5	15.05122837803558
83	6	9.889141907854183
83	7	30.149380355404105
83	8	45.19268854264222
83	9	52.17576072149673
83	10	56.887477842977916
83	11	58.70619109429758
83	12	71.31551851383493
83	13	30.94708484777322
83	14	55.51515418645556
83	15	41.013618667928
83	16	16.931497712778214
83	17	60.09190503404301
83	18	67.98086466582465
83	19	61.08219004966366
83	20	65.2552450721497
83	21	52.626927123713934
83	22	35.247566987441026
83	23	35.82644559243437
83	24	46.86423308656487
84	1	55.54270203272267
84	2	116.94325411795016
84	3	72.61076256638738
84	4	73.97812669242441
84	5	57.05904473798754
84	6	62.51420556091448
84	7	78.08354814680746
84	8	61.47497130697492
84	9	89.45184025124603
84	10	69.8505889760672
84	11	110.60708611846927
84	12	82.00735335368795
84	13	150.11785101646174
84	14	138.01457945076848
84	15	90.17817077912555
84	16	118.42174258329607
84	17	177.64605464536078
84	18	94.5146225996072
84	19	107.901028279559
84	20	124.86118337168696
84	21	67.7672751041693
84	22	96.20730320172832
84	23	57.162978403888175
84	24	116.42631621154781
85	1	102.77801460194499
85	2	87.29851627073135
85	3	93.16312043678717
85	4	93.51984523667817
85	5	61.93736496519399
85	6	79.29921197165409
85	7	47.99875416700316
85	8	230.82987842360953
85	9	277.85208209187425
85	10	340.7889304735003
85	11	249.89924265391343
85	12	167.7593618204021
85	13	84.37004092629061
85	14	120.42251909539998
85	15	142.23410456245847
85	16	135.38191492975443
85	17	154.7534884719657
85	18	125.85789783903051
85	19	146.64212090576
85	20	131.2891095886668
85	21	73.14293324863237
85	22	80.71508296314455
85	23	104.48387354324846
85	24	89.58618808745419
86	1	8.645892951174416
86	2	6.759178318191026
86	3	7.94925499950172
86	4	33.11872033305068
86	5	24.540327256768514
86	6	26.49623708235624
86	7	43.95574367630495
86	8	102.59998690349325
86	9	51.168727995530986
86	10	84.010346490925
86	11	35.22001710193426
86	12	37.84095690111065
86	13	36.90873035464875
86	14	7.062606465250289
86	15	34.481756500741255
86	16	39.14684263563636
86	17	46.421754897064964
86	18	91.62378475592104
86	19	67.47901638835717
86	20	111.79503994273584
86	21	47.15140315608433
86	22	41.86941885924542
86	23	32.55039805516623
86	24	20.688863119484992
87	1	32.93170029881355
87	2	43.38116989127666
87	3	35.82424951897075
87	4	49.26041029389095
87	5	29.996840977277145
87	6	38.92628732662195
87	7	51.69221127129308
87	8	76.18168646968013
87	9	57.73175273114904
87	10	63.91158460518005
87	11	26.37393415967678
87	12	31.910743773959897
87	13	34.32440558357812
87	14	18.70187136975373
87	15	41.7218565024885
87	16	42.99174948843664
87	17	52.60380800967958
87	18	72.34702031869196
87	19	33.525854186902826
87	20	70.46775855886708
87	21	41.00677613816471
87	22	48.01988149445441
87	23	55.04580615384189
87	24	41.97585405367802
88	1	-0.1321791048485858
88	2	-0.139104100475056
88	3	-0.07837652123124617
88	4	-0.047003810675598674
88	5	3.9717136823121404
88	6	14.561066931989108
88	7	21.00647452176877
88	8	18.839172547101718
88	9	32.7529364424358
88	10	25.94054555112177
88	11	24.131496841850122
88	12	35.12516015515515
88	13	37.87188951821912
88	14	31.381570771243013
88	15	38.26598462070335
88	16	32.97124757087486
88	17	40.960200187991234
88	18	44.682057985230045
88	19	13.231480019338465
88	20	45.29541810968548
88	21	42.44856355045632
88	22	38.83587435212234
88	23	32.82172656931016
88	24	17.589536752515855
89	1	42.52703201970814
89	2	49.245887973593895
89	3	39.299540803254665
89	4	40.216520674893204
89	5	39.09526114325143
89	6	30.268530973613036
89	7	49.26151932801567
89	8	70.46740400286495
89	9	110.98202764990673
89	10	98.06841051486462
89	11	81.09813835683528
89	12	79.88001804706761
89	13	94.32433008466137
89	14	66.02131804342652
89	15	97.44530927409892
89	16	158.0405171141483
89	17	113.99496245457362
89	18	89.6726824913015
89	19	92.36247237558094
89	20	118.6315880817154
89	21	88.82879929158581
89	22	110.12370500226302
89	23	69.30380212021305
89	24	95.96875623119487
90	1	47.68622513789288
90	2	36.885777818913255
90	3	28.481831833790963
90	4	48.70383411463041
90	5	41.19458251263504
90	6	34.21518846436506
90	7	81.52112848595584
90	8	57.913270157719936
90	9	48.774370663411446
90	10	34.455852574185776
90	11	42.012827102922266
90	12	34.7905948173575
90	13	34.72703950725872
90	14	41.53619615106214
90	15	51.04625231433717
90	16	62.5081805843827
90	17	38.13748944687827
90	18	75.75859768191035
90	19	42.5909879626886
90	20	22.74163223338723
90	21	55.71235252190758
90	22	53.113733240779304
90	23	53.40510873175304
90	24	71.29131014097683
91	1	44.30419753627526
91	2	38.668029744529875
91	3	45.83567896029509
91	4	28.90018501174418
91	5	45.22878522449429
91	6	49.60639898913143
91	7	40.955156550983446
91	8	1.2444773315937612
91	9	87.30476370096987
91	10	54.042815056619226
91	11	71.46101502290689
91	12	64.75539929875121
91	13	60.84632861988897
91	14	54.48831540870698
91	15	56.62649296215689
91	16	66.6308240777521
91	17	53.34779937714218
91	18	65.73403088857025
91	19	79.90106556691042
91	20	31.746915625846682
91	21	54.58938979514859
91	22	59.80165922376167
91	23	45.13415053004605
91	24	41.42064433862668
92	1	68.1816223844946
92	2	72.22340246523659
92	3	42.69287425612601
92	4	44.32431175962978
92	5	61.163768952082364
92	6	35.21456219554189
92	7	75.16397132711423
92	8	69.51990528256347
92	9	124.31582374405076
92	10	70.42892469231026
92	11	85.56548400245794
92	12	73.44711813073195
92	13	90.17407009461625
92	14	45.337231872426436
92	15	48.04058213357098
92	16	48.33811820649168
92	17	58.29107273592376
92	18	75.37311138003658
92	19	39.91241303657693
92	20	37.89506621026062
92	21	58.29606701792674
92	22	67.24175040768044
92	23	50.40227438002284
92	24	57.40807451762673
93	1	66.88277692538767
93	2	46.48105657034771
93	3	22.766353145264045
93	4	68.09739168194004
93	5	72.0118153646332
93	6	59.748366716991946
93	7	83.81069823166578
93	8	49.140530211512946
93	9	59.13759297332063
93	10	41.5676652453954
93	11	92.93812910024081
93	12	67.2639366673183
93	13	63.371077617286666
93	14	54.51181139452105
93	15	71.04535814815044
93	16	34.179329252427564
93	17	77.28257471532947
93	18	50.932332272600085
93	19	81.28859958591745
93	20	27.594025379221858
93	21	64.63607207064793
93	22	63.0267046310742
93	23	68.678250804694
93	24	60.42112086367326
94	1	47.68622513789288
94	2	36.885777818913255
94	3	28.481831833790963
94	4	48.70383411463041
94	5	41.19458251263504
94	6	34.21518846436506
94	7	81.52112848595584
94	8	57.913270157719936
94	9	48.774370663411446
94	10	34.455852574185776
94	11	42.012827102922266
94	12	34.7905948173575
94	13	34.72703950725872
94	14	41.53619615106214
94	15	51.04625231433717
94	16	62.5081805843827
94	17	38.13748944687827
94	18	75.75859768191035
94	19	42.5909879626886
94	20	22.74163223338723
94	21	55.71235252190758
94	22	53.113733240779304
94	23	53.40510873175304
94	24	71.29131014097683
95	1	45.621410560551915
95	2	36.690107127529636
95	3	34.14201121884531
95	4	42.79898900522068
95	5	47.052152148589904
95	6	40.28581651722654
95	7	44.39372131332072
95	8	60.14631605592139
95	9	74.85421982373767
95	10	29.984388175655724
95	11	44.007621417469046
95	12	39.129098919269346
95	13	38.10123112407961
95	14	54.30158612120815
95	15	35.14753633796608
95	16	41.49537878787804
95	17	20.709218014972805
95	18	73.01739761270882
95	19	49.970695511600226
95	20	48.20632441486445
95	21	40.47136103807741
95	22	38.15898571538034
95	23	32.16136869609538
95	24	31.13424037372286
96	1	32.70447518483578
96	2	41.813153957487486
96	3	48.40956159763416
96	4	50.774745901035025
96	5	42.22741151305718
96	6	26.76542589400403
96	7	48.1907498165947
96	8	45.729834455879086
96	9	36.50429507604369
96	10	39.94660885504789
96	11	45.14992492821119
96	12	34.8220984673759
96	13	56.50168109624668
96	14	20.397145083531296
96	15	46.49797619936746
96	16	32.92939648520434
96	17	43.164942630529495
96	18	44.23712863705482
96	19	23.827539522112172
96	20	21.55475042307506
96	21	28.077257197116776
96	22	36.35094922899562
96	23	26.656462505437727
96	24	23.12061279848618
97	1	73.07475716574805
97	2	73.87965714068709
97	3	43.31988572940098
97	4	74.1348003047808
97	5	70.26036506238407
97	6	40.28489296900361
97	7	89.1080416141732
97	8	114.52919202598447
97	9	77.13545002623442
97	10	139.7544517727907
97	11	73.94627546949428
97	12	84.39672406388789
97	13	85.6779713233428
97	14	74.5531693960423
97	15	83.02910664612433
97	16	75.05009895788801
97	17	74.3216057561868
97	18	94.34152828154438
97	19	116.769012531755
97	20	124.977852260705
97	21	74.664645205181
97	22	63.89647880194971
97	23	80.04827872351402
97	24	63.926884623754205
98	1	19.624926521981802
98	2	36.80522150923329
98	3	26.45442918443219
98	4	39.3610859491689
98	5	24.974144853401697
98	6	44.57665894274588
98	7	34.536945891614195
98	8	25.049134095792144
98	9	30.722941322580915
98	10	42.85048869884506
98	11	20.76939418729319
98	12	27.5499329380588
98	13	21.9756062597146
98	14	24.006831727497694
98	15	38.5109697878153
98	16	33.86466747819246
98	17	37.92887536713428
98	18	26.63531945557224
98	19	22.624681859282155
98	20	30.07975879463318
98	21	20.944992367888624
98	22	25.970387410850346
98	23	25.35529879377033
98	24	28.241501799959476
99	1	36.5247433630226
99	2	24.214120725318786
99	3	16.576391956703404
99	4	27.050393695557737
99	5	23.092067544126678
99	6	26.156306925985806
99	7	15.794084375838862
99	8	18.927717046323036
99	9	19.628022721743303
99	10	36.06200597323878
99	11	38.73510323532713
99	12	33.47087498704769
99	13	39.087670011146095
99	14	24.866083587883512
99	15	35.25068365068862
99	16	31.913567099577197
99	17	16.927174531712545
99	18	24.49267554269993
99	19	35.93964004071082
99	20	25.90664977381639
99	21	24.116355490000156
99	22	13.311616425201295
99	23	6.64003677209108
99	24	5.609759912346334
100	1	2.311206327663646
100	2	1.4405547302106023
100	3	1.1419811552294032
100	4	1.41786003941658
100	5	1.3601811256942609
100	6	0.6414468417247103
100	7	1.1638313469987813
100	8	4.48580796414712
100	9	3.842610103019702
100	10	6.190036837808522
100	11	6.608886982365803
100	12	3.6354724420824795
100	13	4.97148543771532
100	14	3.0534038948665967
100	15	5.4278110263442185
100	16	4.243210080320556
100	17	5.505167473164301
100	18	5.545465529028272
100	19	9.753191851074988
100	20	9.120172735950813
100	21	4.703577965551797
100	22	3.151395033221639
100	23	20.008994877255347
100	24	14.455608392951868
101	1	34.65300433932711
101	2	30.46274034859031
101	3	36.15658317155154
101	4	37.53941181334596
101	5	35.6011829826889
101	6	22.083482411900974
101	7	34.5883055148849
101	8	31.635328814748913
101	9	71.75085705963886
101	10	68.92946853654706
101	11	49.88005377850339
101	12	50.91267369797241
101	13	54.67633821443373
101	14	42.66933561957114
101	15	80.77091152983898
101	16	107.27245755541175
101	17	101.25601303096013
101	18	106.26470113125839
101	19	80.73123567221278
101	20	96.7029183083685
101	21	41.12552558841196
101	22	69.3765549349277
101	23	75.97210401685676
101	24	51.76222613248475
102	1	84.4017800819276
102	2	69.53743373975044
102	3	72.07051330205218
102	4	82.65967363557277
102	5	62.87455779653206
102	6	79.6732445436844
102	7	56.51559356565665
102	8	56.06925947765065
102	9	65.60305249429283
102	10	76.07982939497205
102	11	41.116344481103965
102	12	85.07877527443793
102	13	98.45682777418942
102	14	79.21187969653623
102	15	76.09480014621181
102	16	77.6581059142098
102	17	96.95884856935035
102	18	59.45328658969548
102	19	69.65528154453007
102	20	25.394902824593547
102	21	80.34224770263586
102	22	20.58763883580699
102	23	94.71390525042956
102	24	60.476082315199065
103	1	45.661837685199856
103	2	66.41319683638214
103	3	50.41018950071237
103	4	34.919349526599156
103	5	14.088319069112739
103	6	20.54980497539082
103	7	32.591133260611514
103	8	36.80081879131455
103	9	54.53169473086239
103	10	84.70214055287732
103	11	44.18739204829695
103	12	68.51097716755419
103	13	53.85429938710738
103	14	74.74712741819754
103	15	74.39162790479678
103	16	84.84051495065678
103	17	83.29341896457227
103	18	63.731071454062274
103	19	81.95287935954515
103	20	47.71678640821182
103	21	64.54922720873871
103	22	52.956633445137115
103	23	59.546901998274436
103	24	54.76920655261927
104	1	28.954866568903622
104	2	35.20146750220618
104	3	51.159706377333166
104	4	23.588372658220344
104	5	39.485000801824654
104	6	79.13907481851122
104	7	59.485290465475174
104	8	148.34393504647656
104	9	86.08173285985302
104	10	69.02665595874241
104	11	36.87092229242056
104	12	58.50777170869099
104	13	56.12597792274381
104	14	39.31976889247735
104	15	36.06422475075361
104	16	45.332019193173295
104	17	75.38747034737446
104	18	63.12536949094096
104	19	52.739996385015715
104	20	53.304886003580066
104	21	33.069569262071134
104	22	27.40052747762303
104	23	37.47867406310375
104	24	40.485832673204534
105	1	47.877100170909316
105	2	76.61756305340458
105	3	37.327054888609716
105	4	52.98448548334135
105	5	70.57407519946618
105	6	44.85928355311126
105	7	59.51445861729659
105	8	47.05041952193136
105	9	73.86192320306293
105	10	54.922899293287585
105	11	72.0979797264825
105	12	67.87297370746549
105	13	75.91665814889748
105	14	64.55466499245465
105	15	50.2879676021113
105	16	75.89770472729731
105	17	47.68885519648995
105	18	45.070955061302456
105	19	37.36016799509556
105	20	88.42837504860717
105	21	35.788791604386994
105	22	62.866421043535
105	23	37.9032083423205
105	24	68.2450711171547
106	1	47.4107484865766
106	2	73.36480823200021
106	3	75.61415244684142
106	4	49.76055906183607
106	5	58.99333399695533
106	6	76.29009296321989
106	7	72.9886163418495
106	8	96.62527952930576
106	9	78.0500741385292
106	10	70.01853457153403
106	11	71.01810576658427
106	12	62.46799084313571
106	13	36.77443272831822
106	14	53.92352007942846
106	15	63.193019550812885
106	16	52.50376411671592
106	17	74.0917977741886
106	18	93.86603044259827
106	19	107.51179717354067
106	20	83.77647556484416
106	21	105.46802747732795
106	22	100.21350646143767
106	23	68.42099812087038
106	24	57.89536158634196
107	1	37.90820330281658
107	2	67.3622173239995
107	3	54.11972747098207
107	4	46.924430613567836
107	5	58.964514537208785
107	6	50.662015183870736
107	7	73.23545683084423
107	8	87.4285839901144
107	9	237.14168233240582
107	10	220.63936298127308
107	11	195.91796414940092
107	12	172.73484292282365
107	13	100.464741854628
107	14	139.53648407465278
107	15	106.39931076548027
107	16	156.7108463417335
107	17	102.58137099668049
107	18	91.88850975370465
107	19	74.1005237750379
107	20	55.60296806326683
107	21	49.97239965532671
107	22	43.81663282685449
107	23	56.18924940886277
107	24	47.602967585036374
108	1	46.016540015146575
108	2	46.045572893947956
108	3	30.094379536488738
108	4	24.024623008867774
108	5	11.90588638383051
108	6	11.479341635157501
108	7	16.94923248580933
108	8	27.478764658072695
108	9	59.22350261282253
108	10	29.466512255082154
108	11	54.54368817969949
108	12	50.195164269973205
108	13	62.42150011526002
108	14	43.68867852758837
108	15	34.32624415821057
108	16	39.30182241086885
108	17	61.49479182782942
108	18	59.656560247805444
108	19	53.207324489482296
108	20	44.797321578430534
108	21	47.42884529293198
108	22	45.43491777874231
108	23	53.00425906364167
108	24	59.044274279431455
109	1	5.197603463540582
109	2	3.1277819249528203
109	3	3.605383793629248
109	4	4.172264782475678
109	5	3.7958571716343488
109	6	15.909055136357315
109	7	30.202881443071444
109	8	44.83104491416697
109	9	32.686888200707415
109	10	30.791977391523435
109	11	22.406949083214872
109	12	32.02072096498918
109	13	31.933632769253368
109	14	25.49200648670762
109	15	27.2948022346547
109	16	24.58014539879864
109	17	28.42013419324804
109	18	23.427739523883254
109	19	28.90118110246854
109	20	26.13514478152957
109	21	15.738151694444738
109	22	16.271668795361276
109	23	17.751981951620582
109	24	16.588707990804494
110	1	38.372899308983186
110	2	63.69956295403716
110	3	39.621512312735376
110	4	41.7941339648486
110	5	45.406462031829655
110	6	33.17084054174217
110	7	58.51401038505049
110	8	39.404225121258015
110	9	64.13754050475976
110	10	49.174683371934925
110	11	50.42648168237116
110	12	47.63829003821782
110	13	42.877802428554276
110	14	65.89162189170015
110	15	50.959635115223435
110	16	57.31371067003447
110	17	42.68671734536814
110	18	72.20591241386795
110	19	70.91931353580188
110	20	68.68100739358037
110	21	61.25898171811299
110	22	71.77139449306624
110	23	47.251127483482264
110	24	43.52565330988795
111	1	68.1816223844946
111	2	72.22340246523659
111	3	42.69287425612601
111	4	44.32431175962978
111	5	61.163768952082364
111	6	35.21456219554189
111	7	75.16397132711423
111	8	69.51990528256347
111	9	124.31582374405076
111	10	70.42892469231026
111	11	85.56548400245794
111	12	73.44711813073195
111	13	90.17407009461625
111	14	45.337231872426436
111	15	48.04058213357098
111	16	48.33811820649168
111	17	58.29107273592376
111	18	75.37311138003658
111	19	39.91241303657693
111	20	37.89506621026062
111	21	58.29606701792674
111	22	67.24175040768044
111	23	50.40227438002284
111	24	57.40807451762673
112	1	43.68730949473369
112	2	44.84957627157501
112	3	38.93821544615063
112	4	52.32754559473085
112	5	41.98687121836192
112	6	32.1548632297486
112	7	55.90707615461044
112	8	51.053200349944845
112	9	62.98558360631876
112	10	55.07163741475732
112	11	32.63248191742419
112	12	45.96527529160761
112	13	72.9328823609311
112	14	38.7396588127848
112	15	51.7990929467982
112	16	38.433341601728955
112	17	2.8480487814922357
112	18	43.743861079089385
112	19	80.49209600701039
112	20	46.772979210902854
112	21	46.08191143311127
112	22	40.622259482633396
112	23	35.43257124645688
112	24	33.80415656335737
