Node	Time	ID_Capacity_Buy_Volume
1	1	0.4
1	2	15.0
1	3	23.2
1	4	12.1
1	5	54.2
1	6	61.1
1	7	75.5
1	8	20.7
1	9	0.3
1	10	10.8
1	11	28.0
1	12	67.2
1	13	33.4
1	14	0.0
1	15	11.2
1	16	0.0
1	17	166.6
1	18	75.8
1	19	4.5
1	20	0.0
1	21	0.0
1	22	0.0
1	23	6.9
1	24	13.3
2	1	8.9
2	2	1.7
2	3	2.5
2	4	1.5
2	5	0.9
2	6	36.1
2	7	3.1
2	8	7.7
2	9	13.2
2	10	30.8
2	11	5.1
2	12	12.9
2	13	119.5
2	14	18.0
2	15	87.8
2	16	23.1
2	17	23.8
2	18	34.2
2	19	5.4
2	20	10.1
2	21	10.3
2	22	35.1
2	23	25.6
2	24	13.8
3	1	0.0
3	2	5.0
3	3	2.0
3	4	0.0
3	5	2.1
3	6	7.3
3	7	17.3
3	8	7.4
3	9	6.4
3	10	25.8
3	11	12.3
3	12	33.8
3	13	12.8
3	14	92.7
3	15	211.7
3	16	113.2
3	17	78.7
3	18	74.8
3	19	65.6
3	20	73.9
3	21	47.9
3	22	84.6
3	23	32.7
3	24	30.3
4	1	8.9
4	2	1.7
4	3	2.5
4	4	1.5
4	5	0.9
4	6	36.1
4	7	3.1
4	8	7.7
4	9	13.2
4	10	30.8
4	11	5.1
4	12	12.9
4	13	119.5
4	14	18.0
4	15	87.8
4	16	23.1
4	17	23.8
4	18	34.2
4	19	5.4
4	20	10.1
4	21	10.3
4	22	35.1
4	23	25.6
4	24	13.8
5	1	0.4
5	2	15.0
5	3	23.2
5	4	12.1
5	5	54.2
5	6	61.1
5	7	75.5
5	8	20.7
5	9	0.3
5	10	10.8
5	11	28.0
5	12	67.2
5	13	33.4
5	14	0.0
5	15	11.2
5	16	0.0
5	17	166.6
5	18	75.8
5	19	4.5
5	20	0.0
5	21	0.0
5	22	0.0
5	23	6.9
5	24	13.3
6	1	6.4
6	2	2.2
6	3	0.0
6	4	0.0
6	5	0.0
6	6	0.0
6	7	1.9
6	8	56.7
6	9	41.1
6	10	42.8
6	11	247.2
6	12	36.3
6	13	88.8
6	14	23.7
6	15	113.5
6	16	455.4
6	17	144.6
6	18	130.0
6	19	65.1
6	20	95.4
6	21	59.1
6	22	67.1
6	23	88.8
6	24	107.0
7	1	21.7
7	2	13.6
7	3	18.7
7	4	32.9
7	5	9.1
7	6	19.8
7	7	7.0
7	8	0.0
7	9	37.3
7	10	47.4
7	11	37.0
7	12	7.3
7	13	2.4
7	14	9.9
7	15	5.5
7	16	41.2
7	17	76.6
7	18	4.1
7	19	10.2
7	20	10.1
7	21	9.9
7	22	7.8
7	23	20.4
7	24	21.4
8	1	10.2
8	2	42.5
8	3	50.0
8	4	44.6
8	5	32.9
8	6	5.0
8	7	8.8
8	8	31.8
8	9	20.9
8	10	2.0
8	11	0.0
8	12	9.1
8	13	14.6
8	14	31.2
8	15	25.3
8	16	16.0
8	17	45.7
8	18	12.4
8	19	46.0
8	20	9.5
8	21	0.5
8	22	4.2
8	23	27.9
8	24	56.5
9	1	21.7
9	2	13.6
9	3	18.7
9	4	32.9
9	5	9.1
9	6	19.8
9	7	7.0
9	8	0.0
9	9	37.3
9	10	47.4
9	11	37.0
9	12	7.3
9	13	2.4
9	14	9.9
9	15	5.5
9	16	41.2
9	17	76.6
9	18	4.1
9	19	10.2
9	20	10.1
9	21	9.9
9	22	7.8
9	23	20.4
9	24	21.4
10	1	10.2
10	2	42.5
10	3	50.0
10	4	44.6
10	5	32.9
10	6	5.0
10	7	8.8
10	8	31.8
10	9	20.9
10	10	2.0
10	11	0.0
10	12	9.1
10	13	14.6
10	14	31.2
10	15	25.3
10	16	16.0
10	17	45.7
10	18	12.4
10	19	46.0
10	20	9.5
10	21	0.5
10	22	4.2
10	23	27.9
10	24	56.5
11	1	0.0
11	2	0.0
11	3	0.0
11	4	0.0
11	5	0.0
11	6	0.0
11	7	0.0
11	8	0.0
11	9	0.0
11	10	0.1
11	11	16.9
11	12	4.4
11	13	1.7
11	14	5.0
11	15	2.1
11	16	10.5
11	17	12.3
11	18	4.6
11	19	17.8
11	20	11.5
11	21	5.5
11	22	16.9
11	23	14.6
11	24	11.0
12	1	0.4
12	2	15.0
12	3	23.2
12	4	12.1
12	5	54.2
12	6	61.1
12	7	75.5
12	8	20.7
12	9	0.3
12	10	10.8
12	11	28.0
12	12	67.2
12	13	33.4
12	14	0.0
12	15	11.2
12	16	0.0
12	17	166.6
12	18	75.8
12	19	4.5
12	20	0.0
12	21	0.0
12	22	0.0
12	23	6.9
12	24	13.3
13	1	10.2
13	2	42.5
13	3	50.0
13	4	44.6
13	5	32.9
13	6	5.0
13	7	8.8
13	8	31.8
13	9	20.9
13	10	2.0
13	11	0.0
13	12	9.1
13	13	14.6
13	14	31.2
13	15	25.3
13	16	16.0
13	17	45.7
13	18	12.4
13	19	46.0
13	20	9.5
13	21	0.5
13	22	4.2
13	23	27.9
13	24	56.5
14	1	10.2
14	2	42.5
14	3	50.0
14	4	44.6
14	5	32.9
14	6	5.0
14	7	8.8
14	8	31.8
14	9	20.9
14	10	2.0
14	11	0.0
14	12	9.1
14	13	14.6
14	14	31.2
14	15	25.3
14	16	16.0
14	17	45.7
14	18	12.4
14	19	46.0
14	20	9.5
14	21	0.5
14	22	4.2
14	23	27.9
14	24	56.5
15	1	10.2
15	2	42.5
15	3	50.0
15	4	44.6
15	5	32.9
15	6	5.0
15	7	8.8
15	8	31.8
15	9	20.9
15	10	2.0
15	11	0.0
15	12	9.1
15	13	14.6
15	14	31.2
15	15	25.3
15	16	16.0
15	17	45.7
15	18	12.4
15	19	46.0
15	20	9.5
15	21	0.5
15	22	4.2
15	23	27.9
15	24	56.5
16	1	0.4
16	2	15.0
16	3	23.2
16	4	12.1
16	5	54.2
16	6	61.1
16	7	75.5
16	8	20.7
16	9	0.3
16	10	10.8
16	11	28.0
16	12	67.2
16	13	33.4
16	14	0.0
16	15	11.2
16	16	0.0
16	17	166.6
16	18	75.8
16	19	4.5
16	20	0.0
16	21	0.0
16	22	0.0
16	23	6.9
16	24	13.3
17	1	10.2
17	2	42.5
17	3	50.0
17	4	44.6
17	5	32.9
17	6	5.0
17	7	8.8
17	8	31.8
17	9	20.9
17	10	2.0
17	11	0.0
17	12	9.1
17	13	14.6
17	14	31.2
17	15	25.3
17	16	16.0
17	17	45.7
17	18	12.4
17	19	46.0
17	20	9.5
17	21	0.5
17	22	4.2
17	23	27.9
17	24	56.5
18	1	0.0
18	2	5.0
18	3	2.0
18	4	0.0
18	5	2.1
18	6	7.3
18	7	17.3
18	8	7.4
18	9	6.4
18	10	25.8
18	11	12.3
18	12	33.8
18	13	12.8
18	14	92.7
18	15	211.7
18	16	113.2
18	17	78.7
18	18	74.8
18	19	65.6
18	20	73.9
18	21	47.9
18	22	84.6
18	23	32.7
18	24	30.3
19	1	0.4
19	2	15.0
19	3	23.2
19	4	12.1
19	5	54.2
19	6	61.1
19	7	75.5
19	8	20.7
19	9	0.3
19	10	10.8
19	11	28.0
19	12	67.2
19	13	33.4
19	14	0.0
19	15	11.2
19	16	0.0
19	17	166.6
19	18	75.8
19	19	4.5
19	20	0.0
19	21	0.0
19	22	0.0
19	23	6.9
19	24	13.3
20	1	0.4
20	2	15.0
20	3	23.2
20	4	12.1
20	5	54.2
20	6	61.1
20	7	75.5
20	8	20.7
20	9	0.3
20	10	10.8
20	11	28.0
20	12	67.2
20	13	33.4
20	14	0.0
20	15	11.2
20	16	0.0
20	17	166.6
20	18	75.8
20	19	4.5
20	20	0.0
20	21	0.0
20	22	0.0
20	23	6.9
20	24	13.3
21	1	6.4
21	2	2.2
21	3	0.0
21	4	0.0
21	5	0.0
21	6	0.0
21	7	1.9
21	8	56.7
21	9	41.1
21	10	42.8
21	11	247.2
21	12	36.3
21	13	88.8
21	14	23.7
21	15	113.5
21	16	455.4
21	17	144.6
21	18	130.0
21	19	65.1
21	20	95.4
21	21	59.1
21	22	67.1
21	23	88.8
21	24	107.0
22	1	10.2
22	2	42.5
22	3	50.0
22	4	44.6
22	5	32.9
22	6	5.0
22	7	8.8
22	8	31.8
22	9	20.9
22	10	2.0
22	11	0.0
22	12	9.1
22	13	14.6
22	14	31.2
22	15	25.3
22	16	16.0
22	17	45.7
22	18	12.4
22	19	46.0
22	20	9.5
22	21	0.5
22	22	4.2
22	23	27.9
22	24	56.5
23	1	21.7
23	2	13.6
23	3	18.7
23	4	32.9
23	5	9.1
23	6	19.8
23	7	7.0
23	8	0.0
23	9	37.3
23	10	47.4
23	11	37.0
23	12	7.3
23	13	2.4
23	14	9.9
23	15	5.5
23	16	41.2
23	17	76.6
23	18	4.1
23	19	10.2
23	20	10.1
23	21	9.9
23	22	7.8
23	23	20.4
23	24	21.4
24	1	0.4
24	2	15.0
24	3	23.2
24	4	12.1
24	5	54.2
24	6	61.1
24	7	75.5
24	8	20.7
24	9	0.3
24	10	10.8
24	11	28.0
24	12	67.2
24	13	33.4
24	14	0.0
24	15	11.2
24	16	0.0
24	17	166.6
24	18	75.8
24	19	4.5
24	20	0.0
24	21	0.0
24	22	0.0
24	23	6.9
24	24	13.3
25	1	6.4
25	2	2.2
25	3	0.0
25	4	0.0
25	5	0.0
25	6	0.0
25	7	1.9
25	8	56.7
25	9	41.1
25	10	42.8
25	11	247.2
25	12	36.3
25	13	88.8
25	14	23.7
25	15	113.5
25	16	455.4
25	17	144.6
25	18	130.0
25	19	65.1
25	20	95.4
25	21	59.1
25	22	67.1
25	23	88.8
25	24	107.0
26	1	0.0
26	2	0.0
26	3	0.0
26	4	0.0
26	5	0.0
26	6	0.0
26	7	0.0
26	8	0.0
26	9	0.0
26	10	0.1
26	11	16.9
26	12	4.4
26	13	1.7
26	14	5.0
26	15	2.1
26	16	10.5
26	17	12.3
26	18	4.6
26	19	17.8
26	20	11.5
26	21	5.5
26	22	16.9
26	23	14.6
26	24	11.0
27	1	0.4
27	2	15.0
27	3	23.2
27	4	12.1
27	5	54.2
27	6	61.1
27	7	75.5
27	8	20.7
27	9	0.3
27	10	10.8
27	11	28.0
27	12	67.2
27	13	33.4
27	14	0.0
27	15	11.2
27	16	0.0
27	17	166.6
27	18	75.8
27	19	4.5
27	20	0.0
27	21	0.0
27	22	0.0
27	23	6.9
27	24	13.3
28	1	0.0
28	2	5.0
28	3	2.0
28	4	0.0
28	5	2.1
28	6	7.3
28	7	17.3
28	8	7.4
28	9	6.4
28	10	25.8
28	11	12.3
28	12	33.8
28	13	12.8
28	14	92.7
28	15	211.7
28	16	113.2
28	17	78.7
28	18	74.8
28	19	65.6
28	20	73.9
28	21	47.9
28	22	84.6
28	23	32.7
28	24	30.3
29	1	8.9
29	2	1.7
29	3	2.5
29	4	1.5
29	5	0.9
29	6	36.1
29	7	3.1
29	8	7.7
29	9	13.2
29	10	30.8
29	11	5.1
29	12	12.9
29	13	119.5
29	14	18.0
29	15	87.8
29	16	23.1
29	17	23.8
29	18	34.2
29	19	5.4
29	20	10.1
29	21	10.3
29	22	35.1
29	23	25.6
29	24	13.8
30	1	6.4
30	2	2.2
30	3	0.0
30	4	0.0
30	5	0.0
30	6	0.0
30	7	1.9
30	8	56.7
30	9	41.1
30	10	42.8
30	11	247.2
30	12	36.3
30	13	88.8
30	14	23.7
30	15	113.5
30	16	455.4
30	17	144.6
30	18	130.0
30	19	65.1
30	20	95.4
30	21	59.1
30	22	67.1
30	23	88.8
30	24	107.0
31	1	0.4
31	2	15.0
31	3	23.2
31	4	12.1
31	5	54.2
31	6	61.1
31	7	75.5
31	8	20.7
31	9	0.3
31	10	10.8
31	11	28.0
31	12	67.2
31	13	33.4
31	14	0.0
31	15	11.2
31	16	0.0
31	17	166.6
31	18	75.8
31	19	4.5
31	20	0.0
31	21	0.0
31	22	0.0
31	23	6.9
31	24	13.3
32	1	6.4
32	2	2.2
32	3	0.0
32	4	0.0
32	5	0.0
32	6	0.0
32	7	1.9
32	8	56.7
32	9	41.1
32	10	42.8
32	11	247.2
32	12	36.3
32	13	88.8
32	14	23.7
32	15	113.5
32	16	455.4
32	17	144.6
32	18	130.0
32	19	65.1
32	20	95.4
32	21	59.1
32	22	67.1
32	23	88.8
32	24	107.0
33	1	0.0
33	2	0.0
33	3	0.0
33	4	0.0
33	5	0.0
33	6	0.0
33	7	0.0
33	8	0.0
33	9	0.0
33	10	0.1
33	11	16.9
33	12	4.4
33	13	1.7
33	14	5.0
33	15	2.1
33	16	10.5
33	17	12.3
33	18	4.6
33	19	17.8
33	20	11.5
33	21	5.5
33	22	16.9
33	23	14.6
33	24	11.0
34	1	8.9
34	2	1.7
34	3	2.5
34	4	1.5
34	5	0.9
34	6	36.1
34	7	3.1
34	8	7.7
34	9	13.2
34	10	30.8
34	11	5.1
34	12	12.9
34	13	119.5
34	14	18.0
34	15	87.8
34	16	23.1
34	17	23.8
34	18	34.2
34	19	5.4
34	20	10.1
34	21	10.3
34	22	35.1
34	23	25.6
34	24	13.8
35	1	6.4
35	2	2.2
35	3	0.0
35	4	0.0
35	5	0.0
35	6	0.0
35	7	1.9
35	8	56.7
35	9	41.1
35	10	42.8
35	11	247.2
35	12	36.3
35	13	88.8
35	14	23.7
35	15	113.5
35	16	455.4
35	17	144.6
35	18	130.0
35	19	65.1
35	20	95.4
35	21	59.1
35	22	67.1
35	23	88.8
35	24	107.0
36	1	10.2
36	2	42.5
36	3	50.0
36	4	44.6
36	5	32.9
36	6	5.0
36	7	8.8
36	8	31.8
36	9	20.9
36	10	2.0
36	11	0.0
36	12	9.1
36	13	14.6
36	14	31.2
36	15	25.3
36	16	16.0
36	17	45.7
36	18	12.4
36	19	46.0
36	20	9.5
36	21	0.5
36	22	4.2
36	23	27.9
36	24	56.5
37	1	0.4
37	2	15.0
37	3	23.2
37	4	12.1
37	5	54.2
37	6	61.1
37	7	75.5
37	8	20.7
37	9	0.3
37	10	10.8
37	11	28.0
37	12	67.2
37	13	33.4
37	14	0.0
37	15	11.2
37	16	0.0
37	17	166.6
37	18	75.8
37	19	4.5
37	20	0.0
37	21	0.0
37	22	0.0
37	23	6.9
37	24	13.3
38	1	0.4
38	2	15.0
38	3	23.2
38	4	12.1
38	5	54.2
38	6	61.1
38	7	75.5
38	8	20.7
38	9	0.3
38	10	10.8
38	11	28.0
38	12	67.2
38	13	33.4
38	14	0.0
38	15	11.2
38	16	0.0
38	17	166.6
38	18	75.8
38	19	4.5
38	20	0.0
38	21	0.0
38	22	0.0
38	23	6.9
38	24	13.3
39	1	10.2
39	2	42.5
39	3	50.0
39	4	44.6
39	5	32.9
39	6	5.0
39	7	8.8
39	8	31.8
39	9	20.9
39	10	2.0
39	11	0.0
39	12	9.1
39	13	14.6
39	14	31.2
39	15	25.3
39	16	16.0
39	17	45.7
39	18	12.4
39	19	46.0
39	20	9.5
39	21	0.5
39	22	4.2
39	23	27.9
39	24	56.5
40	1	0.4
40	2	15.0
40	3	23.2
40	4	12.1
40	5	54.2
40	6	61.1
40	7	75.5
40	8	20.7
40	9	0.3
40	10	10.8
40	11	28.0
40	12	67.2
40	13	33.4
40	14	0.0
40	15	11.2
40	16	0.0
40	17	166.6
40	18	75.8
40	19	4.5
40	20	0.0
40	21	0.0
40	22	0.0
40	23	6.9
40	24	13.3
41	1	10.2
41	2	42.5
41	3	50.0
41	4	44.6
41	5	32.9
41	6	5.0
41	7	8.8
41	8	31.8
41	9	20.9
41	10	2.0
41	11	0.0
41	12	9.1
41	13	14.6
41	14	31.2
41	15	25.3
41	16	16.0
41	17	45.7
41	18	12.4
41	19	46.0
41	20	9.5
41	21	0.5
41	22	4.2
41	23	27.9
41	24	56.5
42	1	6.4
42	2	2.2
42	3	0.0
42	4	0.0
42	5	0.0
42	6	0.0
42	7	1.9
42	8	56.7
42	9	41.1
42	10	42.8
42	11	247.2
42	12	36.3
42	13	88.8
42	14	23.7
42	15	113.5
42	16	455.4
42	17	144.6
42	18	130.0
42	19	65.1
42	20	95.4
42	21	59.1
42	22	67.1
42	23	88.8
42	24	107.0
43	1	0.0
43	2	5.0
43	3	2.0
43	4	0.0
43	5	2.1
43	6	7.3
43	7	17.3
43	8	7.4
43	9	6.4
43	10	25.8
43	11	12.3
43	12	33.8
43	13	12.8
43	14	92.7
43	15	211.7
43	16	113.2
43	17	78.7
43	18	74.8
43	19	65.6
43	20	73.9
43	21	47.9
43	22	84.6
43	23	32.7
43	24	30.3
44	1	10.2
44	2	42.5
44	3	50.0
44	4	44.6
44	5	32.9
44	6	5.0
44	7	8.8
44	8	31.8
44	9	20.9
44	10	2.0
44	11	0.0
44	12	9.1
44	13	14.6
44	14	31.2
44	15	25.3
44	16	16.0
44	17	45.7
44	18	12.4
44	19	46.0
44	20	9.5
44	21	0.5
44	22	4.2
44	23	27.9
44	24	56.5
45	1	6.4
45	2	2.2
45	3	0.0
45	4	0.0
45	5	0.0
45	6	0.0
45	7	1.9
45	8	56.7
45	9	41.1
45	10	42.8
45	11	247.2
45	12	36.3
45	13	88.8
45	14	23.7
45	15	113.5
45	16	455.4
45	17	144.6
45	18	130.0
45	19	65.1
45	20	95.4
45	21	59.1
45	22	67.1
45	23	88.8
45	24	107.0
46	1	0.4
46	2	15.0
46	3	23.2
46	4	12.1
46	5	54.2
46	6	61.1
46	7	75.5
46	8	20.7
46	9	0.3
46	10	10.8
46	11	28.0
46	12	67.2
46	13	33.4
46	14	0.0
46	15	11.2
46	16	0.0
46	17	166.6
46	18	75.8
46	19	4.5
46	20	0.0
46	21	0.0
46	22	0.0
46	23	6.9
46	24	13.3
47	1	0.0
47	2	0.0
47	3	0.0
47	4	0.0
47	5	0.0
47	6	0.0
47	7	0.0
47	8	0.0
47	9	0.0
47	10	0.1
47	11	16.9
47	12	4.4
47	13	1.7
47	14	5.0
47	15	2.1
47	16	10.5
47	17	12.3
47	18	4.6
47	19	17.8
47	20	11.5
47	21	5.5
47	22	16.9
47	23	14.6
47	24	11.0
48	1	0.4
48	2	15.0
48	3	23.2
48	4	12.1
48	5	54.2
48	6	61.1
48	7	75.5
48	8	20.7
48	9	0.3
48	10	10.8
48	11	28.0
48	12	67.2
48	13	33.4
48	14	0.0
48	15	11.2
48	16	0.0
48	17	166.6
48	18	75.8
48	19	4.5
48	20	0.0
48	21	0.0
48	22	0.0
48	23	6.9
48	24	13.3
49	1	10.2
49	2	42.5
49	3	50.0
49	4	44.6
49	5	32.9
49	6	5.0
49	7	8.8
49	8	31.8
49	9	20.9
49	10	2.0
49	11	0.0
49	12	9.1
49	13	14.6
49	14	31.2
49	15	25.3
49	16	16.0
49	17	45.7
49	18	12.4
49	19	46.0
49	20	9.5
49	21	0.5
49	22	4.2
49	23	27.9
49	24	56.5
50	1	0.0
50	2	5.0
50	3	2.0
50	4	0.0
50	5	2.1
50	6	7.3
50	7	17.3
50	8	7.4
50	9	6.4
50	10	25.8
50	11	12.3
50	12	33.8
50	13	12.8
50	14	92.7
50	15	211.7
50	16	113.2
50	17	78.7
50	18	74.8
50	19	65.6
50	20	73.9
50	21	47.9
50	22	84.6
50	23	32.7
50	24	30.3
51	1	10.2
51	2	42.5
51	3	50.0
51	4	44.6
51	5	32.9
51	6	5.0
51	7	8.8
51	8	31.8
51	9	20.9
51	10	2.0
51	11	0.0
51	12	9.1
51	13	14.6
51	14	31.2
51	15	25.3
51	16	16.0
51	17	45.7
51	18	12.4
51	19	46.0
51	20	9.5
51	21	0.5
51	22	4.2
51	23	27.9
51	24	56.5
52	1	0.0
52	2	0.0
52	3	0.0
52	4	0.0
52	5	0.0
52	6	0.0
52	7	0.0
52	8	0.0
52	9	0.0
52	10	0.1
52	11	16.9
52	12	4.4
52	13	1.7
52	14	5.0
52	15	2.1
52	16	10.5
52	17	12.3
52	18	4.6
52	19	17.8
52	20	11.5
52	21	5.5
52	22	16.9
52	23	14.6
52	24	11.0
53	1	0.4
53	2	15.0
53	3	23.2
53	4	12.1
53	5	54.2
53	6	61.1
53	7	75.5
53	8	20.7
53	9	0.3
53	10	10.8
53	11	28.0
53	12	67.2
53	13	33.4
53	14	0.0
53	15	11.2
53	16	0.0
53	17	166.6
53	18	75.8
53	19	4.5
53	20	0.0
53	21	0.0
53	22	0.0
53	23	6.9
53	24	13.3
54	1	10.2
54	2	42.5
54	3	50.0
54	4	44.6
54	5	32.9
54	6	5.0
54	7	8.8
54	8	31.8
54	9	20.9
54	10	2.0
54	11	0.0
54	12	9.1
54	13	14.6
54	14	31.2
54	15	25.3
54	16	16.0
54	17	45.7
54	18	12.4
54	19	46.0
54	20	9.5
54	21	0.5
54	22	4.2
54	23	27.9
54	24	56.5
55	1	21.7
55	2	13.6
55	3	18.7
55	4	32.9
55	5	9.1
55	6	19.8
55	7	7.0
55	8	0.0
55	9	37.3
55	10	47.4
55	11	37.0
55	12	7.3
55	13	2.4
55	14	9.9
55	15	5.5
55	16	41.2
55	17	76.6
55	18	4.1
55	19	10.2
55	20	10.1
55	21	9.9
55	22	7.8
55	23	20.4
55	24	21.4
56	1	0.4
56	2	15.0
56	3	23.2
56	4	12.1
56	5	54.2
56	6	61.1
56	7	75.5
56	8	20.7
56	9	0.3
56	10	10.8
56	11	28.0
56	12	67.2
56	13	33.4
56	14	0.0
56	15	11.2
56	16	0.0
56	17	166.6
56	18	75.8
56	19	4.5
56	20	0.0
56	21	0.0
56	22	0.0
56	23	6.9
56	24	13.3
57	1	0.4
57	2	15.0
57	3	23.2
57	4	12.1
57	5	54.2
57	6	61.1
57	7	75.5
57	8	20.7
57	9	0.3
57	10	10.8
57	11	28.0
57	12	67.2
57	13	33.4
57	14	0.0
57	15	11.2
57	16	0.0
57	17	166.6
57	18	75.8
57	19	4.5
57	20	0.0
57	21	0.0
57	22	0.0
57	23	6.9
57	24	13.3
58	1	0.4
58	2	15.0
58	3	23.2
58	4	12.1
58	5	54.2
58	6	61.1
58	7	75.5
58	8	20.7
58	9	0.3
58	10	10.8
58	11	28.0
58	12	67.2
58	13	33.4
58	14	0.0
58	15	11.2
58	16	0.0
58	17	166.6
58	18	75.8
58	19	4.5
58	20	0.0
58	21	0.0
58	22	0.0
58	23	6.9
58	24	13.3
59	1	0.0
59	2	5.0
59	3	2.0
59	4	0.0
59	5	2.1
59	6	7.3
59	7	17.3
59	8	7.4
59	9	6.4
59	10	25.8
59	11	12.3
59	12	33.8
59	13	12.8
59	14	92.7
59	15	211.7
59	16	113.2
59	17	78.7
59	18	74.8
59	19	65.6
59	20	73.9
59	21	47.9
59	22	84.6
59	23	32.7
59	24	30.3
60	1	0.0
60	2	0.0
60	3	0.0
60	4	0.0
60	5	0.0
60	6	0.0
60	7	0.0
60	8	0.0
60	9	0.0
60	10	0.1
60	11	16.9
60	12	4.4
60	13	1.7
60	14	5.0
60	15	2.1
60	16	10.5
60	17	12.3
60	18	4.6
60	19	17.8
60	20	11.5
60	21	5.5
60	22	16.9
60	23	14.6
60	24	11.0
61	1	0.4
61	2	15.0
61	3	23.2
61	4	12.1
61	5	54.2
61	6	61.1
61	7	75.5
61	8	20.7
61	9	0.3
61	10	10.8
61	11	28.0
61	12	67.2
61	13	33.4
61	14	0.0
61	15	11.2
61	16	0.0
61	17	166.6
61	18	75.8
61	19	4.5
61	20	0.0
61	21	0.0
61	22	0.0
61	23	6.9
61	24	13.3
62	1	6.4
62	2	2.2
62	3	0.0
62	4	0.0
62	5	0.0
62	6	0.0
62	7	1.9
62	8	56.7
62	9	41.1
62	10	42.8
62	11	247.2
62	12	36.3
62	13	88.8
62	14	23.7
62	15	113.5
62	16	455.4
62	17	144.6
62	18	130.0
62	19	65.1
62	20	95.4
62	21	59.1
62	22	67.1
62	23	88.8
62	24	107.0
63	1	21.7
63	2	13.6
63	3	18.7
63	4	32.9
63	5	9.1
63	6	19.8
63	7	7.0
63	8	0.0
63	9	37.3
63	10	47.4
63	11	37.0
63	12	7.3
63	13	2.4
63	14	9.9
63	15	5.5
63	16	41.2
63	17	76.6
63	18	4.1
63	19	10.2
63	20	10.1
63	21	9.9
63	22	7.8
63	23	20.4
63	24	21.4
64	1	0.4
64	2	15.0
64	3	23.2
64	4	12.1
64	5	54.2
64	6	61.1
64	7	75.5
64	8	20.7
64	9	0.3
64	10	10.8
64	11	28.0
64	12	67.2
64	13	33.4
64	14	0.0
64	15	11.2
64	16	0.0
64	17	166.6
64	18	75.8
64	19	4.5
64	20	0.0
64	21	0.0
64	22	0.0
64	23	6.9
64	24	13.3
65	1	0.4
65	2	15.0
65	3	23.2
65	4	12.1
65	5	54.2
65	6	61.1
65	7	75.5
65	8	20.7
65	9	0.3
65	10	10.8
65	11	28.0
65	12	67.2
65	13	33.4
65	14	0.0
65	15	11.2
65	16	0.0
65	17	166.6
65	18	75.8
65	19	4.5
65	20	0.0
65	21	0.0
65	22	0.0
65	23	6.9
65	24	13.3
66	1	6.4
66	2	2.2
66	3	0.0
66	4	0.0
66	5	0.0
66	6	0.0
66	7	1.9
66	8	56.7
66	9	41.1
66	10	42.8
66	11	247.2
66	12	36.3
66	13	88.8
66	14	23.7
66	15	113.5
66	16	455.4
66	17	144.6
66	18	130.0
66	19	65.1
66	20	95.4
66	21	59.1
66	22	67.1
66	23	88.8
66	24	107.0
67	1	8.9
67	2	1.7
67	3	2.5
67	4	1.5
67	5	0.9
67	6	36.1
67	7	3.1
67	8	7.7
67	9	13.2
67	10	30.8
67	11	5.1
67	12	12.9
67	13	119.5
67	14	18.0
67	15	87.8
67	16	23.1
67	17	23.8
67	18	34.2
67	19	5.4
67	20	10.1
67	21	10.3
67	22	35.1
67	23	25.6
67	24	13.8
68	1	0.0
68	2	0.0
68	3	0.0
68	4	0.0
68	5	0.0
68	6	0.0
68	7	0.0
68	8	0.0
68	9	0.0
68	10	0.1
68	11	16.9
68	12	4.4
68	13	1.7
68	14	5.0
68	15	2.1
68	16	10.5
68	17	12.3
68	18	4.6
68	19	17.8
68	20	11.5
68	21	5.5
68	22	16.9
68	23	14.6
68	24	11.0
69	1	0.0
69	2	5.0
69	3	2.0
69	4	0.0
69	5	2.1
69	6	7.3
69	7	17.3
69	8	7.4
69	9	6.4
69	10	25.8
69	11	12.3
69	12	33.8
69	13	12.8
69	14	92.7
69	15	211.7
69	16	113.2
69	17	78.7
69	18	74.8
69	19	65.6
69	20	73.9
69	21	47.9
69	22	84.6
69	23	32.7
69	24	30.3
70	1	0.0
70	2	0.0
70	3	0.0
70	4	0.0
70	5	0.0
70	6	0.0
70	7	0.0
70	8	0.0
70	9	0.0
70	10	0.1
70	11	16.9
70	12	4.4
70	13	1.7
70	14	5.0
70	15	2.1
70	16	10.5
70	17	12.3
70	18	4.6
70	19	17.8
70	20	11.5
70	21	5.5
70	22	16.9
70	23	14.6
70	24	11.0
71	1	0.0
71	2	0.0
71	3	0.0
71	4	0.0
71	5	0.0
71	6	0.0
71	7	0.0
71	8	0.0
71	9	0.0
71	10	0.1
71	11	16.9
71	12	4.4
71	13	1.7
71	14	5.0
71	15	2.1
71	16	10.5
71	17	12.3
71	18	4.6
71	19	17.8
71	20	11.5
71	21	5.5
71	22	16.9
71	23	14.6
71	24	11.0
72	1	6.4
72	2	2.2
72	3	0.0
72	4	0.0
72	5	0.0
72	6	0.0
72	7	1.9
72	8	56.7
72	9	41.1
72	10	42.8
72	11	247.2
72	12	36.3
72	13	88.8
72	14	23.7
72	15	113.5
72	16	455.4
72	17	144.6
72	18	130.0
72	19	65.1
72	20	95.4
72	21	59.1
72	22	67.1
72	23	88.8
72	24	107.0
73	1	0.0
73	2	0.0
73	3	0.0
73	4	0.0
73	5	0.0
73	6	0.0
73	7	0.0
73	8	0.0
73	9	0.0
73	10	0.1
73	11	16.9
73	12	4.4
73	13	1.7
73	14	5.0
73	15	2.1
73	16	10.5
73	17	12.3
73	18	4.6
73	19	17.8
73	20	11.5
73	21	5.5
73	22	16.9
73	23	14.6
73	24	11.0
74	1	10.2
74	2	42.5
74	3	50.0
74	4	44.6
74	5	32.9
74	6	5.0
74	7	8.8
74	8	31.8
74	9	20.9
74	10	2.0
74	11	0.0
74	12	9.1
74	13	14.6
74	14	31.2
74	15	25.3
74	16	16.0
74	17	45.7
74	18	12.4
74	19	46.0
74	20	9.5
74	21	0.5
74	22	4.2
74	23	27.9
74	24	56.5
75	1	0.0
75	2	5.0
75	3	2.0
75	4	0.0
75	5	2.1
75	6	7.3
75	7	17.3
75	8	7.4
75	9	6.4
75	10	25.8
75	11	12.3
75	12	33.8
75	13	12.8
75	14	92.7
75	15	211.7
75	16	113.2
75	17	78.7
75	18	74.8
75	19	65.6
75	20	73.9
75	21	47.9
75	22	84.6
75	23	32.7
75	24	30.3
76	1	10.2
76	2	42.5
76	3	50.0
76	4	44.6
76	5	32.9
76	6	5.0
76	7	8.8
76	8	31.8
76	9	20.9
76	10	2.0
76	11	0.0
76	12	9.1
76	13	14.6
76	14	31.2
76	15	25.3
76	16	16.0
76	17	45.7
76	18	12.4
76	19	46.0
76	20	9.5
76	21	0.5
76	22	4.2
76	23	27.9
76	24	56.5
77	1	6.4
77	2	2.2
77	3	0.0
77	4	0.0
77	5	0.0
77	6	0.0
77	7	1.9
77	8	56.7
77	9	41.1
77	10	42.8
77	11	247.2
77	12	36.3
77	13	88.8
77	14	23.7
77	15	113.5
77	16	455.4
77	17	144.6
77	18	130.0
77	19	65.1
77	20	95.4
77	21	59.1
77	22	67.1
77	23	88.8
77	24	107.0
78	1	10.2
78	2	42.5
78	3	50.0
78	4	44.6
78	5	32.9
78	6	5.0
78	7	8.8
78	8	31.8
78	9	20.9
78	10	2.0
78	11	0.0
78	12	9.1
78	13	14.6
78	14	31.2
78	15	25.3
78	16	16.0
78	17	45.7
78	18	12.4
78	19	46.0
78	20	9.5
78	21	0.5
78	22	4.2
78	23	27.9
78	24	56.5
79	1	21.7
79	2	13.6
79	3	18.7
79	4	32.9
79	5	9.1
79	6	19.8
79	7	7.0
79	8	0.0
79	9	37.3
79	10	47.4
79	11	37.0
79	12	7.3
79	13	2.4
79	14	9.9
79	15	5.5
79	16	41.2
79	17	76.6
79	18	4.1
79	19	10.2
79	20	10.1
79	21	9.9
79	22	7.8
79	23	20.4
79	24	21.4
80	1	21.7
80	2	13.6
80	3	18.7
80	4	32.9
80	5	9.1
80	6	19.8
80	7	7.0
80	8	0.0
80	9	37.3
80	10	47.4
80	11	37.0
80	12	7.3
80	13	2.4
80	14	9.9
80	15	5.5
80	16	41.2
80	17	76.6
80	18	4.1
80	19	10.2
80	20	10.1
80	21	9.9
80	22	7.8
80	23	20.4
80	24	21.4
81	1	0.4
81	2	15.0
81	3	23.2
81	4	12.1
81	5	54.2
81	6	61.1
81	7	75.5
81	8	20.7
81	9	0.3
81	10	10.8
81	11	28.0
81	12	67.2
81	13	33.4
81	14	0.0
81	15	11.2
81	16	0.0
81	17	166.6
81	18	75.8
81	19	4.5
81	20	0.0
81	21	0.0
81	22	0.0
81	23	6.9
81	24	13.3
82	1	21.7
82	2	13.6
82	3	18.7
82	4	32.9
82	5	9.1
82	6	19.8
82	7	7.0
82	8	0.0
82	9	37.3
82	10	47.4
82	11	37.0
82	12	7.3
82	13	2.4
82	14	9.9
82	15	5.5
82	16	41.2
82	17	76.6
82	18	4.1
82	19	10.2
82	20	10.1
82	21	9.9
82	22	7.8
82	23	20.4
82	24	21.4
83	1	10.2
83	2	42.5
83	3	50.0
83	4	44.6
83	5	32.9
83	6	5.0
83	7	8.8
83	8	31.8
83	9	20.9
83	10	2.0
83	11	0.0
83	12	9.1
83	13	14.6
83	14	31.2
83	15	25.3
83	16	16.0
83	17	45.7
83	18	12.4
83	19	46.0
83	20	9.5
83	21	0.5
83	22	4.2
83	23	27.9
83	24	56.5
84	1	0.0
84	2	0.0
84	3	0.0
84	4	0.0
84	5	0.0
84	6	0.0
84	7	0.0
84	8	0.0
84	9	0.0
84	10	0.1
84	11	16.9
84	12	4.4
84	13	1.7
84	14	5.0
84	15	2.1
84	16	10.5
84	17	12.3
84	18	4.6
84	19	17.8
84	20	11.5
84	21	5.5
84	22	16.9
84	23	14.6
84	24	11.0
85	1	0.4
85	2	15.0
85	3	23.2
85	4	12.1
85	5	54.2
85	6	61.1
85	7	75.5
85	8	20.7
85	9	0.3
85	10	10.8
85	11	28.0
85	12	67.2
85	13	33.4
85	14	0.0
85	15	11.2
85	16	0.0
85	17	166.6
85	18	75.8
85	19	4.5
85	20	0.0
85	21	0.0
85	22	0.0
85	23	6.9
85	24	13.3
86	1	6.4
86	2	2.2
86	3	0.0
86	4	0.0
86	5	0.0
86	6	0.0
86	7	1.9
86	8	56.7
86	9	41.1
86	10	42.8
86	11	247.2
86	12	36.3
86	13	88.8
86	14	23.7
86	15	113.5
86	16	455.4
86	17	144.6
86	18	130.0
86	19	65.1
86	20	95.4
86	21	59.1
86	22	67.1
86	23	88.8
86	24	107.0
87	1	0.4
87	2	15.0
87	3	23.2
87	4	12.1
87	5	54.2
87	6	61.1
87	7	75.5
87	8	20.7
87	9	0.3
87	10	10.8
87	11	28.0
87	12	67.2
87	13	33.4
87	14	0.0
87	15	11.2
87	16	0.0
87	17	166.6
87	18	75.8
87	19	4.5
87	20	0.0
87	21	0.0
87	22	0.0
87	23	6.9
87	24	13.3
88	1	0.4
88	2	15.0
88	3	23.2
88	4	12.1
88	5	54.2
88	6	61.1
88	7	75.5
88	8	20.7
88	9	0.3
88	10	10.8
88	11	28.0
88	12	67.2
88	13	33.4
88	14	0.0
88	15	11.2
88	16	0.0
88	17	166.6
88	18	75.8
88	19	4.5
88	20	0.0
88	21	0.0
88	22	0.0
88	23	6.9
88	24	13.3
89	1	0.4
89	2	15.0
89	3	23.2
89	4	12.1
89	5	54.2
89	6	61.1
89	7	75.5
89	8	20.7
89	9	0.3
89	10	10.8
89	11	28.0
89	12	67.2
89	13	33.4
89	14	0.0
89	15	11.2
89	16	0.0
89	17	166.6
89	18	75.8
89	19	4.5
89	20	0.0
89	21	0.0
89	22	0.0
89	23	6.9
89	24	13.3
90	1	21.7
90	2	13.6
90	3	18.7
90	4	32.9
90	5	9.1
90	6	19.8
90	7	7.0
90	8	0.0
90	9	37.3
90	10	47.4
90	11	37.0
90	12	7.3
90	13	2.4
90	14	9.9
90	15	5.5
90	16	41.2
90	17	76.6
90	18	4.1
90	19	10.2
90	20	10.1
90	21	9.9
90	22	7.8
90	23	20.4
90	24	21.4
91	1	0.0
91	2	0.0
91	3	0.0
91	4	0.0
91	5	0.0
91	6	0.0
91	7	0.0
91	8	0.0
91	9	0.0
91	10	0.1
91	11	16.9
91	12	4.4
91	13	1.7
91	14	5.0
91	15	2.1
91	16	10.5
91	17	12.3
91	18	4.6
91	19	17.8
91	20	11.5
91	21	5.5
91	22	16.9
91	23	14.6
91	24	11.0
92	1	10.2
92	2	42.5
92	3	50.0
92	4	44.6
92	5	32.9
92	6	5.0
92	7	8.8
92	8	31.8
92	9	20.9
92	10	2.0
92	11	0.0
92	12	9.1
92	13	14.6
92	14	31.2
92	15	25.3
92	16	16.0
92	17	45.7
92	18	12.4
92	19	46.0
92	20	9.5
92	21	0.5
92	22	4.2
92	23	27.9
92	24	56.5
93	1	6.4
93	2	2.2
93	3	0.0
93	4	0.0
93	5	0.0
93	6	0.0
93	7	1.9
93	8	56.7
93	9	41.1
93	10	42.8
93	11	247.2
93	12	36.3
93	13	88.8
93	14	23.7
93	15	113.5
93	16	455.4
93	17	144.6
93	18	130.0
93	19	65.1
93	20	95.4
93	21	59.1
93	22	67.1
93	23	88.8
93	24	107.0
94	1	21.7
94	2	13.6
94	3	18.7
94	4	32.9
94	5	9.1
94	6	19.8
94	7	7.0
94	8	0.0
94	9	37.3
94	10	47.4
94	11	37.0
94	12	7.3
94	13	2.4
94	14	9.9
94	15	5.5
94	16	41.2
94	17	76.6
94	18	4.1
94	19	10.2
94	20	10.1
94	21	9.9
94	22	7.8
94	23	20.4
94	24	21.4
95	1	8.9
95	2	1.7
95	3	2.5
95	4	1.5
95	5	0.9
95	6	36.1
95	7	3.1
95	8	7.7
95	9	13.2
95	10	30.8
95	11	5.1
95	12	12.9
95	13	119.5
95	14	18.0
95	15	87.8
95	16	23.1
95	17	23.8
95	18	34.2
95	19	5.4
95	20	10.1
95	21	10.3
95	22	35.1
95	23	25.6
95	24	13.8
96	1	0.0
96	2	0.0
96	3	0.0
96	4	0.0
96	5	0.0
96	6	0.0
96	7	0.0
96	8	0.0
96	9	0.0
96	10	0.1
96	11	16.9
96	12	4.4
96	13	1.7
96	14	5.0
96	15	2.1
96	16	10.5
96	17	12.3
96	18	4.6
96	19	17.8
96	20	11.5
96	21	5.5
96	22	16.9
96	23	14.6
96	24	11.0
97	1	0.0
97	2	5.0
97	3	2.0
97	4	0.0
97	5	2.1
97	6	7.3
97	7	17.3
97	8	7.4
97	9	6.4
97	10	25.8
97	11	12.3
97	12	33.8
97	13	12.8
97	14	92.7
97	15	211.7
97	16	113.2
97	17	78.7
97	18	74.8
97	19	65.6
97	20	73.9
97	21	47.9
97	22	84.6
97	23	32.7
97	24	30.3
98	1	21.7
98	2	13.6
98	3	18.7
98	4	32.9
98	5	9.1
98	6	19.8
98	7	7.0
98	8	0.0
98	9	37.3
98	10	47.4
98	11	37.0
98	12	7.3
98	13	2.4
98	14	9.9
98	15	5.5
98	16	41.2
98	17	76.6
98	18	4.1
98	19	10.2
98	20	10.1
98	21	9.9
98	22	7.8
98	23	20.4
98	24	21.4
99	1	0.4
99	2	15.0
99	3	23.2
99	4	12.1
99	5	54.2
99	6	61.1
99	7	75.5
99	8	20.7
99	9	0.3
99	10	10.8
99	11	28.0
99	12	67.2
99	13	33.4
99	14	0.0
99	15	11.2
99	16	0.0
99	17	166.6
99	18	75.8
99	19	4.5
99	20	0.0
99	21	0.0
99	22	0.0
99	23	6.9
99	24	13.3
100	1	10.2
100	2	42.5
100	3	50.0
100	4	44.6
100	5	32.9
100	6	5.0
100	7	8.8
100	8	31.8
100	9	20.9
100	10	2.0
100	11	0.0
100	12	9.1
100	13	14.6
100	14	31.2
100	15	25.3
100	16	16.0
100	17	45.7
100	18	12.4
100	19	46.0
100	20	9.5
100	21	0.5
100	22	4.2
100	23	27.9
100	24	56.5
101	1	8.9
101	2	1.7
101	3	2.5
101	4	1.5
101	5	0.9
101	6	36.1
101	7	3.1
101	8	7.7
101	9	13.2
101	10	30.8
101	11	5.1
101	12	12.9
101	13	119.5
101	14	18.0
101	15	87.8
101	16	23.1
101	17	23.8
101	18	34.2
101	19	5.4
101	20	10.1
101	21	10.3
101	22	35.1
101	23	25.6
101	24	13.8
102	1	0.4
102	2	15.0
102	3	23.2
102	4	12.1
102	5	54.2
102	6	61.1
102	7	75.5
102	8	20.7
102	9	0.3
102	10	10.8
102	11	28.0
102	12	67.2
102	13	33.4
102	14	0.0
102	15	11.2
102	16	0.0
102	17	166.6
102	18	75.8
102	19	4.5
102	20	0.0
102	21	0.0
102	22	0.0
102	23	6.9
102	24	13.3
103	1	10.2
103	2	42.5
103	3	50.0
103	4	44.6
103	5	32.9
103	6	5.0
103	7	8.8
103	8	31.8
103	9	20.9
103	10	2.0
103	11	0.0
103	12	9.1
103	13	14.6
103	14	31.2
103	15	25.3
103	16	16.0
103	17	45.7
103	18	12.4
103	19	46.0
103	20	9.5
103	21	0.5
103	22	4.2
103	23	27.9
103	24	56.5
104	1	10.2
104	2	42.5
104	3	50.0
104	4	44.6
104	5	32.9
104	6	5.0
104	7	8.8
104	8	31.8
104	9	20.9
104	10	2.0
104	11	0.0
104	12	9.1
104	13	14.6
104	14	31.2
104	15	25.3
104	16	16.0
104	17	45.7
104	18	12.4
104	19	46.0
104	20	9.5
104	21	0.5
104	22	4.2
104	23	27.9
104	24	56.5
105	1	0.0
105	2	0.0
105	3	0.0
105	4	0.0
105	5	0.0
105	6	0.0
105	7	0.0
105	8	0.0
105	9	0.0
105	10	0.1
105	11	16.9
105	12	4.4
105	13	1.7
105	14	5.0
105	15	2.1
105	16	10.5
105	17	12.3
105	18	4.6
105	19	17.8
105	20	11.5
105	21	5.5
105	22	16.9
105	23	14.6
105	24	11.0
106	1	0.4
106	2	15.0
106	3	23.2
106	4	12.1
106	5	54.2
106	6	61.1
106	7	75.5
106	8	20.7
106	9	0.3
106	10	10.8
106	11	28.0
106	12	67.2
106	13	33.4
106	14	0.0
106	15	11.2
106	16	0.0
106	17	166.6
106	18	75.8
106	19	4.5
106	20	0.0
106	21	0.0
106	22	0.0
106	23	6.9
106	24	13.3
107	1	10.2
107	2	42.5
107	3	50.0
107	4	44.6
107	5	32.9
107	6	5.0
107	7	8.8
107	8	31.8
107	9	20.9
107	10	2.0
107	11	0.0
107	12	9.1
107	13	14.6
107	14	31.2
107	15	25.3
107	16	16.0
107	17	45.7
107	18	12.4
107	19	46.0
107	20	9.5
107	21	0.5
107	22	4.2
107	23	27.9
107	24	56.5
108	1	0.4
108	2	15.0
108	3	23.2
108	4	12.1
108	5	54.2
108	6	61.1
108	7	75.5
108	8	20.7
108	9	0.3
108	10	10.8
108	11	28.0
108	12	67.2
108	13	33.4
108	14	0.0
108	15	11.2
108	16	0.0
108	17	166.6
108	18	75.8
108	19	4.5
108	20	0.0
108	21	0.0
108	22	0.0
108	23	6.9
108	24	13.3
109	1	8.9
109	2	1.7
109	3	2.5
109	4	1.5
109	5	0.9
109	6	36.1
109	7	3.1
109	8	7.7
109	9	13.2
109	10	30.8
109	11	5.1
109	12	12.9
109	13	119.5
109	14	18.0
109	15	87.8
109	16	23.1
109	17	23.8
109	18	34.2
109	19	5.4
109	20	10.1
109	21	10.3
109	22	35.1
109	23	25.6
109	24	13.8
110	1	10.2
110	2	42.5
110	3	50.0
110	4	44.6
110	5	32.9
110	6	5.0
110	7	8.8
110	8	31.8
110	9	20.9
110	10	2.0
110	11	0.0
110	12	9.1
110	13	14.6
110	14	31.2
110	15	25.3
110	16	16.0
110	17	45.7
110	18	12.4
110	19	46.0
110	20	9.5
110	21	0.5
110	22	4.2
110	23	27.9
110	24	56.5
111	1	10.2
111	2	42.5
111	3	50.0
111	4	44.6
111	5	32.9
111	6	5.0
111	7	8.8
111	8	31.8
111	9	20.9
111	10	2.0
111	11	0.0
111	12	9.1
111	13	14.6
111	14	31.2
111	15	25.3
111	16	16.0
111	17	45.7
111	18	12.4
111	19	46.0
111	20	9.5
111	21	0.5
111	22	4.2
111	23	27.9
111	24	56.5
112	1	6.4
112	2	2.2
112	3	0.0
112	4	0.0
112	5	0.0
112	6	0.0
112	7	1.9
112	8	56.7
112	9	41.1
112	10	42.8
112	11	247.2
112	12	36.3
112	13	88.8
112	14	23.7
112	15	113.5
112	16	455.4
112	17	144.6
112	18	130.0
112	19	65.1
112	20	95.4
112	21	59.1
112	22	67.1
112	23	88.8
112	24	107.0
