Node	Time	Res_CapacityUpVolume
1	1	179.0
1	2	179.0
1	3	179.0
1	4	179.0
1	5	190.0
1	6	205.0
1	7	205.0
1	8	205.0
1	9	205.0
1	10	205.0
1	11	205.0
1	12	205.0
1	13	205.0
1	14	190.0
1	15	190.0
1	16	190.0
1	17	149.0
1	18	199.0
1	19	205.0
1	20	205.0
1	21	205.0
1	22	205.0
1	23	100.0
1	24	183.0
2	1	0.0
2	2	0.0
2	3	0.0
2	4	0.0
2	5	0.0
2	6	10.0
2	7	15.0
2	8	65.0
2	9	65.0
2	10	65.0
2	11	15.0
2	12	15.0
2	13	15.0
2	14	5.0
2	15	5.0
2	16	15.0
2	17	36.0
2	18	45.0
2	19	55.0
2	20	65.0
2	21	15.0
2	22	5.0
2	23	0.0
2	24	10.0
3	1	152.0
3	2	152.0
3	3	152.0
3	4	152.0
3	5	152.0
3	6	215.0
3	7	215.0
3	8	202.0
3	9	52.0
3	10	10.0
3	11	10.0
3	12	10.0
3	13	10.0
3	14	52.0
3	15	52.0
3	16	102.0
3	17	102.0
3	18	215.0
3	19	215.0
3	20	231.0
3	21	231.0
3	22	231.0
3	23	215.0
3	24	140.0
4	1	75.0
4	2	75.0
4	3	75.0
4	4	75.0
4	5	75.0
4	6	75.0
4	7	75.0
4	8	75.0
4	9	75.0
4	10	73.0
4	11	16.0
4	12	0.0
4	13	46.0
4	14	75.0
4	15	53.0
4	16	75.0
4	17	75.0
4	18	75.0
4	19	100.0
4	20	100.0
4	21	100.0
4	22	100.0
4	23	100.0
4	24	75.0
5	1	155.0
5	2	155.0
5	3	155.0
5	4	155.0
5	5	175.0
5	6	175.0
5	7	175.0
5	8	175.0
5	9	175.0
5	10	175.0
5	11	175.0
5	12	155.0
5	13	155.0
5	14	155.0
5	15	155.0
5	16	170.0
5	17	175.0
5	18	175.0
5	19	175.0
5	20	175.0
5	21	175.0
5	22	175.0
5	23	170.0
5	24	155.0
6	1	130.0
6	2	130.0
6	3	130.0
6	4	130.0
6	5	145.0
6	6	150.0
6	7	150.0
6	8	150.0
6	9	150.0
6	10	145.0
6	11	145.0
6	12	130.0
6	13	130.0
6	14	130.0
6	15	135.0
6	16	145.0
6	17	150.0
6	18	142.0
6	19	150.0
6	20	150.0
6	21	150.0
6	22	85.0
6	23	85.0
6	24	70.0
7	1	76.0
7	2	75.0
7	3	76.0
7	4	76.0
7	5	114.0
7	6	115.0
7	7	116.0
7	8	116.0
7	9	116.0
7	10	109.0
7	11	106.0
7	12	60.0
7	13	60.0
7	14	60.0
7	15	60.0
7	16	76.0
7	17	110.0
7	18	115.0
7	19	116.0
7	20	111.0
7	21	105.0
7	22	75.0
7	23	75.0
7	24	116.0
8	1	15.0
8	2	15.0
8	3	0.0
8	4	0.0
8	5	0.0
8	6	5.0
8	7	74.0
8	8	30.0
8	9	20.0
8	10	37.0
8	11	37.0
8	12	20.0
8	13	20.0
8	14	20.0
8	15	20.0
8	16	30.0
8	17	30.0
8	18	105.0
8	19	20.0
8	20	20.0
8	21	5.0
8	22	0.0
8	23	0.0
8	24	0.0
9	1	183.0
9	2	183.0
9	3	183.0
9	4	183.0
9	5	183.0
9	6	183.0
9	7	183.0
9	8	183.0
9	9	168.0
9	10	150.0
9	11	150.0
9	12	150.0
9	13	150.0
9	14	183.0
9	15	183.0
9	16	183.0
9	17	168.0
9	18	168.0
9	19	168.0
9	20	183.0
9	21	183.0
9	22	193.0
9	23	183.0
9	24	10.0
10	1	0.0
10	2	0.0
10	3	0.0
10	4	0.0
10	5	0.0
10	6	30.0
10	7	30.0
10	8	30.0
10	9	30.0
10	10	30.0
10	11	30.0
10	12	30.0
10	13	30.0
10	14	30.0
10	15	30.0
10	16	30.0
10	17	30.0
10	18	30.0
10	19	30.0
10	20	30.0
10	21	30.0
10	22	20.0
10	23	0.0
10	24	34.0
11	1	0.0
11	2	0.0
11	3	0.0
11	4	0.0
11	5	0.0
11	6	0.0
11	7	0.0
11	8	0.0
11	9	0.0
11	10	0.0
11	11	0.0
11	12	0.0
11	13	0.0
11	14	0.0
11	15	0.0
11	16	0.0
11	17	0.0
11	18	0.0
11	19	15.0
11	20	15.0
11	21	15.0
11	22	15.0
11	23	0.0
11	24	0.0
12	1	115.0
12	2	135.0
12	3	135.0
12	4	135.0
12	5	150.0
12	6	150.0
12	7	150.0
12	8	150.0
12	9	150.0
12	10	150.0
12	11	150.0
12	12	150.0
12	13	135.0
12	14	135.0
12	15	135.0
12	16	135.0
12	17	150.0
12	18	150.0
12	19	150.0
12	20	150.0
12	21	150.0
12	22	150.0
12	23	150.0
12	24	130.0
13	1	0.0
13	2	0.0
13	3	0.0
13	4	0.0
13	5	0.0
13	6	25.0
13	7	25.0
13	8	25.0
13	9	25.0
13	10	0.0
13	11	0.0
13	12	0.0
13	13	0.0
13	14	0.0
13	15	0.0
13	16	25.0
13	17	25.0
13	18	25.0
13	19	185.0
13	20	229.0
13	21	186.0
13	22	199.0
13	23	25.0
13	24	0.0
14	1	0.0
14	2	0.0
14	3	0.0
14	4	0.0
14	5	30.0
14	6	55.0
14	7	55.0
14	8	55.0
14	9	55.0
14	10	55.0
14	11	55.0
14	12	55.0
14	13	55.0
14	14	30.0
14	15	30.0
14	16	14.0
14	17	30.0
14	18	55.0
14	19	55.0
14	20	55.0
14	21	55.0
14	22	55.0
14	23	55.0
14	24	30.0
15	1	0.0
15	2	0.0
15	3	0.0
15	4	0.0
15	5	0.0
15	6	0.0
15	7	0.0
15	8	0.0
15	9	0.0
15	10	0.0
15	11	0.0
15	12	0.0
15	13	0.0
15	14	0.0
15	15	0.0
15	16	0.0
15	17	0.0
15	18	0.0
15	19	0.0
15	20	0.0
15	21	0.0
15	22	0.0
15	23	0.0
15	24	76.0
16	1	70.0
16	2	70.0
16	3	70.0
16	4	70.0
16	5	70.0
16	6	70.0
16	7	70.0
16	8	85.0
16	9	85.0
16	10	85.0
16	11	85.0
16	12	85.0
16	13	70.0
16	14	70.0
16	15	70.0
16	16	70.0
16	17	85.0
16	18	85.0
16	19	85.0
16	20	85.0
16	21	85.0
16	22	70.0
16	23	70.0
16	24	70.0
17	1	0.0
17	2	0.0
17	3	0.0
17	4	0.0
17	5	0.0
17	6	15.0
17	7	15.0
17	8	0.0
17	9	115.0
17	10	115.0
17	11	115.0
17	12	115.0
17	13	115.0
17	14	115.0
17	15	115.0
17	16	0.0
17	17	0.0
17	18	15.0
17	19	89.0
17	20	126.0
17	21	126.0
17	22	103.0
17	23	99.0
17	24	155.0
18	1	170.0
18	2	170.0
18	3	170.0
18	4	170.0
18	5	170.0
18	6	195.0
18	7	193.0
18	8	153.0
18	9	133.0
18	10	195.0
18	11	113.0
18	12	195.0
18	13	170.0
18	14	170.0
18	15	170.0
18	16	158.0
18	17	195.0
18	18	113.0
18	19	183.0
18	20	195.0
18	21	195.0
18	22	195.0
18	23	170.0
18	24	116.0
19	1	70.0
19	2	70.0
19	3	70.0
19	4	70.0
19	5	70.0
19	6	70.0
19	7	90.0
19	8	90.0
19	9	90.0
19	10	90.0
19	11	90.0
19	12	85.0
19	13	85.0
19	14	85.0
19	15	85.0
19	16	85.0
19	17	90.0
19	18	90.0
19	19	90.0
19	20	56.0
19	21	25.0
19	22	70.0
19	23	70.0
19	24	70.0
20	1	155.0
20	2	155.0
20	3	155.0
20	4	155.0
20	5	175.0
20	6	175.0
20	7	175.0
20	8	175.0
20	9	175.0
20	10	175.0
20	11	175.0
20	12	155.0
20	13	155.0
20	14	155.0
20	15	155.0
20	16	170.0
20	17	175.0
20	18	175.0
20	19	175.0
20	20	175.0
20	21	175.0
20	22	175.0
20	23	170.0
20	24	155.0
21	1	196.0
21	2	196.0
21	3	196.0
21	4	196.0
21	5	251.0
21	6	276.0
21	7	276.0
21	8	276.0
21	9	276.0
21	10	276.0
21	11	276.0
21	12	276.0
21	13	276.0
21	14	251.0
21	15	251.0
21	16	251.0
21	17	247.0
21	18	276.0
21	19	276.0
21	20	276.0
21	21	276.0
21	22	276.0
21	23	251.0
21	24	243.0
22	1	25.0
22	2	25.0
22	3	25.0
22	4	25.0
22	5	25.0
22	6	75.0
22	7	75.0
22	8	75.0
22	9	75.0
22	10	65.0
22	11	65.0
22	12	65.0
22	13	50.0
22	14	38.0
22	15	10.0
22	16	10.0
22	17	65.0
22	18	75.0
22	19	75.0
22	20	75.0
22	21	75.0
22	22	75.0
22	23	65.0
22	24	73.0
23	1	183.0
23	2	183.0
23	3	183.0
23	4	183.0
23	5	183.0
23	6	183.0
23	7	183.0
23	8	183.0
23	9	168.0
23	10	150.0
23	11	150.0
23	12	150.0
23	13	150.0
23	14	183.0
23	15	183.0
23	16	183.0
23	17	168.0
23	18	168.0
23	19	168.0
23	20	183.0
23	21	183.0
23	22	193.0
23	23	183.0
23	24	10.0
24	1	80.0
24	2	80.0
24	3	80.0
24	4	80.0
24	5	80.0
24	6	90.0
24	7	90.0
24	8	90.0
24	9	30.0
24	10	0.0
24	11	0.0
24	12	0.0
24	13	0.0
24	14	30.0
24	15	0.0
24	16	80.0
24	17	80.0
24	18	90.0
24	19	105.0
24	20	105.0
24	21	105.0
24	22	105.0
24	23	90.0
24	24	0.0
25	1	154.0
25	2	154.0
25	3	154.0
25	4	154.0
25	5	154.0
25	6	154.0
25	7	100.0
25	8	40.0
25	9	40.0
25	10	40.0
25	11	20.0
25	12	20.0
25	13	20.0
25	14	20.0
25	15	40.0
25	16	20.0
25	17	20.0
25	18	134.0
25	19	173.0
25	20	179.0
25	21	179.0
25	22	179.0
25	23	177.0
25	24	45.0
26	1	0.0
26	2	0.0
26	3	0.0
26	4	0.0
26	5	16.0
26	6	16.0
26	7	15.0
26	8	16.0
26	9	16.0
26	10	16.0
26	11	15.0
26	12	16.0
26	13	16.0
26	14	0.0
26	15	0.0
26	16	0.0
26	17	0.0
26	18	16.0
26	19	15.0
26	20	16.0
26	21	16.0
26	22	16.0
26	23	15.0
26	24	0.0
27	1	15.0
27	2	15.0
27	3	15.0
27	4	15.0
27	5	40.0
27	6	40.0
27	7	104.0
27	8	104.0
27	9	104.0
27	10	104.0
27	11	40.0
27	12	40.0
27	13	40.0
27	14	15.0
27	15	0.0
27	16	0.0
27	17	15.0
27	18	104.0
27	19	102.0
27	20	102.0
27	21	72.0
27	22	40.0
27	23	40.0
27	24	0.0
28	1	0.0
28	2	0.0
28	3	0.0
28	4	0.0
28	5	25.0
28	6	83.0
28	7	228.0
28	8	228.0
28	9	223.0
28	10	181.0
28	11	25.0
28	12	0.0
28	13	0.0
28	14	0.0
28	15	0.0
28	16	25.0
28	17	25.0
28	18	228.0
28	19	228.0
28	20	228.0
28	21	228.0
28	22	79.0
28	23	25.0
28	24	25.0
29	1	70.0
29	2	70.0
29	3	70.0
29	4	70.0
29	5	95.0
29	6	95.0
29	7	95.0
29	8	95.0
29	9	95.0
29	10	95.0
29	11	95.0
29	12	95.0
29	13	95.0
29	14	80.0
29	15	80.0
29	16	80.0
29	17	80.0
29	18	95.0
29	19	95.0
29	20	95.0
29	21	105.0
29	22	105.0
29	23	105.0
29	24	251.0
30	1	75.0
30	2	75.0
30	3	75.0
30	4	75.0
30	5	75.0
30	6	75.0
30	7	75.0
30	8	75.0
30	9	75.0
30	10	75.0
30	11	68.0
30	12	73.0
30	13	73.0
30	14	75.0
30	15	75.0
30	16	75.0
30	17	75.0
30	18	75.0
30	19	75.0
30	20	100.0
30	21	100.0
30	22	100.0
30	23	75.0
30	24	121.0
31	1	0.0
31	2	0.0
31	3	0.0
31	4	0.0
31	5	25.0
31	6	25.0
31	7	83.0
31	8	83.0
31	9	83.0
31	10	25.0
31	11	25.0
31	12	25.0
31	13	0.0
31	14	0.0
31	15	0.0
31	16	0.0
31	17	25.0
31	18	83.0
31	19	83.0
31	20	83.0
31	21	83.0
31	22	83.0
31	23	0.0
31	24	0.0
32	1	154.0
32	2	154.0
32	3	154.0
32	4	154.0
32	5	154.0
32	6	154.0
32	7	100.0
32	8	40.0
32	9	40.0
32	10	40.0
32	11	20.0
32	12	20.0
32	13	20.0
32	14	20.0
32	15	40.0
32	16	20.0
32	17	20.0
32	18	134.0
32	19	173.0
32	20	179.0
32	21	179.0
32	22	179.0
32	23	177.0
32	24	45.0
33	1	0.0
33	2	0.0
33	3	0.0
33	4	0.0
33	5	25.0
33	6	181.0
33	7	181.0
33	8	181.0
33	9	181.0
33	10	181.0
33	11	25.0
33	12	25.0
33	13	0.0
33	14	0.0
33	15	0.0
33	16	0.0
33	17	181.0
33	18	181.0
33	19	181.0
33	20	181.0
33	21	181.0
33	22	181.0
33	23	25.0
33	24	25.0
34	1	0.0
34	2	0.0
34	3	0.0
34	4	0.0
34	5	16.0
34	6	16.0
34	7	15.0
34	8	15.0
34	9	16.0
34	10	16.0
34	11	15.0
34	12	16.0
34	13	0.0
34	14	0.0
34	15	0.0
34	16	0.0
34	17	16.0
34	18	16.0
34	19	15.0
34	20	16.0
34	21	16.0
34	22	16.0
34	23	15.0
34	24	16.0
35	1	130.0
35	2	130.0
35	3	130.0
35	4	130.0
35	5	145.0
35	6	150.0
35	7	150.0
35	8	150.0
35	9	150.0
35	10	145.0
35	11	145.0
35	12	130.0
35	13	130.0
35	14	130.0
35	15	135.0
35	16	145.0
35	17	150.0
35	18	142.0
35	19	150.0
35	20	150.0
35	21	150.0
35	22	85.0
35	23	85.0
35	24	70.0
36	1	95.0
36	2	95.0
36	3	95.0
36	4	95.0
36	5	120.0
36	6	120.0
36	7	120.0
36	8	120.0
36	9	120.0
36	10	120.0
36	11	120.0
36	12	120.0
36	13	95.0
36	14	95.0
36	15	95.0
36	16	95.0
36	17	120.0
36	18	120.0
36	19	120.0
36	20	120.0
36	21	120.0
36	22	120.0
36	23	120.0
36	24	85.0
37	1	15.0
37	2	15.0
37	3	15.0
37	4	15.0
37	5	40.0
37	6	40.0
37	7	104.0
37	8	104.0
37	9	104.0
37	10	104.0
37	11	40.0
37	12	40.0
37	13	40.0
37	14	15.0
37	15	0.0
37	16	0.0
37	17	15.0
37	18	104.0
37	19	102.0
37	20	102.0
37	21	72.0
37	22	40.0
37	23	40.0
37	24	0.0
38	1	20.0
38	2	20.0
38	3	20.0
38	4	20.0
38	5	45.0
38	6	157.0
38	7	212.0
38	8	212.0
38	9	157.0
38	10	157.0
38	11	45.0
38	12	45.0
38	13	20.0
38	14	20.0
38	15	20.0
38	16	20.0
38	17	103.0
38	18	225.0
38	19	251.0
38	20	251.0
38	21	157.0
38	22	157.0
38	23	45.0
38	24	35.0
39	1	25.0
39	2	25.0
39	3	25.0
39	4	25.0
39	5	112.0
39	6	170.0
39	7	170.0
39	8	110.0
39	9	110.0
39	10	110.0
39	11	50.0
39	12	50.0
39	13	25.0
39	14	65.0
39	15	85.0
39	16	65.0
39	17	90.0
39	18	110.0
39	19	110.0
39	20	110.0
39	21	110.0
39	22	110.0
39	23	89.0
39	24	40.0
40	1	131.0
40	2	131.0
40	3	131.0
40	4	131.0
40	5	131.0
40	6	156.0
40	7	156.0
40	8	156.0
40	9	156.0
40	10	156.0
40	11	156.0
40	12	156.0
40	13	156.0
40	14	131.0
40	15	131.0
40	16	131.0
40	17	131.0
40	18	156.0
40	19	156.0
40	20	156.0
40	21	156.0
40	22	156.0
40	23	109.0
40	24	131.0
41	1	131.0
41	2	131.0
41	3	131.0
41	4	131.0
41	5	131.0
41	6	156.0
41	7	156.0
41	8	156.0
41	9	156.0
41	10	156.0
41	11	156.0
41	12	156.0
41	13	156.0
41	14	131.0
41	15	131.0
41	16	104.0
41	17	104.0
41	18	156.0
41	19	156.0
41	20	156.0
41	21	156.0
41	22	156.0
41	23	75.0
41	24	131.0
42	1	103.0
42	2	103.0
42	3	103.0
42	4	103.0
42	5	103.0
42	6	103.0
42	7	103.0
42	8	118.0
42	9	118.0
42	10	103.0
42	11	103.0
42	12	103.0
42	13	103.0
42	14	103.0
42	15	103.0
42	16	118.0
42	17	118.0
42	18	118.0
42	19	118.0
42	20	118.0
42	21	103.0
42	22	103.0
42	23	103.0
42	24	28.0
43	1	10.0
43	2	0.0
43	3	0.0
43	4	0.0
43	5	89.0
43	6	99.0
43	7	99.0
43	8	99.0
43	9	99.0
43	10	99.0
43	11	99.0
43	12	99.0
43	13	74.0
43	14	74.0
43	15	74.0
43	16	37.0
43	17	79.0
43	18	97.0
43	19	99.0
43	20	99.0
43	21	99.0
43	22	99.0
43	23	99.0
43	24	0.0
44	1	155.0
44	2	155.0
44	3	155.0
44	4	155.0
44	5	155.0
44	6	155.0
44	7	155.0
44	8	155.0
44	9	148.0
44	10	103.0
44	11	150.0
44	12	150.0
44	13	150.0
44	14	155.0
44	15	155.0
44	16	155.0
44	17	155.0
44	18	155.0
44	19	155.0
44	20	155.0
44	21	155.0
44	22	155.0
44	23	155.0
44	24	126.0
45	1	0.0
45	2	0.0
45	3	0.0
45	4	0.0
45	5	0.0
45	6	133.0
45	7	133.0
45	8	133.0
45	9	133.0
45	10	133.0
45	11	101.0
45	12	133.0
45	13	133.0
45	14	90.0
45	15	5.0
45	16	46.0
45	17	133.0
45	18	133.0
45	19	133.0
45	20	133.0
45	21	133.0
45	22	133.0
45	23	119.0
45	24	15.0
46	1	34.0
46	2	34.0
46	3	34.0
46	4	0.0
46	5	0.0
46	6	0.0
46	7	50.0
46	8	50.0
46	9	50.0
46	10	40.0
46	11	40.0
46	12	40.0
46	13	40.0
46	14	40.0
46	15	40.0
46	16	40.0
46	17	0.0
46	18	40.0
46	19	50.0
46	20	10.0
46	21	40.0
46	22	40.0
46	23	40.0
46	24	40.0
47	1	115.0
47	2	115.0
47	3	115.0
47	4	115.0
47	5	140.0
47	6	140.0
47	7	140.0
47	8	152.0
47	9	140.0
47	10	140.0
47	11	140.0
47	12	140.0
47	13	115.0
47	14	115.0
47	15	115.0
47	16	115.0
47	17	140.0
47	18	140.0
47	19	152.0
47	20	152.0
47	21	140.0
47	22	140.0
47	23	140.0
47	24	25.0
48	1	179.0
48	2	179.0
48	3	179.0
48	4	179.0
48	5	190.0
48	6	205.0
48	7	205.0
48	8	205.0
48	9	205.0
48	10	205.0
48	11	205.0
48	12	205.0
48	13	205.0
48	14	190.0
48	15	190.0
48	16	190.0
48	17	149.0
48	18	199.0
48	19	205.0
48	20	205.0
48	21	205.0
48	22	205.0
48	23	100.0
48	24	183.0
49	1	25.0
49	2	25.0
49	3	25.0
49	4	25.0
49	5	112.0
49	6	170.0
49	7	170.0
49	8	110.0
49	9	110.0
49	10	110.0
49	11	50.0
49	12	50.0
49	13	25.0
49	14	65.0
49	15	85.0
49	16	65.0
49	17	90.0
49	18	110.0
49	19	110.0
49	20	110.0
49	21	110.0
49	22	110.0
49	23	89.0
49	24	40.0
50	1	15.0
50	2	15.0
50	3	15.0
50	4	15.0
50	5	15.0
50	6	15.0
50	7	15.0
50	8	15.0
50	9	79.0
50	10	29.0
50	11	29.0
50	12	29.0
50	13	14.0
50	14	10.0
50	15	79.0
50	16	10.0
50	17	90.0
50	18	40.0
50	19	86.0
50	20	158.0
50	21	40.0
50	22	40.0
50	23	40.0
50	24	0.0
51	1	0.0
51	2	0.0
51	3	0.0
51	4	0.0
51	5	0.0
51	6	10.0
51	7	10.0
51	8	10.0
51	9	0.0
51	10	0.0
51	11	0.0
51	12	0.0
51	13	0.0
51	14	0.0
51	15	0.0
51	16	10.0
51	17	10.0
51	18	30.0
51	19	45.0
51	20	45.0
51	21	45.0
51	22	45.0
51	23	45.0
51	24	150.0
52	1	0.0
52	2	0.0
52	3	0.0
52	4	0.0
52	5	10.0
52	6	80.0
52	7	80.0
52	8	80.0
52	9	0.0
52	10	0.0
52	11	0.0
52	12	0.0
52	13	0.0
52	14	0.0
52	15	0.0
52	16	0.0
52	17	0.0
52	18	61.0
52	19	95.0
52	20	95.0
52	21	95.0
52	22	95.0
52	23	80.0
52	24	15.0
53	1	0.0
53	2	0.0
53	3	0.0
53	4	0.0
53	5	0.0
53	6	20.0
53	7	20.0
53	8	20.0
53	9	20.0
53	10	20.0
53	11	15.0
53	12	15.0
53	13	0.0
53	14	0.0
53	15	0.0
53	16	0.0
53	17	15.0
53	18	20.0
53	19	20.0
53	20	20.0
53	21	20.0
53	22	20.0
53	23	15.0
53	24	0.0
54	1	45.0
54	2	45.0
54	3	45.0
54	4	45.0
54	5	45.0
54	6	159.0
54	7	159.0
54	8	159.0
54	9	159.0
54	10	159.0
54	11	105.0
54	12	45.0
54	13	20.0
54	14	20.0
54	15	20.0
54	16	20.0
54	17	45.0
54	18	159.0
54	19	159.0
54	20	159.0
54	21	159.0
54	22	159.0
54	23	159.0
54	24	45.0
55	1	50.0
55	2	50.0
55	3	50.0
55	4	50.0
55	5	50.0
55	6	50.0
55	7	50.0
55	8	55.0
55	9	55.0
55	10	55.0
55	11	55.0
55	12	50.0
55	13	50.0
55	14	50.0
55	15	50.0
55	16	55.0
55	17	55.0
55	18	55.0
55	19	55.0
55	20	55.0
55	21	55.0
55	22	50.0
55	23	55.0
55	24	50.0
56	1	195.0
56	2	195.0
56	3	195.0
56	4	195.0
56	5	195.0
56	6	195.0
56	7	195.0
56	8	195.0
56	9	195.0
56	10	195.0
56	11	195.0
56	12	195.0
56	13	195.0
56	14	195.0
56	15	195.0
56	16	195.0
56	17	195.0
56	18	195.0
56	19	195.0
56	20	195.0
56	21	195.0
56	22	195.0
56	23	195.0
56	24	195.0
57	1	90.0
57	2	90.0
57	3	90.0
57	4	90.0
57	5	105.0
57	6	105.0
57	7	105.0
57	8	91.0
57	9	105.0
57	10	105.0
57	11	105.0
57	12	105.0
57	13	90.0
57	14	90.0
57	15	90.0
57	16	90.0
57	17	105.0
57	18	25.0
57	19	65.0
57	20	74.0
57	21	105.0
57	22	99.0
57	23	105.0
57	24	105.0
58	1	58.0
58	2	33.0
58	3	64.0
58	4	33.0
58	5	80.0
58	6	195.0
58	7	195.0
58	8	195.0
58	9	195.0
58	10	195.0
58	11	195.0
58	12	195.0
58	13	195.0
58	14	195.0
58	15	195.0
58	16	195.0
58	17	195.0
58	18	195.0
58	19	195.0
58	20	170.0
58	21	170.0
58	22	170.0
58	23	170.0
58	24	152.0
59	1	45.0
59	2	45.0
59	3	45.0
59	4	45.0
59	5	156.0
59	6	221.0
59	7	275.0
59	8	250.0
59	9	250.0
59	10	250.0
59	11	250.0
59	12	275.0
59	13	275.0
59	14	275.0
59	15	275.0
59	16	275.0
59	17	275.0
59	18	301.0
59	19	308.0
59	20	275.0
59	21	275.0
59	22	275.0
59	23	221.0
59	24	88.0
60	1	68.0
60	2	43.0
60	3	43.0
60	4	43.0
60	5	43.0
60	6	68.0
60	7	96.0
60	8	96.0
60	9	96.0
60	10	96.0
60	11	96.0
60	12	96.0
60	13	96.0
60	14	96.0
60	15	43.0
60	16	43.0
60	17	43.0
60	18	43.0
60	19	96.0
60	20	96.0
60	21	96.0
60	22	96.0
60	23	96.0
60	24	68.0
61	1	163.0
61	2	163.0
61	3	163.0
61	4	163.0
61	5	163.0
61	6	163.0
61	7	163.0
61	8	277.0
61	9	277.0
61	10	277.0
61	11	277.0
61	12	163.0
61	13	163.0
61	14	138.0
61	15	138.0
61	16	138.0
61	17	252.0
61	18	277.0
61	19	277.0
61	20	277.0
61	21	223.0
61	22	163.0
61	23	163.0
61	24	163.0
62	1	10.0
62	2	10.0
62	3	0.0
62	4	0.0
62	5	0.0
62	6	35.0
62	7	45.0
62	8	45.0
62	9	55.0
62	10	55.0
62	11	55.0
62	12	45.0
62	13	45.0
62	14	45.0
62	15	45.0
62	16	45.0
62	17	45.0
62	18	55.0
62	19	55.0
62	20	55.0
62	21	45.0
62	22	45.0
62	23	17.0
62	24	0.0
63	1	60.0
63	2	60.0
63	3	60.0
63	4	60.0
63	5	60.0
63	6	60.0
63	7	65.0
63	8	95.0
63	9	85.0
63	10	85.0
63	11	15.0
63	12	65.0
63	13	65.0
63	14	65.0
63	15	75.0
63	16	75.0
63	17	75.0
63	18	25.0
63	19	85.0
63	20	85.0
63	21	65.0
63	22	60.0
63	23	60.0
63	24	60.0
64	1	35.0
64	2	35.0
64	3	21.0
64	4	26.0
64	5	57.0
64	6	64.0
64	7	89.0
64	8	132.0
64	9	248.0
64	10	121.0
64	11	248.0
64	12	248.0
64	13	248.0
64	14	248.0
64	15	126.0
64	16	248.0
64	17	230.0
64	18	225.0
64	19	25.0
64	20	25.0
64	21	0.0
64	22	0.0
64	23	0.0
64	24	25.0
65	1	20.0
65	2	20.0
65	3	20.0
65	4	20.0
65	5	45.0
65	6	75.0
65	7	55.0
65	8	55.0
65	9	55.0
65	10	55.0
65	11	25.0
65	12	45.0
65	13	20.0
65	14	20.0
65	15	18.0
65	16	10.0
65	17	45.0
65	18	75.0
65	19	75.0
65	20	75.0
65	21	75.0
65	22	45.0
65	23	45.0
65	24	25.0
66	1	69.0
66	2	59.0
66	3	59.0
66	4	59.0
66	5	34.0
66	6	34.0
66	7	87.0
66	8	198.0
66	9	179.0
66	10	189.0
66	11	179.0
66	12	189.0
66	13	105.0
66	14	105.0
66	15	105.0
66	16	95.0
66	17	179.0
66	18	179.0
66	19	213.0
66	20	196.0
66	21	213.0
66	22	112.0
66	23	44.0
66	24	44.0
67	1	79.0
67	2	54.0
67	3	54.0
67	4	54.0
67	5	54.0
67	6	79.0
67	7	112.0
67	8	223.0
67	9	223.0
67	10	223.0
67	11	223.0
67	12	223.0
67	13	112.0
67	14	122.0
67	15	112.0
67	16	248.0
67	17	359.0
67	18	359.0
67	19	324.0
67	20	324.0
67	21	324.0
67	22	290.0
67	23	112.0
67	24	112.0
68	1	10.0
68	2	10.0
68	3	10.0
68	4	10.0
68	5	10.0
68	6	20.0
68	7	20.0
68	8	20.0
68	9	55.0
68	10	45.0
68	11	45.0
68	12	45.0
68	13	35.0
68	14	45.0
68	15	75.0
68	16	45.0
68	17	75.0
68	18	75.0
68	19	74.0
68	20	45.0
68	21	45.0
68	22	35.0
68	23	10.0
68	24	0.0
69	1	173.0
69	2	173.0
69	3	173.0
69	4	173.0
69	5	173.0
69	6	173.0
69	7	270.0
69	8	270.0
69	9	270.0
69	10	270.0
69	11	270.0
69	12	213.0
69	13	213.0
69	14	213.0
69	15	213.0
69	16	170.0
69	17	260.0
69	18	268.0
69	19	270.0
69	20	270.0
69	21	213.0
69	22	193.0
69	23	203.0
69	24	193.0
70	1	50.0
70	2	50.0
70	3	50.0
70	4	50.0
70	5	50.0
70	6	50.0
70	7	65.0
70	8	85.0
70	9	105.0
70	10	105.0
70	11	96.0
70	12	85.0
70	13	65.0
70	14	65.0
70	15	65.0
70	16	65.0
70	17	65.0
70	18	75.0
70	19	75.0
70	20	75.0
70	21	65.0
70	22	65.0
70	23	55.0
70	24	55.0
71	1	0.0
71	2	0.0
71	3	0.0
71	4	0.0
71	5	0.0
71	6	0.0
71	7	0.0
71	8	0.0
71	9	0.0
71	10	0.0
71	11	0.0
71	12	0.0
71	13	0.0
71	14	0.0
71	15	0.0
71	16	0.0
71	17	0.0
71	18	54.0
71	19	173.0
71	20	173.0
71	21	203.0
71	22	203.0
71	23	178.0
71	24	25.0
72	1	76.0
72	2	51.0
72	3	51.0
72	4	51.0
72	5	51.0
72	6	51.0
72	7	51.0
72	8	244.0
72	9	244.0
72	10	244.0
72	11	244.0
72	12	244.0
72	13	244.0
72	14	244.0
72	15	244.0
72	16	244.0
72	17	244.0
72	18	244.0
72	19	244.0
72	20	244.0
72	21	244.0
72	22	219.0
72	23	162.0
72	24	162.0
73	1	131.0
73	2	131.0
73	3	131.0
73	4	151.0
73	5	151.0
73	6	131.0
73	7	131.0
73	8	220.0
73	9	220.0
73	10	200.0
73	11	150.0
73	12	106.0
73	13	106.0
73	14	131.0
73	15	131.0
73	16	131.0
73	17	240.0
73	18	240.0
73	19	245.0
73	20	245.0
73	21	191.0
73	22	131.0
73	23	131.0
73	24	131.0
74	1	70.0
74	2	60.0
74	3	60.0
74	4	60.0
74	5	60.0
74	6	65.0
74	7	65.0
74	8	115.0
74	9	115.0
74	10	105.0
74	11	95.0
74	12	105.0
74	13	95.0
74	14	95.0
74	15	95.0
74	16	83.0
74	17	95.0
74	18	115.0
74	19	115.0
74	20	115.0
74	21	78.0
74	22	65.0
74	23	55.0
74	24	50.0
75	1	90.0
75	2	88.0
75	3	88.0
75	4	88.0
75	5	88.0
75	6	90.0
75	7	90.0
75	8	90.0
75	9	90.0
75	10	90.0
75	11	52.0
75	12	90.0
75	13	90.0
75	14	65.0
75	15	90.0
75	16	57.0
75	17	57.0
75	18	57.0
75	19	82.0
75	20	82.0
75	21	115.0
75	22	115.0
75	23	102.0
75	24	95.0
76	1	128.0
76	2	138.0
76	3	138.0
76	4	138.0
76	5	138.0
76	6	138.0
76	7	128.0
76	8	98.0
76	9	128.0
76	10	138.0
76	11	138.0
76	12	138.0
76	13	138.0
76	14	138.0
76	15	138.0
76	16	138.0
76	17	148.0
76	18	138.0
76	19	138.0
76	20	108.0
76	21	98.0
76	22	98.0
76	23	98.0
76	24	98.0
77	1	208.0
77	2	208.0
77	3	208.0
77	4	204.0
77	5	208.0
77	6	208.0
77	7	233.0
77	8	233.0
77	9	233.0
77	10	233.0
77	11	233.0
77	12	233.0
77	13	208.0
77	14	183.0
77	15	183.0
77	16	183.0
77	17	208.0
77	18	233.0
77	19	233.0
77	20	233.0
77	21	233.0
77	22	233.0
77	23	233.0
77	24	208.0
78	1	196.0
78	2	171.0
78	3	171.0
78	4	171.0
78	5	171.0
78	6	196.0
78	7	196.0
78	8	253.0
78	9	253.0
78	10	253.0
78	11	253.0
78	12	253.0
78	13	253.0
78	14	253.0
78	15	253.0
78	16	253.0
78	17	253.0
78	18	283.0
78	19	283.0
78	20	258.0
78	21	258.0
78	22	171.0
78	23	171.0
78	24	196.0
79	1	124.0
79	2	124.0
79	3	124.0
79	4	124.0
79	5	125.0
79	6	127.0
79	7	127.0
79	8	152.0
79	9	152.0
79	10	152.0
79	11	152.0
79	12	152.0
79	13	152.0
79	14	152.0
79	15	152.0
79	16	152.0
79	17	152.0
79	18	152.0
79	19	132.0
79	20	148.0
79	21	152.0
79	22	33.0
79	23	18.0
79	24	55.0
80	1	124.0
80	2	124.0
80	3	124.0
80	4	124.0
80	5	125.0
80	6	127.0
80	7	127.0
80	8	152.0
80	9	152.0
80	10	152.0
80	11	152.0
80	12	152.0
80	13	152.0
80	14	152.0
80	15	152.0
80	16	152.0
80	17	152.0
80	18	152.0
80	19	132.0
80	20	148.0
80	21	152.0
80	22	33.0
80	23	18.0
80	24	55.0
81	1	83.0
81	2	58.0
81	3	58.0
81	4	58.0
81	5	58.0
81	6	58.0
81	7	83.0
81	8	83.0
81	9	83.0
81	10	83.0
81	11	83.0
81	12	83.0
81	13	58.0
81	14	58.0
81	15	38.0
81	16	38.0
81	17	73.0
81	18	83.0
81	19	83.0
81	20	83.0
81	21	83.0
81	22	83.0
81	23	83.0
81	24	103.0
82	1	186.0
82	2	154.0
82	3	154.0
82	4	154.0
82	5	154.0
82	6	184.0
82	7	272.0
82	8	272.0
82	9	272.0
82	10	272.0
82	11	272.0
82	12	272.0
82	13	186.0
82	14	161.0
82	15	67.0
82	16	67.0
82	17	43.0
82	18	172.0
82	19	259.0
82	20	272.0
82	21	272.0
82	22	272.0
82	23	272.0
82	24	186.0
83	1	0.0
83	2	0.0
83	3	0.0
83	4	0.0
83	5	35.0
83	6	246.0
83	7	279.0
83	8	193.0
83	9	25.0
83	10	25.0
83	11	25.0
83	12	25.0
83	13	149.0
83	14	149.0
83	15	192.0
83	16	192.0
83	17	192.0
83	18	167.0
83	19	167.0
83	20	167.0
83	21	167.0
83	22	192.0
83	23	192.0
83	24	35.0
84	1	137.0
84	2	137.0
84	3	112.0
84	4	112.0
84	5	124.0
84	6	127.0
84	7	195.0
84	8	194.0
84	9	172.0
84	10	152.0
84	11	152.0
84	12	152.0
84	13	152.0
84	14	152.0
84	15	152.0
84	16	152.0
84	17	152.0
84	18	152.0
84	19	152.0
84	20	152.0
84	21	127.0
84	22	127.0
84	23	127.0
84	24	124.0
85	1	58.0
85	2	33.0
85	3	64.0
85	4	33.0
85	5	80.0
85	6	195.0
85	7	195.0
85	8	195.0
85	9	195.0
85	10	195.0
85	11	195.0
85	12	195.0
85	13	195.0
85	14	195.0
85	15	195.0
85	16	195.0
85	17	195.0
85	18	195.0
85	19	195.0
85	20	170.0
85	21	170.0
85	22	170.0
85	23	170.0
85	24	152.0
86	1	115.0
86	2	115.0
86	3	115.0
86	4	115.0
86	5	115.0
86	6	115.0
86	7	115.0
86	8	304.0
86	9	304.0
86	10	304.0
86	11	304.0
86	12	110.0
86	13	85.0
86	14	70.0
86	15	69.0
86	16	77.0
86	17	127.0
86	18	130.0
86	19	304.0
86	20	304.0
86	21	304.0
86	22	296.0
86	23	300.0
86	24	95.0
87	1	25.0
87	2	25.0
87	3	25.0
87	4	25.0
87	5	25.0
87	6	25.0
87	7	184.0
87	8	139.0
87	9	250.0
87	10	139.0
87	11	139.0
87	12	139.0
87	13	60.0
87	14	60.0
87	15	114.0
87	16	60.0
87	17	85.0
87	18	139.0
87	19	159.0
87	20	150.0
87	21	139.0
87	22	85.0
87	23	85.0
87	24	0.0
88	1	0.0
88	2	0.0
88	3	0.0
88	4	0.0
88	5	189.0
88	6	326.0
88	7	326.0
88	8	326.0
88	9	326.0
88	10	272.0
88	11	214.0
88	12	189.0
88	13	189.0
88	14	189.0
88	15	189.0
88	16	189.0
88	17	301.0
88	18	326.0
88	19	326.0
88	20	326.0
88	21	326.0
88	22	268.0
88	23	243.0
88	24	55.0
89	1	35.0
89	2	35.0
89	3	35.0
89	4	35.0
89	5	35.0
89	6	35.0
89	7	35.0
89	8	65.0
89	9	65.0
89	10	40.0
89	11	40.0
89	12	40.0
89	13	40.0
89	14	65.0
89	15	65.0
89	16	108.0
89	17	108.0
89	18	108.0
89	19	108.0
89	20	108.0
89	21	108.0
89	22	108.0
89	23	65.0
89	24	35.0
90	1	114.0
90	2	114.0
90	3	114.0
90	4	114.0
90	5	114.0
90	6	114.0
90	7	94.0
90	8	99.0
90	9	109.0
90	10	55.0
90	11	75.0
90	12	65.0
90	13	119.0
90	14	119.0
90	15	99.0
90	16	99.0
90	17	99.0
90	18	109.0
90	19	109.0
90	20	109.0
90	21	99.0
90	22	94.0
90	23	94.0
90	24	94.0
91	1	94.0
91	2	94.0
91	3	94.0
91	4	94.0
91	5	94.0
91	6	94.0
91	7	25.0
91	8	109.0
91	9	109.0
91	10	109.0
91	11	99.0
91	12	99.0
91	13	94.0
91	14	99.0
91	15	94.0
91	16	99.0
91	17	109.0
91	18	109.0
91	19	109.0
91	20	94.0
91	21	94.0
91	22	94.0
91	23	94.0
91	24	94.0
92	1	128.0
92	2	138.0
92	3	138.0
92	4	138.0
92	5	138.0
92	6	138.0
92	7	75.0
92	8	85.0
92	9	85.0
92	10	85.0
92	11	75.0
92	12	75.0
92	13	75.0
92	14	75.0
92	15	75.0
92	16	75.0
92	17	75.0
92	18	85.0
92	19	85.0
92	20	85.0
92	21	75.0
92	22	143.0
92	23	98.0
92	24	98.0
93	1	142.0
93	2	127.0
93	3	169.0
93	4	150.0
93	5	170.0
93	6	195.0
93	7	195.0
93	8	248.0
93	9	248.0
93	10	248.0
93	11	248.0
93	12	248.0
93	13	248.0
93	14	248.0
93	15	248.0
93	16	248.0
93	17	248.0
93	18	248.0
93	19	248.0
93	20	180.0
93	21	170.0
93	22	150.0
93	23	117.0
93	24	142.0
94	1	114.0
94	2	114.0
94	3	114.0
94	4	114.0
94	5	114.0
94	6	114.0
94	7	94.0
94	8	99.0
94	9	109.0
94	10	55.0
94	11	75.0
94	12	65.0
94	13	119.0
94	14	119.0
94	15	99.0
94	16	99.0
94	17	99.0
94	18	109.0
94	19	109.0
94	20	109.0
94	21	99.0
94	22	94.0
94	23	94.0
94	24	94.0
95	1	74.0
95	2	74.0
95	3	74.0
95	4	74.0
95	5	99.0
95	6	159.0
95	7	284.0
95	8	284.0
95	9	138.0
95	10	192.0
95	11	124.0
95	12	74.0
95	13	74.0
95	14	74.0
95	15	74.0
95	16	159.0
95	17	159.0
95	18	184.0
95	19	150.0
95	20	159.0
95	21	175.0
95	22	134.0
95	23	99.0
95	24	45.0
96	1	96.0
96	2	86.0
96	3	71.0
96	4	71.0
96	5	71.0
96	6	71.0
96	7	96.0
96	8	251.0
96	9	251.0
96	10	251.0
96	11	251.0
96	12	251.0
96	13	194.0
96	14	194.0
96	15	194.0
96	16	194.0
96	17	251.0
96	18	251.0
96	19	251.0
96	20	251.0
96	21	226.0
96	22	226.0
96	23	226.0
96	24	169.0
97	1	55.0
97	2	55.0
97	3	55.0
97	4	55.0
97	5	30.0
97	6	30.0
97	7	30.0
97	8	30.0
97	9	55.0
97	10	55.0
97	11	55.0
97	12	55.0
97	13	55.0
97	14	55.0
97	15	25.0
97	16	75.0
97	17	35.0
97	18	25.0
97	19	25.0
97	20	25.0
97	21	25.0
97	22	25.0
97	23	84.0
97	24	35.0
98	1	13.0
98	2	13.0
98	3	13.0
98	4	13.0
98	5	13.0
98	6	111.0
98	7	111.0
98	8	111.0
98	9	111.0
98	10	111.0
98	11	53.0
98	12	53.0
98	13	42.0
98	14	43.0
98	15	43.0
98	16	43.0
98	17	111.0
98	18	111.0
98	19	111.0
98	20	111.0
98	21	111.0
98	22	111.0
98	23	111.0
98	24	43.0
99	1	76.0
99	2	76.0
99	3	0.0
99	4	0.0
99	5	51.0
99	6	51.0
99	7	51.0
99	8	61.0
99	9	86.0
99	10	86.0
99	11	86.0
99	12	86.0
99	13	86.0
99	14	86.0
99	15	86.0
99	16	86.0
99	17	86.0
99	18	86.0
99	19	86.0
99	20	86.0
99	21	86.0
99	22	86.0
99	23	61.0
99	24	61.0
100	1	0.0
100	2	0.0
100	3	0.0
100	4	0.0
100	5	0.0
100	6	0.0
100	7	20.0
100	8	20.0
100	9	48.0
100	10	0.0
100	11	0.0
100	12	0.0
100	13	0.0
100	14	0.0
100	15	0.0
100	16	0.0
100	17	0.0
100	18	0.0
100	19	74.0
100	20	74.0
100	21	99.0
100	22	119.0
100	23	99.0
100	24	74.0
101	1	79.0
101	2	54.0
101	3	54.0
101	4	54.0
101	5	54.0
101	6	79.0
101	7	112.0
101	8	223.0
101	9	223.0
101	10	223.0
101	11	223.0
101	12	223.0
101	13	112.0
101	14	122.0
101	15	112.0
101	16	248.0
101	17	359.0
101	18	359.0
101	19	324.0
101	20	324.0
101	21	324.0
101	22	290.0
101	23	112.0
101	24	112.0
102	1	64.0
102	2	64.0
102	3	64.0
102	4	64.0
102	5	104.0
102	6	205.0
102	7	230.0
102	8	230.0
102	9	230.0
102	10	230.0
102	11	230.0
102	12	176.0
102	13	176.0
102	14	176.0
102	15	176.0
102	16	176.0
102	17	176.0
102	18	176.0
102	19	176.0
102	20	176.0
102	21	151.0
102	22	151.0
102	23	151.0
102	24	165.0
103	1	89.0
103	2	89.0
103	3	89.0
103	4	64.0
103	5	64.0
103	6	242.0
103	7	311.0
103	8	336.0
103	9	336.0
103	10	336.0
103	11	336.0
103	12	336.0
103	13	336.0
103	14	336.0
103	15	336.0
103	16	336.0
103	17	336.0
103	18	336.0
103	19	336.0
103	20	336.0
103	21	336.0
103	22	268.0
103	23	262.0
103	24	35.0
104	1	0.0
104	2	0.0
104	3	0.0
104	4	0.0
104	5	25.0
104	6	85.0
104	7	139.0
104	8	139.0
104	9	139.0
104	10	85.0
104	11	25.0
104	12	25.0
104	13	25.0
104	14	0.0
104	15	0.0
104	16	0.0
104	17	38.0
104	18	85.0
104	19	85.0
104	20	85.0
104	21	25.0
104	22	25.0
104	23	25.0
104	24	25.0
105	1	50.0
105	2	10.0
105	3	20.0
105	4	40.0
105	5	40.0
105	6	40.0
105	7	40.0
105	8	50.0
105	9	60.0
105	10	60.0
105	11	50.0
105	12	40.0
105	13	40.0
105	14	40.0
105	15	40.0
105	16	40.0
105	17	50.0
105	18	60.0
105	19	60.0
105	20	60.0
105	21	50.0
105	22	50.0
105	23	30.0
105	24	10.0
106	1	0.0
106	2	0.0
106	3	0.0
106	4	15.0
106	5	0.0
106	6	0.0
106	7	30.0
106	8	93.0
106	9	89.0
106	10	104.0
106	11	80.0
106	12	30.0
106	13	30.0
106	14	30.0
106	15	30.0
106	16	25.0
106	17	30.0
106	18	94.0
106	19	50.0
106	20	50.0
106	21	28.0
106	22	5.0
106	23	5.0
106	24	0.0
107	1	122.0
107	2	122.0
107	3	122.0
107	4	97.0
107	5	97.0
107	6	97.0
107	7	97.0
107	8	218.0
107	9	218.0
107	10	218.0
107	11	218.0
107	12	218.0
107	13	164.0
107	14	164.0
107	15	164.0
107	16	164.0
107	17	218.0
107	18	218.0
107	19	218.0
107	20	218.0
107	21	164.0
107	22	139.0
107	23	139.0
107	24	139.0
108	1	68.0
108	2	68.0
108	3	43.0
108	4	43.0
108	5	43.0
108	6	53.0
108	7	175.0
108	8	165.0
108	9	165.0
108	10	165.0
108	11	165.0
108	12	165.0
108	13	165.0
108	14	165.0
108	15	165.0
108	16	175.0
108	17	175.0
108	18	175.0
108	19	121.0
108	20	78.0
108	21	53.0
108	22	53.0
108	23	43.0
108	24	174.0
109	1	0.0
109	2	0.0
109	3	0.0
109	4	0.0
109	5	0.0
109	6	139.0
109	7	139.0
109	8	113.0
109	9	25.0
109	10	25.0
109	11	25.0
109	12	25.0
109	13	0.0
109	14	0.0
109	15	0.0
109	16	0.0
109	17	25.0
109	18	79.0
109	19	139.0
109	20	139.0
109	21	139.0
109	22	139.0
109	23	25.0
109	24	30.0
110	1	55.0
110	2	55.0
110	3	55.0
110	4	55.0
110	5	55.0
110	6	55.0
110	7	55.0
110	8	55.0
110	9	65.0
110	10	65.0
110	11	65.0
110	12	55.0
110	13	55.0
110	14	55.0
110	15	55.0
110	16	55.0
110	17	55.0
110	18	55.0
110	19	65.0
110	20	65.0
110	21	65.0
110	22	55.0
110	23	55.0
110	24	55.0
111	1	128.0
111	2	138.0
111	3	138.0
111	4	138.0
111	5	138.0
111	6	138.0
111	7	75.0
111	8	85.0
111	9	85.0
111	10	85.0
111	11	75.0
111	12	75.0
111	13	75.0
111	14	75.0
111	15	75.0
111	16	75.0
111	17	75.0
111	18	85.0
111	19	85.0
111	20	85.0
111	21	75.0
111	22	143.0
111	23	98.0
111	24	98.0
112	1	208.0
112	2	208.0
112	3	208.0
112	4	204.0
112	5	208.0
112	6	208.0
112	7	233.0
112	8	233.0
112	9	233.0
112	10	233.0
112	11	233.0
112	12	233.0
112	13	208.0
112	14	183.0
112	15	183.0
112	16	183.0
112	17	208.0
112	18	233.0
112	19	233.0
112	20	233.0
112	21	233.0
112	22	233.0
112	23	233.0
112	24	208.0
