Node	Time	EnergyCarrier	ReferenceDemand
3	1	Electricity	32.87360125010276
3	2	Electricity	32.37542537997067
3	3	Electricity	31.878597582798562
3	4	Electricity	32.017916790769746
3	5	Electricity	33.138200562730205
3	6	Electricity	37.73905395979667
3	7	Electricity	47.39131579346269
3	8	Electricity	57.926189442247924
3	9	Electricity	72.45476807635353
3	10	Electricity	84.19614163677943
3	11	Electricity	89.55850433641848
3	12	Electricity	89.85715159988628
3	13	Electricity	82.34645109832124
3	14	Electricity	84.02393863066291
3	15	Electricity	90.43237516295494
3	16	Electricity	90.93955025494435
3	17	Electricity	89.53779885193417
3	18	Electricity	83.8995446066659
3	19	Electricity	75.27607027971838
3	20	Electricity	61.056613800323596
3	21	Electricity	44.62186790591909
3	22	Electricity	38.45499732710676
3	23	Electricity	36.45225925928417
3	24	Electricity	34.31996133647716
3	1	LT	2.0833656575891752
3	2	LT	2.0833656575891752
3	3	LT	2.0833656575891752
3	4	LT	2.0833656575891752
3	5	LT	2.0833656575891752
3	6	LT	2.0833656575891752
3	7	LT	2.0833656575891752
3	8	LT	6.0014372007326875
3	9	LT	6.696340455554368
3	10	LT	7.391243710376049
3	11	LT	7.391243710376049
3	12	LT	8.844223243185015
3	13	LT	8.844223243185015
3	14	LT	5.875091154401473
3	15	LT	8.844223243185015
3	16	LT	8.844223243185015
3	17	LT	7.392587817251911
3	18	LT	5.87374704752561
3	19	LT	2.0833656575891752
3	20	LT	2.0833656575891752
3	21	LT	2.0833656575891752
3	22	LT	2.0833656575891752
3	23	LT	2.0833656575891752
3	24	LT	2.0833656575891752
3	1	MT	25.820516366962718
3	2	MT	38.16332141221599
3	3	MT	38.16332141221599
3	4	MT	38.16332141221599
3	5	MT	38.16332141221599
3	6	MT	38.16332141221599
3	7	MT	38.16332141221599
3	8	MT	157.86922974970292
3	9	MT	176.14882477335271
3	10	MT	194.42841979700253
3	11	MT	194.42841979700253
3	12	MT	232.64939121008848
3	13	MT	232.64939121008848
3	14	MT	154.54566701813022
3	15	MT	232.64939121008848
3	16	MT	232.64939121008848
3	17	MT	139.45951053397033
3	18	MT	62.466885264758574
3	19	MT	39.28539459814811
3	20	MT	39.28539459814811
3	21	MT	39.28539459814811
3	22	MT	39.28539459814811
3	23	MT	39.28539459814811
3	24	MT	39.28539459814811
3	1	H2	0.0
3	2	H2	0.0
3	3	H2	0.0
3	4	H2	0.0
3	5	H2	0.0
3	6	H2	0.0
3	7	H2	0.0
3	8	H2	0.0
3	9	H2	0.0
3	10	H2	0.0
3	11	H2	0.0
3	12	H2	0.0
3	13	H2	0.0
3	14	H2	0.0
3	15	H2	0.0
3	16	H2	0.0
3	17	H2	0.0
3	18	H2	0.0
3	19	H2	0.0
3	20	H2	0.0
3	21	H2	0.0
3	22	H2	0.0
3	23	H2	0.0
3	24	H2	0.0
3	1	CH4	0.0
3	2	CH4	0.0
3	3	CH4	0.0
3	4	CH4	0.0
3	5	CH4	0.0
3	6	CH4	0.0
3	7	CH4	0.0
3	8	CH4	0.0
3	9	CH4	0.0
3	10	CH4	0.0
3	11	CH4	0.0
3	12	CH4	0.0
3	13	CH4	0.0
3	14	CH4	0.0
3	15	CH4	0.0
3	16	CH4	0.0
3	17	CH4	0.0
3	18	CH4	0.0
3	19	CH4	0.0
3	20	CH4	0.0
3	21	CH4	0.0
3	22	CH4	0.0
3	23	CH4	0.0
3	24	CH4	0.0
3	1	Biogas	0.0
3	2	Biogas	0.0
3	3	Biogas	0.0
3	4	Biogas	0.0
3	5	Biogas	0.0
3	6	Biogas	0.0
3	7	Biogas	0.0
3	8	Biogas	0.0
3	9	Biogas	0.0
3	10	Biogas	0.0
3	11	Biogas	0.0
3	12	Biogas	0.0
3	13	Biogas	0.0
3	14	Biogas	0.0
3	15	Biogas	0.0
3	16	Biogas	0.0
3	17	Biogas	0.0
3	18	Biogas	0.0
3	19	Biogas	0.0
3	20	Biogas	0.0
3	21	Biogas	0.0
3	22	Biogas	0.0
3	23	Biogas	0.0
3	24	Biogas	0.0
3	1	CH4_H2_Mix	0.0
3	2	CH4_H2_Mix	0.0
3	3	CH4_H2_Mix	0.0
3	4	CH4_H2_Mix	0.0
3	5	CH4_H2_Mix	0.0
3	6	CH4_H2_Mix	0.0
3	7	CH4_H2_Mix	0.0
3	8	CH4_H2_Mix	0.0
3	9	CH4_H2_Mix	0.0
3	10	CH4_H2_Mix	0.0
3	11	CH4_H2_Mix	0.0
3	12	CH4_H2_Mix	0.0
3	13	CH4_H2_Mix	0.0
3	14	CH4_H2_Mix	0.0
3	15	CH4_H2_Mix	0.0
3	16	CH4_H2_Mix	0.0
3	17	CH4_H2_Mix	0.0
3	18	CH4_H2_Mix	0.0
3	19	CH4_H2_Mix	0.0
3	20	CH4_H2_Mix	0.0
3	21	CH4_H2_Mix	0.0
3	22	CH4_H2_Mix	0.0
3	23	CH4_H2_Mix	0.0
3	24	CH4_H2_Mix	0.0
3	1	DummyFuel	0.0
3	2	DummyFuel	0.0
3	3	DummyFuel	0.0
3	4	DummyFuel	0.0
3	5	DummyFuel	0.0
3	6	DummyFuel	0.0
3	7	DummyFuel	0.0
3	8	DummyFuel	0.0
3	9	DummyFuel	0.0
3	10	DummyFuel	0.0
3	11	DummyFuel	0.0
3	12	DummyFuel	0.0
3	13	DummyFuel	0.0
3	14	DummyFuel	0.0
3	15	DummyFuel	0.0
3	16	DummyFuel	0.0
3	17	DummyFuel	0.0
3	18	DummyFuel	0.0
3	19	DummyFuel	0.0
3	20	DummyFuel	0.0
3	21	DummyFuel	0.0
3	22	DummyFuel	0.0
3	23	DummyFuel	0.0
3	24	DummyFuel	0.0
4	1	Electricity	33.99305795095033
4	2	Electricity	33.5067309392919
4	3	Electricity	33.34892651585648
4	4	Electricity	33.45482328938089
4	5	Electricity	34.69314305375215
4	6	Electricity	39.6327780349027
4	7	Electricity	51.99267179781605
4	8	Electricity	63.47083035028392
4	9	Electricity	77.36576614777984
4	10	Electricity	87.01828907778561
4	11	Electricity	90.59885553525413
4	12	Electricity	90.67317976913594
4	13	Electricity	82.47999755616651
4	14	Electricity	82.24061290361658
4	15	Electricity	89.413541976359
4	16	Electricity	89.59821444199194
4	17	Electricity	88.23261607747774
4	18	Electricity	82.51833665892191
4	19	Electricity	74.49247187208726
4	20	Electricity	60.16438555744348
4	21	Electricity	45.28905299498535
4	22	Electricity	38.92425535241367
4	23	Electricity	36.75927964546797
4	24	Electricity	34.83236367600204
4	1	LT	18.644049248734337
4	2	LT	18.644049248734337
4	3	LT	18.644049248734337
4	4	LT	18.644049248734337
4	5	LT	18.644049248734337
4	6	LT	18.644049248734337
4	7	LT	18.644049248734337
4	8	LT	51.364355680263095
4	9	LT	57.31180739060935
4	10	LT	63.25925910095561
4	11	LT	63.25925910095561
4	12	LT	75.69483994986139
4	13	LT	75.69483994986139
4	14	LT	50.2830008238365
4	15	LT	75.69483994986139
4	16	LT	75.69483994986139
4	17	LT	63.249937076331236
4	18	LT	50.29232284846088
4	19	LT	18.644049248734337
4	20	LT	18.644049248734337
4	21	LT	18.644049248734337
4	22	LT	18.644049248734337
4	23	LT	18.644049248734337
4	24	LT	18.644049248734337
4	1	MT	74.69474270374194
4	2	MT	74.69474270374194
4	3	MT	74.69474270374194
4	4	MT	74.69474270374194
4	5	MT	74.69474270374194
4	6	MT	74.69474270374194
4	7	MT	74.69474270374194
4	8	MT	278.42194168723455
4	9	MT	310.6602717773355
4	10	MT	342.8986018674363
4	11	MT	342.8986018674363
4	12	MT	410.3060193285562
4	13	MT	410.3060193285562
4	14	MT	272.56042712539806
4	15	MT	410.3060193285562
4	16	MT	410.3060193285562
4	17	MT	261.9851956952186
4	18	MT	137.05459624383224
4	19	MT	74.69474270374194
4	20	MT	74.69474270374194
4	21	MT	74.69474270374194
4	22	MT	74.69474270374194
4	23	MT	74.69474270374194
4	24	MT	74.69474270374194
4	1	H2	0.0
4	2	H2	0.0
4	3	H2	0.0
4	4	H2	0.0
4	5	H2	0.0
4	6	H2	0.0
4	7	H2	0.0
4	8	H2	0.0
4	9	H2	0.0
4	10	H2	0.0
4	11	H2	0.0
4	12	H2	0.0
4	13	H2	0.0
4	14	H2	0.0
4	15	H2	0.0
4	16	H2	0.0
4	17	H2	0.0
4	18	H2	0.0
4	19	H2	0.0
4	20	H2	0.0
4	21	H2	0.0
4	22	H2	0.0
4	23	H2	0.0
4	24	H2	0.0
4	1	CH4	0.0
4	2	CH4	0.0
4	3	CH4	0.0
4	4	CH4	0.0
4	5	CH4	0.0
4	6	CH4	0.0
4	7	CH4	0.0
4	8	CH4	0.0
4	9	CH4	0.0
4	10	CH4	0.0
4	11	CH4	0.0
4	12	CH4	0.0
4	13	CH4	0.0
4	14	CH4	0.0
4	15	CH4	0.0
4	16	CH4	0.0
4	17	CH4	0.0
4	18	CH4	0.0
4	19	CH4	0.0
4	20	CH4	0.0
4	21	CH4	0.0
4	22	CH4	0.0
4	23	CH4	0.0
4	24	CH4	0.0
4	1	Biogas	0.0
4	2	Biogas	0.0
4	3	Biogas	0.0
4	4	Biogas	0.0
4	5	Biogas	0.0
4	6	Biogas	0.0
4	7	Biogas	0.0
4	8	Biogas	0.0
4	9	Biogas	0.0
4	10	Biogas	0.0
4	11	Biogas	0.0
4	12	Biogas	0.0
4	13	Biogas	0.0
4	14	Biogas	0.0
4	15	Biogas	0.0
4	16	Biogas	0.0
4	17	Biogas	0.0
4	18	Biogas	0.0
4	19	Biogas	0.0
4	20	Biogas	0.0
4	21	Biogas	0.0
4	22	Biogas	0.0
4	23	Biogas	0.0
4	24	Biogas	0.0
4	1	CH4_H2_Mix	0.0
4	2	CH4_H2_Mix	0.0
4	3	CH4_H2_Mix	0.0
4	4	CH4_H2_Mix	0.0
4	5	CH4_H2_Mix	0.0
4	6	CH4_H2_Mix	0.0
4	7	CH4_H2_Mix	0.0
4	8	CH4_H2_Mix	0.0
4	9	CH4_H2_Mix	0.0
4	10	CH4_H2_Mix	0.0
4	11	CH4_H2_Mix	0.0
4	12	CH4_H2_Mix	0.0
4	13	CH4_H2_Mix	0.0
4	14	CH4_H2_Mix	0.0
4	15	CH4_H2_Mix	0.0
4	16	CH4_H2_Mix	0.0
4	17	CH4_H2_Mix	0.0
4	18	CH4_H2_Mix	0.0
4	19	CH4_H2_Mix	0.0
4	20	CH4_H2_Mix	0.0
4	21	CH4_H2_Mix	0.0
4	22	CH4_H2_Mix	0.0
4	23	CH4_H2_Mix	0.0
4	24	CH4_H2_Mix	0.0
4	1	DummyFuel	0.0
4	2	DummyFuel	0.0
4	3	DummyFuel	0.0
4	4	DummyFuel	0.0
4	5	DummyFuel	0.0
4	6	DummyFuel	0.0
4	7	DummyFuel	0.0
4	8	DummyFuel	0.0
4	9	DummyFuel	0.0
4	10	DummyFuel	0.0
4	11	DummyFuel	0.0
4	12	DummyFuel	0.0
4	13	DummyFuel	0.0
4	14	DummyFuel	0.0
4	15	DummyFuel	0.0
4	16	DummyFuel	0.0
4	17	DummyFuel	0.0
4	18	DummyFuel	0.0
4	19	DummyFuel	0.0
4	20	DummyFuel	0.0
4	21	DummyFuel	0.0
4	22	DummyFuel	0.0
4	23	DummyFuel	0.0
4	24	DummyFuel	0.0
5	1	Electricity	33.62731579445692
5	2	Electricity	32.93086463076504
5	3	Electricity	32.66699101647461
5	4	Electricity	32.615154816508095
5	5	Electricity	33.72464941881717
5	6	Electricity	38.58811313434681
5	7	Electricity	49.59462287542157
5	8	Electricity	61.171561204193765
5	9	Electricity	75.88836440498524
5	10	Electricity	84.91414466275562
5	11	Electricity	88.48705135679445
5	12	Electricity	87.86409023621394
5	13	Electricity	78.72482927471071
5	14	Electricity	78.59563191417875
5	15	Electricity	85.34769798529985
5	16	Electricity	84.79700349222067
5	17	Electricity	81.24135578564464
5	18	Electricity	76.12949073861137
5	19	Electricity	69.07019702579372
5	20	Electricity	56.774409825319374
5	21	Electricity	43.40627895325328
5	22	Electricity	36.90673188407215
5	23	Electricity	34.96441264942538
5	24	Electricity	33.19485636549563
5	1	LT	11.482414951029138
5	2	LT	11.482414951029138
5	3	LT	11.482414951029138
5	4	LT	11.482414951029138
5	5	LT	11.482414951029138
5	6	LT	11.482414951029138
5	7	LT	11.482414951029138
5	8	LT	31.11364051246605
5	9	LT	38.89205064058257
5	10	LT	42.78125570464083
5	11	LT	42.78125570464083
5	12	LT	50.55966583275734
5	13	LT	50.55966583275734
5	14	LT	35.00284557652431
5	15	LT	50.55966583275734
5	16	LT	42.78125570464083
5	17	LT	37.040048229126256
5	18	LT	31.11364051246605
5	19	LT	11.482414951029138
5	20	LT	11.482414951029138
5	21	LT	11.482414951029138
5	22	LT	11.482414951029138
5	23	LT	11.482414951029138
5	24	LT	11.482414951029138
5	1	MT	86.59686919811963
5	2	MT	57.38327458149657
5	3	MT	57.38327458149657
5	4	MT	57.38327458149657
5	5	MT	57.38327458149657
5	6	MT	57.38327458149657
5	7	MT	57.38327458149657
5	8	MT	225.16784860668076
5	9	MT	281.45981075835095
5	10	MT	309.60579183418605
5	11	MT	309.60579183418605
5	12	MT	365.8977539858563
5	13	MT	365.8977539858563
5	14	MT	253.31382968251586
5	15	MT	365.8977539858563
5	16	MT	285.6731162444141
5	17	MT	152.48669820959097
5	18	MT	107.86403022300965
5	19	MT	59.63047416739065
5	20	MT	57.38327458149657
5	21	MT	57.38327458149657
5	22	MT	57.38327458149657
5	23	MT	57.38327458149657
5	24	MT	57.38327458149657
5	1	H2	0.0
5	2	H2	0.0
5	3	H2	0.0
5	4	H2	0.0
5	5	H2	0.0
5	6	H2	0.0
5	7	H2	0.0
5	8	H2	0.0
5	9	H2	0.0
5	10	H2	0.0
5	11	H2	0.0
5	12	H2	0.0
5	13	H2	0.0
5	14	H2	0.0
5	15	H2	0.0
5	16	H2	0.0
5	17	H2	0.0
5	18	H2	0.0
5	19	H2	0.0
5	20	H2	0.0
5	21	H2	0.0
5	22	H2	0.0
5	23	H2	0.0
5	24	H2	0.0
5	1	CH4	0.0
5	2	CH4	0.0
5	3	CH4	0.0
5	4	CH4	0.0
5	5	CH4	0.0
5	6	CH4	0.0
5	7	CH4	0.0
5	8	CH4	0.0
5	9	CH4	0.0
5	10	CH4	0.0
5	11	CH4	0.0
5	12	CH4	0.0
5	13	CH4	0.0
5	14	CH4	0.0
5	15	CH4	0.0
5	16	CH4	0.0
5	17	CH4	0.0
5	18	CH4	0.0
5	19	CH4	0.0
5	20	CH4	0.0
5	21	CH4	0.0
5	22	CH4	0.0
5	23	CH4	0.0
5	24	CH4	0.0
5	1	Biogas	0.0
5	2	Biogas	0.0
5	3	Biogas	0.0
5	4	Biogas	0.0
5	5	Biogas	0.0
5	6	Biogas	0.0
5	7	Biogas	0.0
5	8	Biogas	0.0
5	9	Biogas	0.0
5	10	Biogas	0.0
5	11	Biogas	0.0
5	12	Biogas	0.0
5	13	Biogas	0.0
5	14	Biogas	0.0
5	15	Biogas	0.0
5	16	Biogas	0.0
5	17	Biogas	0.0
5	18	Biogas	0.0
5	19	Biogas	0.0
5	20	Biogas	0.0
5	21	Biogas	0.0
5	22	Biogas	0.0
5	23	Biogas	0.0
5	24	Biogas	0.0
5	1	CH4_H2_Mix	0.0
5	2	CH4_H2_Mix	0.0
5	3	CH4_H2_Mix	0.0
5	4	CH4_H2_Mix	0.0
5	5	CH4_H2_Mix	0.0
5	6	CH4_H2_Mix	0.0
5	7	CH4_H2_Mix	0.0
5	8	CH4_H2_Mix	0.0
5	9	CH4_H2_Mix	0.0
5	10	CH4_H2_Mix	0.0
5	11	CH4_H2_Mix	0.0
5	12	CH4_H2_Mix	0.0
5	13	CH4_H2_Mix	0.0
5	14	CH4_H2_Mix	0.0
5	15	CH4_H2_Mix	0.0
5	16	CH4_H2_Mix	0.0
5	17	CH4_H2_Mix	0.0
5	18	CH4_H2_Mix	0.0
5	19	CH4_H2_Mix	0.0
5	20	CH4_H2_Mix	0.0
5	21	CH4_H2_Mix	0.0
5	22	CH4_H2_Mix	0.0
5	23	CH4_H2_Mix	0.0
5	24	CH4_H2_Mix	0.0
5	1	DummyFuel	0.0
5	2	DummyFuel	0.0
5	3	DummyFuel	0.0
5	4	DummyFuel	0.0
5	5	DummyFuel	0.0
5	6	DummyFuel	0.0
5	7	DummyFuel	0.0
5	8	DummyFuel	0.0
5	9	DummyFuel	0.0
5	10	DummyFuel	0.0
5	11	DummyFuel	0.0
5	12	DummyFuel	0.0
5	13	DummyFuel	0.0
5	14	DummyFuel	0.0
5	15	DummyFuel	0.0
5	16	DummyFuel	0.0
5	17	DummyFuel	0.0
5	18	DummyFuel	0.0
5	19	DummyFuel	0.0
5	20	DummyFuel	0.0
5	21	DummyFuel	0.0
5	22	DummyFuel	0.0
5	23	DummyFuel	0.0
5	24	DummyFuel	0.0
6	1	Electricity	41.450305482191204
6	2	Electricity	41.22706679419205
6	3	Electricity	41.58722941945201
6	4	Electricity	41.8336747200459
6	5	Electricity	43.78530010726905
6	6	Electricity	48.92113412767014
6	7	Electricity	59.92280174147766
6	8	Electricity	71.89722781713793
6	9	Electricity	87.94652918217916
6	10	Electricity	97.21311118306538
6	11	Electricity	98.662796960314
6	12	Electricity	96.64995022021925
6	13	Electricity	86.34357265783174
6	14	Electricity	84.77681196593643
6	15	Electricity	91.839984599961
6	16	Electricity	90.96587352932035
6	17	Electricity	88.44809694839998
6	18	Electricity	82.61060025096147
6	19	Electricity	76.23780363508173
6	20	Electricity	64.50131595867985
6	21	Electricity	50.19659592952097
6	22	Electricity	43.19119632709263
6	23	Electricity	41.06890486766553
6	24	Electricity	40.61979255960043
6	1	LT	23.626842583668825
6	2	LT	23.626842583668825
6	3	LT	23.626842583668825
6	4	LT	23.626842583668825
6	5	LT	23.626842583668825
6	6	LT	23.626842583668825
6	7	LT	23.626842583668825
6	8	LT	68.06054976521374
6	9	LT	75.94124500118586
6	10	LT	83.82194023715797
6	11	LT	83.82194023715797
6	12	LT	100.29975754873604
6	13	LT	100.29975754873604
6	14	LT	66.62769608594606
6	15	LT	100.29975754873604
6	16	LT	100.29975754873604
6	17	LT	83.83718336140551
6	18	LT	66.61245296169855
6	19	LT	23.626842583668825
6	20	LT	23.626842583668825
6	21	LT	23.626842583668825
6	22	LT	23.626842583668825
6	23	LT	23.626842583668825
6	24	LT	23.626842583668825
6	1	MT	64.01567236648845
6	2	MT	84.14039563201158
6	3	MT	84.14039563201158
6	4	MT	84.14039563201158
6	5	MT	84.14039563201158
6	6	MT	84.14039563201158
6	7	MT	84.14039563201158
6	8	MT	320.5345502928365
6	9	MT	357.64907716884915
6	10	MT	394.76360404486184
6	11	MT	394.76360404486184
6	12	MT	472.3667056947064
6	13	MT	472.3667056947064
6	14	MT	313.78645449719784
6	15	MT	472.3667056947064
6	16	MT	472.3667056947064
6	17	MT	305.15191808601077
6	18	MT	163.6395055517938
6	19	MT	85.96991592887733
6	20	MT	85.96991592887733
6	21	MT	85.96991592887733
6	22	MT	85.96991592887733
6	23	MT	85.96991592887733
6	24	MT	85.96991592887733
6	1	H2	0.0
6	2	H2	0.0
6	3	H2	0.0
6	4	H2	0.0
6	5	H2	0.0
6	6	H2	0.0
6	7	H2	0.0
6	8	H2	0.0
6	9	H2	0.0
6	10	H2	0.0
6	11	H2	0.0
6	12	H2	0.0
6	13	H2	0.0
6	14	H2	0.0
6	15	H2	0.0
6	16	H2	0.0
6	17	H2	0.0
6	18	H2	0.0
6	19	H2	0.0
6	20	H2	0.0
6	21	H2	0.0
6	22	H2	0.0
6	23	H2	0.0
6	24	H2	0.0
6	1	CH4	0.0
6	2	CH4	0.0
6	3	CH4	0.0
6	4	CH4	0.0
6	5	CH4	0.0
6	6	CH4	0.0
6	7	CH4	0.0
6	8	CH4	0.0
6	9	CH4	0.0
6	10	CH4	0.0
6	11	CH4	0.0
6	12	CH4	0.0
6	13	CH4	0.0
6	14	CH4	0.0
6	15	CH4	0.0
6	16	CH4	0.0
6	17	CH4	0.0
6	18	CH4	0.0
6	19	CH4	0.0
6	20	CH4	0.0
6	21	CH4	0.0
6	22	CH4	0.0
6	23	CH4	0.0
6	24	CH4	0.0
6	1	Biogas	0.0
6	2	Biogas	0.0
6	3	Biogas	0.0
6	4	Biogas	0.0
6	5	Biogas	0.0
6	6	Biogas	0.0
6	7	Biogas	0.0
6	8	Biogas	0.0
6	9	Biogas	0.0
6	10	Biogas	0.0
6	11	Biogas	0.0
6	12	Biogas	0.0
6	13	Biogas	0.0
6	14	Biogas	0.0
6	15	Biogas	0.0
6	16	Biogas	0.0
6	17	Biogas	0.0
6	18	Biogas	0.0
6	19	Biogas	0.0
6	20	Biogas	0.0
6	21	Biogas	0.0
6	22	Biogas	0.0
6	23	Biogas	0.0
6	24	Biogas	0.0
6	1	CH4_H2_Mix	0.0
6	2	CH4_H2_Mix	0.0
6	3	CH4_H2_Mix	0.0
6	4	CH4_H2_Mix	0.0
6	5	CH4_H2_Mix	0.0
6	6	CH4_H2_Mix	0.0
6	7	CH4_H2_Mix	0.0
6	8	CH4_H2_Mix	0.0
6	9	CH4_H2_Mix	0.0
6	10	CH4_H2_Mix	0.0
6	11	CH4_H2_Mix	0.0
6	12	CH4_H2_Mix	0.0
6	13	CH4_H2_Mix	0.0
6	14	CH4_H2_Mix	0.0
6	15	CH4_H2_Mix	0.0
6	16	CH4_H2_Mix	0.0
6	17	CH4_H2_Mix	0.0
6	18	CH4_H2_Mix	0.0
6	19	CH4_H2_Mix	0.0
6	20	CH4_H2_Mix	0.0
6	21	CH4_H2_Mix	0.0
6	22	CH4_H2_Mix	0.0
6	23	CH4_H2_Mix	0.0
6	24	CH4_H2_Mix	0.0
6	1	DummyFuel	0.0
6	2	DummyFuel	0.0
6	3	DummyFuel	0.0
6	4	DummyFuel	0.0
6	5	DummyFuel	0.0
6	6	DummyFuel	0.0
6	7	DummyFuel	0.0
6	8	DummyFuel	0.0
6	9	DummyFuel	0.0
6	10	DummyFuel	0.0
6	11	DummyFuel	0.0
6	12	DummyFuel	0.0
6	13	DummyFuel	0.0
6	14	DummyFuel	0.0
6	15	DummyFuel	0.0
6	16	DummyFuel	0.0
6	17	DummyFuel	0.0
6	18	DummyFuel	0.0
6	19	DummyFuel	0.0
6	20	DummyFuel	0.0
6	21	DummyFuel	0.0
6	22	DummyFuel	0.0
6	23	DummyFuel	0.0
6	24	DummyFuel	0.0
7	1	Electricity	33.83984373038562
7	2	Electricity	33.75185497332345
7	3	Electricity	33.56957334445045
7	4	Electricity	34.225152023454
7	5	Electricity	35.32395880355071
7	6	Electricity	40.29899525592642
7	7	Electricity	50.17991956314817
7	8	Electricity	61.80928930539617
7	9	Electricity	75.53876752894737
7	10	Electricity	84.48113395439985
7	11	Electricity	87.48508570317817
7	12	Electricity	87.39058557585454
7	13	Electricity	79.75365922066929
7	14	Electricity	78.47957470517774
7	15	Electricity	84.76297497475177
7	16	Electricity	83.44643928551446
7	17	Electricity	80.79213098192224
7	18	Electricity	75.2440983804924
7	19	Electricity	69.55450448703502
7	20	Electricity	56.60917356884461
7	21	Electricity	42.96843387070936
7	22	Electricity	36.891715360718564
7	23	Electricity	34.56186041898888
7	24	Electricity	32.834185862881945
7	1	LT	1.9679172260324074
7	2	LT	1.9679172260324074
7	3	LT	1.9679172260324074
7	4	LT	1.9679172260324074
7	5	LT	1.9679172260324074
7	6	LT	1.9679172260324074
7	7	LT	1.9679172260324074
7	8	LT	5.421611957719282
7	9	LT	6.049377552823619
7	10	LT	6.677143147927957
7	11	LT	6.677143147927957
7	12	LT	7.989743937691572
7	13	LT	7.989743937691572
7	14	LT	5.307472758609402
7	15	LT	7.989743937691572
7	16	LT	7.989743937691572
7	17	LT	6.676159189314942
7	18	LT	5.308456717222417
7	19	LT	1.9679172260324074
7	20	LT	1.9679172260324074
7	21	LT	1.9679172260324074
7	22	LT	1.9679172260324074
7	23	LT	1.9679172260324074
7	24	LT	1.9679172260324074
7	1	MT	37.48134835099674
7	2	MT	37.48134835099674
7	3	MT	37.48134835099674
7	4	MT	37.48134835099674
7	5	MT	37.48134835099674
7	6	MT	37.48134835099674
7	7	MT	37.48134835099674
7	8	MT	150.37763081101525
7	9	MT	167.78977753650128
7	10	MT	185.20192426198724
7	11	MT	185.20192426198724
7	12	MT	221.60914014254888
7	13	MT	221.60914014254888
7	14	MT	147.21178595183602
7	15	MT	221.60914014254888
7	16	MT	221.60914014254888
7	17	MT	132.72301076934664
7	18	MT	59.31058269031666
7	19	MT	37.48134835099674
7	20	MT	37.48134835099674
7	21	MT	37.48134835099674
7	22	MT	37.48134835099674
7	23	MT	37.48134835099674
7	24	MT	37.48134835099674
7	1	H2	0.0
7	2	H2	0.0
7	3	H2	0.0
7	4	H2	0.0
7	5	H2	0.0
7	6	H2	0.0
7	7	H2	0.0
7	8	H2	0.0
7	9	H2	0.0
7	10	H2	0.0
7	11	H2	0.0
7	12	H2	0.0
7	13	H2	0.0
7	14	H2	0.0
7	15	H2	0.0
7	16	H2	0.0
7	17	H2	0.0
7	18	H2	0.0
7	19	H2	0.0
7	20	H2	0.0
7	21	H2	0.0
7	22	H2	0.0
7	23	H2	0.0
7	24	H2	0.0
7	1	CH4	0.0
7	2	CH4	0.0
7	3	CH4	0.0
7	4	CH4	0.0
7	5	CH4	0.0
7	6	CH4	0.0
7	7	CH4	0.0
7	8	CH4	0.0
7	9	CH4	0.0
7	10	CH4	0.0
7	11	CH4	0.0
7	12	CH4	0.0
7	13	CH4	0.0
7	14	CH4	0.0
7	15	CH4	0.0
7	16	CH4	0.0
7	17	CH4	0.0
7	18	CH4	0.0
7	19	CH4	0.0
7	20	CH4	0.0
7	21	CH4	0.0
7	22	CH4	0.0
7	23	CH4	0.0
7	24	CH4	0.0
7	1	Biogas	0.0
7	2	Biogas	0.0
7	3	Biogas	0.0
7	4	Biogas	0.0
7	5	Biogas	0.0
7	6	Biogas	0.0
7	7	Biogas	0.0
7	8	Biogas	0.0
7	9	Biogas	0.0
7	10	Biogas	0.0
7	11	Biogas	0.0
7	12	Biogas	0.0
7	13	Biogas	0.0
7	14	Biogas	0.0
7	15	Biogas	0.0
7	16	Biogas	0.0
7	17	Biogas	0.0
7	18	Biogas	0.0
7	19	Biogas	0.0
7	20	Biogas	0.0
7	21	Biogas	0.0
7	22	Biogas	0.0
7	23	Biogas	0.0
7	24	Biogas	0.0
7	1	CH4_H2_Mix	0.0
7	2	CH4_H2_Mix	0.0
7	3	CH4_H2_Mix	0.0
7	4	CH4_H2_Mix	0.0
7	5	CH4_H2_Mix	0.0
7	6	CH4_H2_Mix	0.0
7	7	CH4_H2_Mix	0.0
7	8	CH4_H2_Mix	0.0
7	9	CH4_H2_Mix	0.0
7	10	CH4_H2_Mix	0.0
7	11	CH4_H2_Mix	0.0
7	12	CH4_H2_Mix	0.0
7	13	CH4_H2_Mix	0.0
7	14	CH4_H2_Mix	0.0
7	15	CH4_H2_Mix	0.0
7	16	CH4_H2_Mix	0.0
7	17	CH4_H2_Mix	0.0
7	18	CH4_H2_Mix	0.0
7	19	CH4_H2_Mix	0.0
7	20	CH4_H2_Mix	0.0
7	21	CH4_H2_Mix	0.0
7	22	CH4_H2_Mix	0.0
7	23	CH4_H2_Mix	0.0
7	24	CH4_H2_Mix	0.0
7	1	DummyFuel	0.0
7	2	DummyFuel	0.0
7	3	DummyFuel	0.0
7	4	DummyFuel	0.0
7	5	DummyFuel	0.0
7	6	DummyFuel	0.0
7	7	DummyFuel	0.0
7	8	DummyFuel	0.0
7	9	DummyFuel	0.0
7	10	DummyFuel	0.0
7	11	DummyFuel	0.0
7	12	DummyFuel	0.0
7	13	DummyFuel	0.0
7	14	DummyFuel	0.0
7	15	DummyFuel	0.0
7	16	DummyFuel	0.0
7	17	DummyFuel	0.0
7	18	DummyFuel	0.0
7	19	DummyFuel	0.0
7	20	DummyFuel	0.0
7	21	DummyFuel	0.0
7	22	DummyFuel	0.0
7	23	DummyFuel	0.0
7	24	DummyFuel	0.0
8	1	Electricity	31.192516795803225
8	2	Electricity	30.818773512368697
8	3	Electricity	30.715418380593476
8	4	Electricity	30.908651233672835
8	5	Electricity	33.068076876152965
8	6	Electricity	37.658839108717345
8	7	Electricity	46.74520060893456
8	8	Electricity	58.77910878872875
8	9	Electricity	73.221415846105
8	10	Electricity	84.18983154253188
8	11	Electricity	89.52742272377046
8	12	Electricity	90.21505519073075
8	13	Electricity	83.050665146462
8	14	Electricity	84.70939600422406
8	15	Electricity	91.37197274276414
8	16	Electricity	90.85439985959592
8	17	Electricity	89.31031623992654
8	18	Electricity	83.5173982270103
8	19	Electricity	74.89081390187563
8	20	Electricity	60.756742335803146
8	21	Electricity	44.518992020846085
8	22	Electricity	38.131895686712014
8	23	Electricity	36.55559320944465
8	24	Electricity	35.08178076221312
8	1	LT	0.8993961459276524
8	2	LT	0.8993961459276524
8	3	LT	0.8993961459276524
8	4	LT	0.8993961459276524
8	5	LT	0.8993961459276524
8	6	LT	0.8993961459276524
8	7	LT	0.8993961459276524
8	8	LT	3.9123732347852878
8	9	LT	4.401419889133448
8	10	LT	4.890466543481608
8	11	LT	4.890466543481608
8	12	LT	5.86855985217793
8	13	LT	5.86855985217793
8	14	LT	3.9123732347852878
8	15	LT	5.86855985217793
8	16	LT	5.86855985217793
8	17	LT	4.890466543481608
8	18	LT	3.9348581384334786
8	19	LT	1.4053064780119568
8	20	LT	1.4053064780119568
8	21	LT	1.4053064780119568
8	22	LT	1.4053064780119568
8	23	LT	1.4053064780119568
8	24	LT	1.4053064780119568
8	1	MT	31.782933981449187
8	2	MT	31.782933981449187
8	3	MT	31.782933981449187
8	4	MT	31.782933981449187
8	5	MT	31.782933981449187
8	6	MT	31.782933981449187
8	7	MT	31.782933981449187
8	8	MT	135.48298988520148
8	9	MT	152.41836362085164
8	10	MT	169.35373735650185
8	11	MT	169.35373735650185
8	12	MT	203.2244848278022
8	13	MT	203.2244848278022
8	14	MT	135.48298988520148
8	15	MT	203.2244848278022
8	16	MT	203.2244848278022
8	17	MT	120.1370177761828
8	18	MT	37.07390937018229
8	19	MT	33.87143291570856
8	20	MT	33.87143291570856
8	21	MT	33.87143291570856
8	22	MT	33.87143291570856
8	23	MT	33.87143291570856
8	24	MT	33.87143291570856
8	1	H2	0.0
8	2	H2	0.0
8	3	H2	0.0
8	4	H2	0.0
8	5	H2	0.0
8	6	H2	0.0
8	7	H2	0.0
8	8	H2	0.0
8	9	H2	0.0
8	10	H2	0.0
8	11	H2	0.0
8	12	H2	0.0
8	13	H2	0.0
8	14	H2	0.0
8	15	H2	0.0
8	16	H2	0.0
8	17	H2	0.0
8	18	H2	0.0
8	19	H2	0.0
8	20	H2	0.0
8	21	H2	0.0
8	22	H2	0.0
8	23	H2	0.0
8	24	H2	0.0
8	1	CH4	0.0
8	2	CH4	0.0
8	3	CH4	0.0
8	4	CH4	0.0
8	5	CH4	0.0
8	6	CH4	0.0
8	7	CH4	0.0
8	8	CH4	0.0
8	9	CH4	0.0
8	10	CH4	0.0
8	11	CH4	0.0
8	12	CH4	0.0
8	13	CH4	0.0
8	14	CH4	0.0
8	15	CH4	0.0
8	16	CH4	0.0
8	17	CH4	0.0
8	18	CH4	0.0
8	19	CH4	0.0
8	20	CH4	0.0
8	21	CH4	0.0
8	22	CH4	0.0
8	23	CH4	0.0
8	24	CH4	0.0
8	1	Biogas	0.0
8	2	Biogas	0.0
8	3	Biogas	0.0
8	4	Biogas	0.0
8	5	Biogas	0.0
8	6	Biogas	0.0
8	7	Biogas	0.0
8	8	Biogas	0.0
8	9	Biogas	0.0
8	10	Biogas	0.0
8	11	Biogas	0.0
8	12	Biogas	0.0
8	13	Biogas	0.0
8	14	Biogas	0.0
8	15	Biogas	0.0
8	16	Biogas	0.0
8	17	Biogas	0.0
8	18	Biogas	0.0
8	19	Biogas	0.0
8	20	Biogas	0.0
8	21	Biogas	0.0
8	22	Biogas	0.0
8	23	Biogas	0.0
8	24	Biogas	0.0
8	1	CH4_H2_Mix	0.0
8	2	CH4_H2_Mix	0.0
8	3	CH4_H2_Mix	0.0
8	4	CH4_H2_Mix	0.0
8	5	CH4_H2_Mix	0.0
8	6	CH4_H2_Mix	0.0
8	7	CH4_H2_Mix	0.0
8	8	CH4_H2_Mix	0.0
8	9	CH4_H2_Mix	0.0
8	10	CH4_H2_Mix	0.0
8	11	CH4_H2_Mix	0.0
8	12	CH4_H2_Mix	0.0
8	13	CH4_H2_Mix	0.0
8	14	CH4_H2_Mix	0.0
8	15	CH4_H2_Mix	0.0
8	16	CH4_H2_Mix	0.0
8	17	CH4_H2_Mix	0.0
8	18	CH4_H2_Mix	0.0
8	19	CH4_H2_Mix	0.0
8	20	CH4_H2_Mix	0.0
8	21	CH4_H2_Mix	0.0
8	22	CH4_H2_Mix	0.0
8	23	CH4_H2_Mix	0.0
8	24	CH4_H2_Mix	0.0
8	1	DummyFuel	0.0
8	2	DummyFuel	0.0
8	3	DummyFuel	0.0
8	4	DummyFuel	0.0
8	5	DummyFuel	0.0
8	6	DummyFuel	0.0
8	7	DummyFuel	0.0
8	8	DummyFuel	0.0
8	9	DummyFuel	0.0
8	10	DummyFuel	0.0
8	11	DummyFuel	0.0
8	12	DummyFuel	0.0
8	13	DummyFuel	0.0
8	14	DummyFuel	0.0
8	15	DummyFuel	0.0
8	16	DummyFuel	0.0
8	17	DummyFuel	0.0
8	18	DummyFuel	0.0
8	19	DummyFuel	0.0
8	20	DummyFuel	0.0
8	21	DummyFuel	0.0
8	22	DummyFuel	0.0
8	23	DummyFuel	0.0
8	24	DummyFuel	0.0
9	1	Electricity	32.60018308872255
9	2	Electricity	32.15840977944267
9	3	Electricity	31.81779033556275
9	4	Electricity	32.06195025140701
9	5	Electricity	33.1325647836681
9	6	Electricity	38.21734827478672
9	7	Electricity	47.85983930320538
9	8	Electricity	58.66070300484986
9	9	Electricity	73.21948910460516
9	10	Electricity	82.91229209284452
9	11	Electricity	87.27596919805706
9	12	Electricity	87.99393307858494
9	13	Electricity	79.83003931268827
9	14	Electricity	79.11980565739704
9	15	Electricity	86.29645684152133
9	16	Electricity	86.61215378465353
9	17	Electricity	84.67216465431386
9	18	Electricity	80.7167374565483
9	19	Electricity	72.66810435945577
9	20	Electricity	58.93259231477575
9	21	Electricity	43.377318035766514
9	22	Electricity	36.99044051075327
9	23	Electricity	35.326911333154484
9	24	Electricity	33.692367751143856
9	1	LT	0.9910376468561842
9	2	LT	0.9910376468561842
9	3	LT	0.9910376468561842
9	4	LT	0.9910376468561842
9	5	LT	0.9910376468561842
9	6	LT	0.9910376468561842
9	7	LT	0.9910376468561842
9	8	LT	2.730308717088787
9	9	LT	3.04644972643591
9	10	LT	3.3625907357830322
9	11	LT	3.3625907357830322
9	12	LT	4.023612846236107
9	13	LT	4.023612846236107
9	14	LT	2.672828533571128
9	15	LT	4.023612846236107
9	16	LT	4.023612846236107
9	17	LT	3.362095216959605
9	18	LT	2.6733240523945563
9	19	LT	0.9910376468561842
9	20	LT	0.9910376468561842
9	21	LT	0.9910376468561842
9	22	LT	0.9910376468561842
9	23	LT	0.9910376468561842
9	24	LT	0.9910376468561842
9	1	MT	32.36740750143265
9	2	MT	32.36740750143265
9	3	MT	32.36740750143265
9	4	MT	32.36740750143265
9	5	MT	32.36740750143265
9	6	MT	32.36740750143265
9	7	MT	32.36740750143265
9	8	MT	130.88302773146106
9	9	MT	146.03790462668286
9	10	MT	161.1927815219047
9	11	MT	161.1927815219047
9	12	MT	192.88025139373207
9	13	MT	192.88025139373207
9	14	MT	128.12759556869344
9	15	MT	192.88025139373207
9	16	MT	192.88025139373207
9	17	MT	114.73520083159107
9	18	MT	50.31092436585944
9	19	MT	32.36740750143265
9	20	MT	32.36740750143265
9	21	MT	32.36740750143265
9	22	MT	32.36740750143265
9	23	MT	32.36740750143265
9	24	MT	32.36740750143265
9	1	H2	0.0
9	2	H2	0.0
9	3	H2	0.0
9	4	H2	0.0
9	5	H2	0.0
9	6	H2	0.0
9	7	H2	0.0
9	8	H2	0.0
9	9	H2	0.0
9	10	H2	0.0
9	11	H2	0.0
9	12	H2	0.0
9	13	H2	0.0
9	14	H2	0.0
9	15	H2	0.0
9	16	H2	0.0
9	17	H2	0.0
9	18	H2	0.0
9	19	H2	0.0
9	20	H2	0.0
9	21	H2	0.0
9	22	H2	0.0
9	23	H2	0.0
9	24	H2	0.0
9	1	CH4	0.0
9	2	CH4	0.0
9	3	CH4	0.0
9	4	CH4	0.0
9	5	CH4	0.0
9	6	CH4	0.0
9	7	CH4	0.0
9	8	CH4	0.0
9	9	CH4	0.0
9	10	CH4	0.0
9	11	CH4	0.0
9	12	CH4	0.0
9	13	CH4	0.0
9	14	CH4	0.0
9	15	CH4	0.0
9	16	CH4	0.0
9	17	CH4	0.0
9	18	CH4	0.0
9	19	CH4	0.0
9	20	CH4	0.0
9	21	CH4	0.0
9	22	CH4	0.0
9	23	CH4	0.0
9	24	CH4	0.0
9	1	Biogas	0.0
9	2	Biogas	0.0
9	3	Biogas	0.0
9	4	Biogas	0.0
9	5	Biogas	0.0
9	6	Biogas	0.0
9	7	Biogas	0.0
9	8	Biogas	0.0
9	9	Biogas	0.0
9	10	Biogas	0.0
9	11	Biogas	0.0
9	12	Biogas	0.0
9	13	Biogas	0.0
9	14	Biogas	0.0
9	15	Biogas	0.0
9	16	Biogas	0.0
9	17	Biogas	0.0
9	18	Biogas	0.0
9	19	Biogas	0.0
9	20	Biogas	0.0
9	21	Biogas	0.0
9	22	Biogas	0.0
9	23	Biogas	0.0
9	24	Biogas	0.0
9	1	CH4_H2_Mix	0.0
9	2	CH4_H2_Mix	0.0
9	3	CH4_H2_Mix	0.0
9	4	CH4_H2_Mix	0.0
9	5	CH4_H2_Mix	0.0
9	6	CH4_H2_Mix	0.0
9	7	CH4_H2_Mix	0.0
9	8	CH4_H2_Mix	0.0
9	9	CH4_H2_Mix	0.0
9	10	CH4_H2_Mix	0.0
9	11	CH4_H2_Mix	0.0
9	12	CH4_H2_Mix	0.0
9	13	CH4_H2_Mix	0.0
9	14	CH4_H2_Mix	0.0
9	15	CH4_H2_Mix	0.0
9	16	CH4_H2_Mix	0.0
9	17	CH4_H2_Mix	0.0
9	18	CH4_H2_Mix	0.0
9	19	CH4_H2_Mix	0.0
9	20	CH4_H2_Mix	0.0
9	21	CH4_H2_Mix	0.0
9	22	CH4_H2_Mix	0.0
9	23	CH4_H2_Mix	0.0
9	24	CH4_H2_Mix	0.0
9	1	DummyFuel	0.0
9	2	DummyFuel	0.0
9	3	DummyFuel	0.0
9	4	DummyFuel	0.0
9	5	DummyFuel	0.0
9	6	DummyFuel	0.0
9	7	DummyFuel	0.0
9	8	DummyFuel	0.0
9	9	DummyFuel	0.0
9	10	DummyFuel	0.0
9	11	DummyFuel	0.0
9	12	DummyFuel	0.0
9	13	DummyFuel	0.0
9	14	DummyFuel	0.0
9	15	DummyFuel	0.0
9	16	DummyFuel	0.0
9	17	DummyFuel	0.0
9	18	DummyFuel	0.0
9	19	DummyFuel	0.0
9	20	DummyFuel	0.0
9	21	DummyFuel	0.0
9	22	DummyFuel	0.0
9	23	DummyFuel	0.0
9	24	DummyFuel	0.0
10	1	Electricity	32.87360125010276
10	2	Electricity	32.37542537997067
10	3	Electricity	31.878597582798562
10	4	Electricity	32.017916790769746
10	5	Electricity	33.138200562730205
10	6	Electricity	37.73905395979667
10	7	Electricity	47.39131579346269
10	8	Electricity	57.926189442247924
10	9	Electricity	72.45476807635353
10	10	Electricity	84.19614163677943
10	11	Electricity	89.55850433641848
10	12	Electricity	89.85715159988628
10	13	Electricity	82.34645109832124
10	14	Electricity	84.02393863066291
10	15	Electricity	90.43237516295494
10	16	Electricity	90.93955025494435
10	17	Electricity	89.53779885193417
10	18	Electricity	83.8995446066659
10	19	Electricity	75.27607027971838
10	20	Electricity	61.056613800323596
10	21	Electricity	44.62186790591909
10	22	Electricity	38.45499732710676
10	23	Electricity	36.45225925928417
10	24	Electricity	34.31996133647716
10	1	LT	2.0833656575891752
10	2	LT	2.0833656575891752
10	3	LT	2.0833656575891752
10	4	LT	2.0833656575891752
10	5	LT	2.0833656575891752
10	6	LT	2.0833656575891752
10	7	LT	2.0833656575891752
10	8	LT	6.0014372007326875
10	9	LT	6.696340455554368
10	10	LT	7.391243710376049
10	11	LT	7.391243710376049
10	12	LT	8.844223243185015
10	13	LT	8.844223243185015
10	14	LT	5.875091154401473
10	15	LT	8.844223243185015
10	16	LT	8.844223243185015
10	17	LT	7.392587817251911
10	18	LT	5.87374704752561
10	19	LT	2.0833656575891752
10	20	LT	2.0833656575891752
10	21	LT	2.0833656575891752
10	22	LT	2.0833656575891752
10	23	LT	2.0833656575891752
10	24	LT	2.0833656575891752
10	1	MT	25.820516366962718
10	2	MT	38.16332141221599
10	3	MT	38.16332141221599
10	4	MT	38.16332141221599
10	5	MT	38.16332141221599
10	6	MT	38.16332141221599
10	7	MT	38.16332141221599
10	8	MT	157.86922974970292
10	9	MT	176.14882477335271
10	10	MT	194.42841979700253
10	11	MT	194.42841979700253
10	12	MT	232.64939121008848
10	13	MT	232.64939121008848
10	14	MT	154.54566701813022
10	15	MT	232.64939121008848
10	16	MT	232.64939121008848
10	17	MT	139.45951053397033
10	18	MT	62.466885264758574
10	19	MT	39.28539459814811
10	20	MT	39.28539459814811
10	21	MT	39.28539459814811
10	22	MT	39.28539459814811
10	23	MT	39.28539459814811
10	24	MT	39.28539459814811
10	1	H2	0.0
10	2	H2	0.0
10	3	H2	0.0
10	4	H2	0.0
10	5	H2	0.0
10	6	H2	0.0
10	7	H2	0.0
10	8	H2	0.0
10	9	H2	0.0
10	10	H2	0.0
10	11	H2	0.0
10	12	H2	0.0
10	13	H2	0.0
10	14	H2	0.0
10	15	H2	0.0
10	16	H2	0.0
10	17	H2	0.0
10	18	H2	0.0
10	19	H2	0.0
10	20	H2	0.0
10	21	H2	0.0
10	22	H2	0.0
10	23	H2	0.0
10	24	H2	0.0
10	1	CH4	0.0
10	2	CH4	0.0
10	3	CH4	0.0
10	4	CH4	0.0
10	5	CH4	0.0
10	6	CH4	0.0
10	7	CH4	0.0
10	8	CH4	0.0
10	9	CH4	0.0
10	10	CH4	0.0
10	11	CH4	0.0
10	12	CH4	0.0
10	13	CH4	0.0
10	14	CH4	0.0
10	15	CH4	0.0
10	16	CH4	0.0
10	17	CH4	0.0
10	18	CH4	0.0
10	19	CH4	0.0
10	20	CH4	0.0
10	21	CH4	0.0
10	22	CH4	0.0
10	23	CH4	0.0
10	24	CH4	0.0
10	1	Biogas	0.0
10	2	Biogas	0.0
10	3	Biogas	0.0
10	4	Biogas	0.0
10	5	Biogas	0.0
10	6	Biogas	0.0
10	7	Biogas	0.0
10	8	Biogas	0.0
10	9	Biogas	0.0
10	10	Biogas	0.0
10	11	Biogas	0.0
10	12	Biogas	0.0
10	13	Biogas	0.0
10	14	Biogas	0.0
10	15	Biogas	0.0
10	16	Biogas	0.0
10	17	Biogas	0.0
10	18	Biogas	0.0
10	19	Biogas	0.0
10	20	Biogas	0.0
10	21	Biogas	0.0
10	22	Biogas	0.0
10	23	Biogas	0.0
10	24	Biogas	0.0
10	1	CH4_H2_Mix	0.0
10	2	CH4_H2_Mix	0.0
10	3	CH4_H2_Mix	0.0
10	4	CH4_H2_Mix	0.0
10	5	CH4_H2_Mix	0.0
10	6	CH4_H2_Mix	0.0
10	7	CH4_H2_Mix	0.0
10	8	CH4_H2_Mix	0.0
10	9	CH4_H2_Mix	0.0
10	10	CH4_H2_Mix	0.0
10	11	CH4_H2_Mix	0.0
10	12	CH4_H2_Mix	0.0
10	13	CH4_H2_Mix	0.0
10	14	CH4_H2_Mix	0.0
10	15	CH4_H2_Mix	0.0
10	16	CH4_H2_Mix	0.0
10	17	CH4_H2_Mix	0.0
10	18	CH4_H2_Mix	0.0
10	19	CH4_H2_Mix	0.0
10	20	CH4_H2_Mix	0.0
10	21	CH4_H2_Mix	0.0
10	22	CH4_H2_Mix	0.0
10	23	CH4_H2_Mix	0.0
10	24	CH4_H2_Mix	0.0
10	1	DummyFuel	0.0
10	2	DummyFuel	0.0
10	3	DummyFuel	0.0
10	4	DummyFuel	0.0
10	5	DummyFuel	0.0
10	6	DummyFuel	0.0
10	7	DummyFuel	0.0
10	8	DummyFuel	0.0
10	9	DummyFuel	0.0
10	10	DummyFuel	0.0
10	11	DummyFuel	0.0
10	12	DummyFuel	0.0
10	13	DummyFuel	0.0
10	14	DummyFuel	0.0
10	15	DummyFuel	0.0
10	16	DummyFuel	0.0
10	17	DummyFuel	0.0
10	18	DummyFuel	0.0
10	19	DummyFuel	0.0
10	20	DummyFuel	0.0
10	21	DummyFuel	0.0
10	22	DummyFuel	0.0
10	23	DummyFuel	0.0
10	24	DummyFuel	0.0
11	1	Electricity	41.83495557431696
11	2	Electricity	42.451626515421694
11	3	Electricity	42.30316262668134
11	4	Electricity	43.218017774805055
11	5	Electricity	45.37939280993765
11	6	Electricity	51.72629008777877
11	7	Electricity	62.123575897567115
11	8	Electricity	76.00594126816048
11	9	Electricity	93.91836267012917
11	10	Electricity	104.90071756663298
11	11	Electricity	108.79479411753162
11	12	Electricity	107.43996135938924
11	13	Electricity	96.65895564960724
11	14	Electricity	95.96155316284225
11	15	Electricity	102.48247848614469
11	16	Electricity	101.53613519545823
11	17	Electricity	99.69582225952091
11	18	Electricity	96.0028209532164
11	19	Electricity	88.04896608082011
11	20	Electricity	72.07943728663437
11	21	Electricity	55.65874367071188
11	22	Electricity	48.88968115266874
11	23	Electricity	47.11885830445685
11	24	Electricity	47.11546714313704
11	1	LT	31.76232676664379
11	2	LT	31.76232676664379
11	3	LT	31.76232676664379
11	4	LT	31.76232676664379
11	5	LT	31.76232676664379
11	6	LT	31.76232676664379
11	7	LT	31.76232676664379
11	8	LT	138.16612143490048
11	9	LT	155.43688661426305
11	10	LT	172.70765179362556
11	11	LT	172.70765179362556
11	12	LT	207.24918215235064
11	13	LT	207.24918215235064
11	14	LT	138.16612143490048
11	15	LT	207.24918215235064
11	16	LT	207.24918215235064
11	17	LT	172.70765179362556
11	18	LT	138.96017960406658
11	19	LT	49.628635572880924
11	20	LT	49.628635572880924
11	21	LT	49.628635572880924
11	22	LT	49.628635572880924
11	23	LT	49.628635572880924
11	24	LT	49.628635572880924
11	1	MT	114.2203342587857
11	2	MT	114.2203342587857
11	3	MT	114.2203342587857
11	4	MT	114.2203342587857
11	5	MT	114.2203342587857
11	6	MT	114.2203342587857
11	7	MT	114.2203342587857
11	8	MT	489.67545080217485
11	9	MT	550.8848821524467
11	10	MT	612.0943135027186
11	11	MT	612.0943135027186
11	12	MT	734.5131762032621
11	13	MT	734.5131762032621
11	14	MT	489.67545080217485
11	15	MT	734.5131762032621
11	16	MT	734.5131762032621
11	17	MT	484.59600628483133
11	18	MT	235.53906604966375
11	19	MT	137.566059478622
11	20	MT	137.566059478622
11	21	MT	137.566059478622
11	22	MT	137.566059478622
11	23	MT	137.566059478622
11	24	MT	137.566059478622
11	1	H2	0.0
11	2	H2	0.0
11	3	H2	0.0
11	4	H2	0.0
11	5	H2	0.0
11	6	H2	0.0
11	7	H2	0.0
11	8	H2	0.0
11	9	H2	0.0
11	10	H2	0.0
11	11	H2	0.0
11	12	H2	0.0
11	13	H2	0.0
11	14	H2	0.0
11	15	H2	0.0
11	16	H2	0.0
11	17	H2	0.0
11	18	H2	0.0
11	19	H2	0.0
11	20	H2	0.0
11	21	H2	0.0
11	22	H2	0.0
11	23	H2	0.0
11	24	H2	0.0
11	1	CH4	0.0
11	2	CH4	0.0
11	3	CH4	0.0
11	4	CH4	0.0
11	5	CH4	0.0
11	6	CH4	0.0
11	7	CH4	0.0
11	8	CH4	0.0
11	9	CH4	0.0
11	10	CH4	0.0
11	11	CH4	0.0
11	12	CH4	0.0
11	13	CH4	0.0
11	14	CH4	0.0
11	15	CH4	0.0
11	16	CH4	0.0
11	17	CH4	0.0
11	18	CH4	0.0
11	19	CH4	0.0
11	20	CH4	0.0
11	21	CH4	0.0
11	22	CH4	0.0
11	23	CH4	0.0
11	24	CH4	0.0
11	1	Biogas	0.0
11	2	Biogas	0.0
11	3	Biogas	0.0
11	4	Biogas	0.0
11	5	Biogas	0.0
11	6	Biogas	0.0
11	7	Biogas	0.0
11	8	Biogas	0.0
11	9	Biogas	0.0
11	10	Biogas	0.0
11	11	Biogas	0.0
11	12	Biogas	0.0
11	13	Biogas	0.0
11	14	Biogas	0.0
11	15	Biogas	0.0
11	16	Biogas	0.0
11	17	Biogas	0.0
11	18	Biogas	0.0
11	19	Biogas	0.0
11	20	Biogas	0.0
11	21	Biogas	0.0
11	22	Biogas	0.0
11	23	Biogas	0.0
11	24	Biogas	0.0
11	1	CH4_H2_Mix	0.0
11	2	CH4_H2_Mix	0.0
11	3	CH4_H2_Mix	0.0
11	4	CH4_H2_Mix	0.0
11	5	CH4_H2_Mix	0.0
11	6	CH4_H2_Mix	0.0
11	7	CH4_H2_Mix	0.0
11	8	CH4_H2_Mix	0.0
11	9	CH4_H2_Mix	0.0
11	10	CH4_H2_Mix	0.0
11	11	CH4_H2_Mix	0.0
11	12	CH4_H2_Mix	0.0
11	13	CH4_H2_Mix	0.0
11	14	CH4_H2_Mix	0.0
11	15	CH4_H2_Mix	0.0
11	16	CH4_H2_Mix	0.0
11	17	CH4_H2_Mix	0.0
11	18	CH4_H2_Mix	0.0
11	19	CH4_H2_Mix	0.0
11	20	CH4_H2_Mix	0.0
11	21	CH4_H2_Mix	0.0
11	22	CH4_H2_Mix	0.0
11	23	CH4_H2_Mix	0.0
11	24	CH4_H2_Mix	0.0
11	1	DummyFuel	0.0
11	2	DummyFuel	0.0
11	3	DummyFuel	0.0
11	4	DummyFuel	0.0
11	5	DummyFuel	0.0
11	6	DummyFuel	0.0
11	7	DummyFuel	0.0
11	8	DummyFuel	0.0
11	9	DummyFuel	0.0
11	10	DummyFuel	0.0
11	11	DummyFuel	0.0
11	12	DummyFuel	0.0
11	13	DummyFuel	0.0
11	14	DummyFuel	0.0
11	15	DummyFuel	0.0
11	16	DummyFuel	0.0
11	17	DummyFuel	0.0
11	18	DummyFuel	0.0
11	19	DummyFuel	0.0
11	20	DummyFuel	0.0
11	21	DummyFuel	0.0
11	22	DummyFuel	0.0
11	23	DummyFuel	0.0
11	24	DummyFuel	0.0
12	1	Electricity	46.66704767150187
12	2	Electricity	48.22609035052691
12	3	Electricity	48.342814729718945
12	4	Electricity	49.00582004770561
12	5	Electricity	50.548787629376626
12	6	Electricity	55.7185604240894
12	7	Electricity	66.65718025215322
12	8	Electricity	79.71227095352702
12	9	Electricity	96.41033003622108
12	10	Electricity	106.52275517871226
12	11	Electricity	109.91598038843644
12	12	Electricity	108.85531637576894
12	13	Electricity	97.82416202862422
12	14	Electricity	96.8682744948903
12	15	Electricity	103.1769055134478
12	16	Electricity	101.33996068228792
12	17	Electricity	98.81845352747449
12	18	Electricity	94.1659838290473
12	19	Electricity	86.92349770325916
12	20	Electricity	72.3447666555387
12	21	Electricity	56.666821892417104
12	22	Electricity	49.48578097065644
12	23	Electricity	48.41420913582333
12	24	Electricity	47.75272387740063
12	1	LT	32.763847364691
12	2	LT	32.763847364691
12	3	LT	32.763847364691
12	4	LT	32.763847364691
12	5	LT	32.763847364691
12	6	LT	32.763847364691
12	7	LT	32.763847364691
12	8	LT	94.3810183763518
12	9	LT	105.30934681992939
12	10	LT	116.23767526350697
12	11	LT	116.23767526350697
12	12	LT	139.08781655462374
12	13	LT	139.08781655462374
12	14	LT	92.39404956842861
12	15	LT	139.08781655462374
12	16	LT	139.08781655462374
12	17	LT	116.25881322954871
12	18	LT	92.37291160238689
12	19	LT	32.763847364691
12	20	LT	32.763847364691
12	21	LT	32.763847364691
12	22	LT	32.763847364691
12	23	LT	32.763847364691
12	24	LT	32.763847364691
12	1	MT	79.87256616304953
12	2	MT	103.11839378357223
12	3	MT	103.11839378357223
12	4	MT	103.11839378357223
12	5	MT	103.11839378357223
12	6	MT	103.11839378357223
12	7	MT	103.11839378357223
12	8	MT	387.32448015091256
12	9	MT	432.1725778525972
12	10	MT	477.02067555428187
12	11	MT	477.02067555428187
12	12	MT	570.7939707487134
12	13	MT	570.7939707487134
12	14	MT	379.17028056878814
12	15	MT	570.7939707487134
12	16	MT	570.7939707487134
12	17	MT	373.51511182391124
12	18	MT	205.73350705647695
12	19	MT	105.23165083998339
12	20	MT	105.23165083998339
12	21	MT	105.23165083998339
12	22	MT	105.23165083998339
12	23	MT	105.23165083998339
12	24	MT	105.23165083998339
12	1	H2	0.0
12	2	H2	0.0
12	3	H2	0.0
12	4	H2	0.0
12	5	H2	0.0
12	6	H2	0.0
12	7	H2	0.0
12	8	H2	0.0
12	9	H2	0.0
12	10	H2	0.0
12	11	H2	0.0
12	12	H2	0.0
12	13	H2	0.0
12	14	H2	0.0
12	15	H2	0.0
12	16	H2	0.0
12	17	H2	0.0
12	18	H2	0.0
12	19	H2	0.0
12	20	H2	0.0
12	21	H2	0.0
12	22	H2	0.0
12	23	H2	0.0
12	24	H2	0.0
12	1	CH4	0.0
12	2	CH4	0.0
12	3	CH4	0.0
12	4	CH4	0.0
12	5	CH4	0.0
12	6	CH4	0.0
12	7	CH4	0.0
12	8	CH4	0.0
12	9	CH4	0.0
12	10	CH4	0.0
12	11	CH4	0.0
12	12	CH4	0.0
12	13	CH4	0.0
12	14	CH4	0.0
12	15	CH4	0.0
12	16	CH4	0.0
12	17	CH4	0.0
12	18	CH4	0.0
12	19	CH4	0.0
12	20	CH4	0.0
12	21	CH4	0.0
12	22	CH4	0.0
12	23	CH4	0.0
12	24	CH4	0.0
12	1	Biogas	0.0
12	2	Biogas	0.0
12	3	Biogas	0.0
12	4	Biogas	0.0
12	5	Biogas	0.0
12	6	Biogas	0.0
12	7	Biogas	0.0
12	8	Biogas	0.0
12	9	Biogas	0.0
12	10	Biogas	0.0
12	11	Biogas	0.0
12	12	Biogas	0.0
12	13	Biogas	0.0
12	14	Biogas	0.0
12	15	Biogas	0.0
12	16	Biogas	0.0
12	17	Biogas	0.0
12	18	Biogas	0.0
12	19	Biogas	0.0
12	20	Biogas	0.0
12	21	Biogas	0.0
12	22	Biogas	0.0
12	23	Biogas	0.0
12	24	Biogas	0.0
12	1	CH4_H2_Mix	0.0
12	2	CH4_H2_Mix	0.0
12	3	CH4_H2_Mix	0.0
12	4	CH4_H2_Mix	0.0
12	5	CH4_H2_Mix	0.0
12	6	CH4_H2_Mix	0.0
12	7	CH4_H2_Mix	0.0
12	8	CH4_H2_Mix	0.0
12	9	CH4_H2_Mix	0.0
12	10	CH4_H2_Mix	0.0
12	11	CH4_H2_Mix	0.0
12	12	CH4_H2_Mix	0.0
12	13	CH4_H2_Mix	0.0
12	14	CH4_H2_Mix	0.0
12	15	CH4_H2_Mix	0.0
12	16	CH4_H2_Mix	0.0
12	17	CH4_H2_Mix	0.0
12	18	CH4_H2_Mix	0.0
12	19	CH4_H2_Mix	0.0
12	20	CH4_H2_Mix	0.0
12	21	CH4_H2_Mix	0.0
12	22	CH4_H2_Mix	0.0
12	23	CH4_H2_Mix	0.0
12	24	CH4_H2_Mix	0.0
12	1	DummyFuel	0.0
12	2	DummyFuel	0.0
12	3	DummyFuel	0.0
12	4	DummyFuel	0.0
12	5	DummyFuel	0.0
12	6	DummyFuel	0.0
12	7	DummyFuel	0.0
12	8	DummyFuel	0.0
12	9	DummyFuel	0.0
12	10	DummyFuel	0.0
12	11	DummyFuel	0.0
12	12	DummyFuel	0.0
12	13	DummyFuel	0.0
12	14	DummyFuel	0.0
12	15	DummyFuel	0.0
12	16	DummyFuel	0.0
12	17	DummyFuel	0.0
12	18	DummyFuel	0.0
12	19	DummyFuel	0.0
12	20	DummyFuel	0.0
12	21	DummyFuel	0.0
12	22	DummyFuel	0.0
12	23	DummyFuel	0.0
12	24	DummyFuel	0.0
13	1	Electricity	84.39285438326141
13	2	Electricity	84.70918512580666
13	3	Electricity	84.54447745116731
13	4	Electricity	85.00633381936814
13	5	Electricity	85.11900988417688
13	6	Electricity	88.43610556368895
13	7	Electricity	92.22827827867236
13	8	Electricity	96.88449526371868
13	9	Electricity	99.39542592568132
13	10	Electricity	98.18665795650269
13	11	Electricity	102.1880499173068
13	12	Electricity	101.64771486153494
13	13	Electricity	99.5124220013551
13	14	Electricity	97.10306076716428
13	15	Electricity	97.15125728162107
13	16	Electricity	97.97667900974577
13	17	Electricity	99.45835824628776
13	18	Electricity	104.84544992507325
13	19	Electricity	103.8106362406898
13	20	Electricity	97.63236005816331
13	21	Electricity	90.96577604828575
13	22	Electricity	87.72826192824395
13	23	Electricity	86.95288294593702
13	24	Electricity	132.27834901747727
13	1	LT	8.39998553425958
13	2	LT	8.39998553425958
13	3	LT	8.39998553425958
13	4	LT	8.39998553425958
13	5	LT	8.39998553425958
13	6	LT	8.39998553425958
13	7	LT	8.39998553425958
13	8	LT	36.53993707402917
13	9	LT	41.10742920828282
13	10	LT	45.674921342536464
13	11	LT	45.674921342536464
13	12	LT	54.80990561104375
13	13	LT	54.80990561104375
13	14	LT	36.53993707402917
13	15	LT	54.80990561104375
13	16	LT	54.80990561104375
13	17	LT	45.674921342536464
13	18	LT	36.74993671238566
13	19	LT	13.124977397280594
13	20	LT	13.124977397280594
13	21	LT	13.124977397280594
13	22	LT	13.124977397280594
13	23	LT	13.124977397280594
13	24	LT	16.749670485063845
13	1	MT	73.62837267938907
13	2	MT	73.62837267938907
13	3	MT	73.62837267938907
13	4	MT	73.62837267938907
13	5	MT	73.62837267938907
13	6	MT	73.62837267938907
13	7	MT	73.62837267938907
13	8	MT	315.1786555340443
13	9	MT	354.5759874757998
13	10	MT	393.9733194175554
13	11	MT	393.9733194175554
13	12	MT	472.7679833010664
13	13	MT	472.7679833010664
13	14	MT	315.1786555340443
13	15	MT	472.7679833010664
13	16	MT	472.7679833010664
13	17	MT	303.36372963951305
13	18	MT	134.38219484458386
13	19	MT	85.97552807915315
13	20	MT	85.97552807915315
13	21	MT	85.97552807915315
13	22	MT	85.97552807915315
13	23	MT	85.97552807915315
13	24	MT	85.97552807915315
13	1	H2	0.0
13	2	H2	0.0
13	3	H2	0.0
13	4	H2	0.0
13	5	H2	0.0
13	6	H2	0.0
13	7	H2	0.0
13	8	H2	0.0
13	9	H2	0.0
13	10	H2	0.0
13	11	H2	0.0
13	12	H2	0.0
13	13	H2	0.0
13	14	H2	0.0
13	15	H2	0.0
13	16	H2	0.0
13	17	H2	0.0
13	18	H2	0.0
13	19	H2	0.0
13	20	H2	0.0
13	21	H2	0.0
13	22	H2	0.0
13	23	H2	0.0
13	24	H2	0.0
13	1	CH4	0.0
13	2	CH4	0.0
13	3	CH4	0.0
13	4	CH4	0.0
13	5	CH4	0.0
13	6	CH4	0.0
13	7	CH4	0.0
13	8	CH4	0.0
13	9	CH4	0.0
13	10	CH4	0.0
13	11	CH4	0.0
13	12	CH4	0.0
13	13	CH4	0.0
13	14	CH4	0.0
13	15	CH4	0.0
13	16	CH4	0.0
13	17	CH4	0.0
13	18	CH4	0.0
13	19	CH4	0.0
13	20	CH4	0.0
13	21	CH4	0.0
13	22	CH4	0.0
13	23	CH4	0.0
13	24	CH4	0.0
13	1	Biogas	0.0
13	2	Biogas	0.0
13	3	Biogas	0.0
13	4	Biogas	0.0
13	5	Biogas	0.0
13	6	Biogas	0.0
13	7	Biogas	0.0
13	8	Biogas	0.0
13	9	Biogas	0.0
13	10	Biogas	0.0
13	11	Biogas	0.0
13	12	Biogas	0.0
13	13	Biogas	0.0
13	14	Biogas	0.0
13	15	Biogas	0.0
13	16	Biogas	0.0
13	17	Biogas	0.0
13	18	Biogas	0.0
13	19	Biogas	0.0
13	20	Biogas	0.0
13	21	Biogas	0.0
13	22	Biogas	0.0
13	23	Biogas	0.0
13	24	Biogas	0.0
13	1	CH4_H2_Mix	0.0
13	2	CH4_H2_Mix	0.0
13	3	CH4_H2_Mix	0.0
13	4	CH4_H2_Mix	0.0
13	5	CH4_H2_Mix	0.0
13	6	CH4_H2_Mix	0.0
13	7	CH4_H2_Mix	0.0
13	8	CH4_H2_Mix	0.0
13	9	CH4_H2_Mix	0.0
13	10	CH4_H2_Mix	0.0
13	11	CH4_H2_Mix	0.0
13	12	CH4_H2_Mix	0.0
13	13	CH4_H2_Mix	0.0
13	14	CH4_H2_Mix	0.0
13	15	CH4_H2_Mix	0.0
13	16	CH4_H2_Mix	0.0
13	17	CH4_H2_Mix	0.0
13	18	CH4_H2_Mix	0.0
13	19	CH4_H2_Mix	0.0
13	20	CH4_H2_Mix	0.0
13	21	CH4_H2_Mix	0.0
13	22	CH4_H2_Mix	0.0
13	23	CH4_H2_Mix	0.0
13	24	CH4_H2_Mix	0.0
13	1	DummyFuel	0.0
13	2	DummyFuel	0.0
13	3	DummyFuel	0.0
13	4	DummyFuel	0.0
13	5	DummyFuel	0.0
13	6	DummyFuel	0.0
13	7	DummyFuel	0.0
13	8	DummyFuel	0.0
13	9	DummyFuel	0.0
13	10	DummyFuel	0.0
13	11	DummyFuel	0.0
13	12	DummyFuel	0.0
13	13	DummyFuel	0.0
13	14	DummyFuel	0.0
13	15	DummyFuel	0.0
13	16	DummyFuel	0.0
13	17	DummyFuel	0.0
13	18	DummyFuel	0.0
13	19	DummyFuel	0.0
13	20	DummyFuel	0.0
13	21	DummyFuel	0.0
13	22	DummyFuel	0.0
13	23	DummyFuel	0.0
13	24	DummyFuel	0.0
14	1	Electricity	41.956640910648446
14	2	Electricity	42.45221372248331
14	3	Electricity	42.190892872823504
14	4	Electricity	42.652761985731466
14	5	Electricity	43.505324943943016
14	6	Electricity	47.10202588836482
14	7	Electricity	54.94388203529204
14	8	Electricity	63.8443566741884
14	9	Electricity	75.83219109204008
14	10	Electricity	85.31163686893103
14	11	Electricity	88.67824466867435
14	12	Electricity	89.16082529623927
14	13	Electricity	82.4665416820262
14	14	Electricity	80.4211319084306
14	15	Electricity	84.21597920713292
14	16	Electricity	83.34106918929372
14	17	Electricity	81.5841869093492
14	18	Electricity	81.93095206193058
14	19	Electricity	77.56207112044099
14	20	Electricity	65.09838116169783
14	21	Electricity	50.67007355545099
14	22	Electricity	44.87556884702962
14	23	Electricity	43.11725528787769
14	24	Electricity	42.55132878145274
14	1	LT	58.37507554619123
14	2	LT	58.37507554619123
14	3	LT	58.37507554619123
14	4	LT	58.37507554619123
14	5	LT	58.37507554619123
14	6	LT	58.37507554619123
14	7	LT	58.37507554619123
14	8	LT	158.1776240606472
14	9	LT	197.722030075809
14	10	LT	217.49423308338993
14	11	LT	217.49423308338993
14	12	LT	257.03863909855164
14	13	LT	257.03863909855164
14	14	LT	177.9498270682281
14	15	LT	257.03863909855164
14	16	LT	217.49423308338993
14	17	LT	188.3066953102943
14	18	LT	158.1776240606472
14	19	LT	58.37507554619123
14	20	LT	58.37507554619123
14	21	LT	58.37507554619123
14	22	LT	58.37507554619123
14	23	LT	58.37507554619123
14	24	LT	58.37507554619123
14	1	MT	208.91473480742877
14	2	MT	151.52758616436677
14	3	MT	151.52758616436677
14	4	MT	151.52758616436677
14	5	MT	151.52758616436677
14	6	MT	151.52758616436677
14	7	MT	151.52758616436677
14	8	MT	547.4656361468975
14	9	MT	684.3320451836219
14	10	MT	752.7652497019841
14	11	MT	752.7652497019841
14	12	MT	889.6316587387084
14	13	MT	889.6316587387084
14	14	MT	615.8988406652597
14	15	MT	889.6316587387084
14	16	MT	705.7519317751679
14	17	MT	424.71872239280117
14	18	MT	317.0341623647562
14	19	MT	155.94198221383306
14	20	MT	151.52758616436677
14	21	MT	151.52758616436677
14	22	MT	151.52758616436677
14	23	MT	151.52758616436677
14	24	MT	151.52758616436677
14	1	H2	0.0
14	2	H2	0.0
14	3	H2	0.0
14	4	H2	0.0
14	5	H2	0.0
14	6	H2	0.0
14	7	H2	0.0
14	8	H2	0.0
14	9	H2	0.0
14	10	H2	0.0
14	11	H2	0.0
14	12	H2	0.0
14	13	H2	0.0
14	14	H2	0.0
14	15	H2	0.0
14	16	H2	0.0
14	17	H2	0.0
14	18	H2	0.0
14	19	H2	0.0
14	20	H2	0.0
14	21	H2	0.0
14	22	H2	0.0
14	23	H2	0.0
14	24	H2	0.0
14	1	CH4	0.0
14	2	CH4	0.0
14	3	CH4	0.0
14	4	CH4	0.0
14	5	CH4	0.0
14	6	CH4	0.0
14	7	CH4	0.0
14	8	CH4	0.0
14	9	CH4	0.0
14	10	CH4	0.0
14	11	CH4	0.0
14	12	CH4	0.0
14	13	CH4	0.0
14	14	CH4	0.0
14	15	CH4	0.0
14	16	CH4	0.0
14	17	CH4	0.0
14	18	CH4	0.0
14	19	CH4	0.0
14	20	CH4	0.0
14	21	CH4	0.0
14	22	CH4	0.0
14	23	CH4	0.0
14	24	CH4	0.0
14	1	Biogas	0.0
14	2	Biogas	0.0
14	3	Biogas	0.0
14	4	Biogas	0.0
14	5	Biogas	0.0
14	6	Biogas	0.0
14	7	Biogas	0.0
14	8	Biogas	0.0
14	9	Biogas	0.0
14	10	Biogas	0.0
14	11	Biogas	0.0
14	12	Biogas	0.0
14	13	Biogas	0.0
14	14	Biogas	0.0
14	15	Biogas	0.0
14	16	Biogas	0.0
14	17	Biogas	0.0
14	18	Biogas	0.0
14	19	Biogas	0.0
14	20	Biogas	0.0
14	21	Biogas	0.0
14	22	Biogas	0.0
14	23	Biogas	0.0
14	24	Biogas	0.0
14	1	CH4_H2_Mix	0.0
14	2	CH4_H2_Mix	0.0
14	3	CH4_H2_Mix	0.0
14	4	CH4_H2_Mix	0.0
14	5	CH4_H2_Mix	0.0
14	6	CH4_H2_Mix	0.0
14	7	CH4_H2_Mix	0.0
14	8	CH4_H2_Mix	0.0
14	9	CH4_H2_Mix	0.0
14	10	CH4_H2_Mix	0.0
14	11	CH4_H2_Mix	0.0
14	12	CH4_H2_Mix	0.0
14	13	CH4_H2_Mix	0.0
14	14	CH4_H2_Mix	0.0
14	15	CH4_H2_Mix	0.0
14	16	CH4_H2_Mix	0.0
14	17	CH4_H2_Mix	0.0
14	18	CH4_H2_Mix	0.0
14	19	CH4_H2_Mix	0.0
14	20	CH4_H2_Mix	0.0
14	21	CH4_H2_Mix	0.0
14	22	CH4_H2_Mix	0.0
14	23	CH4_H2_Mix	0.0
14	24	CH4_H2_Mix	0.0
14	1	DummyFuel	0.0
14	2	DummyFuel	0.0
14	3	DummyFuel	0.0
14	4	DummyFuel	0.0
14	5	DummyFuel	0.0
14	6	DummyFuel	0.0
14	7	DummyFuel	0.0
14	8	DummyFuel	0.0
14	9	DummyFuel	0.0
14	10	DummyFuel	0.0
14	11	DummyFuel	0.0
14	12	DummyFuel	0.0
14	13	DummyFuel	0.0
14	14	DummyFuel	0.0
14	15	DummyFuel	0.0
14	16	DummyFuel	0.0
14	17	DummyFuel	0.0
14	18	DummyFuel	0.0
14	19	DummyFuel	0.0
14	20	DummyFuel	0.0
14	21	DummyFuel	0.0
14	22	DummyFuel	0.0
14	23	DummyFuel	0.0
14	24	DummyFuel	0.0
