Node	Time	EnergyCarrier	ReferenceDemand
3	1	Electricity	29.951567926842923
3	2	Electricity	29.984558291820356
3	3	Electricity	29.828791712014805
3	4	Electricity	30.094894412552502
3	5	Electricity	30.665557087497195
3	6	Electricity	33.040113724203245
3	7	Electricity	37.281973412034404
3	8	Electricity	41.90948947071323
3	9	Electricity	49.392021110364226
3	10	Electricity	57.66893974454993
3	11	Electricity	61.400428830302886
3	12	Electricity	61.366357442867255
3	13	Electricity	58.28867925807611
3	14	Electricity	57.22184708824939
3	15	Electricity	58.74413817080365
3	16	Electricity	58.37722681958013
3	17	Electricity	57.92512499009602
3	18	Electricity	56.72813777711243
3	19	Electricity	54.25657033297624
3	20	Electricity	46.01670470254491
3	21	Electricity	34.734011839258926
3	22	Electricity	31.770153517405262
3	23	Electricity	30.689830001834597
3	24	Electricity	30.096856904361466
3	1	LT	1.1595286934834363
3	2	LT	2.2638417348962334
3	3	LT	2.2638417348962334
3	4	LT	2.2638417348962334
3	5	LT	2.2638417348962334
3	6	LT	2.8159982556026315
3	7	LT	3.533801732520949
3	8	LT	4.030742601156708
3	9	LT	4.030742601156708
3	10	LT	4.030742601156708
3	11	LT	4.030742601156708
3	12	LT	4.030742601156708
3	13	LT	4.030742601156708
3	14	LT	4.030742601156708
3	15	LT	4.030742601156708
3	16	LT	3.6442330366622286
3	17	LT	3.3129391242383903
3	18	LT	2.981645211814551
3	19	LT	2.8712139076732712
3	20	LT	2.3190573869668727
3	21	LT	1.7116852141898347
3	22	LT	1.7116852141898347
3	23	LT	1.7116852141898347
3	24	LT	1.7116852141898347
3	1	MT	28.9614982246896
3	2	MT	26.746443666387666
3	3	MT	26.746443666387666
3	4	MT	26.746443666387666
3	5	MT	26.746443666387666
3	6	MT	26.769450188083763
3	7	MT	26.799358666288693
3	8	MT	26.820064535815185
3	9	MT	26.820064535815185
3	10	MT	26.820064535815185
3	11	MT	26.820064535815185
3	12	MT	26.820064535815185
3	13	MT	26.820064535815185
3	14	MT	26.820064535815185
3	15	MT	26.820064535815185
3	16	MT	26.803959970627915
3	17	MT	26.790156057610254
3	18	MT	26.776352144592593
3	19	MT	26.771750840253375
3	20	MT	26.748744318557275
3	21	MT	26.723437144691566
3	22	MT	26.723437144691566
3	23	MT	26.723437144691566
3	24	MT	26.723437144691566
3	1	H2	0.0
3	2	H2	0.0
3	3	H2	0.0
3	4	H2	0.0
3	5	H2	0.0
3	6	H2	0.0
3	7	H2	0.0
3	8	H2	0.0
3	9	H2	0.0
3	10	H2	0.0
3	11	H2	0.0
3	12	H2	0.0
3	13	H2	0.0
3	14	H2	0.0
3	15	H2	0.0
3	16	H2	0.0
3	17	H2	0.0
3	18	H2	0.0
3	19	H2	0.0
3	20	H2	0.0
3	21	H2	0.0
3	22	H2	0.0
3	23	H2	0.0
3	24	H2	0.0
3	1	CH4	0.0
3	2	CH4	0.0
3	3	CH4	0.0
3	4	CH4	0.0
3	5	CH4	0.0
3	6	CH4	0.0
3	7	CH4	0.0
3	8	CH4	0.0
3	9	CH4	0.0
3	10	CH4	0.0
3	11	CH4	0.0
3	12	CH4	0.0
3	13	CH4	0.0
3	14	CH4	0.0
3	15	CH4	0.0
3	16	CH4	0.0
3	17	CH4	0.0
3	18	CH4	0.0
3	19	CH4	0.0
3	20	CH4	0.0
3	21	CH4	0.0
3	22	CH4	0.0
3	23	CH4	0.0
3	24	CH4	0.0
3	1	Biogas	0.0
3	2	Biogas	0.0
3	3	Biogas	0.0
3	4	Biogas	0.0
3	5	Biogas	0.0
3	6	Biogas	0.0
3	7	Biogas	0.0
3	8	Biogas	0.0
3	9	Biogas	0.0
3	10	Biogas	0.0
3	11	Biogas	0.0
3	12	Biogas	0.0
3	13	Biogas	0.0
3	14	Biogas	0.0
3	15	Biogas	0.0
3	16	Biogas	0.0
3	17	Biogas	0.0
3	18	Biogas	0.0
3	19	Biogas	0.0
3	20	Biogas	0.0
3	21	Biogas	0.0
3	22	Biogas	0.0
3	23	Biogas	0.0
3	24	Biogas	0.0
3	1	CH4_H2_Mix	0.0
3	2	CH4_H2_Mix	0.0
3	3	CH4_H2_Mix	0.0
3	4	CH4_H2_Mix	0.0
3	5	CH4_H2_Mix	0.0
3	6	CH4_H2_Mix	0.0
3	7	CH4_H2_Mix	0.0
3	8	CH4_H2_Mix	0.0
3	9	CH4_H2_Mix	0.0
3	10	CH4_H2_Mix	0.0
3	11	CH4_H2_Mix	0.0
3	12	CH4_H2_Mix	0.0
3	13	CH4_H2_Mix	0.0
3	14	CH4_H2_Mix	0.0
3	15	CH4_H2_Mix	0.0
3	16	CH4_H2_Mix	0.0
3	17	CH4_H2_Mix	0.0
3	18	CH4_H2_Mix	0.0
3	19	CH4_H2_Mix	0.0
3	20	CH4_H2_Mix	0.0
3	21	CH4_H2_Mix	0.0
3	22	CH4_H2_Mix	0.0
3	23	CH4_H2_Mix	0.0
3	24	CH4_H2_Mix	0.0
4	1	Electricity	29.693734366548803
4	2	Electricity	29.59371270406373
4	3	Electricity	29.641490344487714
4	4	Electricity	29.742250981824316
4	5	Electricity	29.839085926110933
4	6	Electricity	30.38927010949783
4	7	Electricity	31.18026475188034
4	8	Electricity	31.36216204592776
4	9	Electricity	33.76281833388562
4	10	Electricity	36.02331136706338
4	11	Electricity	38.21521954784093
4	12	Electricity	38.210552650295746
4	13	Electricity	37.85655770079467
4	14	Electricity	36.90705079912584
4	15	Electricity	37.49657585402904
4	16	Electricity	37.49964288090203
4	17	Electricity	37.58734084682484
4	18	Electricity	37.45659874862752
4	19	Electricity	35.735454489416234
4	20	Electricity	33.16429078867019
4	21	Electricity	30.932825308920343
4	22	Electricity	31.081584980161452
4	23	Electricity	30.782106845051807
4	24	Electricity	30.3718706291477
4	1	LT	11.754543933942209
4	2	LT	13.650438116836114
4	3	LT	13.650438116836114
4	4	LT	13.650438116836114
4	5	LT	13.650438116836114
4	6	LT	17.063047646045142
4	7	LT	20.096478338675393
4	8	LT	23.888266704463202
4	9	LT	23.888266704463202
4	10	LT	23.888266704463202
4	11	LT	23.888266704463202
4	12	LT	23.888266704463202
4	13	LT	23.888266704463202
4	14	LT	23.888266704463202
4	15	LT	23.888266704463202
4	16	LT	21.234014848411736
4	17	LT	20.85483601183295
4	18	LT	17.821405319202704
4	19	LT	16.68386880946636
4	20	LT	14.029616953414896
4	21	LT	11.754543933942209
4	22	LT	10.237828587627087
4	23	LT	10.237828587627087
4	24	LT	10.237828587627087
4	1	MT	62.33474582087635
4	2	MT	62.41374141183026
4	3	MT	62.41374141183026
4	4	MT	62.41374141183026
4	5	MT	62.41374141183026
4	6	MT	62.5559334755473
4	7	MT	62.68232642107356
4	8	MT	62.840317602981386
4	9	MT	62.840317602981386
4	10	MT	62.840317602981386
4	11	MT	62.840317602981386
4	12	MT	62.840317602981386
4	13	MT	62.840317602981386
4	14	MT	62.840317602981386
4	15	MT	62.840317602981386
4	16	MT	62.72972377564591
4	17	MT	62.713924657455124
4	18	MT	62.58753171192887
4	19	MT	62.54013435735652
4	20	MT	62.42954053002104
4	21	MT	62.33474582087635
4	22	MT	62.27154934811322
4	23	MT	62.27154934811322
4	24	MT	62.27154934811322
4	1	H2	0.0
4	2	H2	0.0
4	3	H2	0.0
4	4	H2	0.0
4	5	H2	0.0
4	6	H2	0.0
4	7	H2	0.0
4	8	H2	0.0
4	9	H2	0.0
4	10	H2	0.0
4	11	H2	0.0
4	12	H2	0.0
4	13	H2	0.0
4	14	H2	0.0
4	15	H2	0.0
4	16	H2	0.0
4	17	H2	0.0
4	18	H2	0.0
4	19	H2	0.0
4	20	H2	0.0
4	21	H2	0.0
4	22	H2	0.0
4	23	H2	0.0
4	24	H2	0.0
4	1	CH4	0.0
4	2	CH4	0.0
4	3	CH4	0.0
4	4	CH4	0.0
4	5	CH4	0.0
4	6	CH4	0.0
4	7	CH4	0.0
4	8	CH4	0.0
4	9	CH4	0.0
4	10	CH4	0.0
4	11	CH4	0.0
4	12	CH4	0.0
4	13	CH4	0.0
4	14	CH4	0.0
4	15	CH4	0.0
4	16	CH4	0.0
4	17	CH4	0.0
4	18	CH4	0.0
4	19	CH4	0.0
4	20	CH4	0.0
4	21	CH4	0.0
4	22	CH4	0.0
4	23	CH4	0.0
4	24	CH4	0.0
4	1	Biogas	0.0
4	2	Biogas	0.0
4	3	Biogas	0.0
4	4	Biogas	0.0
4	5	Biogas	0.0
4	6	Biogas	0.0
4	7	Biogas	0.0
4	8	Biogas	0.0
4	9	Biogas	0.0
4	10	Biogas	0.0
4	11	Biogas	0.0
4	12	Biogas	0.0
4	13	Biogas	0.0
4	14	Biogas	0.0
4	15	Biogas	0.0
4	16	Biogas	0.0
4	17	Biogas	0.0
4	18	Biogas	0.0
4	19	Biogas	0.0
4	20	Biogas	0.0
4	21	Biogas	0.0
4	22	Biogas	0.0
4	23	Biogas	0.0
4	24	Biogas	0.0
4	1	CH4_H2_Mix	0.0
4	2	CH4_H2_Mix	0.0
4	3	CH4_H2_Mix	0.0
4	4	CH4_H2_Mix	0.0
4	5	CH4_H2_Mix	0.0
4	6	CH4_H2_Mix	0.0
4	7	CH4_H2_Mix	0.0
4	8	CH4_H2_Mix	0.0
4	9	CH4_H2_Mix	0.0
4	10	CH4_H2_Mix	0.0
4	11	CH4_H2_Mix	0.0
4	12	CH4_H2_Mix	0.0
4	13	CH4_H2_Mix	0.0
4	14	CH4_H2_Mix	0.0
4	15	CH4_H2_Mix	0.0
4	16	CH4_H2_Mix	0.0
4	17	CH4_H2_Mix	0.0
4	18	CH4_H2_Mix	0.0
4	19	CH4_H2_Mix	0.0
4	20	CH4_H2_Mix	0.0
4	21	CH4_H2_Mix	0.0
4	22	CH4_H2_Mix	0.0
4	23	CH4_H2_Mix	0.0
4	24	CH4_H2_Mix	0.0
5	1	Electricity	42.35707883081235
5	2	Electricity	42.37049976542304
5	3	Electricity	42.150138837954536
5	4	Electricity	42.33933646673919
5	5	Electricity	43.51801118563149
5	6	Electricity	48.3115736722125
5	7	Electricity	60.079234706031556
5	8	Electricity	73.55290854771246
5	9	Electricity	89.79365803743212
5	10	Electricity	99.34539000188016
5	11	Electricity	102.36330818785962
5	12	Electricity	100.75526582099101
5	13	Electricity	91.14554847672521
5	14	Electricity	89.69080982020994
5	15	Electricity	95.46842667549015
5	16	Electricity	94.39238582398652
5	17	Electricity	91.79772603702308
5	18	Electricity	88.87023294986584
5	19	Electricity	81.50555328101329
5	20	Electricity	66.29099961596495
5	21	Electricity	50.97658925672538
5	22	Electricity	44.02393174834714
5	23	Electricity	42.74449188215721
5	24	Electricity	42.01395950032813
5	1	LT	23.763826059285876
5	2	LT	23.763826059285876
5	3	LT	23.763826059285876
5	4	LT	23.763826059285876
5	5	LT	23.763826059285876
5	6	LT	23.763826059285876
5	7	LT	23.763826059285876
5	8	LT	64.39230287032301
5	9	LT	80.49037858790376
5	10	LT	88.53941644669413
5	11	LT	88.53941644669413
5	12	LT	104.63749216427487
5	13	LT	104.63749216427487
5	14	LT	72.44134072911338
5	15	LT	104.63749216427487
5	16	LT	88.53941644669413
5	17	LT	76.6575034170512
5	18	LT	64.39230287032301
5	19	LT	23.763826059285876
5	20	LT	23.763826059285876
5	21	LT	23.763826059285876
5	22	LT	23.763826059285876
5	23	LT	23.763826059285876
5	24	LT	23.763826059285876
5	1	MT	117.54589011539333
5	2	MT	81.38156624170131
5	3	MT	81.38156624170131
5	4	MT	81.38156624170131
5	5	MT	81.38156624170131
5	6	MT	81.38156624170131
5	7	MT	81.38156624170131
5	8	MT	306.7737430355598
5	9	MT	383.4671787944497
5	10	MT	421.8138966738947
5	11	MT	421.8138966738947
5	12	MT	498.50733243278466
5	13	MT	498.50733243278466
5	14	MT	345.1204609150048
5	15	MT	498.50733243278466
5	16	MT	392.1869698081393
5	17	MT	222.1391820621595
5	18	MT	161.56007332735027
5	19	MT	84.16343730890837
5	20	MT	81.38156624170131
5	21	MT	81.38156624170131
5	22	MT	81.38156624170131
5	23	MT	81.38156624170131
5	24	MT	81.38156624170131
5	1	H2	0.0
5	2	H2	0.0
5	3	H2	0.0
5	4	H2	0.0
5	5	H2	0.0
5	6	H2	0.0
5	7	H2	0.0
5	8	H2	0.0
5	9	H2	0.0
5	10	H2	0.0
5	11	H2	0.0
5	12	H2	0.0
5	13	H2	0.0
5	14	H2	0.0
5	15	H2	0.0
5	16	H2	0.0
5	17	H2	0.0
5	18	H2	0.0
5	19	H2	0.0
5	20	H2	0.0
5	21	H2	0.0
5	22	H2	0.0
5	23	H2	0.0
5	24	H2	0.0
5	1	CH4	0.0
5	2	CH4	0.0
5	3	CH4	0.0
5	4	CH4	0.0
5	5	CH4	0.0
5	6	CH4	0.0
5	7	CH4	0.0
5	8	CH4	0.0
5	9	CH4	0.0
5	10	CH4	0.0
5	11	CH4	0.0
5	12	CH4	0.0
5	13	CH4	0.0
5	14	CH4	0.0
5	15	CH4	0.0
5	16	CH4	0.0
5	17	CH4	0.0
5	18	CH4	0.0
5	19	CH4	0.0
5	20	CH4	0.0
5	21	CH4	0.0
5	22	CH4	0.0
5	23	CH4	0.0
5	24	CH4	0.0
5	1	Biogas	0.0
5	2	Biogas	0.0
5	3	Biogas	0.0
5	4	Biogas	0.0
5	5	Biogas	0.0
5	6	Biogas	0.0
5	7	Biogas	0.0
5	8	Biogas	0.0
5	9	Biogas	0.0
5	10	Biogas	0.0
5	11	Biogas	0.0
5	12	Biogas	0.0
5	13	Biogas	0.0
5	14	Biogas	0.0
5	15	Biogas	0.0
5	16	Biogas	0.0
5	17	Biogas	0.0
5	18	Biogas	0.0
5	19	Biogas	0.0
5	20	Biogas	0.0
5	21	Biogas	0.0
5	22	Biogas	0.0
5	23	Biogas	0.0
5	24	Biogas	0.0
5	1	CH4_H2_Mix	0.0
5	2	CH4_H2_Mix	0.0
5	3	CH4_H2_Mix	0.0
5	4	CH4_H2_Mix	0.0
5	5	CH4_H2_Mix	0.0
5	6	CH4_H2_Mix	0.0
5	7	CH4_H2_Mix	0.0
5	8	CH4_H2_Mix	0.0
5	9	CH4_H2_Mix	0.0
5	10	CH4_H2_Mix	0.0
5	11	CH4_H2_Mix	0.0
5	12	CH4_H2_Mix	0.0
5	13	CH4_H2_Mix	0.0
5	14	CH4_H2_Mix	0.0
5	15	CH4_H2_Mix	0.0
5	16	CH4_H2_Mix	0.0
5	17	CH4_H2_Mix	0.0
5	18	CH4_H2_Mix	0.0
5	19	CH4_H2_Mix	0.0
5	20	CH4_H2_Mix	0.0
5	21	CH4_H2_Mix	0.0
5	22	CH4_H2_Mix	0.0
5	23	CH4_H2_Mix	0.0
5	24	CH4_H2_Mix	0.0
6	1	Electricity	45.99551513201818
6	2	Electricity	45.019837103816194
6	3	Electricity	45.443097808486456
6	4	Electricity	45.15613238291282
6	5	Electricity	46.755091257528555
6	6	Electricity	52.01037818354837
6	7	Electricity	61.97676219850241
6	8	Electricity	75.82145989312379
6	9	Electricity	93.36371489215976
6	10	Electricity	104.67350436145509
6	11	Electricity	108.43175378241473
6	12	Electricity	107.77305116995116
6	13	Electricity	96.08390711356574
6	14	Electricity	95.02480048165661
6	15	Electricity	102.49813813500934
6	16	Electricity	101.5915248139944
6	17	Electricity	99.36526692037685
6	18	Electricity	96.98686103192667
6	19	Electricity	88.83922296452036
6	20	Electricity	73.00193023113034
6	21	Electricity	56.02248484870637
6	22	Electricity	48.530259731903975
6	23	Electricity	46.80120601451015
6	24	Electricity	46.52531474758639
6	1	LT	53.34635753568979
6	2	LT	53.34635753568979
6	3	LT	53.34635753568979
6	4	LT	53.34635753568979
6	5	LT	53.34635753568979
6	6	LT	53.34635753568979
6	7	LT	53.34635753568979
6	8	LT	146.96921501082537
6	9	LT	163.98670306471044
6	10	LT	181.00419111859546
6	11	LT	181.00419111859546
6	12	LT	216.58621159490048
6	13	LT	216.58621159490048
6	14	LT	143.87512627375534
6	15	LT	216.58621159490048
6	16	LT	216.58621159490048
6	17	LT	180.9775179398276
6	18	LT	143.9017994525232
6	19	LT	53.34635753568979
6	20	LT	53.34635753568979
6	21	LT	53.34635753568979
6	22	LT	53.34635753568979
6	23	LT	53.34635753568979
6	24	LT	53.34635753568979
6	1	MT	146.0807361566674
6	2	MT	146.0807361566674
6	3	MT	146.0807361566674
6	4	MT	146.0807361566674
6	5	MT	146.0807361566674
6	6	MT	146.0807361566674
6	7	MT	146.0807361566674
6	8	MT	520.1307619184798
6	9	MT	580.3564290879881
6	10	MT	640.5820962574963
6	11	MT	640.5820962574963
6	12	MT	766.5084912482862
6	13	MT	766.5084912482862
6	14	MT	509.18064061493294
6	15	MT	766.5084912482862
6	16	MT	766.5084912482862
6	17	MT	509.48439110164213
6	18	MT	289.6645991437741
6	19	MT	146.0807361566674
6	20	MT	146.0807361566674
6	21	MT	146.0807361566674
6	22	MT	146.0807361566674
6	23	MT	146.0807361566674
6	24	MT	146.0807361566674
6	1	H2	0.0
6	2	H2	0.0
6	3	H2	0.0
6	4	H2	0.0
6	5	H2	0.0
6	6	H2	0.0
6	7	H2	0.0
6	8	H2	0.0
6	9	H2	0.0
6	10	H2	0.0
6	11	H2	0.0
6	12	H2	0.0
6	13	H2	0.0
6	14	H2	0.0
6	15	H2	0.0
6	16	H2	0.0
6	17	H2	0.0
6	18	H2	0.0
6	19	H2	0.0
6	20	H2	0.0
6	21	H2	0.0
6	22	H2	0.0
6	23	H2	0.0
6	24	H2	0.0
6	1	CH4	0.0
6	2	CH4	0.0
6	3	CH4	0.0
6	4	CH4	0.0
6	5	CH4	0.0
6	6	CH4	0.0
6	7	CH4	0.0
6	8	CH4	0.0
6	9	CH4	0.0
6	10	CH4	0.0
6	11	CH4	0.0
6	12	CH4	0.0
6	13	CH4	0.0
6	14	CH4	0.0
6	15	CH4	0.0
6	16	CH4	0.0
6	17	CH4	0.0
6	18	CH4	0.0
6	19	CH4	0.0
6	20	CH4	0.0
6	21	CH4	0.0
6	22	CH4	0.0
6	23	CH4	0.0
6	24	CH4	0.0
6	1	Biogas	0.0
6	2	Biogas	0.0
6	3	Biogas	0.0
6	4	Biogas	0.0
6	5	Biogas	0.0
6	6	Biogas	0.0
6	7	Biogas	0.0
6	8	Biogas	0.0
6	9	Biogas	0.0
6	10	Biogas	0.0
6	11	Biogas	0.0
6	12	Biogas	0.0
6	13	Biogas	0.0
6	14	Biogas	0.0
6	15	Biogas	0.0
6	16	Biogas	0.0
6	17	Biogas	0.0
6	18	Biogas	0.0
6	19	Biogas	0.0
6	20	Biogas	0.0
6	21	Biogas	0.0
6	22	Biogas	0.0
6	23	Biogas	0.0
6	24	Biogas	0.0
6	1	CH4_H2_Mix	0.0
6	2	CH4_H2_Mix	0.0
6	3	CH4_H2_Mix	0.0
6	4	CH4_H2_Mix	0.0
6	5	CH4_H2_Mix	0.0
6	6	CH4_H2_Mix	0.0
6	7	CH4_H2_Mix	0.0
6	8	CH4_H2_Mix	0.0
6	9	CH4_H2_Mix	0.0
6	10	CH4_H2_Mix	0.0
6	11	CH4_H2_Mix	0.0
6	12	CH4_H2_Mix	0.0
6	13	CH4_H2_Mix	0.0
6	14	CH4_H2_Mix	0.0
6	15	CH4_H2_Mix	0.0
6	16	CH4_H2_Mix	0.0
6	17	CH4_H2_Mix	0.0
6	18	CH4_H2_Mix	0.0
6	19	CH4_H2_Mix	0.0
6	20	CH4_H2_Mix	0.0
6	21	CH4_H2_Mix	0.0
6	22	CH4_H2_Mix	0.0
6	23	CH4_H2_Mix	0.0
6	24	CH4_H2_Mix	0.0
7	1	Electricity	33.57104171682052
7	2	Electricity	33.2112523035047
7	3	Electricity	32.97235019144876
7	4	Electricity	33.08280752371797
7	5	Electricity	34.462988796567956
7	6	Electricity	38.900576384742564
7	7	Electricity	49.94645613472231
7	8	Electricity	60.14861926573611
7	9	Electricity	74.85409422984813
7	10	Electricity	85.16216637208959
7	11	Electricity	88.23926920746946
7	12	Electricity	87.2359358448269
7	13	Electricity	77.78638893063385
7	14	Electricity	78.5985025043781
7	15	Electricity	85.22877913001096
7	16	Electricity	84.02829912956311
7	17	Electricity	81.25417038386462
7	18	Electricity	75.79535289418266
7	19	Electricity	69.18893667347356
7	20	Electricity	56.16725170955599
7	21	Electricity	42.879817418283686
7	22	Electricity	37.209693862734575
7	23	Electricity	34.87996968453807
7	24	Electricity	32.80487187625453
7	1	LT	15.390136667292646
7	2	LT	15.390136667292646
7	3	LT	15.390136667292646
7	4	LT	15.390136667292646
7	5	LT	15.390136667292646
7	6	LT	15.390136667292646
7	7	LT	15.390136667292646
7	8	LT	41.70230580814782
7	9	LT	52.12788226018476
7	10	LT	57.34067048620325
7	11	LT	57.34067048620325
7	12	LT	67.76624693824019
7	13	LT	67.76624693824019
7	14	LT	46.915094034166295
7	15	LT	67.76624693824019
7	16	LT	57.34067048620325
7	17	LT	49.645602152556926
7	18	LT	41.70230580814782
7	19	LT	15.390136667292646
7	20	LT	15.390136667292646
7	21	LT	15.390136667292646
7	22	LT	15.390136667292646
7	23	LT	15.390136667292646
7	24	LT	15.390136667292646
7	1	MT	96.31817144826569
7	2	MT	64.94266223322279
7	3	MT	64.94266223322279
7	4	MT	64.94266223322279
7	5	MT	64.94266223322279
7	6	MT	64.94266223322279
7	7	MT	64.94266223322279
7	8	MT	250.80775835280033
7	9	MT	313.50969794100035
7	10	MT	344.8606677351005
7	11	MT	344.8606677351005
7	12	MT	407.56260732330054
7	13	MT	407.56260732330054
7	14	MT	282.1587281469004
7	15	MT	407.56260732330054
7	16	MT	319.15688518585375
7	17	MT	174.45777110774276
7	18	MT	124.82302135085882
7	19	MT	67.35616294207225
7	20	MT	64.94266223322279
7	21	MT	64.94266223322279
7	22	MT	64.94266223322279
7	23	MT	64.94266223322279
7	24	MT	64.94266223322279
7	1	H2	0.0
7	2	H2	0.0
7	3	H2	0.0
7	4	H2	0.0
7	5	H2	0.0
7	6	H2	0.0
7	7	H2	0.0
7	8	H2	0.0
7	9	H2	0.0
7	10	H2	0.0
7	11	H2	0.0
7	12	H2	0.0
7	13	H2	0.0
7	14	H2	0.0
7	15	H2	0.0
7	16	H2	0.0
7	17	H2	0.0
7	18	H2	0.0
7	19	H2	0.0
7	20	H2	0.0
7	21	H2	0.0
7	22	H2	0.0
7	23	H2	0.0
7	24	H2	0.0
7	1	CH4	0.0
7	2	CH4	0.0
7	3	CH4	0.0
7	4	CH4	0.0
7	5	CH4	0.0
7	6	CH4	0.0
7	7	CH4	0.0
7	8	CH4	0.0
7	9	CH4	0.0
7	10	CH4	0.0
7	11	CH4	0.0
7	12	CH4	0.0
7	13	CH4	0.0
7	14	CH4	0.0
7	15	CH4	0.0
7	16	CH4	0.0
7	17	CH4	0.0
7	18	CH4	0.0
7	19	CH4	0.0
7	20	CH4	0.0
7	21	CH4	0.0
7	22	CH4	0.0
7	23	CH4	0.0
7	24	CH4	0.0
7	1	Biogas	0.0
7	2	Biogas	0.0
7	3	Biogas	0.0
7	4	Biogas	0.0
7	5	Biogas	0.0
7	6	Biogas	0.0
7	7	Biogas	0.0
7	8	Biogas	0.0
7	9	Biogas	0.0
7	10	Biogas	0.0
7	11	Biogas	0.0
7	12	Biogas	0.0
7	13	Biogas	0.0
7	14	Biogas	0.0
7	15	Biogas	0.0
7	16	Biogas	0.0
7	17	Biogas	0.0
7	18	Biogas	0.0
7	19	Biogas	0.0
7	20	Biogas	0.0
7	21	Biogas	0.0
7	22	Biogas	0.0
7	23	Biogas	0.0
7	24	Biogas	0.0
7	1	CH4_H2_Mix	0.0
7	2	CH4_H2_Mix	0.0
7	3	CH4_H2_Mix	0.0
7	4	CH4_H2_Mix	0.0
7	5	CH4_H2_Mix	0.0
7	6	CH4_H2_Mix	0.0
7	7	CH4_H2_Mix	0.0
7	8	CH4_H2_Mix	0.0
7	9	CH4_H2_Mix	0.0
7	10	CH4_H2_Mix	0.0
7	11	CH4_H2_Mix	0.0
7	12	CH4_H2_Mix	0.0
7	13	CH4_H2_Mix	0.0
7	14	CH4_H2_Mix	0.0
7	15	CH4_H2_Mix	0.0
7	16	CH4_H2_Mix	0.0
7	17	CH4_H2_Mix	0.0
7	18	CH4_H2_Mix	0.0
7	19	CH4_H2_Mix	0.0
7	20	CH4_H2_Mix	0.0
7	21	CH4_H2_Mix	0.0
7	22	CH4_H2_Mix	0.0
7	23	CH4_H2_Mix	0.0
7	24	CH4_H2_Mix	0.0
8	1	Electricity	33.74350361496997
8	2	Electricity	33.287832151325965
8	3	Electricity	32.51180657635872
8	4	Electricity	32.57981450846237
8	5	Electricity	33.85034428786757
8	6	Electricity	38.07309139425018
8	7	Electricity	46.99569899630928
8	8	Electricity	59.12821600461504
8	9	Electricity	72.4658310361114
8	10	Electricity	83.85404411651214
8	11	Electricity	90.00399413229738
8	12	Electricity	90.02368302595785
8	13	Electricity	82.58224202135763
8	14	Electricity	84.19988860362072
8	15	Electricity	92.88183191502813
8	16	Electricity	93.46257784937464
8	17	Electricity	91.10628305837724
8	18	Electricity	86.22325586664289
8	19	Electricity	77.67592919136298
8	20	Electricity	62.828395674013954
8	21	Electricity	46.84169725546976
8	22	Electricity	39.9917050068494
8	23	Electricity	37.68566139254615
8	24	Electricity	36.063761283604734
8	1	LT	1.9679172260324074
8	2	LT	1.9679172260324074
8	3	LT	1.9679172260324074
8	4	LT	1.9679172260324074
8	5	LT	1.9679172260324074
8	6	LT	1.9679172260324074
8	7	LT	1.9679172260324074
8	8	LT	5.421611957719282
8	9	LT	6.049377552823619
8	10	LT	6.677143147927957
8	11	LT	6.677143147927957
8	12	LT	7.989743937691572
8	13	LT	7.989743937691572
8	14	LT	5.307472758609402
8	15	LT	7.989743937691572
8	16	LT	7.989743937691572
8	17	LT	6.676159189314942
8	18	LT	5.308456717222417
8	19	LT	1.9679172260324074
8	20	LT	1.9679172260324074
8	21	LT	1.9679172260324074
8	22	LT	1.9679172260324074
8	23	LT	1.9679172260324074
8	24	LT	1.9679172260324074
8	1	MT	37.48134835099674
8	2	MT	37.48134835099674
8	3	MT	37.48134835099674
8	4	MT	37.48134835099674
8	5	MT	37.48134835099674
8	6	MT	37.48134835099674
8	7	MT	37.48134835099674
8	8	MT	150.37763081101525
8	9	MT	167.78977753650128
8	10	MT	185.20192426198724
8	11	MT	185.20192426198724
8	12	MT	221.60914014254888
8	13	MT	221.60914014254888
8	14	MT	147.21178595183602
8	15	MT	221.60914014254888
8	16	MT	221.60914014254888
8	17	MT	132.72301076934664
8	18	MT	59.31058269031666
8	19	MT	37.48134835099674
8	20	MT	37.48134835099674
8	21	MT	37.48134835099674
8	22	MT	37.48134835099674
8	23	MT	37.48134835099674
8	24	MT	37.48134835099674
8	1	H2	0.0
8	2	H2	0.0
8	3	H2	0.0
8	4	H2	0.0
8	5	H2	0.0
8	6	H2	0.0
8	7	H2	0.0
8	8	H2	0.0
8	9	H2	0.0
8	10	H2	0.0
8	11	H2	0.0
8	12	H2	0.0
8	13	H2	0.0
8	14	H2	0.0
8	15	H2	0.0
8	16	H2	0.0
8	17	H2	0.0
8	18	H2	0.0
8	19	H2	0.0
8	20	H2	0.0
8	21	H2	0.0
8	22	H2	0.0
8	23	H2	0.0
8	24	H2	0.0
8	1	CH4	0.0
8	2	CH4	0.0
8	3	CH4	0.0
8	4	CH4	0.0
8	5	CH4	0.0
8	6	CH4	0.0
8	7	CH4	0.0
8	8	CH4	0.0
8	9	CH4	0.0
8	10	CH4	0.0
8	11	CH4	0.0
8	12	CH4	0.0
8	13	CH4	0.0
8	14	CH4	0.0
8	15	CH4	0.0
8	16	CH4	0.0
8	17	CH4	0.0
8	18	CH4	0.0
8	19	CH4	0.0
8	20	CH4	0.0
8	21	CH4	0.0
8	22	CH4	0.0
8	23	CH4	0.0
8	24	CH4	0.0
8	1	Biogas	0.0
8	2	Biogas	0.0
8	3	Biogas	0.0
8	4	Biogas	0.0
8	5	Biogas	0.0
8	6	Biogas	0.0
8	7	Biogas	0.0
8	8	Biogas	0.0
8	9	Biogas	0.0
8	10	Biogas	0.0
8	11	Biogas	0.0
8	12	Biogas	0.0
8	13	Biogas	0.0
8	14	Biogas	0.0
8	15	Biogas	0.0
8	16	Biogas	0.0
8	17	Biogas	0.0
8	18	Biogas	0.0
8	19	Biogas	0.0
8	20	Biogas	0.0
8	21	Biogas	0.0
8	22	Biogas	0.0
8	23	Biogas	0.0
8	24	Biogas	0.0
8	1	CH4_H2_Mix	0.0
8	2	CH4_H2_Mix	0.0
8	3	CH4_H2_Mix	0.0
8	4	CH4_H2_Mix	0.0
8	5	CH4_H2_Mix	0.0
8	6	CH4_H2_Mix	0.0
8	7	CH4_H2_Mix	0.0
8	8	CH4_H2_Mix	0.0
8	9	CH4_H2_Mix	0.0
8	10	CH4_H2_Mix	0.0
8	11	CH4_H2_Mix	0.0
8	12	CH4_H2_Mix	0.0
8	13	CH4_H2_Mix	0.0
8	14	CH4_H2_Mix	0.0
8	15	CH4_H2_Mix	0.0
8	16	CH4_H2_Mix	0.0
8	17	CH4_H2_Mix	0.0
8	18	CH4_H2_Mix	0.0
8	19	CH4_H2_Mix	0.0
8	20	CH4_H2_Mix	0.0
8	21	CH4_H2_Mix	0.0
8	22	CH4_H2_Mix	0.0
8	23	CH4_H2_Mix	0.0
8	24	CH4_H2_Mix	0.0
9	1	Electricity	33.81697067754953
9	2	Electricity	32.30125866534593
9	3	Electricity	31.996583838953683
9	4	Electricity	31.85322352853633
9	5	Electricity	33.494933235938085
9	6	Electricity	37.75270074717519
9	7	Electricity	47.2307781056078
9	8	Electricity	58.38183306068306
9	9	Electricity	71.82800683219995
9	10	Electricity	83.55997834003531
9	11	Electricity	88.56501649742266
9	12	Electricity	88.61255265223636
9	13	Electricity	80.89330729577995
9	14	Electricity	82.61016222733008
9	15	Electricity	89.66422653897918
9	16	Electricity	89.87346339418411
9	17	Electricity	88.44664737597984
9	18	Electricity	83.66234295261538
9	19	Electricity	75.40877697268401
9	20	Electricity	60.66091937103189
9	21	Electricity	44.17382349581883
9	22	Electricity	38.4183658273512
9	23	Electricity	36.79005625299828
9	24	Electricity	34.53480825383154
9	1	LT	1.5957726244414654
9	2	LT	1.5957726244414654
9	3	LT	1.5957726244414654
9	4	LT	1.5957726244414654
9	5	LT	1.5957726244414654
9	6	LT	1.5957726244414654
9	7	LT	1.5957726244414654
9	8	LT	4.396353580336236
9	9	LT	4.905405047533065
9	10	LT	5.414456514729891
9	11	LT	5.414456514729891
9	12	LT	6.478836855232347
9	13	LT	6.478836855232347
9	14	LT	4.303798768118632
9	15	LT	6.478836855232347
9	16	LT	6.478836855232347
9	17	LT	5.4136586284176715
9	18	LT	4.304596654430853
9	19	LT	1.5957726244414654
9	20	LT	1.5957726244414654
9	21	LT	1.5957726244414654
9	22	LT	1.5957726244414654
9	23	LT	1.5957726244414654
9	24	LT	1.5957726244414654
9	1	MT	34.342822461918246
9	2	MT	34.342822461918246
9	3	MT	34.342822461918246
9	4	MT	34.342822461918246
9	5	MT	34.342822461918246
9	6	MT	34.342822461918246
9	7	MT	34.342822461918246
9	8	MT	138.08507635311744
9	9	MT	154.07387466768895
9	10	MT	170.06267298226047
9	11	MT	170.06267298226047
9	12	MT	203.4937967309099
9	13	MT	203.4937967309099
9	14	MT	135.17802211410444
9	15	MT	203.4937967309099
9	16	MT	203.4937967309099
9	17	MT	121.64474103576447
9	18	MT	54.07856877781524
9	19	MT	34.342822461918246
9	20	MT	34.342822461918246
9	21	MT	34.342822461918246
9	22	MT	34.342822461918246
9	23	MT	34.342822461918246
9	24	MT	34.342822461918246
9	1	H2	0.0
9	2	H2	0.0
9	3	H2	0.0
9	4	H2	0.0
9	5	H2	0.0
9	6	H2	0.0
9	7	H2	0.0
9	8	H2	0.0
9	9	H2	0.0
9	10	H2	0.0
9	11	H2	0.0
9	12	H2	0.0
9	13	H2	0.0
9	14	H2	0.0
9	15	H2	0.0
9	16	H2	0.0
9	17	H2	0.0
9	18	H2	0.0
9	19	H2	0.0
9	20	H2	0.0
9	21	H2	0.0
9	22	H2	0.0
9	23	H2	0.0
9	24	H2	0.0
9	1	CH4	0.0
9	2	CH4	0.0
9	3	CH4	0.0
9	4	CH4	0.0
9	5	CH4	0.0
9	6	CH4	0.0
9	7	CH4	0.0
9	8	CH4	0.0
9	9	CH4	0.0
9	10	CH4	0.0
9	11	CH4	0.0
9	12	CH4	0.0
9	13	CH4	0.0
9	14	CH4	0.0
9	15	CH4	0.0
9	16	CH4	0.0
9	17	CH4	0.0
9	18	CH4	0.0
9	19	CH4	0.0
9	20	CH4	0.0
9	21	CH4	0.0
9	22	CH4	0.0
9	23	CH4	0.0
9	24	CH4	0.0
9	1	Biogas	0.0
9	2	Biogas	0.0
9	3	Biogas	0.0
9	4	Biogas	0.0
9	5	Biogas	0.0
9	6	Biogas	0.0
9	7	Biogas	0.0
9	8	Biogas	0.0
9	9	Biogas	0.0
9	10	Biogas	0.0
9	11	Biogas	0.0
9	12	Biogas	0.0
9	13	Biogas	0.0
9	14	Biogas	0.0
9	15	Biogas	0.0
9	16	Biogas	0.0
9	17	Biogas	0.0
9	18	Biogas	0.0
9	19	Biogas	0.0
9	20	Biogas	0.0
9	21	Biogas	0.0
9	22	Biogas	0.0
9	23	Biogas	0.0
9	24	Biogas	0.0
9	1	CH4_H2_Mix	0.0
9	2	CH4_H2_Mix	0.0
9	3	CH4_H2_Mix	0.0
9	4	CH4_H2_Mix	0.0
9	5	CH4_H2_Mix	0.0
9	6	CH4_H2_Mix	0.0
9	7	CH4_H2_Mix	0.0
9	8	CH4_H2_Mix	0.0
9	9	CH4_H2_Mix	0.0
9	10	CH4_H2_Mix	0.0
9	11	CH4_H2_Mix	0.0
9	12	CH4_H2_Mix	0.0
9	13	CH4_H2_Mix	0.0
9	14	CH4_H2_Mix	0.0
9	15	CH4_H2_Mix	0.0
9	16	CH4_H2_Mix	0.0
9	17	CH4_H2_Mix	0.0
9	18	CH4_H2_Mix	0.0
9	19	CH4_H2_Mix	0.0
9	20	CH4_H2_Mix	0.0
9	21	CH4_H2_Mix	0.0
9	22	CH4_H2_Mix	0.0
9	23	CH4_H2_Mix	0.0
9	24	CH4_H2_Mix	0.0
10	1	Electricity	32.87360125010276
10	2	Electricity	32.37542537997067
10	3	Electricity	31.878597582798562
10	4	Electricity	32.017916790769746
10	5	Electricity	33.138200562730205
10	6	Electricity	37.73905395979667
10	7	Electricity	47.39131579346269
10	8	Electricity	57.926189442247924
10	9	Electricity	72.45476807635353
10	10	Electricity	84.19614163677943
10	11	Electricity	89.55850433641848
10	12	Electricity	89.85715159988628
10	13	Electricity	82.34645109832124
10	14	Electricity	84.02393863066291
10	15	Electricity	90.43237516295494
10	16	Electricity	90.93955025494435
10	17	Electricity	89.53779885193417
10	18	Electricity	83.8995446066659
10	19	Electricity	75.27607027971838
10	20	Electricity	61.056613800323596
10	21	Electricity	44.62186790591909
10	22	Electricity	38.45499732710676
10	23	Electricity	36.45225925928417
10	24	Electricity	34.31996133647716
10	1	LT	2.0833656575891752
10	2	LT	2.0833656575891752
10	3	LT	2.0833656575891752
10	4	LT	2.0833656575891752
10	5	LT	2.0833656575891752
10	6	LT	2.0833656575891752
10	7	LT	2.0833656575891752
10	8	LT	6.0014372007326875
10	9	LT	6.696340455554368
10	10	LT	7.391243710376049
10	11	LT	7.391243710376049
10	12	LT	8.844223243185015
10	13	LT	8.844223243185015
10	14	LT	5.875091154401473
10	15	LT	8.844223243185015
10	16	LT	8.844223243185015
10	17	LT	7.392587817251911
10	18	LT	5.87374704752561
10	19	LT	2.0833656575891752
10	20	LT	2.0833656575891752
10	21	LT	2.0833656575891752
10	22	LT	2.0833656575891752
10	23	LT	2.0833656575891752
10	24	LT	2.0833656575891752
10	1	MT	25.820516366962718
10	2	MT	38.16332141221599
10	3	MT	38.16332141221599
10	4	MT	38.16332141221599
10	5	MT	38.16332141221599
10	6	MT	38.16332141221599
10	7	MT	38.16332141221599
10	8	MT	157.86922974970292
10	9	MT	176.14882477335271
10	10	MT	194.42841979700253
10	11	MT	194.42841979700253
10	12	MT	232.64939121008848
10	13	MT	232.64939121008848
10	14	MT	154.54566701813022
10	15	MT	232.64939121008848
10	16	MT	232.64939121008848
10	17	MT	139.45951053397033
10	18	MT	62.466885264758574
10	19	MT	39.28539459814811
10	20	MT	39.28539459814811
10	21	MT	39.28539459814811
10	22	MT	39.28539459814811
10	23	MT	39.28539459814811
10	24	MT	39.28539459814811
10	1	H2	0.0
10	2	H2	0.0
10	3	H2	0.0
10	4	H2	0.0
10	5	H2	0.0
10	6	H2	0.0
10	7	H2	0.0
10	8	H2	0.0
10	9	H2	0.0
10	10	H2	0.0
10	11	H2	0.0
10	12	H2	0.0
10	13	H2	0.0
10	14	H2	0.0
10	15	H2	0.0
10	16	H2	0.0
10	17	H2	0.0
10	18	H2	0.0
10	19	H2	0.0
10	20	H2	0.0
10	21	H2	0.0
10	22	H2	0.0
10	23	H2	0.0
10	24	H2	0.0
10	1	CH4	0.0
10	2	CH4	0.0
10	3	CH4	0.0
10	4	CH4	0.0
10	5	CH4	0.0
10	6	CH4	0.0
10	7	CH4	0.0
10	8	CH4	0.0
10	9	CH4	0.0
10	10	CH4	0.0
10	11	CH4	0.0
10	12	CH4	0.0
10	13	CH4	0.0
10	14	CH4	0.0
10	15	CH4	0.0
10	16	CH4	0.0
10	17	CH4	0.0
10	18	CH4	0.0
10	19	CH4	0.0
10	20	CH4	0.0
10	21	CH4	0.0
10	22	CH4	0.0
10	23	CH4	0.0
10	24	CH4	0.0
10	1	Biogas	0.0
10	2	Biogas	0.0
10	3	Biogas	0.0
10	4	Biogas	0.0
10	5	Biogas	0.0
10	6	Biogas	0.0
10	7	Biogas	0.0
10	8	Biogas	0.0
10	9	Biogas	0.0
10	10	Biogas	0.0
10	11	Biogas	0.0
10	12	Biogas	0.0
10	13	Biogas	0.0
10	14	Biogas	0.0
10	15	Biogas	0.0
10	16	Biogas	0.0
10	17	Biogas	0.0
10	18	Biogas	0.0
10	19	Biogas	0.0
10	20	Biogas	0.0
10	21	Biogas	0.0
10	22	Biogas	0.0
10	23	Biogas	0.0
10	24	Biogas	0.0
10	1	CH4_H2_Mix	0.0
10	2	CH4_H2_Mix	0.0
10	3	CH4_H2_Mix	0.0
10	4	CH4_H2_Mix	0.0
10	5	CH4_H2_Mix	0.0
10	6	CH4_H2_Mix	0.0
10	7	CH4_H2_Mix	0.0
10	8	CH4_H2_Mix	0.0
10	9	CH4_H2_Mix	0.0
10	10	CH4_H2_Mix	0.0
10	11	CH4_H2_Mix	0.0
10	12	CH4_H2_Mix	0.0
10	13	CH4_H2_Mix	0.0
10	14	CH4_H2_Mix	0.0
10	15	CH4_H2_Mix	0.0
10	16	CH4_H2_Mix	0.0
10	17	CH4_H2_Mix	0.0
10	18	CH4_H2_Mix	0.0
10	19	CH4_H2_Mix	0.0
10	20	CH4_H2_Mix	0.0
10	21	CH4_H2_Mix	0.0
10	22	CH4_H2_Mix	0.0
10	23	CH4_H2_Mix	0.0
10	24	CH4_H2_Mix	0.0
11	1	Electricity	42.703313936287735
11	2	Electricity	42.81183654594625
11	3	Electricity	42.860291415294554
11	4	Electricity	43.08743159964265
11	5	Electricity	43.042762411857346
11	6	Electricity	43.58578052052683
11	7	Electricity	44.823524327402225
11	8	Electricity	46.202412634962194
11	9	Electricity	47.42668475749681
11	10	Electricity	47.75339368262503
11	11	Electricity	48.783719111393616
11	12	Electricity	49.14933017497468
11	13	Electricity	48.958792631698884
11	14	Electricity	48.65202824914602
11	15	Electricity	48.427931427043916
11	16	Electricity	48.12062949767456
11	17	Electricity	48.508378617127164
11	18	Electricity	49.59546013195208
11	19	Electricity	49.72089897203468
11	20	Electricity	47.58266784076894
11	21	Electricity	45.535964595146126
11	22	Electricity	44.291667561517016
11	23	Electricity	44.106882929605966
11	24	Electricity	44.489381897001884
11	1	LT	16.6947970726085
11	2	LT	19.387506277867935
11	3	LT	19.387506277867935
11	4	LT	19.387506277867935
11	5	LT	19.387506277867935
11	6	LT	24.234382847334924
11	7	LT	28.542717575750018
11	8	LT	33.928135986268884
11	9	LT	33.928135986268884
11	10	LT	33.928135986268884
11	11	LT	33.928135986268884
11	12	LT	33.928135986268884
11	13	LT	33.928135986268884
11	14	LT	33.928135986268884
11	15	LT	33.928135986268884
11	16	LT	30.15834309890568
11	17	LT	29.61980125785379
11	18	LT	25.311466529438697
11	19	LT	23.69584100628304
11	20	LT	19.926048118919823
11	21	LT	16.6947970726085
11	22	LT	14.540629708400955
11	23	LT	14.540629708400955
11	24	LT	14.540629708400955
11	1	MT	79.65117917788982
11	2	MT	79.76337539477562
11	3	MT	79.76337539477562
11	4	MT	79.76337539477562
11	5	MT	79.76337539477562
11	6	MT	79.96532858517007
11	7	MT	80.14484253218737
11	8	MT	80.36923496595898
11	9	MT	80.36923496595898
11	10	MT	80.36923496595898
11	11	MT	80.36923496595898
11	12	MT	80.36923496595898
11	13	MT	80.36923496595898
11	14	MT	80.36923496595898
11	15	MT	80.36923496595898
11	16	MT	80.21216026231885
11	17	MT	80.1897210189417
11	18	MT	80.0102070719244
11	19	MT	79.9428893417929
11	20	MT	79.78581463815279
11	21	MT	79.65117917788982
11	22	MT	79.56142220438116
11	23	MT	79.56142220438116
11	24	MT	79.56142220438116
11	1	H2	0.0
11	2	H2	0.0
11	3	H2	0.0
11	4	H2	0.0
11	5	H2	0.0
11	6	H2	0.0
11	7	H2	0.0
11	8	H2	0.0
11	9	H2	0.0
11	10	H2	0.0
11	11	H2	0.0
11	12	H2	0.0
11	13	H2	0.0
11	14	H2	0.0
11	15	H2	0.0
11	16	H2	0.0
11	17	H2	0.0
11	18	H2	0.0
11	19	H2	0.0
11	20	H2	0.0
11	21	H2	0.0
11	22	H2	0.0
11	23	H2	0.0
11	24	H2	0.0
11	1	CH4	0.0
11	2	CH4	0.0
11	3	CH4	0.0
11	4	CH4	0.0
11	5	CH4	0.0
11	6	CH4	0.0
11	7	CH4	0.0
11	8	CH4	0.0
11	9	CH4	0.0
11	10	CH4	0.0
11	11	CH4	0.0
11	12	CH4	0.0
11	13	CH4	0.0
11	14	CH4	0.0
11	15	CH4	0.0
11	16	CH4	0.0
11	17	CH4	0.0
11	18	CH4	0.0
11	19	CH4	0.0
11	20	CH4	0.0
11	21	CH4	0.0
11	22	CH4	0.0
11	23	CH4	0.0
11	24	CH4	0.0
11	1	Biogas	0.0
11	2	Biogas	0.0
11	3	Biogas	0.0
11	4	Biogas	0.0
11	5	Biogas	0.0
11	6	Biogas	0.0
11	7	Biogas	0.0
11	8	Biogas	0.0
11	9	Biogas	0.0
11	10	Biogas	0.0
11	11	Biogas	0.0
11	12	Biogas	0.0
11	13	Biogas	0.0
11	14	Biogas	0.0
11	15	Biogas	0.0
11	16	Biogas	0.0
11	17	Biogas	0.0
11	18	Biogas	0.0
11	19	Biogas	0.0
11	20	Biogas	0.0
11	21	Biogas	0.0
11	22	Biogas	0.0
11	23	Biogas	0.0
11	24	Biogas	0.0
11	1	CH4_H2_Mix	0.0
11	2	CH4_H2_Mix	0.0
11	3	CH4_H2_Mix	0.0
11	4	CH4_H2_Mix	0.0
11	5	CH4_H2_Mix	0.0
11	6	CH4_H2_Mix	0.0
11	7	CH4_H2_Mix	0.0
11	8	CH4_H2_Mix	0.0
11	9	CH4_H2_Mix	0.0
11	10	CH4_H2_Mix	0.0
11	11	CH4_H2_Mix	0.0
11	12	CH4_H2_Mix	0.0
11	13	CH4_H2_Mix	0.0
11	14	CH4_H2_Mix	0.0
11	15	CH4_H2_Mix	0.0
11	16	CH4_H2_Mix	0.0
11	17	CH4_H2_Mix	0.0
11	18	CH4_H2_Mix	0.0
11	19	CH4_H2_Mix	0.0
11	20	CH4_H2_Mix	0.0
11	21	CH4_H2_Mix	0.0
11	22	CH4_H2_Mix	0.0
11	23	CH4_H2_Mix	0.0
11	24	CH4_H2_Mix	0.0
12	1	Electricity	38.11384395958128
12	2	Electricity	38.66316453610354
12	3	Electricity	38.80880278223375
12	4	Electricity	38.97446867583934
12	5	Electricity	39.39191715555618
12	6	Electricity	40.24640612049865
12	7	Electricity	41.52292307587385
12	8	Electricity	41.602406857201885
12	9	Electricity	42.350156395338324
12	10	Electricity	42.94880961137811
12	11	Electricity	43.297871981022666
12	12	Electricity	42.64264713126553
12	13	Electricity	42.09366693011719
12	14	Electricity	40.83757873004408
12	15	Electricity	40.34210541605745
12	16	Electricity	40.04170111737642
12	17	Electricity	40.23397687057865
12	18	Electricity	40.05931945752109
12	19	Electricity	39.99730647980339
12	20	Electricity	40.014608666612084
12	21	Electricity	38.29715877492126
12	22	Electricity	37.64512935924234
12	23	Electricity	37.68940334268922
12	24	Electricity	37.87239995240757
12	1	LT	20.875011266864597
12	2	LT	24.241948567971793
12	3	LT	24.241948567971793
12	4	LT	24.241948567971793
12	5	LT	24.241948567971793
12	6	LT	30.302435709964737
12	7	LT	35.68953539173625
12	8	LT	42.423409993950635
12	9	LT	42.423409993950635
12	10	LT	42.423409993950635
12	11	LT	42.423409993950635
12	12	LT	42.423409993950635
12	13	LT	42.423409993950635
12	14	LT	42.423409993950635
12	15	LT	42.423409993950635
12	16	LT	37.70969777240057
12	17	LT	37.036310312179126
12	18	LT	31.649210630407616
12	19	LT	29.629048249743303
12	20	LT	24.915336028193234
12	21	LT	20.875011266864597
12	22	LT	18.181461425978846
12	23	LT	18.181461425978846
12	24	LT	18.181461425978846
12	1	MT	94.3035458645935
12	2	MT	94.4438349188063
12	3	MT	94.4438349188063
12	4	MT	94.4438349188063
12	5	MT	94.4438349188063
12	6	MT	94.69635521638934
12	7	MT	94.92081770312981
12	8	MT	95.20139581155541
12	9	MT	95.20139581155541
12	10	MT	95.20139581155541
12	11	MT	95.20139581155541
12	12	MT	95.20139581155541
12	13	MT	95.20139581155541
12	14	MT	95.20139581155541
12	15	MT	95.20139581155541
12	16	MT	95.00499113565749
12	17	MT	94.97693332481494
12	18	MT	94.75247083807446
12	19	MT	94.66829740554678
12	20	MT	94.47189272964886
12	21	MT	94.3035458645935
12	22	MT	94.19131462122327
12	23	MT	94.19131462122327
12	24	MT	94.19131462122327
12	1	H2	0.0
12	2	H2	0.0
12	3	H2	0.0
12	4	H2	0.0
12	5	H2	0.0
12	6	H2	0.0
12	7	H2	0.0
12	8	H2	0.0
12	9	H2	0.0
12	10	H2	0.0
12	11	H2	0.0
12	12	H2	0.0
12	13	H2	0.0
12	14	H2	0.0
12	15	H2	0.0
12	16	H2	0.0
12	17	H2	0.0
12	18	H2	0.0
12	19	H2	0.0
12	20	H2	0.0
12	21	H2	0.0
12	22	H2	0.0
12	23	H2	0.0
12	24	H2	0.0
12	1	CH4	0.0
12	2	CH4	0.0
12	3	CH4	0.0
12	4	CH4	0.0
12	5	CH4	0.0
12	6	CH4	0.0
12	7	CH4	0.0
12	8	CH4	0.0
12	9	CH4	0.0
12	10	CH4	0.0
12	11	CH4	0.0
12	12	CH4	0.0
12	13	CH4	0.0
12	14	CH4	0.0
12	15	CH4	0.0
12	16	CH4	0.0
12	17	CH4	0.0
12	18	CH4	0.0
12	19	CH4	0.0
12	20	CH4	0.0
12	21	CH4	0.0
12	22	CH4	0.0
12	23	CH4	0.0
12	24	CH4	0.0
12	1	Biogas	0.0
12	2	Biogas	0.0
12	3	Biogas	0.0
12	4	Biogas	0.0
12	5	Biogas	0.0
12	6	Biogas	0.0
12	7	Biogas	0.0
12	8	Biogas	0.0
12	9	Biogas	0.0
12	10	Biogas	0.0
12	11	Biogas	0.0
12	12	Biogas	0.0
12	13	Biogas	0.0
12	14	Biogas	0.0
12	15	Biogas	0.0
12	16	Biogas	0.0
12	17	Biogas	0.0
12	18	Biogas	0.0
12	19	Biogas	0.0
12	20	Biogas	0.0
12	21	Biogas	0.0
12	22	Biogas	0.0
12	23	Biogas	0.0
12	24	Biogas	0.0
12	1	CH4_H2_Mix	0.0
12	2	CH4_H2_Mix	0.0
12	3	CH4_H2_Mix	0.0
12	4	CH4_H2_Mix	0.0
12	5	CH4_H2_Mix	0.0
12	6	CH4_H2_Mix	0.0
12	7	CH4_H2_Mix	0.0
12	8	CH4_H2_Mix	0.0
12	9	CH4_H2_Mix	0.0
12	10	CH4_H2_Mix	0.0
12	11	CH4_H2_Mix	0.0
12	12	CH4_H2_Mix	0.0
12	13	CH4_H2_Mix	0.0
12	14	CH4_H2_Mix	0.0
12	15	CH4_H2_Mix	0.0
12	16	CH4_H2_Mix	0.0
12	17	CH4_H2_Mix	0.0
12	18	CH4_H2_Mix	0.0
12	19	CH4_H2_Mix	0.0
12	20	CH4_H2_Mix	0.0
12	21	CH4_H2_Mix	0.0
12	22	CH4_H2_Mix	0.0
12	23	CH4_H2_Mix	0.0
12	24	CH4_H2_Mix	0.0
13	1	Electricity	39.726339735614786
13	2	Electricity	41.05558490044095
13	3	Electricity	41.22165086306202
13	4	Electricity	41.764689469251046
13	5	Electricity	43.08311620035281
13	6	Electricity	48.43966611762753
13	7	Electricity	59.150255778807626
13	8	Electricity	71.88084548502256
13	9	Electricity	87.64267334444153
13	10	Electricity	98.10283589083338
13	11	Electricity	100.54043572731152
13	12	Electricity	99.57829878110915
13	13	Electricity	87.09256674251921
13	14	Electricity	86.75765660526838
13	15	Electricity	94.3172978611412
13	16	Electricity	93.91764284994362
13	17	Electricity	91.29645390128186
13	18	Electricity	85.73825392207578
13	19	Electricity	78.85571072563667
13	20	Electricity	68.01798075289419
13	21	Electricity	52.3864620860868
13	22	Electricity	44.781963592255615
13	23	Electricity	43.00724988917589
13	24	Electricity	42.186588292372775
13	1	LT	22.135086701052952
13	2	LT	22.135086701052952
13	3	LT	22.135086701052952
13	4	LT	22.135086701052952
13	5	LT	22.135086701052952
13	6	LT	22.135086701052952
13	7	LT	22.135086701052952
13	8	LT	63.76333040012995
13	9	LT	71.14645286751342
13	10	LT	78.52957533489689
13	11	LT	78.52957533489689
13	12	LT	93.96701322124414
13	13	LT	93.96701322124414
13	14	LT	62.42094449696933
13	15	LT	93.96701322124414
13	16	LT	93.96701322124414
13	17	LT	78.54385603599435
13	18	LT	62.40666379587188
13	19	LT	22.135086701052952
13	20	LT	22.135086701052952
13	21	LT	22.135086701052952
13	22	LT	22.135086701052952
13	23	LT	22.135086701052952
13	24	LT	22.135086701052952
13	1	MT	61.426791746641726
13	2	MT	81.04194695420576
13	3	MT	81.04194695420576
13	4	MT	81.04194695420576
13	5	MT	81.04194695420576
13	6	MT	81.04194695420576
13	7	MT	81.04194695420576
13	8	MT	309.63007194866077
13	9	MT	345.48197501640044
13	10	MT	381.33387808414017
13	11	MT	381.33387808414017
13	12	MT	456.2969481348685
13	13	MT	456.2969481348685
13	14	MT	303.11154411816267
13	15	MT	456.2969481348685
13	16	MT	456.2969481348685
13	17	MT	293.99058033288406
13	18	MT	156.76701551021287
13	19	MT	82.82514288216612
13	20	MT	82.82514288216612
13	21	MT	82.82514288216612
13	22	MT	82.82514288216612
13	23	MT	82.82514288216612
13	24	MT	82.82514288216612
13	1	H2	0.0
13	2	H2	0.0
13	3	H2	0.0
13	4	H2	0.0
13	5	H2	0.0
13	6	H2	0.0
13	7	H2	0.0
13	8	H2	0.0
13	9	H2	0.0
13	10	H2	0.0
13	11	H2	0.0
13	12	H2	0.0
13	13	H2	0.0
13	14	H2	0.0
13	15	H2	0.0
13	16	H2	0.0
13	17	H2	0.0
13	18	H2	0.0
13	19	H2	0.0
13	20	H2	0.0
13	21	H2	0.0
13	22	H2	0.0
13	23	H2	0.0
13	24	H2	0.0
13	1	CH4	0.0
13	2	CH4	0.0
13	3	CH4	0.0
13	4	CH4	0.0
13	5	CH4	0.0
13	6	CH4	0.0
13	7	CH4	0.0
13	8	CH4	0.0
13	9	CH4	0.0
13	10	CH4	0.0
13	11	CH4	0.0
13	12	CH4	0.0
13	13	CH4	0.0
13	14	CH4	0.0
13	15	CH4	0.0
13	16	CH4	0.0
13	17	CH4	0.0
13	18	CH4	0.0
13	19	CH4	0.0
13	20	CH4	0.0
13	21	CH4	0.0
13	22	CH4	0.0
13	23	CH4	0.0
13	24	CH4	0.0
13	1	Biogas	0.0
13	2	Biogas	0.0
13	3	Biogas	0.0
13	4	Biogas	0.0
13	5	Biogas	0.0
13	6	Biogas	0.0
13	7	Biogas	0.0
13	8	Biogas	0.0
13	9	Biogas	0.0
13	10	Biogas	0.0
13	11	Biogas	0.0
13	12	Biogas	0.0
13	13	Biogas	0.0
13	14	Biogas	0.0
13	15	Biogas	0.0
13	16	Biogas	0.0
13	17	Biogas	0.0
13	18	Biogas	0.0
13	19	Biogas	0.0
13	20	Biogas	0.0
13	21	Biogas	0.0
13	22	Biogas	0.0
13	23	Biogas	0.0
13	24	Biogas	0.0
13	1	CH4_H2_Mix	0.0
13	2	CH4_H2_Mix	0.0
13	3	CH4_H2_Mix	0.0
13	4	CH4_H2_Mix	0.0
13	5	CH4_H2_Mix	0.0
13	6	CH4_H2_Mix	0.0
13	7	CH4_H2_Mix	0.0
13	8	CH4_H2_Mix	0.0
13	9	CH4_H2_Mix	0.0
13	10	CH4_H2_Mix	0.0
13	11	CH4_H2_Mix	0.0
13	12	CH4_H2_Mix	0.0
13	13	CH4_H2_Mix	0.0
13	14	CH4_H2_Mix	0.0
13	15	CH4_H2_Mix	0.0
13	16	CH4_H2_Mix	0.0
13	17	CH4_H2_Mix	0.0
13	18	CH4_H2_Mix	0.0
13	19	CH4_H2_Mix	0.0
13	20	CH4_H2_Mix	0.0
13	21	CH4_H2_Mix	0.0
13	22	CH4_H2_Mix	0.0
13	23	CH4_H2_Mix	0.0
13	24	CH4_H2_Mix	0.0
14	1	Electricity	45.89391556591832
14	2	Electricity	45.66268365607829
14	3	Electricity	45.46671908412789
14	4	Electricity	46.014132833922055
14	5	Electricity	47.055670709921046
14	6	Electricity	52.769739731193496
14	7	Electricity	62.92422254066161
14	8	Electricity	76.39228322909618
14	9	Electricity	93.98691952529936
14	10	Electricity	105.90314247616914
14	11	Electricity	109.9829886294017
14	12	Electricity	108.78256302719173
14	13	Electricity	97.21756725260057
14	14	Electricity	96.62002971984309
14	15	Electricity	104.19981061211138
14	16	Electricity	103.22810124827352
14	17	Electricity	101.03589601815223
14	18	Electricity	97.2752951339127
14	19	Electricity	89.43837622882421
14	20	Electricity	73.39334252842907
14	21	Electricity	56.63588910848326
14	22	Electricity	48.84628944935214
14	23	Electricity	46.781959730452684
14	24	Electricity	46.28307083041345
14	1	LT	38.30869061134241
14	2	LT	38.30869061134241
14	3	LT	38.30869061134241
14	4	LT	38.30869061134241
14	5	LT	38.30869061134241
14	6	LT	38.30869061134241
14	7	LT	38.30869061134241
14	8	LT	105.54044263424835
14	9	LT	117.7609149392666
14	10	LT	129.9813872442848
14	11	LT	129.9813872442848
14	12	LT	155.5332838820502
14	13	LT	155.5332838820502
14	14	LT	103.3185385787905
14	15	LT	155.5332838820502
14	16	LT	155.5332838820502
14	17	LT	129.96223289897918
14	18	LT	103.33769292409616
14	19	LT	38.30869061134241
14	20	LT	38.30869061134241
14	21	LT	38.30869061134241
14	22	LT	38.30869061134241
14	23	LT	38.30869061134241
14	24	LT	38.30869061134241
14	1	MT	115.01036766223592
14	2	MT	115.01036766223592
14	3	MT	115.01036766223592
14	4	MT	115.01036766223592
14	5	MT	115.01036766223592
14	6	MT	115.01036766223592
14	7	MT	115.01036766223592
14	8	MT	414.8325311530525
14	9	MT	462.86577160235345
14	10	MT	510.89901205165427
14	11	MT	510.89901205165427
14	12	MT	611.3321511729196
14	13	MT	611.3321511729196
14	14	MT	406.09921470772514
14	15	MT	611.3321511729196
14	16	MT	611.3321511729196
14	17	MT	401.7503848653772
14	18	MT	223.32687364749052
14	19	MT	115.01036766223592
14	20	MT	115.01036766223592
14	21	MT	115.01036766223592
14	22	MT	115.01036766223592
14	23	MT	115.01036766223592
14	24	MT	115.01036766223592
14	1	H2	0.0
14	2	H2	0.0
14	3	H2	0.0
14	4	H2	0.0
14	5	H2	0.0
14	6	H2	0.0
14	7	H2	0.0
14	8	H2	0.0
14	9	H2	0.0
14	10	H2	0.0
14	11	H2	0.0
14	12	H2	0.0
14	13	H2	0.0
14	14	H2	0.0
14	15	H2	0.0
14	16	H2	0.0
14	17	H2	0.0
14	18	H2	0.0
14	19	H2	0.0
14	20	H2	0.0
14	21	H2	0.0
14	22	H2	0.0
14	23	H2	0.0
14	24	H2	0.0
14	1	CH4	0.0
14	2	CH4	0.0
14	3	CH4	0.0
14	4	CH4	0.0
14	5	CH4	0.0
14	6	CH4	0.0
14	7	CH4	0.0
14	8	CH4	0.0
14	9	CH4	0.0
14	10	CH4	0.0
14	11	CH4	0.0
14	12	CH4	0.0
14	13	CH4	0.0
14	14	CH4	0.0
14	15	CH4	0.0
14	16	CH4	0.0
14	17	CH4	0.0
14	18	CH4	0.0
14	19	CH4	0.0
14	20	CH4	0.0
14	21	CH4	0.0
14	22	CH4	0.0
14	23	CH4	0.0
14	24	CH4	0.0
14	1	Biogas	0.0
14	2	Biogas	0.0
14	3	Biogas	0.0
14	4	Biogas	0.0
14	5	Biogas	0.0
14	6	Biogas	0.0
14	7	Biogas	0.0
14	8	Biogas	0.0
14	9	Biogas	0.0
14	10	Biogas	0.0
14	11	Biogas	0.0
14	12	Biogas	0.0
14	13	Biogas	0.0
14	14	Biogas	0.0
14	15	Biogas	0.0
14	16	Biogas	0.0
14	17	Biogas	0.0
14	18	Biogas	0.0
14	19	Biogas	0.0
14	20	Biogas	0.0
14	21	Biogas	0.0
14	22	Biogas	0.0
14	23	Biogas	0.0
14	24	Biogas	0.0
14	1	CH4_H2_Mix	0.0
14	2	CH4_H2_Mix	0.0
14	3	CH4_H2_Mix	0.0
14	4	CH4_H2_Mix	0.0
14	5	CH4_H2_Mix	0.0
14	6	CH4_H2_Mix	0.0
14	7	CH4_H2_Mix	0.0
14	8	CH4_H2_Mix	0.0
14	9	CH4_H2_Mix	0.0
14	10	CH4_H2_Mix	0.0
14	11	CH4_H2_Mix	0.0
14	12	CH4_H2_Mix	0.0
14	13	CH4_H2_Mix	0.0
14	14	CH4_H2_Mix	0.0
14	15	CH4_H2_Mix	0.0
14	16	CH4_H2_Mix	0.0
14	17	CH4_H2_Mix	0.0
14	18	CH4_H2_Mix	0.0
14	19	CH4_H2_Mix	0.0
14	20	CH4_H2_Mix	0.0
14	21	CH4_H2_Mix	0.0
14	22	CH4_H2_Mix	0.0
14	23	CH4_H2_Mix	0.0
14	24	CH4_H2_Mix	0.0
