Node	Time	EnergyCarrier	ReferenceDemand
3	1	Electricity	33.74350361496997
3	2	Electricity	33.287832151325965
3	3	Electricity	32.51180657635872
3	4	Electricity	32.57981450846237
3	5	Electricity	33.85034428786757
3	6	Electricity	38.07309139425018
3	7	Electricity	46.99569899630928
3	8	Electricity	59.12821600461504
3	9	Electricity	72.4658310361114
3	10	Electricity	83.85404411651214
3	11	Electricity	90.00399413229738
3	12	Electricity	90.02368302595785
3	13	Electricity	82.58224202135763
3	14	Electricity	84.19988860362072
3	15	Electricity	92.88183191502813
3	16	Electricity	93.46257784937464
3	17	Electricity	91.10628305837724
3	18	Electricity	86.22325586664289
3	19	Electricity	77.67592919136298
3	20	Electricity	62.828395674013954
3	21	Electricity	46.84169725546976
3	22	Electricity	39.9917050068494
3	23	Electricity	37.68566139254615
3	24	Electricity	36.063761283604734
3	1	LT	1.9679172260324074
3	2	LT	1.9679172260324074
3	3	LT	1.9679172260324074
3	4	LT	1.9679172260324074
3	5	LT	1.9679172260324074
3	6	LT	1.9679172260324074
3	7	LT	1.9679172260324074
3	8	LT	5.421611957719282
3	9	LT	6.049377552823619
3	10	LT	6.677143147927957
3	11	LT	6.677143147927957
3	12	LT	7.989743937691572
3	13	LT	7.989743937691572
3	14	LT	5.307472758609402
3	15	LT	7.989743937691572
3	16	LT	7.989743937691572
3	17	LT	6.676159189314942
3	18	LT	5.308456717222417
3	19	LT	1.9679172260324074
3	20	LT	1.9679172260324074
3	21	LT	1.9679172260324074
3	22	LT	1.9679172260324074
3	23	LT	1.9679172260324074
3	24	LT	1.9679172260324074
3	1	MT	37.48134835099674
3	2	MT	37.48134835099674
3	3	MT	37.48134835099674
3	4	MT	37.48134835099674
3	5	MT	37.48134835099674
3	6	MT	37.48134835099674
3	7	MT	37.48134835099674
3	8	MT	150.37763081101525
3	9	MT	167.78977753650128
3	10	MT	185.20192426198724
3	11	MT	185.20192426198724
3	12	MT	221.60914014254888
3	13	MT	221.60914014254888
3	14	MT	147.21178595183602
3	15	MT	221.60914014254888
3	16	MT	221.60914014254888
3	17	MT	132.72301076934664
3	18	MT	59.31058269031666
3	19	MT	37.48134835099674
3	20	MT	37.48134835099674
3	21	MT	37.48134835099674
3	22	MT	37.48134835099674
3	23	MT	37.48134835099674
3	24	MT	37.48134835099674
3	1	H2	0.0
3	2	H2	0.0
3	3	H2	0.0
3	4	H2	0.0
3	5	H2	0.0
3	6	H2	0.0
3	7	H2	0.0
3	8	H2	0.0
3	9	H2	0.0
3	10	H2	0.0
3	11	H2	0.0
3	12	H2	0.0
3	13	H2	0.0
3	14	H2	0.0
3	15	H2	0.0
3	16	H2	0.0
3	17	H2	0.0
3	18	H2	0.0
3	19	H2	0.0
3	20	H2	0.0
3	21	H2	0.0
3	22	H2	0.0
3	23	H2	0.0
3	24	H2	0.0
3	1	CH4	0.0
3	2	CH4	0.0
3	3	CH4	0.0
3	4	CH4	0.0
3	5	CH4	0.0
3	6	CH4	0.0
3	7	CH4	0.0
3	8	CH4	0.0
3	9	CH4	0.0
3	10	CH4	0.0
3	11	CH4	0.0
3	12	CH4	0.0
3	13	CH4	0.0
3	14	CH4	0.0
3	15	CH4	0.0
3	16	CH4	0.0
3	17	CH4	0.0
3	18	CH4	0.0
3	19	CH4	0.0
3	20	CH4	0.0
3	21	CH4	0.0
3	22	CH4	0.0
3	23	CH4	0.0
3	24	CH4	0.0
3	1	Biogas	0.0
3	2	Biogas	0.0
3	3	Biogas	0.0
3	4	Biogas	0.0
3	5	Biogas	0.0
3	6	Biogas	0.0
3	7	Biogas	0.0
3	8	Biogas	0.0
3	9	Biogas	0.0
3	10	Biogas	0.0
3	11	Biogas	0.0
3	12	Biogas	0.0
3	13	Biogas	0.0
3	14	Biogas	0.0
3	15	Biogas	0.0
3	16	Biogas	0.0
3	17	Biogas	0.0
3	18	Biogas	0.0
3	19	Biogas	0.0
3	20	Biogas	0.0
3	21	Biogas	0.0
3	22	Biogas	0.0
3	23	Biogas	0.0
3	24	Biogas	0.0
3	1	CH4_H2_Mix	0.0
3	2	CH4_H2_Mix	0.0
3	3	CH4_H2_Mix	0.0
3	4	CH4_H2_Mix	0.0
3	5	CH4_H2_Mix	0.0
3	6	CH4_H2_Mix	0.0
3	7	CH4_H2_Mix	0.0
3	8	CH4_H2_Mix	0.0
3	9	CH4_H2_Mix	0.0
3	10	CH4_H2_Mix	0.0
3	11	CH4_H2_Mix	0.0
3	12	CH4_H2_Mix	0.0
3	13	CH4_H2_Mix	0.0
3	14	CH4_H2_Mix	0.0
3	15	CH4_H2_Mix	0.0
3	16	CH4_H2_Mix	0.0
3	17	CH4_H2_Mix	0.0
3	18	CH4_H2_Mix	0.0
3	19	CH4_H2_Mix	0.0
3	20	CH4_H2_Mix	0.0
3	21	CH4_H2_Mix	0.0
3	22	CH4_H2_Mix	0.0
3	23	CH4_H2_Mix	0.0
3	24	CH4_H2_Mix	0.0
4	1	Electricity	32.76573359826883
4	2	Electricity	31.884698014531658
4	3	Electricity	31.574176733088468
4	4	Electricity	31.750991301048458
4	5	Electricity	32.7310307402776
4	6	Electricity	37.412282275266826
4	7	Electricity	46.291204975868276
4	8	Electricity	58.28839594131037
4	9	Electricity	72.28768458544482
4	10	Electricity	83.5784236752823
4	11	Electricity	88.05232965029963
4	12	Electricity	88.49038621961192
4	13	Electricity	80.0401994177257
4	14	Electricity	80.98144092900618
4	15	Electricity	87.96882995136403
4	16	Electricity	87.91123511390246
4	17	Electricity	85.49971693950575
4	18	Electricity	80.26820792159435
4	19	Electricity	71.15437257486298
4	20	Electricity	57.77234192687372
4	21	Electricity	42.82091025817126
4	22	Electricity	36.94019473081025
4	23	Electricity	34.895595508694974
4	24	Electricity	33.26246952398748
4	1	LT	1.8134084666574397
4	2	LT	1.8134084666574397
4	3	LT	1.8134084666574397
4	4	LT	1.8134084666574397
4	5	LT	1.8134084666574397
4	6	LT	1.8134084666574397
4	7	LT	1.8134084666574397
4	8	LT	5.223786324919657
4	9	LT	5.828645794120881
4	10	LT	6.433505263322104
4	11	LT	6.433505263322104
4	12	LT	7.69821142619739
4	13	LT	7.69821142619739
4	14	LT	5.11381187597398
4	15	LT	7.69821142619739
4	16	LT	7.69821142619739
4	17	LT	6.434675204268335
4	18	LT	5.112641935027749
4	19	LT	1.8134084666574397
4	20	LT	1.8134084666574397
4	21	LT	1.8134084666574397
4	22	LT	1.8134084666574397
4	23	LT	1.8134084666574397
4	24	LT	1.8134084666574397
4	1	MT	24.211477265035793
4	2	MT	35.86464229778465
4	3	MT	35.86464229778465
4	4	MT	35.86464229778465
4	5	MT	35.86464229778465
4	6	MT	35.86464229778465
4	7	MT	35.86464229778465
4	8	MT	148.56928029907084
4	9	MT	165.77203907054223
4	10	MT	182.9747978420136
4	11	MT	182.9747978420136
4	12	MT	218.94420254599916
4	13	MT	218.94420254599916
4	14	MT	145.44150597698516
4	15	MT	218.94420254599916
4	16	MT	218.94420254599916
4	17	MT	131.07710573673265
4	18	MT	58.507627396653646
4	19	MT	36.924020937125455
4	20	MT	36.924020937125455
4	21	MT	36.924020937125455
4	22	MT	36.924020937125455
4	23	MT	36.924020937125455
4	24	MT	36.924020937125455
4	1	H2	0.0
4	2	H2	0.0
4	3	H2	0.0
4	4	H2	0.0
4	5	H2	0.0
4	6	H2	0.0
4	7	H2	0.0
4	8	H2	0.0
4	9	H2	0.0
4	10	H2	0.0
4	11	H2	0.0
4	12	H2	0.0
4	13	H2	0.0
4	14	H2	0.0
4	15	H2	0.0
4	16	H2	0.0
4	17	H2	0.0
4	18	H2	0.0
4	19	H2	0.0
4	20	H2	0.0
4	21	H2	0.0
4	22	H2	0.0
4	23	H2	0.0
4	24	H2	0.0
4	1	CH4	0.0
4	2	CH4	0.0
4	3	CH4	0.0
4	4	CH4	0.0
4	5	CH4	0.0
4	6	CH4	0.0
4	7	CH4	0.0
4	8	CH4	0.0
4	9	CH4	0.0
4	10	CH4	0.0
4	11	CH4	0.0
4	12	CH4	0.0
4	13	CH4	0.0
4	14	CH4	0.0
4	15	CH4	0.0
4	16	CH4	0.0
4	17	CH4	0.0
4	18	CH4	0.0
4	19	CH4	0.0
4	20	CH4	0.0
4	21	CH4	0.0
4	22	CH4	0.0
4	23	CH4	0.0
4	24	CH4	0.0
4	1	Biogas	0.0
4	2	Biogas	0.0
4	3	Biogas	0.0
4	4	Biogas	0.0
4	5	Biogas	0.0
4	6	Biogas	0.0
4	7	Biogas	0.0
4	8	Biogas	0.0
4	9	Biogas	0.0
4	10	Biogas	0.0
4	11	Biogas	0.0
4	12	Biogas	0.0
4	13	Biogas	0.0
4	14	Biogas	0.0
4	15	Biogas	0.0
4	16	Biogas	0.0
4	17	Biogas	0.0
4	18	Biogas	0.0
4	19	Biogas	0.0
4	20	Biogas	0.0
4	21	Biogas	0.0
4	22	Biogas	0.0
4	23	Biogas	0.0
4	24	Biogas	0.0
4	1	CH4_H2_Mix	0.0
4	2	CH4_H2_Mix	0.0
4	3	CH4_H2_Mix	0.0
4	4	CH4_H2_Mix	0.0
4	5	CH4_H2_Mix	0.0
4	6	CH4_H2_Mix	0.0
4	7	CH4_H2_Mix	0.0
4	8	CH4_H2_Mix	0.0
4	9	CH4_H2_Mix	0.0
4	10	CH4_H2_Mix	0.0
4	11	CH4_H2_Mix	0.0
4	12	CH4_H2_Mix	0.0
4	13	CH4_H2_Mix	0.0
4	14	CH4_H2_Mix	0.0
4	15	CH4_H2_Mix	0.0
4	16	CH4_H2_Mix	0.0
4	17	CH4_H2_Mix	0.0
4	18	CH4_H2_Mix	0.0
4	19	CH4_H2_Mix	0.0
4	20	CH4_H2_Mix	0.0
4	21	CH4_H2_Mix	0.0
4	22	CH4_H2_Mix	0.0
4	23	CH4_H2_Mix	0.0
4	24	CH4_H2_Mix	0.0
5	1	Electricity	38.16666333105362
5	2	Electricity	38.63038988915002
5	3	Electricity	38.94981824229163
5	4	Electricity	39.82195263248184
5	5	Electricity	41.51886056378119
5	6	Electricity	46.491834950489135
5	7	Electricity	55.34251138506998
5	8	Electricity	66.02743797442864
5	9	Electricity	80.93727143476892
5	10	Electricity	88.49619064081251
5	11	Electricity	92.35189185724631
5	12	Electricity	92.07332783032417
5	13	Electricity	83.37878275031872
5	14	Electricity	81.63851866331699
5	15	Electricity	87.20847910069304
5	16	Electricity	85.93902036102327
5	17	Electricity	84.4584726417007
5	18	Electricity	83.67145996553371
5	19	Electricity	77.35580534142117
5	20	Electricity	62.58912744433461
5	21	Electricity	48.281829795085685
5	22	Electricity	42.81449977928538
5	23	Electricity	40.9670243918016
5	24	Electricity	39.93873807350586
5	1	LT	22.47681555220676
5	2	LT	22.47681555220676
5	3	LT	22.47681555220676
5	4	LT	22.47681555220676
5	5	LT	22.47681555220676
5	6	LT	22.47681555220676
5	7	LT	22.47681555220676
5	8	LT	97.77414765209939
5	9	LT	109.99591610861182
5	10	LT	122.21768456512423
5	11	LT	122.21768456512423
5	12	LT	146.66122147814906
5	13	LT	146.66122147814906
5	14	LT	97.77414765209939
5	15	LT	146.66122147814906
5	16	LT	146.66122147814906
5	17	LT	122.21768456512423
5	18	LT	98.33606804090456
5	19	LT	35.12002430032306
5	20	LT	35.12002430032306
5	21	LT	35.12002430032306
5	22	LT	35.12002430032306
5	23	LT	35.12002430032306
5	24	LT	35.12002430032306
5	1	MT	90.88794689425063
5	2	MT	90.88794689425063
5	3	MT	90.88794689425063
5	4	MT	90.88794689425063
5	5	MT	90.88794689425063
5	6	MT	90.88794689425063
5	7	MT	90.88794689425063
5	8	MT	389.3741432858478
5	9	MT	438.0459111965788
5	10	MT	486.71767910730983
5	11	MT	486.71767910730983
5	12	MT	584.0612149287717
5	13	MT	584.0612149287717
5	14	MT	389.3741432858478
5	15	MT	584.0612149287717
5	16	MT	584.0612149287717
5	17	MT	380.4231228587823
5	18	MT	177.39377787666507
5	19	MT	107.91165954034463
5	20	MT	107.91165954034463
5	21	MT	107.91165954034463
5	22	MT	107.91165954034463
5	23	MT	107.91165954034463
5	24	MT	107.91165954034463
5	1	H2	0.0
5	2	H2	0.0
5	3	H2	0.0
5	4	H2	0.0
5	5	H2	0.0
5	6	H2	0.0
5	7	H2	0.0
5	8	H2	0.0
5	9	H2	0.0
5	10	H2	0.0
5	11	H2	0.0
5	12	H2	0.0
5	13	H2	0.0
5	14	H2	0.0
5	15	H2	0.0
5	16	H2	0.0
5	17	H2	0.0
5	18	H2	0.0
5	19	H2	0.0
5	20	H2	0.0
5	21	H2	0.0
5	22	H2	0.0
5	23	H2	0.0
5	24	H2	0.0
5	1	CH4	0.0
5	2	CH4	0.0
5	3	CH4	0.0
5	4	CH4	0.0
5	5	CH4	0.0
5	6	CH4	0.0
5	7	CH4	0.0
5	8	CH4	0.0
5	9	CH4	0.0
5	10	CH4	0.0
5	11	CH4	0.0
5	12	CH4	0.0
5	13	CH4	0.0
5	14	CH4	0.0
5	15	CH4	0.0
5	16	CH4	0.0
5	17	CH4	0.0
5	18	CH4	0.0
5	19	CH4	0.0
5	20	CH4	0.0
5	21	CH4	0.0
5	22	CH4	0.0
5	23	CH4	0.0
5	24	CH4	0.0
5	1	Biogas	0.0
5	2	Biogas	0.0
5	3	Biogas	0.0
5	4	Biogas	0.0
5	5	Biogas	0.0
5	6	Biogas	0.0
5	7	Biogas	0.0
5	8	Biogas	0.0
5	9	Biogas	0.0
5	10	Biogas	0.0
5	11	Biogas	0.0
5	12	Biogas	0.0
5	13	Biogas	0.0
5	14	Biogas	0.0
5	15	Biogas	0.0
5	16	Biogas	0.0
5	17	Biogas	0.0
5	18	Biogas	0.0
5	19	Biogas	0.0
5	20	Biogas	0.0
5	21	Biogas	0.0
5	22	Biogas	0.0
5	23	Biogas	0.0
5	24	Biogas	0.0
5	1	CH4_H2_Mix	0.0
5	2	CH4_H2_Mix	0.0
5	3	CH4_H2_Mix	0.0
5	4	CH4_H2_Mix	0.0
5	5	CH4_H2_Mix	0.0
5	6	CH4_H2_Mix	0.0
5	7	CH4_H2_Mix	0.0
5	8	CH4_H2_Mix	0.0
5	9	CH4_H2_Mix	0.0
5	10	CH4_H2_Mix	0.0
5	11	CH4_H2_Mix	0.0
5	12	CH4_H2_Mix	0.0
5	13	CH4_H2_Mix	0.0
5	14	CH4_H2_Mix	0.0
5	15	CH4_H2_Mix	0.0
5	16	CH4_H2_Mix	0.0
5	17	CH4_H2_Mix	0.0
5	18	CH4_H2_Mix	0.0
5	19	CH4_H2_Mix	0.0
5	20	CH4_H2_Mix	0.0
5	21	CH4_H2_Mix	0.0
5	22	CH4_H2_Mix	0.0
5	23	CH4_H2_Mix	0.0
5	24	CH4_H2_Mix	0.0
6	1	Electricity	42.703313936287735
6	2	Electricity	42.81183654594625
6	3	Electricity	42.860291415294554
6	4	Electricity	43.08743159964265
6	5	Electricity	43.042762411857346
6	6	Electricity	43.58578052052683
6	7	Electricity	44.823524327402225
6	8	Electricity	46.202412634962194
6	9	Electricity	47.42668475749681
6	10	Electricity	47.75339368262503
6	11	Electricity	48.783719111393616
6	12	Electricity	49.14933017497468
6	13	Electricity	48.958792631698884
6	14	Electricity	48.65202824914602
6	15	Electricity	48.427931427043916
6	16	Electricity	48.12062949767456
6	17	Electricity	48.508378617127164
6	18	Electricity	49.59546013195208
6	19	Electricity	49.72089897203468
6	20	Electricity	47.58266784076894
6	21	Electricity	45.535964595146126
6	22	Electricity	44.291667561517016
6	23	Electricity	44.106882929605966
6	24	Electricity	44.489381897001884
6	1	LT	16.6947970726085
6	2	LT	19.387506277867935
6	3	LT	19.387506277867935
6	4	LT	19.387506277867935
6	5	LT	19.387506277867935
6	6	LT	24.234382847334924
6	7	LT	28.542717575750018
6	8	LT	33.928135986268884
6	9	LT	33.928135986268884
6	10	LT	33.928135986268884
6	11	LT	33.928135986268884
6	12	LT	33.928135986268884
6	13	LT	33.928135986268884
6	14	LT	33.928135986268884
6	15	LT	33.928135986268884
6	16	LT	30.15834309890568
6	17	LT	29.61980125785379
6	18	LT	25.311466529438697
6	19	LT	23.69584100628304
6	20	LT	19.926048118919823
6	21	LT	16.6947970726085
6	22	LT	14.540629708400955
6	23	LT	14.540629708400955
6	24	LT	14.540629708400955
6	1	MT	79.65117917788982
6	2	MT	79.76337539477562
6	3	MT	79.76337539477562
6	4	MT	79.76337539477562
6	5	MT	79.76337539477562
6	6	MT	79.96532858517007
6	7	MT	80.14484253218737
6	8	MT	80.36923496595898
6	9	MT	80.36923496595898
6	10	MT	80.36923496595898
6	11	MT	80.36923496595898
6	12	MT	80.36923496595898
6	13	MT	80.36923496595898
6	14	MT	80.36923496595898
6	15	MT	80.36923496595898
6	16	MT	80.21216026231885
6	17	MT	80.1897210189417
6	18	MT	80.0102070719244
6	19	MT	79.9428893417929
6	20	MT	79.78581463815279
6	21	MT	79.65117917788982
6	22	MT	79.56142220438116
6	23	MT	79.56142220438116
6	24	MT	79.56142220438116
6	1	H2	0.0
6	2	H2	0.0
6	3	H2	0.0
6	4	H2	0.0
6	5	H2	0.0
6	6	H2	0.0
6	7	H2	0.0
6	8	H2	0.0
6	9	H2	0.0
6	10	H2	0.0
6	11	H2	0.0
6	12	H2	0.0
6	13	H2	0.0
6	14	H2	0.0
6	15	H2	0.0
6	16	H2	0.0
6	17	H2	0.0
6	18	H2	0.0
6	19	H2	0.0
6	20	H2	0.0
6	21	H2	0.0
6	22	H2	0.0
6	23	H2	0.0
6	24	H2	0.0
6	1	CH4	0.0
6	2	CH4	0.0
6	3	CH4	0.0
6	4	CH4	0.0
6	5	CH4	0.0
6	6	CH4	0.0
6	7	CH4	0.0
6	8	CH4	0.0
6	9	CH4	0.0
6	10	CH4	0.0
6	11	CH4	0.0
6	12	CH4	0.0
6	13	CH4	0.0
6	14	CH4	0.0
6	15	CH4	0.0
6	16	CH4	0.0
6	17	CH4	0.0
6	18	CH4	0.0
6	19	CH4	0.0
6	20	CH4	0.0
6	21	CH4	0.0
6	22	CH4	0.0
6	23	CH4	0.0
6	24	CH4	0.0
6	1	Biogas	0.0
6	2	Biogas	0.0
6	3	Biogas	0.0
6	4	Biogas	0.0
6	5	Biogas	0.0
6	6	Biogas	0.0
6	7	Biogas	0.0
6	8	Biogas	0.0
6	9	Biogas	0.0
6	10	Biogas	0.0
6	11	Biogas	0.0
6	12	Biogas	0.0
6	13	Biogas	0.0
6	14	Biogas	0.0
6	15	Biogas	0.0
6	16	Biogas	0.0
6	17	Biogas	0.0
6	18	Biogas	0.0
6	19	Biogas	0.0
6	20	Biogas	0.0
6	21	Biogas	0.0
6	22	Biogas	0.0
6	23	Biogas	0.0
6	24	Biogas	0.0
6	1	CH4_H2_Mix	0.0
6	2	CH4_H2_Mix	0.0
6	3	CH4_H2_Mix	0.0
6	4	CH4_H2_Mix	0.0
6	5	CH4_H2_Mix	0.0
6	6	CH4_H2_Mix	0.0
6	7	CH4_H2_Mix	0.0
6	8	CH4_H2_Mix	0.0
6	9	CH4_H2_Mix	0.0
6	10	CH4_H2_Mix	0.0
6	11	CH4_H2_Mix	0.0
6	12	CH4_H2_Mix	0.0
6	13	CH4_H2_Mix	0.0
6	14	CH4_H2_Mix	0.0
6	15	CH4_H2_Mix	0.0
6	16	CH4_H2_Mix	0.0
6	17	CH4_H2_Mix	0.0
6	18	CH4_H2_Mix	0.0
6	19	CH4_H2_Mix	0.0
6	20	CH4_H2_Mix	0.0
6	21	CH4_H2_Mix	0.0
6	22	CH4_H2_Mix	0.0
6	23	CH4_H2_Mix	0.0
6	24	CH4_H2_Mix	0.0
7	1	Electricity	34.40578744053834
7	2	Electricity	33.766803923272064
7	3	Electricity	33.1296337397214
7	4	Electricity	32.87676990312022
7	5	Electricity	34.076388120957326
7	6	Electricity	37.951888370380935
7	7	Electricity	46.73207555817204
7	8	Electricity	55.97360576431523
7	9	Electricity	69.32307416424628
7	10	Electricity	81.46819337187671
7	11	Electricity	86.46750337201134
7	12	Electricity	87.37751776105823
7	13	Electricity	80.90393889550052
7	14	Electricity	81.39882365957196
7	15	Electricity	87.66924423594789
7	16	Electricity	87.57628904898452
7	17	Electricity	85.54819372523772
7	18	Electricity	80.71046954817224
7	19	Electricity	73.20160143364133
7	20	Electricity	58.47805888152438
7	21	Electricity	43.85935409820476
7	22	Electricity	37.76584943722786
7	23	Electricity	35.32672999724924
7	24	Electricity	33.73780386033699
7	1	LT	1.4794774364442955
7	2	LT	1.4794774364442955
7	3	LT	1.4794774364442955
7	4	LT	1.4794774364442955
7	5	LT	1.4794774364442955
7	6	LT	1.4794774364442955
7	7	LT	1.4794774364442955
7	8	LT	4.075960337404034
7	9	LT	4.5479136396297655
7	10	LT	5.019866941855494
7	11	LT	5.019866941855494
7	12	LT	6.006678391963839
7	13	LT	6.006678391963839
7	14	LT	3.990150646090265
7	15	LT	6.006678391963839
7	16	LT	6.006678391963839
7	17	LT	5.019127203137273
7	18	LT	3.990890384808487
7	19	LT	1.4794774364442955
7	20	LT	1.4794774364442955
7	21	LT	1.4794774364442955
7	22	LT	1.4794774364442955
7	23	LT	1.4794774364442955
7	24	LT	1.4794774364442955
7	1	MT	33.96293496951717
7	2	MT	33.96293496951717
7	3	MT	33.96293496951717
7	4	MT	33.96293496951717
7	5	MT	33.96293496951717
7	6	MT	33.96293496951717
7	7	MT	33.96293496951717
7	8	MT	136.70006700279887
7	9	MT	152.5284958136493
7	10	MT	168.3569246244997
7	11	MT	168.3569246244997
7	12	MT	201.4527303199142
7	13	MT	201.4527303199142
7	14	MT	133.82217085537155
7	15	MT	201.4527303199142
7	16	MT	201.4527303199142
7	17	MT	120.31598330419264
7	18	MT	53.354021775516046
7	19	MT	33.96293496951717
7	20	MT	33.96293496951717
7	21	MT	33.96293496951717
7	22	MT	33.96293496951717
7	23	MT	33.96293496951717
7	24	MT	33.96293496951717
7	1	H2	0.0
7	2	H2	0.0
7	3	H2	0.0
7	4	H2	0.0
7	5	H2	0.0
7	6	H2	0.0
7	7	H2	0.0
7	8	H2	0.0
7	9	H2	0.0
7	10	H2	0.0
7	11	H2	0.0
7	12	H2	0.0
7	13	H2	0.0
7	14	H2	0.0
7	15	H2	0.0
7	16	H2	0.0
7	17	H2	0.0
7	18	H2	0.0
7	19	H2	0.0
7	20	H2	0.0
7	21	H2	0.0
7	22	H2	0.0
7	23	H2	0.0
7	24	H2	0.0
7	1	CH4	0.0
7	2	CH4	0.0
7	3	CH4	0.0
7	4	CH4	0.0
7	5	CH4	0.0
7	6	CH4	0.0
7	7	CH4	0.0
7	8	CH4	0.0
7	9	CH4	0.0
7	10	CH4	0.0
7	11	CH4	0.0
7	12	CH4	0.0
7	13	CH4	0.0
7	14	CH4	0.0
7	15	CH4	0.0
7	16	CH4	0.0
7	17	CH4	0.0
7	18	CH4	0.0
7	19	CH4	0.0
7	20	CH4	0.0
7	21	CH4	0.0
7	22	CH4	0.0
7	23	CH4	0.0
7	24	CH4	0.0
7	1	Biogas	0.0
7	2	Biogas	0.0
7	3	Biogas	0.0
7	4	Biogas	0.0
7	5	Biogas	0.0
7	6	Biogas	0.0
7	7	Biogas	0.0
7	8	Biogas	0.0
7	9	Biogas	0.0
7	10	Biogas	0.0
7	11	Biogas	0.0
7	12	Biogas	0.0
7	13	Biogas	0.0
7	14	Biogas	0.0
7	15	Biogas	0.0
7	16	Biogas	0.0
7	17	Biogas	0.0
7	18	Biogas	0.0
7	19	Biogas	0.0
7	20	Biogas	0.0
7	21	Biogas	0.0
7	22	Biogas	0.0
7	23	Biogas	0.0
7	24	Biogas	0.0
7	1	CH4_H2_Mix	0.0
7	2	CH4_H2_Mix	0.0
7	3	CH4_H2_Mix	0.0
7	4	CH4_H2_Mix	0.0
7	5	CH4_H2_Mix	0.0
7	6	CH4_H2_Mix	0.0
7	7	CH4_H2_Mix	0.0
7	8	CH4_H2_Mix	0.0
7	9	CH4_H2_Mix	0.0
7	10	CH4_H2_Mix	0.0
7	11	CH4_H2_Mix	0.0
7	12	CH4_H2_Mix	0.0
7	13	CH4_H2_Mix	0.0
7	14	CH4_H2_Mix	0.0
7	15	CH4_H2_Mix	0.0
7	16	CH4_H2_Mix	0.0
7	17	CH4_H2_Mix	0.0
7	18	CH4_H2_Mix	0.0
7	19	CH4_H2_Mix	0.0
7	20	CH4_H2_Mix	0.0
7	21	CH4_H2_Mix	0.0
7	22	CH4_H2_Mix	0.0
7	23	CH4_H2_Mix	0.0
7	24	CH4_H2_Mix	0.0
8	1	Electricity	28.428005770045466
8	2	Electricity	28.195684653941548
8	3	Electricity	27.971810390815506
8	4	Electricity	27.97224550070803
8	5	Electricity	28.340701488249493
8	6	Electricity	29.283704696725394
8	7	Electricity	30.656947343847968
8	8	Electricity	32.56494648444379
8	9	Electricity	36.414709805099804
8	10	Electricity	40.19413405053381
8	11	Electricity	43.41941773659378
8	12	Electricity	43.906438218103624
8	13	Electricity	43.649033332139645
8	14	Electricity	42.97138949141004
8	15	Electricity	44.38906260242531
8	16	Electricity	44.212154262747376
8	17	Electricity	44.157830363206095
8	18	Electricity	43.43692261828048
8	19	Electricity	41.19413569212957
8	20	Electricity	36.24417867701089
8	21	Electricity	31.69147527085934
8	22	Electricity	30.41286929139757
8	23	Electricity	30.204719184781133
8	24	Electricity	29.469909865015314
8	1	LT	0.7832730662321515
8	2	LT	0.9096074317534664
8	3	LT	0.9096074317534664
8	4	LT	0.9096074317534664
8	5	LT	0.9096074317534664
8	6	LT	1.1370092896918327
8	7	LT	1.3391442745259368
8	8	LT	1.591813005568566
8	9	LT	1.591813005568566
8	10	LT	1.591813005568566
8	11	LT	1.591813005568566
8	12	LT	1.591813005568566
8	13	LT	1.591813005568566
8	14	LT	1.591813005568566
8	15	LT	1.591813005568566
8	16	LT	1.4149448938387255
8	17	LT	1.3896780207344623
8	18	LT	1.187543035900359
8	19	LT	1.11174241658757
8	20	LT	0.9348743048577294
8	21	LT	0.7832730662321515
8	22	LT	0.6822055738150998
8	23	LT	0.6822055738150998
8	24	LT	0.6822055738150998
8	1	MT	18.913277506225796
8	2	MT	18.918541438122517
8	3	MT	18.918541438122517
8	4	MT	18.918541438122517
8	5	MT	18.918541438122517
8	6	MT	18.928016515536616
8	7	MT	18.93643880657137
8	8	MT	18.946966670364812
8	9	MT	18.946966670364812
8	10	MT	18.946966670364812
8	11	MT	18.946966670364812
8	12	MT	18.946966670364812
8	13	MT	18.946966670364812
8	14	MT	18.946966670364812
8	15	MT	18.946966670364812
8	16	MT	18.939597165709404
8	17	MT	18.938544379330057
8	18	MT	18.930122088295306
8	19	MT	18.926963729157272
8	20	MT	18.91959422450186
8	21	MT	18.913277506225796
8	22	MT	18.90906636070842
8	23	MT	18.90906636070842
8	24	MT	18.90906636070842
8	1	H2	0.0
8	2	H2	0.0
8	3	H2	0.0
8	4	H2	0.0
8	5	H2	0.0
8	6	H2	0.0
8	7	H2	0.0
8	8	H2	0.0
8	9	H2	0.0
8	10	H2	0.0
8	11	H2	0.0
8	12	H2	0.0
8	13	H2	0.0
8	14	H2	0.0
8	15	H2	0.0
8	16	H2	0.0
8	17	H2	0.0
8	18	H2	0.0
8	19	H2	0.0
8	20	H2	0.0
8	21	H2	0.0
8	22	H2	0.0
8	23	H2	0.0
8	24	H2	0.0
8	1	CH4	0.0
8	2	CH4	0.0
8	3	CH4	0.0
8	4	CH4	0.0
8	5	CH4	0.0
8	6	CH4	0.0
8	7	CH4	0.0
8	8	CH4	0.0
8	9	CH4	0.0
8	10	CH4	0.0
8	11	CH4	0.0
8	12	CH4	0.0
8	13	CH4	0.0
8	14	CH4	0.0
8	15	CH4	0.0
8	16	CH4	0.0
8	17	CH4	0.0
8	18	CH4	0.0
8	19	CH4	0.0
8	20	CH4	0.0
8	21	CH4	0.0
8	22	CH4	0.0
8	23	CH4	0.0
8	24	CH4	0.0
8	1	Biogas	0.0
8	2	Biogas	0.0
8	3	Biogas	0.0
8	4	Biogas	0.0
8	5	Biogas	0.0
8	6	Biogas	0.0
8	7	Biogas	0.0
8	8	Biogas	0.0
8	9	Biogas	0.0
8	10	Biogas	0.0
8	11	Biogas	0.0
8	12	Biogas	0.0
8	13	Biogas	0.0
8	14	Biogas	0.0
8	15	Biogas	0.0
8	16	Biogas	0.0
8	17	Biogas	0.0
8	18	Biogas	0.0
8	19	Biogas	0.0
8	20	Biogas	0.0
8	21	Biogas	0.0
8	22	Biogas	0.0
8	23	Biogas	0.0
8	24	Biogas	0.0
8	1	CH4_H2_Mix	0.0
8	2	CH4_H2_Mix	0.0
8	3	CH4_H2_Mix	0.0
8	4	CH4_H2_Mix	0.0
8	5	CH4_H2_Mix	0.0
8	6	CH4_H2_Mix	0.0
8	7	CH4_H2_Mix	0.0
8	8	CH4_H2_Mix	0.0
8	9	CH4_H2_Mix	0.0
8	10	CH4_H2_Mix	0.0
8	11	CH4_H2_Mix	0.0
8	12	CH4_H2_Mix	0.0
8	13	CH4_H2_Mix	0.0
8	14	CH4_H2_Mix	0.0
8	15	CH4_H2_Mix	0.0
8	16	CH4_H2_Mix	0.0
8	17	CH4_H2_Mix	0.0
8	18	CH4_H2_Mix	0.0
8	19	CH4_H2_Mix	0.0
8	20	CH4_H2_Mix	0.0
8	21	CH4_H2_Mix	0.0
8	22	CH4_H2_Mix	0.0
8	23	CH4_H2_Mix	0.0
8	24	CH4_H2_Mix	0.0
9	1	Electricity	34.050541635608155
9	2	Electricity	33.345184819082014
9	3	Electricity	33.09212576197644
9	4	Electricity	32.96045696813369
9	5	Electricity	33.57842969175563
9	6	Electricity	38.221141025333594
9	7	Electricity	48.514588124041495
9	8	Electricity	58.467084220722754
9	9	Electricity	73.2080904821293
9	10	Electricity	83.82061874298962
9	11	Electricity	88.27073307732056
9	12	Electricity	88.70063951361949
9	13	Electricity	81.31396187639297
9	14	Electricity	82.34808213333092
9	15	Electricity	88.77432318101307
9	16	Electricity	88.48426328874734
9	17	Electricity	85.90977192085202
9	18	Electricity	80.55514251220966
9	19	Electricity	74.20911400995259
9	20	Electricity	59.320941740446465
9	21	Electricity	44.80229621951181
9	22	Electricity	38.57618742917754
9	23	Electricity	35.80283290190247
9	24	Electricity	33.83451189229311
9	1	LT	1.9443381544872935
9	2	LT	1.9443381544872935
9	3	LT	1.9443381544872935
9	4	LT	1.9443381544872935
9	5	LT	1.9443381544872935
9	6	LT	1.9443381544872935
9	7	LT	1.9443381544872935
9	8	LT	5.268529192804279
9	9	LT	6.5856614910053475
9	10	LT	7.2442276401058825
9	11	LT	7.2442276401058825
9	12	LT	8.561359938306953
9	13	LT	8.561359938306953
9	14	LT	5.927095341904813
9	15	LT	8.561359938306953
9	16	LT	7.2442276401058825
9	17	LT	6.272058562862238
9	18	LT	5.268529192804279
9	19	LT	1.9443381544872935
9	20	LT	1.9443381544872935
9	21	LT	1.9443381544872935
9	22	LT	1.9443381544872935
9	23	LT	1.9443381544872935
9	24	LT	1.9443381544872935
9	1	MT	56.664177463078126
9	2	MT	35.17170641224016
9	3	MT	35.17170641224016
9	4	MT	35.17170641224016
9	5	MT	35.17170641224016
9	6	MT	35.17170641224016
9	7	MT	35.17170641224016
9	8	MT	146.56592202538886
9	9	MT	183.20740253173608
9	10	MT	201.5281427849097
9	11	MT	201.5281427849097
9	12	MT	238.1696232912569
9	13	MT	238.1696232912569
9	14	MT	164.88666227856245
9	15	MT	238.1696232912569
9	16	MT	183.92084919326166
9	17	MT	89.45808030529808
9	18	MT	60.265384421254865
9	19	MT	36.824973416150776
9	20	MT	35.17170641224016
9	21	MT	35.17170641224016
9	22	MT	35.17170641224016
9	23	MT	35.17170641224016
9	24	MT	35.17170641224016
9	1	H2	0.0
9	2	H2	0.0
9	3	H2	0.0
9	4	H2	0.0
9	5	H2	0.0
9	6	H2	0.0
9	7	H2	0.0
9	8	H2	0.0
9	9	H2	0.0
9	10	H2	0.0
9	11	H2	0.0
9	12	H2	0.0
9	13	H2	0.0
9	14	H2	0.0
9	15	H2	0.0
9	16	H2	0.0
9	17	H2	0.0
9	18	H2	0.0
9	19	H2	0.0
9	20	H2	0.0
9	21	H2	0.0
9	22	H2	0.0
9	23	H2	0.0
9	24	H2	0.0
9	1	CH4	0.0
9	2	CH4	0.0
9	3	CH4	0.0
9	4	CH4	0.0
9	5	CH4	0.0
9	6	CH4	0.0
9	7	CH4	0.0
9	8	CH4	0.0
9	9	CH4	0.0
9	10	CH4	0.0
9	11	CH4	0.0
9	12	CH4	0.0
9	13	CH4	0.0
9	14	CH4	0.0
9	15	CH4	0.0
9	16	CH4	0.0
9	17	CH4	0.0
9	18	CH4	0.0
9	19	CH4	0.0
9	20	CH4	0.0
9	21	CH4	0.0
9	22	CH4	0.0
9	23	CH4	0.0
9	24	CH4	0.0
9	1	Biogas	0.0
9	2	Biogas	0.0
9	3	Biogas	0.0
9	4	Biogas	0.0
9	5	Biogas	0.0
9	6	Biogas	0.0
9	7	Biogas	0.0
9	8	Biogas	0.0
9	9	Biogas	0.0
9	10	Biogas	0.0
9	11	Biogas	0.0
9	12	Biogas	0.0
9	13	Biogas	0.0
9	14	Biogas	0.0
9	15	Biogas	0.0
9	16	Biogas	0.0
9	17	Biogas	0.0
9	18	Biogas	0.0
9	19	Biogas	0.0
9	20	Biogas	0.0
9	21	Biogas	0.0
9	22	Biogas	0.0
9	23	Biogas	0.0
9	24	Biogas	0.0
9	1	CH4_H2_Mix	0.0
9	2	CH4_H2_Mix	0.0
9	3	CH4_H2_Mix	0.0
9	4	CH4_H2_Mix	0.0
9	5	CH4_H2_Mix	0.0
9	6	CH4_H2_Mix	0.0
9	7	CH4_H2_Mix	0.0
9	8	CH4_H2_Mix	0.0
9	9	CH4_H2_Mix	0.0
9	10	CH4_H2_Mix	0.0
9	11	CH4_H2_Mix	0.0
9	12	CH4_H2_Mix	0.0
9	13	CH4_H2_Mix	0.0
9	14	CH4_H2_Mix	0.0
9	15	CH4_H2_Mix	0.0
9	16	CH4_H2_Mix	0.0
9	17	CH4_H2_Mix	0.0
9	18	CH4_H2_Mix	0.0
9	19	CH4_H2_Mix	0.0
9	20	CH4_H2_Mix	0.0
9	21	CH4_H2_Mix	0.0
9	22	CH4_H2_Mix	0.0
9	23	CH4_H2_Mix	0.0
9	24	CH4_H2_Mix	0.0
10	1	Electricity	30.161453836384116
10	2	Electricity	29.605788226084723
10	3	Electricity	29.792880184465968
10	4	Electricity	29.865639993942402
10	5	Electricity	31.949315824126746
10	6	Electricity	36.58093136137661
10	7	Electricity	45.40100783701333
10	8	Electricity	56.42762800108426
10	9	Electricity	71.56789819925811
10	10	Electricity	83.25669927057308
10	11	Electricity	89.50967501361988
10	12	Electricity	90.75523810479396
10	13	Electricity	82.91049745773141
10	14	Electricity	83.55948731169332
10	15	Electricity	91.63789106697342
10	16	Electricity	91.53211763328228
10	17	Electricity	89.2159724410276
10	18	Electricity	84.02860233576376
10	19	Electricity	75.66718899882314
10	20	Electricity	60.97145542386431
10	21	Electricity	45.05211028364149
10	22	Electricity	38.38562166063998
10	23	Electricity	36.591078266970136
10	24	Electricity	34.62726237905643
10	1	LT	1.6053018197598734
10	2	LT	1.6053018197598734
10	3	LT	1.6053018197598734
10	4	LT	1.6053018197598734
10	5	LT	1.6053018197598734
10	6	LT	1.6053018197598734
10	7	LT	1.6053018197598734
10	8	LT	6.983062915955449
10	9	LT	7.855945780449881
10	10	LT	8.728828644944311
10	11	LT	8.728828644944311
10	12	LT	10.47459437393317
10	13	LT	10.47459437393317
10	14	LT	6.983062915955449
10	15	LT	10.47459437393317
10	16	LT	10.47459437393317
10	17	LT	8.728828644944311
10	18	LT	7.023195461449446
10	19	LT	2.5082840933748023
10	20	LT	2.5082840933748023
10	21	LT	2.5082840933748023
10	22	LT	2.5082840933748023
10	23	LT	2.5082840933748023
10	24	LT	2.5082840933748023
10	1	MT	38.94076625038036
10	2	MT	38.94076625038036
10	3	MT	38.94076625038036
10	4	MT	38.94076625038036
10	5	MT	38.94076625038036
10	6	MT	38.94076625038036
10	7	MT	38.94076625038036
10	8	MT	166.0441811540469
10	9	MT	186.7997037983028
10	10	MT	207.55522644255865
10	11	MT	207.55522644255865
10	12	MT	249.06627173107034
10	13	MT	249.06627173107034
10	14	MT	166.0441811540469
10	15	MT	249.06627173107034
10	16	MT	249.06627173107034
10	17	MT	148.12552781939792
10	18	MT	47.2282608320107
10	19	MT	41.77908151074522
10	20	MT	41.77908151074522
10	21	MT	41.77908151074522
10	22	MT	41.77908151074522
10	23	MT	41.77908151074522
10	24	MT	41.77908151074522
10	1	H2	0.0
10	2	H2	0.0
10	3	H2	0.0
10	4	H2	0.0
10	5	H2	0.0
10	6	H2	0.0
10	7	H2	0.0
10	8	H2	0.0
10	9	H2	0.0
10	10	H2	0.0
10	11	H2	0.0
10	12	H2	0.0
10	13	H2	0.0
10	14	H2	0.0
10	15	H2	0.0
10	16	H2	0.0
10	17	H2	0.0
10	18	H2	0.0
10	19	H2	0.0
10	20	H2	0.0
10	21	H2	0.0
10	22	H2	0.0
10	23	H2	0.0
10	24	H2	0.0
10	1	CH4	0.0
10	2	CH4	0.0
10	3	CH4	0.0
10	4	CH4	0.0
10	5	CH4	0.0
10	6	CH4	0.0
10	7	CH4	0.0
10	8	CH4	0.0
10	9	CH4	0.0
10	10	CH4	0.0
10	11	CH4	0.0
10	12	CH4	0.0
10	13	CH4	0.0
10	14	CH4	0.0
10	15	CH4	0.0
10	16	CH4	0.0
10	17	CH4	0.0
10	18	CH4	0.0
10	19	CH4	0.0
10	20	CH4	0.0
10	21	CH4	0.0
10	22	CH4	0.0
10	23	CH4	0.0
10	24	CH4	0.0
10	1	Biogas	0.0
10	2	Biogas	0.0
10	3	Biogas	0.0
10	4	Biogas	0.0
10	5	Biogas	0.0
10	6	Biogas	0.0
10	7	Biogas	0.0
10	8	Biogas	0.0
10	9	Biogas	0.0
10	10	Biogas	0.0
10	11	Biogas	0.0
10	12	Biogas	0.0
10	13	Biogas	0.0
10	14	Biogas	0.0
10	15	Biogas	0.0
10	16	Biogas	0.0
10	17	Biogas	0.0
10	18	Biogas	0.0
10	19	Biogas	0.0
10	20	Biogas	0.0
10	21	Biogas	0.0
10	22	Biogas	0.0
10	23	Biogas	0.0
10	24	Biogas	0.0
10	1	CH4_H2_Mix	0.0
10	2	CH4_H2_Mix	0.0
10	3	CH4_H2_Mix	0.0
10	4	CH4_H2_Mix	0.0
10	5	CH4_H2_Mix	0.0
10	6	CH4_H2_Mix	0.0
10	7	CH4_H2_Mix	0.0
10	8	CH4_H2_Mix	0.0
10	9	CH4_H2_Mix	0.0
10	10	CH4_H2_Mix	0.0
10	11	CH4_H2_Mix	0.0
10	12	CH4_H2_Mix	0.0
10	13	CH4_H2_Mix	0.0
10	14	CH4_H2_Mix	0.0
10	15	CH4_H2_Mix	0.0
10	16	CH4_H2_Mix	0.0
10	17	CH4_H2_Mix	0.0
10	18	CH4_H2_Mix	0.0
10	19	CH4_H2_Mix	0.0
10	20	CH4_H2_Mix	0.0
10	21	CH4_H2_Mix	0.0
10	22	CH4_H2_Mix	0.0
10	23	CH4_H2_Mix	0.0
10	24	CH4_H2_Mix	0.0
11	1	Electricity	43.41534901697049
11	2	Electricity	43.5487288089523
11	3	Electricity	43.756259328000354
11	4	Electricity	44.441977341837756
11	5	Electricity	46.18499797783308
11	6	Electricity	51.11209227755443
11	7	Electricity	62.24307261061636
11	8	Electricity	76.02143290830814
11	9	Electricity	91.55357742141828
11	10	Electricity	101.33397378502337
11	11	Electricity	103.73318587197537
11	12	Electricity	102.63335662290338
11	13	Electricity	91.4718596891659
11	14	Electricity	89.13288140030295
11	15	Electricity	95.28862473974424
11	16	Electricity	93.60246009304323
11	17	Electricity	90.17918197251385
11	18	Electricity	84.91307243218778
11	19	Electricity	80.42411907352165
11	20	Electricity	68.71540416790532
11	21	Electricity	54.16819278180116
11	22	Electricity	47.67417565961895
11	23	Electricity	45.79131577660603
11	24	Electricity	44.1292707815778
11	1	LT	17.995284478134984
11	2	LT	17.995284478134984
11	3	LT	17.995284478134984
11	4	LT	17.995284478134984
11	5	LT	17.995284478134984
11	6	LT	17.995284478134984
11	7	LT	17.995284478134984
11	8	LT	48.761416005268984
11	9	LT	60.95177000658623
11	10	LT	67.04694700724485
11	11	LT	67.04694700724485
11	12	LT	79.23730100856208
11	13	LT	79.23730100856208
11	14	LT	54.85659300592761
11	15	LT	79.23730100856208
11	16	LT	67.04694700724485
11	17	LT	58.049304768177365
11	18	LT	48.761416005268984
11	19	LT	17.995284478134984
11	20	LT	17.995284478134984
11	21	LT	17.995284478134984
11	22	LT	17.995284478134984
11	23	LT	17.995284478134984
11	24	LT	17.995284478134984
11	1	MT	102.79903961502974
11	2	MT	69.98225400104029
11	3	MT	69.98225400104029
11	4	MT	69.98225400104029
11	5	MT	69.98225400104029
11	6	MT	69.98225400104029
11	7	MT	69.98225400104029
11	8	MT	267.90103151688004
11	9	MT	334.8762893961
11	10	MT	368.3639183357101
11	11	MT	368.3639183357101
11	12	MT	435.3391762149301
11	13	MT	435.3391762149301
11	14	MT	301.38866045649
11	15	MT	435.3391762149301
11	16	MT	341.4793978134802
11	17	MT	189.10515303984397
11	18	MT	136.1290154360916
11	19	MT	72.50662212519332
11	20	MT	69.98225400104029
11	21	MT	69.98225400104029
11	22	MT	69.98225400104029
11	23	MT	69.98225400104029
11	24	MT	69.98225400104029
11	1	H2	0.0
11	2	H2	0.0
11	3	H2	0.0
11	4	H2	0.0
11	5	H2	0.0
11	6	H2	0.0
11	7	H2	0.0
11	8	H2	0.0
11	9	H2	0.0
11	10	H2	0.0
11	11	H2	0.0
11	12	H2	0.0
11	13	H2	0.0
11	14	H2	0.0
11	15	H2	0.0
11	16	H2	0.0
11	17	H2	0.0
11	18	H2	0.0
11	19	H2	0.0
11	20	H2	0.0
11	21	H2	0.0
11	22	H2	0.0
11	23	H2	0.0
11	24	H2	0.0
11	1	CH4	0.0
11	2	CH4	0.0
11	3	CH4	0.0
11	4	CH4	0.0
11	5	CH4	0.0
11	6	CH4	0.0
11	7	CH4	0.0
11	8	CH4	0.0
11	9	CH4	0.0
11	10	CH4	0.0
11	11	CH4	0.0
11	12	CH4	0.0
11	13	CH4	0.0
11	14	CH4	0.0
11	15	CH4	0.0
11	16	CH4	0.0
11	17	CH4	0.0
11	18	CH4	0.0
11	19	CH4	0.0
11	20	CH4	0.0
11	21	CH4	0.0
11	22	CH4	0.0
11	23	CH4	0.0
11	24	CH4	0.0
11	1	Biogas	0.0
11	2	Biogas	0.0
11	3	Biogas	0.0
11	4	Biogas	0.0
11	5	Biogas	0.0
11	6	Biogas	0.0
11	7	Biogas	0.0
11	8	Biogas	0.0
11	9	Biogas	0.0
11	10	Biogas	0.0
11	11	Biogas	0.0
11	12	Biogas	0.0
11	13	Biogas	0.0
11	14	Biogas	0.0
11	15	Biogas	0.0
11	16	Biogas	0.0
11	17	Biogas	0.0
11	18	Biogas	0.0
11	19	Biogas	0.0
11	20	Biogas	0.0
11	21	Biogas	0.0
11	22	Biogas	0.0
11	23	Biogas	0.0
11	24	Biogas	0.0
11	1	CH4_H2_Mix	0.0
11	2	CH4_H2_Mix	0.0
11	3	CH4_H2_Mix	0.0
11	4	CH4_H2_Mix	0.0
11	5	CH4_H2_Mix	0.0
11	6	CH4_H2_Mix	0.0
11	7	CH4_H2_Mix	0.0
11	8	CH4_H2_Mix	0.0
11	9	CH4_H2_Mix	0.0
11	10	CH4_H2_Mix	0.0
11	11	CH4_H2_Mix	0.0
11	12	CH4_H2_Mix	0.0
11	13	CH4_H2_Mix	0.0
11	14	CH4_H2_Mix	0.0
11	15	CH4_H2_Mix	0.0
11	16	CH4_H2_Mix	0.0
11	17	CH4_H2_Mix	0.0
11	18	CH4_H2_Mix	0.0
11	19	CH4_H2_Mix	0.0
11	20	CH4_H2_Mix	0.0
11	21	CH4_H2_Mix	0.0
11	22	CH4_H2_Mix	0.0
11	23	CH4_H2_Mix	0.0
11	24	CH4_H2_Mix	0.0
12	1	Electricity	41.9847288719693
12	2	Electricity	42.702015346214864
12	3	Electricity	42.77291459406911
12	4	Electricity	43.13123609107832
12	5	Electricity	45.687432903379026
12	6	Electricity	51.01922594695823
12	7	Electricity	61.69228117871178
12	8	Electricity	76.95892636326236
12	9	Electricity	90.33962723150437
12	10	Electricity	99.99742157119215
12	11	Electricity	103.70525735551293
12	12	Electricity	103.09274307827168
12	13	Electricity	92.36044781074227
12	14	Electricity	91.75029183773304
12	15	Electricity	98.70916240018599
12	16	Electricity	97.04377998331749
12	17	Electricity	94.44268511537734
12	18	Electricity	89.09714897901569
12	19	Electricity	83.48577379747894
12	20	Electricity	70.36276574327513
12	21	Electricity	55.198216195201496
12	22	Electricity	48.25533268451494
12	23	Electricity	46.244480740725336
12	24	Electricity	45.20067278344
12	1	LT	16.11687636423619
12	2	LT	16.11687636423619
12	3	LT	16.11687636423619
12	4	LT	16.11687636423619
12	5	LT	16.11687636423619
12	6	LT	16.11687636423619
12	7	LT	16.11687636423619
12	8	LT	70.10841218442742
12	9	LT	78.87196370748086
12	10	LT	87.63551523053428
12	11	LT	87.63551523053428
12	12	LT	105.16261827664113
12	13	LT	105.16261827664113
12	14	LT	70.10841218442742
12	15	LT	105.16261827664113
12	16	LT	105.16261827664113
12	17	LT	87.63551523053428
12	18	LT	70.51133409353334
12	19	LT	25.182619319119045
12	20	LT	25.182619319119045
12	21	LT	25.182619319119045
12	22	LT	25.182619319119045
12	23	LT	25.182619319119045
12	24	LT	25.182619319119045
12	1	MT	74.9068596582677
12	2	MT	74.9068596582677
12	3	MT	74.9068596582677
12	4	MT	74.9068596582677
12	5	MT	74.9068596582677
12	6	MT	74.9068596582677
12	7	MT	74.9068596582677
12	8	MT	320.6746175897335
12	9	MT	360.7589447884502
12	10	MT	400.8432719871668
12	11	MT	400.8432719871668
12	12	MT	481.01192638460014
12	13	MT	481.01192638460014
12	14	MT	320.6746175897335
12	15	MT	481.01192638460014
12	16	MT	481.01192638460014
12	17	MT	309.07183284094043
12	18	MT	137.56823803214544
12	19	MT	87.60042670590806
12	20	MT	87.60042670590806
12	21	MT	87.60042670590806
12	22	MT	87.60042670590806
12	23	MT	87.60042670590806
12	24	MT	87.60042670590806
12	1	H2	0.0
12	2	H2	0.0
12	3	H2	0.0
12	4	H2	0.0
12	5	H2	0.0
12	6	H2	0.0
12	7	H2	0.0
12	8	H2	0.0
12	9	H2	0.0
12	10	H2	0.0
12	11	H2	0.0
12	12	H2	0.0
12	13	H2	0.0
12	14	H2	0.0
12	15	H2	0.0
12	16	H2	0.0
12	17	H2	0.0
12	18	H2	0.0
12	19	H2	0.0
12	20	H2	0.0
12	21	H2	0.0
12	22	H2	0.0
12	23	H2	0.0
12	24	H2	0.0
12	1	CH4	0.0
12	2	CH4	0.0
12	3	CH4	0.0
12	4	CH4	0.0
12	5	CH4	0.0
12	6	CH4	0.0
12	7	CH4	0.0
12	8	CH4	0.0
12	9	CH4	0.0
12	10	CH4	0.0
12	11	CH4	0.0
12	12	CH4	0.0
12	13	CH4	0.0
12	14	CH4	0.0
12	15	CH4	0.0
12	16	CH4	0.0
12	17	CH4	0.0
12	18	CH4	0.0
12	19	CH4	0.0
12	20	CH4	0.0
12	21	CH4	0.0
12	22	CH4	0.0
12	23	CH4	0.0
12	24	CH4	0.0
12	1	Biogas	0.0
12	2	Biogas	0.0
12	3	Biogas	0.0
12	4	Biogas	0.0
12	5	Biogas	0.0
12	6	Biogas	0.0
12	7	Biogas	0.0
12	8	Biogas	0.0
12	9	Biogas	0.0
12	10	Biogas	0.0
12	11	Biogas	0.0
12	12	Biogas	0.0
12	13	Biogas	0.0
12	14	Biogas	0.0
12	15	Biogas	0.0
12	16	Biogas	0.0
12	17	Biogas	0.0
12	18	Biogas	0.0
12	19	Biogas	0.0
12	20	Biogas	0.0
12	21	Biogas	0.0
12	22	Biogas	0.0
12	23	Biogas	0.0
12	24	Biogas	0.0
12	1	CH4_H2_Mix	0.0
12	2	CH4_H2_Mix	0.0
12	3	CH4_H2_Mix	0.0
12	4	CH4_H2_Mix	0.0
12	5	CH4_H2_Mix	0.0
12	6	CH4_H2_Mix	0.0
12	7	CH4_H2_Mix	0.0
12	8	CH4_H2_Mix	0.0
12	9	CH4_H2_Mix	0.0
12	10	CH4_H2_Mix	0.0
12	11	CH4_H2_Mix	0.0
12	12	CH4_H2_Mix	0.0
12	13	CH4_H2_Mix	0.0
12	14	CH4_H2_Mix	0.0
12	15	CH4_H2_Mix	0.0
12	16	CH4_H2_Mix	0.0
12	17	CH4_H2_Mix	0.0
12	18	CH4_H2_Mix	0.0
12	19	CH4_H2_Mix	0.0
12	20	CH4_H2_Mix	0.0
12	21	CH4_H2_Mix	0.0
12	22	CH4_H2_Mix	0.0
12	23	CH4_H2_Mix	0.0
12	24	CH4_H2_Mix	0.0
13	1	Electricity	45.359482016059474
13	2	Electricity	44.98970676356757
13	3	Electricity	44.987040287110396
13	4	Electricity	44.892003753128996
13	5	Electricity	46.22773548343087
13	6	Electricity	51.414375760449545
13	7	Electricity	62.01504989276938
13	8	Electricity	77.11986465220677
13	9	Electricity	93.46864465909485
13	10	Electricity	103.56201567227293
13	11	Electricity	107.45218963733768
13	12	Electricity	106.45821829504722
13	13	Electricity	95.37903435774516
13	14	Electricity	94.37829789654286
13	15	Electricity	101.3238685332273
13	16	Electricity	99.37200880538829
13	17	Electricity	96.02834464697233
13	18	Electricity	92.31869651707348
13	19	Electricity	85.6692601834329
13	20	Electricity	70.97797249259165
13	21	Electricity	55.39436027880324
13	22	Electricity	48.40652560641921
13	23	Electricity	47.1762942544709
13	24	Electricity	46.02449768718317
13	1	LT	50.37355012717547
13	2	LT	50.37355012717547
13	3	LT	50.37355012717547
13	4	LT	50.37355012717547
13	5	LT	50.37355012717547
13	6	LT	50.37355012717547
13	7	LT	50.37355012717547
13	8	LT	136.49607131234646
13	9	LT	170.62008914043307
13	10	LT	187.68209805447637
13	11	LT	187.68209805447637
13	12	LT	221.806115882563
13	13	LT	221.806115882563
13	14	LT	153.5580802263898
13	15	LT	221.806115882563
13	16	LT	187.68209805447637
13	17	LT	162.49532299088867
13	18	LT	136.49607131234646
13	19	LT	50.37355012717547
13	20	LT	50.37355012717547
13	21	LT	50.37355012717547
13	22	LT	50.37355012717547
13	23	LT	50.37355012717547
13	24	LT	50.37355012717547
13	1	MT	187.79182985174316
13	2	MT	135.31103317149248
13	3	MT	135.31103317149248
13	4	MT	135.31103317149248
13	5	MT	135.31103317149248
13	6	MT	135.31103317149248
13	7	MT	135.31103317149248
13	8	MT	491.8218113953517
13	9	MT	614.7772642441896
13	10	MT	676.2549906686086
13	11	MT	676.2549906686086
13	12	MT	799.2104435174465
13	13	MT	799.2104435174465
13	14	MT	553.2995378197706
13	15	MT	799.2104435174465
13	16	MT	633.2611072344032
13	17	MT	377.8858179077604
13	18	MT	281.09122780234514
13	19	MT	139.34801753151174
13	20	MT	135.31103317149248
13	21	MT	135.31103317149248
13	22	MT	135.31103317149248
13	23	MT	135.31103317149248
13	24	MT	135.31103317149248
13	1	H2	0.0
13	2	H2	0.0
13	3	H2	0.0
13	4	H2	0.0
13	5	H2	0.0
13	6	H2	0.0
13	7	H2	0.0
13	8	H2	0.0
13	9	H2	0.0
13	10	H2	0.0
13	11	H2	0.0
13	12	H2	0.0
13	13	H2	0.0
13	14	H2	0.0
13	15	H2	0.0
13	16	H2	0.0
13	17	H2	0.0
13	18	H2	0.0
13	19	H2	0.0
13	20	H2	0.0
13	21	H2	0.0
13	22	H2	0.0
13	23	H2	0.0
13	24	H2	0.0
13	1	CH4	0.0
13	2	CH4	0.0
13	3	CH4	0.0
13	4	CH4	0.0
13	5	CH4	0.0
13	6	CH4	0.0
13	7	CH4	0.0
13	8	CH4	0.0
13	9	CH4	0.0
13	10	CH4	0.0
13	11	CH4	0.0
13	12	CH4	0.0
13	13	CH4	0.0
13	14	CH4	0.0
13	15	CH4	0.0
13	16	CH4	0.0
13	17	CH4	0.0
13	18	CH4	0.0
13	19	CH4	0.0
13	20	CH4	0.0
13	21	CH4	0.0
13	22	CH4	0.0
13	23	CH4	0.0
13	24	CH4	0.0
13	1	Biogas	0.0
13	2	Biogas	0.0
13	3	Biogas	0.0
13	4	Biogas	0.0
13	5	Biogas	0.0
13	6	Biogas	0.0
13	7	Biogas	0.0
13	8	Biogas	0.0
13	9	Biogas	0.0
13	10	Biogas	0.0
13	11	Biogas	0.0
13	12	Biogas	0.0
13	13	Biogas	0.0
13	14	Biogas	0.0
13	15	Biogas	0.0
13	16	Biogas	0.0
13	17	Biogas	0.0
13	18	Biogas	0.0
13	19	Biogas	0.0
13	20	Biogas	0.0
13	21	Biogas	0.0
13	22	Biogas	0.0
13	23	Biogas	0.0
13	24	Biogas	0.0
13	1	CH4_H2_Mix	0.0
13	2	CH4_H2_Mix	0.0
13	3	CH4_H2_Mix	0.0
13	4	CH4_H2_Mix	0.0
13	5	CH4_H2_Mix	0.0
13	6	CH4_H2_Mix	0.0
13	7	CH4_H2_Mix	0.0
13	8	CH4_H2_Mix	0.0
13	9	CH4_H2_Mix	0.0
13	10	CH4_H2_Mix	0.0
13	11	CH4_H2_Mix	0.0
13	12	CH4_H2_Mix	0.0
13	13	CH4_H2_Mix	0.0
13	14	CH4_H2_Mix	0.0
13	15	CH4_H2_Mix	0.0
13	16	CH4_H2_Mix	0.0
13	17	CH4_H2_Mix	0.0
13	18	CH4_H2_Mix	0.0
13	19	CH4_H2_Mix	0.0
13	20	CH4_H2_Mix	0.0
13	21	CH4_H2_Mix	0.0
13	22	CH4_H2_Mix	0.0
13	23	CH4_H2_Mix	0.0
13	24	CH4_H2_Mix	0.0
14	1	Electricity	45.80915685308479
14	2	Electricity	45.78719868891747
14	3	Electricity	45.8626532254497
14	4	Electricity	46.34915967274889
14	5	Electricity	47.777736982758825
14	6	Electricity	52.80354895814126
14	7	Electricity	63.979819966821346
14	8	Electricity	77.67595972227898
14	9	Electricity	92.37784610026
14	10	Electricity	103.04939348481598
14	11	Electricity	107.06687217232607
14	12	Electricity	105.89383226969521
14	13	Electricity	95.26805209641559
14	14	Electricity	94.1063955888079
14	15	Electricity	100.90503574884102
14	16	Electricity	99.79144334019365
14	17	Electricity	96.98678020734407
14	18	Electricity	92.02197470292568
14	19	Electricity	85.48543619855936
14	20	Electricity	71.58024662459549
14	21	Electricity	55.856027786318165
14	22	Electricity	48.98995385276024
14	23	Electricity	47.30766579627505
14	24	Electricity	46.54858295408719
14	1	LT	24.18625103964977
14	2	LT	24.18625103964977
14	3	LT	24.18625103964977
14	4	LT	24.18625103964977
14	5	LT	24.18625103964977
14	6	LT	24.18625103964977
14	7	LT	24.18625103964977
14	8	LT	69.67200702712015
14	9	LT	77.73929205131302
14	10	LT	85.80657707550587
14	11	LT	85.80657707550587
14	12	LT	102.6745366715455
14	13	LT	102.6745366715455
14	14	LT	68.20522793181235
14	15	LT	102.6745366715455
14	16	LT	102.6745366715455
14	17	LT	85.82218110843468
14	18	LT	68.18962389888354
14	19	LT	24.18625103964977
14	20	LT	24.18625103964977
14	21	LT	24.18625103964977
14	22	LT	24.18625103964977
14	23	LT	24.18625103964977
14	24	LT	24.18625103964977
14	1	MT	64.98650259893094
14	2	MT	85.30231388618876
14	3	MT	85.30231388618876
14	4	MT	85.30231388618876
14	5	MT	85.30231388618876
14	6	MT	85.30231388618876
14	7	MT	85.30231388618876
14	8	MT	324.6237296719023
14	9	MT	362.21174047601744
14	10	MT	399.79975128013245
14	11	MT	399.79975128013245
14	12	MT	478.3928647796456
14	13	MT	478.3928647796456
14	14	MT	317.78954588933595
14	15	MT	478.3928647796456
14	16	MT	478.3928647796456
14	17	MT	309.3374197434332
14	18	MT	166.21668931738662
14	19	MT	87.14920582139399
14	20	MT	87.14920582139399
14	21	MT	87.14920582139399
14	22	MT	87.14920582139399
14	23	MT	87.14920582139399
14	24	MT	87.14920582139399
14	1	H2	0.0
14	2	H2	0.0
14	3	H2	0.0
14	4	H2	0.0
14	5	H2	0.0
14	6	H2	0.0
14	7	H2	0.0
14	8	H2	0.0
14	9	H2	0.0
14	10	H2	0.0
14	11	H2	0.0
14	12	H2	0.0
14	13	H2	0.0
14	14	H2	0.0
14	15	H2	0.0
14	16	H2	0.0
14	17	H2	0.0
14	18	H2	0.0
14	19	H2	0.0
14	20	H2	0.0
14	21	H2	0.0
14	22	H2	0.0
14	23	H2	0.0
14	24	H2	0.0
14	1	CH4	0.0
14	2	CH4	0.0
14	3	CH4	0.0
14	4	CH4	0.0
14	5	CH4	0.0
14	6	CH4	0.0
14	7	CH4	0.0
14	8	CH4	0.0
14	9	CH4	0.0
14	10	CH4	0.0
14	11	CH4	0.0
14	12	CH4	0.0
14	13	CH4	0.0
14	14	CH4	0.0
14	15	CH4	0.0
14	16	CH4	0.0
14	17	CH4	0.0
14	18	CH4	0.0
14	19	CH4	0.0
14	20	CH4	0.0
14	21	CH4	0.0
14	22	CH4	0.0
14	23	CH4	0.0
14	24	CH4	0.0
14	1	Biogas	0.0
14	2	Biogas	0.0
14	3	Biogas	0.0
14	4	Biogas	0.0
14	5	Biogas	0.0
14	6	Biogas	0.0
14	7	Biogas	0.0
14	8	Biogas	0.0
14	9	Biogas	0.0
14	10	Biogas	0.0
14	11	Biogas	0.0
14	12	Biogas	0.0
14	13	Biogas	0.0
14	14	Biogas	0.0
14	15	Biogas	0.0
14	16	Biogas	0.0
14	17	Biogas	0.0
14	18	Biogas	0.0
14	19	Biogas	0.0
14	20	Biogas	0.0
14	21	Biogas	0.0
14	22	Biogas	0.0
14	23	Biogas	0.0
14	24	Biogas	0.0
14	1	CH4_H2_Mix	0.0
14	2	CH4_H2_Mix	0.0
14	3	CH4_H2_Mix	0.0
14	4	CH4_H2_Mix	0.0
14	5	CH4_H2_Mix	0.0
14	6	CH4_H2_Mix	0.0
14	7	CH4_H2_Mix	0.0
14	8	CH4_H2_Mix	0.0
14	9	CH4_H2_Mix	0.0
14	10	CH4_H2_Mix	0.0
14	11	CH4_H2_Mix	0.0
14	12	CH4_H2_Mix	0.0
14	13	CH4_H2_Mix	0.0
14	14	CH4_H2_Mix	0.0
14	15	CH4_H2_Mix	0.0
14	16	CH4_H2_Mix	0.0
14	17	CH4_H2_Mix	0.0
14	18	CH4_H2_Mix	0.0
14	19	CH4_H2_Mix	0.0
14	20	CH4_H2_Mix	0.0
14	21	CH4_H2_Mix	0.0
14	22	CH4_H2_Mix	0.0
14	23	CH4_H2_Mix	0.0
14	24	CH4_H2_Mix	0.0
