Node	Time	EnergyCarrier	ReferenceDemand
3	1	Electricity	35.55482183404961
3	2	Electricity	35.72225294667413
3	3	Electricity	35.64646178462323
3	4	Electricity	36.36362603385734
3	5	Electricity	38.8421580740022
3	6	Electricity	44.3472560997391
3	7	Electricity	55.509410524987146
3	8	Electricity	68.87876205094551
3	9	Electricity	83.68620794351075
3	10	Electricity	93.74808506265897
3	11	Electricity	96.98810983507013
3	12	Electricity	96.2425280426435
3	13	Electricity	86.45823598483037
3	14	Electricity	84.81219813369832
3	15	Electricity	92.0931990480274
3	16	Electricity	90.47941324577963
3	17	Electricity	87.38213504903203
3	18	Electricity	82.37039600167229
3	19	Electricity	75.24713449639648
3	20	Electricity	62.09752164996799
3	21	Electricity	49.86367559721392
3	22	Electricity	43.405403412727686
3	23	Electricity	40.70183807480741
3	24	Electricity	39.39078077205944
3	1	LT	9.502539608746797
3	2	LT	9.502539608746797
3	3	LT	9.502539608746797
3	4	LT	9.502539608746797
3	5	LT	9.502539608746797
3	6	LT	9.502539608746797
3	7	LT	9.502539608746797
3	8	LT	41.33604729804858
3	9	LT	46.50305321030464
3	10	LT	51.67005912256071
3	11	LT	51.67005912256071
3	12	LT	62.00407094707284
3	13	LT	62.00407094707284
3	14	LT	41.33604729804858
3	15	LT	62.00407094707284
3	16	LT	62.00407094707284
3	17	LT	51.67005912256071
3	18	LT	41.573610788267246
3	19	LT	14.84771813866687
3	20	LT	14.84771813866687
3	21	LT	14.84771813866687
3	22	LT	14.84771813866687
3	23	LT	14.84771813866687
3	24	LT	14.84771813866687
3	1	MT	58.97965289692591
3	2	MT	58.97965289692591
3	3	MT	58.97965289692591
3	4	MT	58.97965289692591
3	5	MT	58.97965289692591
3	6	MT	58.97965289692591
3	7	MT	58.97965289692591
3	8	MT	252.1798189527572
3	9	MT	283.7022963218518
3	10	MT	315.22477369094645
3	11	MT	315.22477369094645
3	12	MT	378.2697284291357
3	13	MT	378.2697284291357
3	14	MT	252.1798189527572
3	15	MT	378.2697284291357
3	16	MT	378.2697284291357
3	17	MT	237.45011079849473
3	18	MT	96.88785361559069
3	19	MT	67.2045247203785
3	20	MT	67.2045247203785
3	21	MT	67.2045247203785
3	22	MT	67.2045247203785
3	23	MT	67.2045247203785
3	24	MT	67.2045247203785
3	1	H2	0.0
3	2	H2	0.0
3	3	H2	0.0
3	4	H2	0.0
3	5	H2	0.0
3	6	H2	0.0
3	7	H2	0.0
3	8	H2	0.0
3	9	H2	0.0
3	10	H2	0.0
3	11	H2	0.0
3	12	H2	0.0
3	13	H2	0.0
3	14	H2	0.0
3	15	H2	0.0
3	16	H2	0.0
3	17	H2	0.0
3	18	H2	0.0
3	19	H2	0.0
3	20	H2	0.0
3	21	H2	0.0
3	22	H2	0.0
3	23	H2	0.0
3	24	H2	0.0
3	1	CH4	0.0
3	2	CH4	0.0
3	3	CH4	0.0
3	4	CH4	0.0
3	5	CH4	0.0
3	6	CH4	0.0
3	7	CH4	0.0
3	8	CH4	0.0
3	9	CH4	0.0
3	10	CH4	0.0
3	11	CH4	0.0
3	12	CH4	0.0
3	13	CH4	0.0
3	14	CH4	0.0
3	15	CH4	0.0
3	16	CH4	0.0
3	17	CH4	0.0
3	18	CH4	0.0
3	19	CH4	0.0
3	20	CH4	0.0
3	21	CH4	0.0
3	22	CH4	0.0
3	23	CH4	0.0
3	24	CH4	0.0
3	1	Biogas	0.0
3	2	Biogas	0.0
3	3	Biogas	0.0
3	4	Biogas	0.0
3	5	Biogas	0.0
3	6	Biogas	0.0
3	7	Biogas	0.0
3	8	Biogas	0.0
3	9	Biogas	0.0
3	10	Biogas	0.0
3	11	Biogas	0.0
3	12	Biogas	0.0
3	13	Biogas	0.0
3	14	Biogas	0.0
3	15	Biogas	0.0
3	16	Biogas	0.0
3	17	Biogas	0.0
3	18	Biogas	0.0
3	19	Biogas	0.0
3	20	Biogas	0.0
3	21	Biogas	0.0
3	22	Biogas	0.0
3	23	Biogas	0.0
3	24	Biogas	0.0
3	1	CH4_H2_Mix	0.0
3	2	CH4_H2_Mix	0.0
3	3	CH4_H2_Mix	0.0
3	4	CH4_H2_Mix	0.0
3	5	CH4_H2_Mix	0.0
3	6	CH4_H2_Mix	0.0
3	7	CH4_H2_Mix	0.0
3	8	CH4_H2_Mix	0.0
3	9	CH4_H2_Mix	0.0
3	10	CH4_H2_Mix	0.0
3	11	CH4_H2_Mix	0.0
3	12	CH4_H2_Mix	0.0
3	13	CH4_H2_Mix	0.0
3	14	CH4_H2_Mix	0.0
3	15	CH4_H2_Mix	0.0
3	16	CH4_H2_Mix	0.0
3	17	CH4_H2_Mix	0.0
3	18	CH4_H2_Mix	0.0
3	19	CH4_H2_Mix	0.0
3	20	CH4_H2_Mix	0.0
3	21	CH4_H2_Mix	0.0
3	22	CH4_H2_Mix	0.0
3	23	CH4_H2_Mix	0.0
3	24	CH4_H2_Mix	0.0
3	1	DummyFuel	0.0
3	2	DummyFuel	0.0
3	3	DummyFuel	0.0
3	4	DummyFuel	0.0
3	5	DummyFuel	0.0
3	6	DummyFuel	0.0
3	7	DummyFuel	0.0
3	8	DummyFuel	0.0
3	9	DummyFuel	0.0
3	10	DummyFuel	0.0
3	11	DummyFuel	0.0
3	12	DummyFuel	0.0
3	13	DummyFuel	0.0
3	14	DummyFuel	0.0
3	15	DummyFuel	0.0
3	16	DummyFuel	0.0
3	17	DummyFuel	0.0
3	18	DummyFuel	0.0
3	19	DummyFuel	0.0
3	20	DummyFuel	0.0
3	21	DummyFuel	0.0
3	22	DummyFuel	0.0
3	23	DummyFuel	0.0
3	24	DummyFuel	0.0
4	1	Electricity	33.74594484674394
4	2	Electricity	33.35982486203654
4	3	Electricity	32.57390169617574
4	4	Electricity	32.39623026095579
4	5	Electricity	33.930325482426255
4	6	Electricity	38.11142624041315
4	7	Electricity	47.485293044011584
4	8	Electricity	59.010739424730716
4	9	Electricity	74.02428622936938
4	10	Electricity	84.9139149587851
4	11	Electricity	90.66163401551549
4	12	Electricity	91.07713439475972
4	13	Electricity	82.73957340562147
4	14	Electricity	84.16282635191253
4	15	Electricity	91.73135096418302
4	16	Electricity	91.48155075931562
4	17	Electricity	89.8320546295223
4	18	Electricity	84.56550812971292
4	19	Electricity	76.06485651073116
4	20	Electricity	60.9686207106584
4	21	Electricity	45.48110266738801
4	22	Electricity	38.48444326809975
4	23	Electricity	36.993092773232114
4	24	Electricity	35.10356139100414
4	1	LT	2.3308264159432652
4	2	LT	2.3308264159432652
4	3	LT	2.3308264159432652
4	4	LT	2.3308264159432652
4	5	LT	2.3308264159432652
4	6	LT	2.3308264159432652
4	7	LT	2.3308264159432652
4	8	LT	6.714283836894631
4	9	LT	7.491727228535063
4	10	LT	8.269170620175492
4	11	LT	8.269170620175492
4	12	LT	9.894734075423667
4	13	LT	9.894734075423667
4	14	LT	6.5729304929600065
4	15	LT	9.894734075423667
4	16	LT	9.894734075423667
4	17	LT	8.270674379153522
4	18	LT	6.57142673398198
4	19	LT	2.3308264159432652
4	20	LT	2.3308264159432652
4	21	LT	2.3308264159432652
4	22	LT	2.3308264159432652
4	23	LT	2.3308264159432652
4	24	LT	2.3308264159432652
4	1	MT	27.295468877062394
4	2	MT	40.27044393377807
4	3	MT	40.27044393377807
4	4	MT	40.27044393377807
4	5	MT	40.27044393377807
4	6	MT	40.27044393377807
4	7	MT	40.27044393377807
4	8	MT	166.39418341278227
4	9	MT	185.66087833426235
4	10	MT	204.92757325574237
4	11	MT	204.92757325574237
4	12	MT	245.21248081883704
4	13	MT	245.21248081883704
4	14	MT	162.89114797251315
4	15	MT	245.21248081883704
4	16	MT	245.21248081883704
4	17	MT	147.14338159810487
4	18	MT	66.09620497718808
4	19	MT	41.44998712075222
4	20	MT	41.44998712075222
4	21	MT	41.44998712075222
4	22	MT	41.44998712075222
4	23	MT	41.44998712075222
4	24	MT	41.44998712075222
4	1	H2	0.0
4	2	H2	0.0
4	3	H2	0.0
4	4	H2	0.0
4	5	H2	0.0
4	6	H2	0.0
4	7	H2	0.0
4	8	H2	0.0
4	9	H2	0.0
4	10	H2	0.0
4	11	H2	0.0
4	12	H2	0.0
4	13	H2	0.0
4	14	H2	0.0
4	15	H2	0.0
4	16	H2	0.0
4	17	H2	0.0
4	18	H2	0.0
4	19	H2	0.0
4	20	H2	0.0
4	21	H2	0.0
4	22	H2	0.0
4	23	H2	0.0
4	24	H2	0.0
4	1	CH4	0.0
4	2	CH4	0.0
4	3	CH4	0.0
4	4	CH4	0.0
4	5	CH4	0.0
4	6	CH4	0.0
4	7	CH4	0.0
4	8	CH4	0.0
4	9	CH4	0.0
4	10	CH4	0.0
4	11	CH4	0.0
4	12	CH4	0.0
4	13	CH4	0.0
4	14	CH4	0.0
4	15	CH4	0.0
4	16	CH4	0.0
4	17	CH4	0.0
4	18	CH4	0.0
4	19	CH4	0.0
4	20	CH4	0.0
4	21	CH4	0.0
4	22	CH4	0.0
4	23	CH4	0.0
4	24	CH4	0.0
4	1	Biogas	0.0
4	2	Biogas	0.0
4	3	Biogas	0.0
4	4	Biogas	0.0
4	5	Biogas	0.0
4	6	Biogas	0.0
4	7	Biogas	0.0
4	8	Biogas	0.0
4	9	Biogas	0.0
4	10	Biogas	0.0
4	11	Biogas	0.0
4	12	Biogas	0.0
4	13	Biogas	0.0
4	14	Biogas	0.0
4	15	Biogas	0.0
4	16	Biogas	0.0
4	17	Biogas	0.0
4	18	Biogas	0.0
4	19	Biogas	0.0
4	20	Biogas	0.0
4	21	Biogas	0.0
4	22	Biogas	0.0
4	23	Biogas	0.0
4	24	Biogas	0.0
4	1	CH4_H2_Mix	0.0
4	2	CH4_H2_Mix	0.0
4	3	CH4_H2_Mix	0.0
4	4	CH4_H2_Mix	0.0
4	5	CH4_H2_Mix	0.0
4	6	CH4_H2_Mix	0.0
4	7	CH4_H2_Mix	0.0
4	8	CH4_H2_Mix	0.0
4	9	CH4_H2_Mix	0.0
4	10	CH4_H2_Mix	0.0
4	11	CH4_H2_Mix	0.0
4	12	CH4_H2_Mix	0.0
4	13	CH4_H2_Mix	0.0
4	14	CH4_H2_Mix	0.0
4	15	CH4_H2_Mix	0.0
4	16	CH4_H2_Mix	0.0
4	17	CH4_H2_Mix	0.0
4	18	CH4_H2_Mix	0.0
4	19	CH4_H2_Mix	0.0
4	20	CH4_H2_Mix	0.0
4	21	CH4_H2_Mix	0.0
4	22	CH4_H2_Mix	0.0
4	23	CH4_H2_Mix	0.0
4	24	CH4_H2_Mix	0.0
4	1	DummyFuel	0.0
4	2	DummyFuel	0.0
4	3	DummyFuel	0.0
4	4	DummyFuel	0.0
4	5	DummyFuel	0.0
4	6	DummyFuel	0.0
4	7	DummyFuel	0.0
4	8	DummyFuel	0.0
4	9	DummyFuel	0.0
4	10	DummyFuel	0.0
4	11	DummyFuel	0.0
4	12	DummyFuel	0.0
4	13	DummyFuel	0.0
4	14	DummyFuel	0.0
4	15	DummyFuel	0.0
4	16	DummyFuel	0.0
4	17	DummyFuel	0.0
4	18	DummyFuel	0.0
4	19	DummyFuel	0.0
4	20	DummyFuel	0.0
4	21	DummyFuel	0.0
4	22	DummyFuel	0.0
4	23	DummyFuel	0.0
4	24	DummyFuel	0.0
5	1	Electricity	38.18790697043906
5	2	Electricity	38.389998679172734
5	3	Electricity	38.42142707742017
5	4	Electricity	39.30683296542226
5	5	Electricity	41.33547764296221
5	6	Electricity	47.63263760096182
5	7	Electricity	58.05921684918431
5	8	Electricity	71.62175210005097
5	9	Electricity	87.36860615406192
5	10	Electricity	96.26612859273368
5	11	Electricity	99.56041111014534
5	12	Electricity	99.15191698070721
5	13	Electricity	91.36187965266072
5	14	Electricity	91.15075905260693
5	15	Electricity	96.03837355880998
5	16	Electricity	94.73455801197949
5	17	Electricity	93.77097379901124
5	18	Electricity	91.10320110809386
5	19	Electricity	81.3038513798669
5	20	Electricity	67.32237875405691
5	21	Electricity	51.36812611002663
5	22	Electricity	44.12739205342719
5	23	Electricity	42.50316629946599
5	24	Electricity	41.81060743484295
5	1	LT	19.80564109325912
5	2	LT	19.80564109325912
5	3	LT	19.80564109325912
5	4	LT	19.80564109325912
5	5	LT	19.80564109325912
5	6	LT	19.80564109325912
5	7	LT	19.80564109325912
5	8	LT	86.15453875567718
5	9	LT	96.92385610013682
5	10	LT	107.69317344459647
5	11	LT	107.69317344459647
5	12	LT	129.23180813351573
5	13	LT	129.23180813351573
5	14	LT	86.15453875567718
5	15	LT	129.23180813351573
5	16	LT	129.23180813351573
5	17	LT	107.69317344459647
5	18	LT	86.64967978300865
5	19	LT	30.946314208217377
5	20	LT	30.946314208217377
5	21	LT	30.946314208217377
5	22	LT	30.946314208217377
5	23	LT	30.946314208217377
5	24	LT	30.946314208217377
5	1	MT	84.1758902551378
5	2	MT	84.1758902551378
5	3	MT	84.1758902551378
5	4	MT	84.1758902551378
5	5	MT	84.1758902551378
5	6	MT	84.1758902551378
5	7	MT	84.1758902551378
5	8	MT	360.5203424934798
5	9	MT	405.58538530516483
5	10	MT	450.6504281168498
5	11	MT	450.6504281168498
5	12	MT	540.7805137402197
5	13	MT	540.7805137402197
5	14	MT	360.5203424934798
5	15	MT	540.7805137402197
5	16	MT	540.7805137402197
5	17	MT	350.45558105128873
5	18	MT	160.66705114196685
5	19	MT	99.38094174988129
5	20	MT	99.38094174988129
5	21	MT	99.38094174988129
5	22	MT	99.38094174988129
5	23	MT	99.38094174988129
5	24	MT	99.38094174988129
5	1	H2	0.0
5	2	H2	0.0
5	3	H2	0.0
5	4	H2	0.0
5	5	H2	0.0
5	6	H2	0.0
5	7	H2	0.0
5	8	H2	0.0
5	9	H2	0.0
5	10	H2	0.0
5	11	H2	0.0
5	12	H2	0.0
5	13	H2	0.0
5	14	H2	0.0
5	15	H2	0.0
5	16	H2	0.0
5	17	H2	0.0
5	18	H2	0.0
5	19	H2	0.0
5	20	H2	0.0
5	21	H2	0.0
5	22	H2	0.0
5	23	H2	0.0
5	24	H2	0.0
5	1	CH4	0.0
5	2	CH4	0.0
5	3	CH4	0.0
5	4	CH4	0.0
5	5	CH4	0.0
5	6	CH4	0.0
5	7	CH4	0.0
5	8	CH4	0.0
5	9	CH4	0.0
5	10	CH4	0.0
5	11	CH4	0.0
5	12	CH4	0.0
5	13	CH4	0.0
5	14	CH4	0.0
5	15	CH4	0.0
5	16	CH4	0.0
5	17	CH4	0.0
5	18	CH4	0.0
5	19	CH4	0.0
5	20	CH4	0.0
5	21	CH4	0.0
5	22	CH4	0.0
5	23	CH4	0.0
5	24	CH4	0.0
5	1	Biogas	0.0
5	2	Biogas	0.0
5	3	Biogas	0.0
5	4	Biogas	0.0
5	5	Biogas	0.0
5	6	Biogas	0.0
5	7	Biogas	0.0
5	8	Biogas	0.0
5	9	Biogas	0.0
5	10	Biogas	0.0
5	11	Biogas	0.0
5	12	Biogas	0.0
5	13	Biogas	0.0
5	14	Biogas	0.0
5	15	Biogas	0.0
5	16	Biogas	0.0
5	17	Biogas	0.0
5	18	Biogas	0.0
5	19	Biogas	0.0
5	20	Biogas	0.0
5	21	Biogas	0.0
5	22	Biogas	0.0
5	23	Biogas	0.0
5	24	Biogas	0.0
5	1	CH4_H2_Mix	0.0
5	2	CH4_H2_Mix	0.0
5	3	CH4_H2_Mix	0.0
5	4	CH4_H2_Mix	0.0
5	5	CH4_H2_Mix	0.0
5	6	CH4_H2_Mix	0.0
5	7	CH4_H2_Mix	0.0
5	8	CH4_H2_Mix	0.0
5	9	CH4_H2_Mix	0.0
5	10	CH4_H2_Mix	0.0
5	11	CH4_H2_Mix	0.0
5	12	CH4_H2_Mix	0.0
5	13	CH4_H2_Mix	0.0
5	14	CH4_H2_Mix	0.0
5	15	CH4_H2_Mix	0.0
5	16	CH4_H2_Mix	0.0
5	17	CH4_H2_Mix	0.0
5	18	CH4_H2_Mix	0.0
5	19	CH4_H2_Mix	0.0
5	20	CH4_H2_Mix	0.0
5	21	CH4_H2_Mix	0.0
5	22	CH4_H2_Mix	0.0
5	23	CH4_H2_Mix	0.0
5	24	CH4_H2_Mix	0.0
5	1	DummyFuel	0.0
5	2	DummyFuel	0.0
5	3	DummyFuel	0.0
5	4	DummyFuel	0.0
5	5	DummyFuel	0.0
5	6	DummyFuel	0.0
5	7	DummyFuel	0.0
5	8	DummyFuel	0.0
5	9	DummyFuel	0.0
5	10	DummyFuel	0.0
5	11	DummyFuel	0.0
5	12	DummyFuel	0.0
5	13	DummyFuel	0.0
5	14	DummyFuel	0.0
5	15	DummyFuel	0.0
5	16	DummyFuel	0.0
5	17	DummyFuel	0.0
5	18	DummyFuel	0.0
5	19	DummyFuel	0.0
5	20	DummyFuel	0.0
5	21	DummyFuel	0.0
5	22	DummyFuel	0.0
5	23	DummyFuel	0.0
5	24	DummyFuel	0.0
6	1	Electricity	41.175245061572454
6	2	Electricity	42.15639782775595
6	3	Electricity	42.76643897411681
6	4	Electricity	43.104916465210145
6	5	Electricity	44.574172686299875
6	6	Electricity	50.158392074922915
6	7	Electricity	61.21448209798243
6	8	Electricity	72.79282578635451
6	9	Electricity	87.9947302015296
6	10	Electricity	97.81931179356188
6	11	Electricity	101.06752189188458
6	12	Electricity	99.8970805882636
6	13	Electricity	89.6188833147139
6	14	Electricity	88.45948019140197
6	15	Electricity	95.36587008552374
6	16	Electricity	93.61288099143813
6	17	Electricity	91.94160620912884
6	18	Electricity	86.75233905716476
6	19	Electricity	80.47193476990898
6	20	Electricity	68.03566757857075
6	21	Electricity	52.63399144956205
6	22	Electricity	46.342678580034885
6	23	Electricity	45.15780834017485
6	24	Electricity	44.00427999852306
6	1	LT	26.355673312502216
6	2	LT	26.355673312502216
6	3	LT	26.355673312502216
6	4	LT	26.355673312502216
6	5	LT	26.355673312502216
6	6	LT	26.355673312502216
6	7	LT	26.355673312502216
6	8	LT	72.6098799759436
6	9	LT	81.0173397626318
6	10	LT	89.42479954932
6	11	LT	89.42479954932
6	12	LT	107.00403364875896
6	13	LT	107.00403364875896
6	14	LT	71.08125092381846
6	15	LT	107.00403364875896
6	16	LT	107.00403364875896
6	17	LT	89.41162171266376
6	18	LT	71.09442876047473
6	19	LT	26.355673312502216
6	20	LT	26.355673312502216
6	21	LT	26.355673312502216
6	22	LT	26.355673312502216
6	23	LT	26.355673312502216
6	24	LT	26.355673312502216
6	1	MT	90.31340808973911
6	2	MT	90.31340808973911
6	3	MT	90.31340808973911
6	4	MT	90.31340808973911
6	5	MT	90.31340808973911
6	6	MT	90.31340808973911
6	7	MT	90.31340808973911
6	8	MT	331.13393746771294
6	9	MT	369.4757618060798
6	10	MT	407.8175861444465
6	11	MT	407.8175861444465
6	12	MT	487.98685521557707
6	13	MT	487.98685521557707
6	14	MT	324.162696678919
6	15	MT	487.98685521557707
6	16	MT	487.98685521557707
6	17	MT	316.11566195962814
6	18	MT	170.59688671454722
6	19	MT	90.31340808973911
6	20	MT	90.31340808973911
6	21	MT	90.31340808973911
6	22	MT	90.31340808973911
6	23	MT	90.31340808973911
6	24	MT	90.31340808973911
6	1	H2	0.0
6	2	H2	0.0
6	3	H2	0.0
6	4	H2	0.0
6	5	H2	0.0
6	6	H2	0.0
6	7	H2	0.0
6	8	H2	0.0
6	9	H2	0.0
6	10	H2	0.0
6	11	H2	0.0
6	12	H2	0.0
6	13	H2	0.0
6	14	H2	0.0
6	15	H2	0.0
6	16	H2	0.0
6	17	H2	0.0
6	18	H2	0.0
6	19	H2	0.0
6	20	H2	0.0
6	21	H2	0.0
6	22	H2	0.0
6	23	H2	0.0
6	24	H2	0.0
6	1	CH4	0.0
6	2	CH4	0.0
6	3	CH4	0.0
6	4	CH4	0.0
6	5	CH4	0.0
6	6	CH4	0.0
6	7	CH4	0.0
6	8	CH4	0.0
6	9	CH4	0.0
6	10	CH4	0.0
6	11	CH4	0.0
6	12	CH4	0.0
6	13	CH4	0.0
6	14	CH4	0.0
6	15	CH4	0.0
6	16	CH4	0.0
6	17	CH4	0.0
6	18	CH4	0.0
6	19	CH4	0.0
6	20	CH4	0.0
6	21	CH4	0.0
6	22	CH4	0.0
6	23	CH4	0.0
6	24	CH4	0.0
6	1	Biogas	0.0
6	2	Biogas	0.0
6	3	Biogas	0.0
6	4	Biogas	0.0
6	5	Biogas	0.0
6	6	Biogas	0.0
6	7	Biogas	0.0
6	8	Biogas	0.0
6	9	Biogas	0.0
6	10	Biogas	0.0
6	11	Biogas	0.0
6	12	Biogas	0.0
6	13	Biogas	0.0
6	14	Biogas	0.0
6	15	Biogas	0.0
6	16	Biogas	0.0
6	17	Biogas	0.0
6	18	Biogas	0.0
6	19	Biogas	0.0
6	20	Biogas	0.0
6	21	Biogas	0.0
6	22	Biogas	0.0
6	23	Biogas	0.0
6	24	Biogas	0.0
6	1	CH4_H2_Mix	0.0
6	2	CH4_H2_Mix	0.0
6	3	CH4_H2_Mix	0.0
6	4	CH4_H2_Mix	0.0
6	5	CH4_H2_Mix	0.0
6	6	CH4_H2_Mix	0.0
6	7	CH4_H2_Mix	0.0
6	8	CH4_H2_Mix	0.0
6	9	CH4_H2_Mix	0.0
6	10	CH4_H2_Mix	0.0
6	11	CH4_H2_Mix	0.0
6	12	CH4_H2_Mix	0.0
6	13	CH4_H2_Mix	0.0
6	14	CH4_H2_Mix	0.0
6	15	CH4_H2_Mix	0.0
6	16	CH4_H2_Mix	0.0
6	17	CH4_H2_Mix	0.0
6	18	CH4_H2_Mix	0.0
6	19	CH4_H2_Mix	0.0
6	20	CH4_H2_Mix	0.0
6	21	CH4_H2_Mix	0.0
6	22	CH4_H2_Mix	0.0
6	23	CH4_H2_Mix	0.0
6	24	CH4_H2_Mix	0.0
6	1	DummyFuel	0.0
6	2	DummyFuel	0.0
6	3	DummyFuel	0.0
6	4	DummyFuel	0.0
6	5	DummyFuel	0.0
6	6	DummyFuel	0.0
6	7	DummyFuel	0.0
6	8	DummyFuel	0.0
6	9	DummyFuel	0.0
6	10	DummyFuel	0.0
6	11	DummyFuel	0.0
6	12	DummyFuel	0.0
6	13	DummyFuel	0.0
6	14	DummyFuel	0.0
6	15	DummyFuel	0.0
6	16	DummyFuel	0.0
6	17	DummyFuel	0.0
6	18	DummyFuel	0.0
6	19	DummyFuel	0.0
6	20	DummyFuel	0.0
6	21	DummyFuel	0.0
6	22	DummyFuel	0.0
6	23	DummyFuel	0.0
6	24	DummyFuel	0.0
7	1	Electricity	34.050541635608155
7	2	Electricity	33.345184819082014
7	3	Electricity	33.09212576197644
7	4	Electricity	32.96045696813369
7	5	Electricity	33.57842969175563
7	6	Electricity	38.221141025333594
7	7	Electricity	48.514588124041495
7	8	Electricity	58.467084220722754
7	9	Electricity	73.2080904821293
7	10	Electricity	83.82061874298962
7	11	Electricity	88.27073307732056
7	12	Electricity	88.70063951361949
7	13	Electricity	81.31396187639297
7	14	Electricity	82.34808213333092
7	15	Electricity	88.77432318101307
7	16	Electricity	88.48426328874734
7	17	Electricity	85.90977192085202
7	18	Electricity	80.55514251220966
7	19	Electricity	74.20911400995259
7	20	Electricity	59.320941740446465
7	21	Electricity	44.80229621951181
7	22	Electricity	38.57618742917754
7	23	Electricity	35.80283290190247
7	24	Electricity	33.83451189229311
7	1	LT	1.9443381544872935
7	2	LT	1.9443381544872935
7	3	LT	1.9443381544872935
7	4	LT	1.9443381544872935
7	5	LT	1.9443381544872935
7	6	LT	1.9443381544872935
7	7	LT	1.9443381544872935
7	8	LT	5.268529192804279
7	9	LT	6.5856614910053475
7	10	LT	7.2442276401058825
7	11	LT	7.2442276401058825
7	12	LT	8.561359938306953
7	13	LT	8.561359938306953
7	14	LT	5.927095341904813
7	15	LT	8.561359938306953
7	16	LT	7.2442276401058825
7	17	LT	6.272058562862238
7	18	LT	5.268529192804279
7	19	LT	1.9443381544872935
7	20	LT	1.9443381544872935
7	21	LT	1.9443381544872935
7	22	LT	1.9443381544872935
7	23	LT	1.9443381544872935
7	24	LT	1.9443381544872935
7	1	MT	56.664177463078126
7	2	MT	35.17170641224016
7	3	MT	35.17170641224016
7	4	MT	35.17170641224016
7	5	MT	35.17170641224016
7	6	MT	35.17170641224016
7	7	MT	35.17170641224016
7	8	MT	146.56592202538886
7	9	MT	183.20740253173608
7	10	MT	201.5281427849097
7	11	MT	201.5281427849097
7	12	MT	238.1696232912569
7	13	MT	238.1696232912569
7	14	MT	164.88666227856245
7	15	MT	238.1696232912569
7	16	MT	183.92084919326166
7	17	MT	89.45808030529808
7	18	MT	60.265384421254865
7	19	MT	36.824973416150776
7	20	MT	35.17170641224016
7	21	MT	35.17170641224016
7	22	MT	35.17170641224016
7	23	MT	35.17170641224016
7	24	MT	35.17170641224016
7	1	H2	0.0
7	2	H2	0.0
7	3	H2	0.0
7	4	H2	0.0
7	5	H2	0.0
7	6	H2	0.0
7	7	H2	0.0
7	8	H2	0.0
7	9	H2	0.0
7	10	H2	0.0
7	11	H2	0.0
7	12	H2	0.0
7	13	H2	0.0
7	14	H2	0.0
7	15	H2	0.0
7	16	H2	0.0
7	17	H2	0.0
7	18	H2	0.0
7	19	H2	0.0
7	20	H2	0.0
7	21	H2	0.0
7	22	H2	0.0
7	23	H2	0.0
7	24	H2	0.0
7	1	CH4	0.0
7	2	CH4	0.0
7	3	CH4	0.0
7	4	CH4	0.0
7	5	CH4	0.0
7	6	CH4	0.0
7	7	CH4	0.0
7	8	CH4	0.0
7	9	CH4	0.0
7	10	CH4	0.0
7	11	CH4	0.0
7	12	CH4	0.0
7	13	CH4	0.0
7	14	CH4	0.0
7	15	CH4	0.0
7	16	CH4	0.0
7	17	CH4	0.0
7	18	CH4	0.0
7	19	CH4	0.0
7	20	CH4	0.0
7	21	CH4	0.0
7	22	CH4	0.0
7	23	CH4	0.0
7	24	CH4	0.0
7	1	Biogas	0.0
7	2	Biogas	0.0
7	3	Biogas	0.0
7	4	Biogas	0.0
7	5	Biogas	0.0
7	6	Biogas	0.0
7	7	Biogas	0.0
7	8	Biogas	0.0
7	9	Biogas	0.0
7	10	Biogas	0.0
7	11	Biogas	0.0
7	12	Biogas	0.0
7	13	Biogas	0.0
7	14	Biogas	0.0
7	15	Biogas	0.0
7	16	Biogas	0.0
7	17	Biogas	0.0
7	18	Biogas	0.0
7	19	Biogas	0.0
7	20	Biogas	0.0
7	21	Biogas	0.0
7	22	Biogas	0.0
7	23	Biogas	0.0
7	24	Biogas	0.0
7	1	CH4_H2_Mix	0.0
7	2	CH4_H2_Mix	0.0
7	3	CH4_H2_Mix	0.0
7	4	CH4_H2_Mix	0.0
7	5	CH4_H2_Mix	0.0
7	6	CH4_H2_Mix	0.0
7	7	CH4_H2_Mix	0.0
7	8	CH4_H2_Mix	0.0
7	9	CH4_H2_Mix	0.0
7	10	CH4_H2_Mix	0.0
7	11	CH4_H2_Mix	0.0
7	12	CH4_H2_Mix	0.0
7	13	CH4_H2_Mix	0.0
7	14	CH4_H2_Mix	0.0
7	15	CH4_H2_Mix	0.0
7	16	CH4_H2_Mix	0.0
7	17	CH4_H2_Mix	0.0
7	18	CH4_H2_Mix	0.0
7	19	CH4_H2_Mix	0.0
7	20	CH4_H2_Mix	0.0
7	21	CH4_H2_Mix	0.0
7	22	CH4_H2_Mix	0.0
7	23	CH4_H2_Mix	0.0
7	24	CH4_H2_Mix	0.0
7	1	DummyFuel	0.0
7	2	DummyFuel	0.0
7	3	DummyFuel	0.0
7	4	DummyFuel	0.0
7	5	DummyFuel	0.0
7	6	DummyFuel	0.0
7	7	DummyFuel	0.0
7	8	DummyFuel	0.0
7	9	DummyFuel	0.0
7	10	DummyFuel	0.0
7	11	DummyFuel	0.0
7	12	DummyFuel	0.0
7	13	DummyFuel	0.0
7	14	DummyFuel	0.0
7	15	DummyFuel	0.0
7	16	DummyFuel	0.0
7	17	DummyFuel	0.0
7	18	DummyFuel	0.0
7	19	DummyFuel	0.0
7	20	DummyFuel	0.0
7	21	DummyFuel	0.0
7	22	DummyFuel	0.0
7	23	DummyFuel	0.0
7	24	DummyFuel	0.0
8	1	Electricity	32.23499390919323
8	2	Electricity	31.8517113740726
8	3	Electricity	31.514978021730883
8	4	Electricity	31.690286769442082
8	5	Electricity	32.84710953628314
8	6	Electricity	37.83197494199935
8	7	Electricity	47.312071521469896
8	8	Electricity	57.86429744803554
8	9	Electricity	72.33967906477422
8	10	Electricity	82.99829147568953
8	11	Electricity	87.4978337161307
8	12	Electricity	87.75585198213241
8	13	Electricity	79.57172909005165
8	14	Electricity	79.62419164252809
8	15	Electricity	87.45853708277154
8	16	Electricity	87.89657077289945
8	17	Electricity	86.23983909471927
8	18	Electricity	80.93200055716098
8	19	Electricity	72.32848871128552
8	20	Electricity	57.85308419002564
8	21	Electricity	43.219366506523386
8	22	Electricity	36.803416885882775
8	23	Electricity	34.584255669323774
8	24	Electricity	32.63746518836282
8	1	LT	1.5027364740437295
8	2	LT	1.5027364740437295
8	3	LT	1.5027364740437295
8	4	LT	1.5027364740437295
8	5	LT	1.5027364740437295
8	6	LT	1.5027364740437295
8	7	LT	1.5027364740437295
8	8	LT	4.140038985990475
8	9	LT	4.619411921210424
8	10	LT	5.098784856430373
8	11	LT	5.098784856430373
8	12	LT	6.101110084617542
8	13	LT	6.101110084617542
8	14	LT	4.052880270495938
8	15	LT	6.101110084617542
8	16	LT	6.101110084617542
8	17	LT	5.098033488193353
8	18	LT	4.05363163873296
8	19	LT	1.5027364740437295
8	20	LT	1.5027364740437295
8	21	LT	1.5027364740437295
8	22	LT	1.5027364740437295
8	23	LT	1.5027364740437295
8	24	LT	1.5027364740437295
8	1	MT	34.038912467997385
8	2	MT	34.038912467997385
8	3	MT	34.038912467997385
8	4	MT	34.038912467997385
8	5	MT	34.038912467997385
8	6	MT	34.038912467997385
8	7	MT	34.038912467997385
8	8	MT	136.97706887286262
8	9	MT	152.83757158445724
8	10	MT	168.69807429605183
8	11	MT	168.69807429605183
8	12	MT	201.8609436021133
8	13	MT	201.8609436021133
8	14	MT	134.09334110711814
8	15	MT	201.8609436021133
8	16	MT	201.8609436021133
8	17	MT	120.581734850507
8	18	MT	53.49893117597588
8	19	MT	34.038912467997385
8	20	MT	34.038912467997385
8	21	MT	34.038912467997385
8	22	MT	34.038912467997385
8	23	MT	34.038912467997385
8	24	MT	34.038912467997385
8	1	H2	0.0
8	2	H2	0.0
8	3	H2	0.0
8	4	H2	0.0
8	5	H2	0.0
8	6	H2	0.0
8	7	H2	0.0
8	8	H2	0.0
8	9	H2	0.0
8	10	H2	0.0
8	11	H2	0.0
8	12	H2	0.0
8	13	H2	0.0
8	14	H2	0.0
8	15	H2	0.0
8	16	H2	0.0
8	17	H2	0.0
8	18	H2	0.0
8	19	H2	0.0
8	20	H2	0.0
8	21	H2	0.0
8	22	H2	0.0
8	23	H2	0.0
8	24	H2	0.0
8	1	CH4	0.0
8	2	CH4	0.0
8	3	CH4	0.0
8	4	CH4	0.0
8	5	CH4	0.0
8	6	CH4	0.0
8	7	CH4	0.0
8	8	CH4	0.0
8	9	CH4	0.0
8	10	CH4	0.0
8	11	CH4	0.0
8	12	CH4	0.0
8	13	CH4	0.0
8	14	CH4	0.0
8	15	CH4	0.0
8	16	CH4	0.0
8	17	CH4	0.0
8	18	CH4	0.0
8	19	CH4	0.0
8	20	CH4	0.0
8	21	CH4	0.0
8	22	CH4	0.0
8	23	CH4	0.0
8	24	CH4	0.0
8	1	Biogas	0.0
8	2	Biogas	0.0
8	3	Biogas	0.0
8	4	Biogas	0.0
8	5	Biogas	0.0
8	6	Biogas	0.0
8	7	Biogas	0.0
8	8	Biogas	0.0
8	9	Biogas	0.0
8	10	Biogas	0.0
8	11	Biogas	0.0
8	12	Biogas	0.0
8	13	Biogas	0.0
8	14	Biogas	0.0
8	15	Biogas	0.0
8	16	Biogas	0.0
8	17	Biogas	0.0
8	18	Biogas	0.0
8	19	Biogas	0.0
8	20	Biogas	0.0
8	21	Biogas	0.0
8	22	Biogas	0.0
8	23	Biogas	0.0
8	24	Biogas	0.0
8	1	CH4_H2_Mix	0.0
8	2	CH4_H2_Mix	0.0
8	3	CH4_H2_Mix	0.0
8	4	CH4_H2_Mix	0.0
8	5	CH4_H2_Mix	0.0
8	6	CH4_H2_Mix	0.0
8	7	CH4_H2_Mix	0.0
8	8	CH4_H2_Mix	0.0
8	9	CH4_H2_Mix	0.0
8	10	CH4_H2_Mix	0.0
8	11	CH4_H2_Mix	0.0
8	12	CH4_H2_Mix	0.0
8	13	CH4_H2_Mix	0.0
8	14	CH4_H2_Mix	0.0
8	15	CH4_H2_Mix	0.0
8	16	CH4_H2_Mix	0.0
8	17	CH4_H2_Mix	0.0
8	18	CH4_H2_Mix	0.0
8	19	CH4_H2_Mix	0.0
8	20	CH4_H2_Mix	0.0
8	21	CH4_H2_Mix	0.0
8	22	CH4_H2_Mix	0.0
8	23	CH4_H2_Mix	0.0
8	24	CH4_H2_Mix	0.0
8	1	DummyFuel	0.0
8	2	DummyFuel	0.0
8	3	DummyFuel	0.0
8	4	DummyFuel	0.0
8	5	DummyFuel	0.0
8	6	DummyFuel	0.0
8	7	DummyFuel	0.0
8	8	DummyFuel	0.0
8	9	DummyFuel	0.0
8	10	DummyFuel	0.0
8	11	DummyFuel	0.0
8	12	DummyFuel	0.0
8	13	DummyFuel	0.0
8	14	DummyFuel	0.0
8	15	DummyFuel	0.0
8	16	DummyFuel	0.0
8	17	DummyFuel	0.0
8	18	DummyFuel	0.0
8	19	DummyFuel	0.0
8	20	DummyFuel	0.0
8	21	DummyFuel	0.0
8	22	DummyFuel	0.0
8	23	DummyFuel	0.0
8	24	DummyFuel	0.0
9	1	Electricity	32.23545808046389
9	2	Electricity	31.37828201486041
9	3	Electricity	31.235820529542767
9	4	Electricity	31.459696566248986
9	5	Electricity	33.48089405661258
9	6	Electricity	38.2497729943702
9	7	Electricity	48.1133049408994
9	8	Electricity	58.4762774469152
9	9	Electricity	72.8468768332531
9	10	Electricity	86.09695065797793
9	11	Electricity	90.87496748622631
9	12	Electricity	91.51715365857582
9	13	Electricity	84.15532542525663
9	14	Electricity	86.06950070412249
9	15	Electricity	93.6259706212707
9	16	Electricity	92.28963741925517
9	17	Electricity	90.38590791958048
9	18	Electricity	85.17039441594663
9	19	Electricity	76.91734766428218
9	20	Electricity	60.96309289195569
9	21	Electricity	46.09101540654363
9	22	Electricity	39.93129075964521
9	23	Electricity	37.04044412099078
9	24	Electricity	35.06671103145406
9	1	LT	2.2522089344603495
9	2	LT	2.2522089344603495
9	3	LT	2.2522089344603495
9	4	LT	2.2522089344603495
9	5	LT	2.2522089344603495
9	6	LT	2.2522089344603495
9	7	LT	2.2522089344603495
9	8	LT	9.79710886490252
9	9	LT	11.021747473015335
9	10	LT	12.246386081128149
9	11	LT	12.246386081128149
9	12	LT	14.695663297353777
9	13	LT	14.695663297353777
9	14	LT	9.79710886490252
9	15	LT	14.695663297353777
9	16	LT	14.695663297353777
9	17	LT	12.246386081128149
9	18	LT	9.85341408826403
9	19	LT	3.519076460094296
9	20	LT	3.519076460094296
9	21	LT	3.519076460094296
9	22	LT	3.519076460094296
9	23	LT	3.519076460094296
9	24	LT	3.519076460094296
9	1	MT	41.774240780022915
9	2	MT	41.774240780022915
9	3	MT	41.774240780022915
9	4	MT	41.774240780022915
9	5	MT	41.774240780022915
9	6	MT	41.774240780022915
9	7	MT	41.774240780022915
9	8	MT	178.1778560940075
9	9	MT	200.45008810575843
9	10	MT	222.72232011750935
9	11	MT	222.72232011750935
9	12	MT	267.2667841410112
9	13	MT	267.2667841410112
9	14	MT	178.1778560940075
9	15	MT	267.2667841410112
9	16	MT	267.2667841410112
9	17	MT	159.8856995586232
9	18	MT	52.56561230154348
9	19	MT	45.11339798784424
9	20	MT	45.11339798784424
9	21	MT	45.11339798784424
9	22	MT	45.11339798784424
9	23	MT	45.11339798784424
9	24	MT	45.11339798784424
9	1	H2	0.0
9	2	H2	0.0
9	3	H2	0.0
9	4	H2	0.0
9	5	H2	0.0
9	6	H2	0.0
9	7	H2	0.0
9	8	H2	0.0
9	9	H2	0.0
9	10	H2	0.0
9	11	H2	0.0
9	12	H2	0.0
9	13	H2	0.0
9	14	H2	0.0
9	15	H2	0.0
9	16	H2	0.0
9	17	H2	0.0
9	18	H2	0.0
9	19	H2	0.0
9	20	H2	0.0
9	21	H2	0.0
9	22	H2	0.0
9	23	H2	0.0
9	24	H2	0.0
9	1	CH4	0.0
9	2	CH4	0.0
9	3	CH4	0.0
9	4	CH4	0.0
9	5	CH4	0.0
9	6	CH4	0.0
9	7	CH4	0.0
9	8	CH4	0.0
9	9	CH4	0.0
9	10	CH4	0.0
9	11	CH4	0.0
9	12	CH4	0.0
9	13	CH4	0.0
9	14	CH4	0.0
9	15	CH4	0.0
9	16	CH4	0.0
9	17	CH4	0.0
9	18	CH4	0.0
9	19	CH4	0.0
9	20	CH4	0.0
9	21	CH4	0.0
9	22	CH4	0.0
9	23	CH4	0.0
9	24	CH4	0.0
9	1	Biogas	0.0
9	2	Biogas	0.0
9	3	Biogas	0.0
9	4	Biogas	0.0
9	5	Biogas	0.0
9	6	Biogas	0.0
9	7	Biogas	0.0
9	8	Biogas	0.0
9	9	Biogas	0.0
9	10	Biogas	0.0
9	11	Biogas	0.0
9	12	Biogas	0.0
9	13	Biogas	0.0
9	14	Biogas	0.0
9	15	Biogas	0.0
9	16	Biogas	0.0
9	17	Biogas	0.0
9	18	Biogas	0.0
9	19	Biogas	0.0
9	20	Biogas	0.0
9	21	Biogas	0.0
9	22	Biogas	0.0
9	23	Biogas	0.0
9	24	Biogas	0.0
9	1	CH4_H2_Mix	0.0
9	2	CH4_H2_Mix	0.0
9	3	CH4_H2_Mix	0.0
9	4	CH4_H2_Mix	0.0
9	5	CH4_H2_Mix	0.0
9	6	CH4_H2_Mix	0.0
9	7	CH4_H2_Mix	0.0
9	8	CH4_H2_Mix	0.0
9	9	CH4_H2_Mix	0.0
9	10	CH4_H2_Mix	0.0
9	11	CH4_H2_Mix	0.0
9	12	CH4_H2_Mix	0.0
9	13	CH4_H2_Mix	0.0
9	14	CH4_H2_Mix	0.0
9	15	CH4_H2_Mix	0.0
9	16	CH4_H2_Mix	0.0
9	17	CH4_H2_Mix	0.0
9	18	CH4_H2_Mix	0.0
9	19	CH4_H2_Mix	0.0
9	20	CH4_H2_Mix	0.0
9	21	CH4_H2_Mix	0.0
9	22	CH4_H2_Mix	0.0
9	23	CH4_H2_Mix	0.0
9	24	CH4_H2_Mix	0.0
9	1	DummyFuel	0.0
9	2	DummyFuel	0.0
9	3	DummyFuel	0.0
9	4	DummyFuel	0.0
9	5	DummyFuel	0.0
9	6	DummyFuel	0.0
9	7	DummyFuel	0.0
9	8	DummyFuel	0.0
9	9	DummyFuel	0.0
9	10	DummyFuel	0.0
9	11	DummyFuel	0.0
9	12	DummyFuel	0.0
9	13	DummyFuel	0.0
9	14	DummyFuel	0.0
9	15	DummyFuel	0.0
9	16	DummyFuel	0.0
9	17	DummyFuel	0.0
9	18	DummyFuel	0.0
9	19	DummyFuel	0.0
9	20	DummyFuel	0.0
9	21	DummyFuel	0.0
9	22	DummyFuel	0.0
9	23	DummyFuel	0.0
9	24	DummyFuel	0.0
10	1	Electricity	32.80988733297932
10	2	Electricity	32.69537584978119
10	3	Electricity	32.41553286885248
10	4	Electricity	32.36897557827846
10	5	Electricity	33.763787342086836
10	6	Electricity	38.542814249586094
10	7	Electricity	48.52118166173909
10	8	Electricity	58.89332350128861
10	9	Electricity	73.44574216948276
10	10	Electricity	84.08578818563521
10	11	Electricity	87.91963676592258
10	12	Electricity	88.1082753875705
10	13	Electricity	79.63290470989138
10	14	Electricity	79.38933514287935
10	15	Electricity	86.57916595336206
10	16	Electricity	86.50369023521507
10	17	Electricity	83.71987439725385
10	18	Electricity	79.2898017723554
10	19	Electricity	70.60836248709906
10	20	Electricity	57.49346967705269
10	21	Electricity	42.67372494338457
10	22	Electricity	37.30485629557209
10	23	Electricity	35.261540714782434
10	24	Electricity	33.48109735957522
10	1	LT	6.285180448259379
10	2	LT	6.285180448259379
10	3	LT	6.285180448259379
10	4	LT	6.285180448259379
10	5	LT	6.285180448259379
10	6	LT	6.285180448259379
10	7	LT	6.285180448259379
10	8	LT	18.10537464611492
10	9	LT	20.201786447244015
10	10	LT	22.298198248373115
10	11	LT	22.298198248373115
10	12	LT	26.681604741643046
10	13	LT	26.681604741643046
10	14	LT	17.724208864091448
10	15	LT	26.681604741643046
10	16	LT	26.681604741643046
10	17	LT	22.302253203501024
10	18	LT	17.720153908963542
10	19	LT	6.285180448259379
10	20	LT	6.285180448259379
10	21	LT	6.285180448259379
10	22	LT	6.285180448259379
10	23	LT	6.285180448259379
10	24	LT	6.285180448259379
10	1	MT	34.87081610811538
10	2	MT	49.569891196092115
10	3	MT	49.569891196092115
10	4	MT	49.569891196092115
10	5	MT	49.569891196092115
10	6	MT	49.569891196092115
10	7	MT	49.569891196092115
10	8	MT	199.8782676273574
10	9	MT	223.02206703684087
10	10	MT	246.16586644632434
10	11	MT	246.16586644632434
10	12	MT	294.5574470297898
10	13	MT	294.5574470297898
10	14	MT	195.6703040983604
10	15	MT	294.5574470297898
10	16	MT	294.5574470297898
10	17	MT	180.70592399074502
10	18	MT	86.01081107399872
10	19	MT	50.906170749544536
10	20	MT	50.906170749544536
10	21	MT	50.906170749544536
10	22	MT	50.906170749544536
10	23	MT	50.906170749544536
10	24	MT	50.906170749544536
10	1	H2	0.0
10	2	H2	0.0
10	3	H2	0.0
10	4	H2	0.0
10	5	H2	0.0
10	6	H2	0.0
10	7	H2	0.0
10	8	H2	0.0
10	9	H2	0.0
10	10	H2	0.0
10	11	H2	0.0
10	12	H2	0.0
10	13	H2	0.0
10	14	H2	0.0
10	15	H2	0.0
10	16	H2	0.0
10	17	H2	0.0
10	18	H2	0.0
10	19	H2	0.0
10	20	H2	0.0
10	21	H2	0.0
10	22	H2	0.0
10	23	H2	0.0
10	24	H2	0.0
10	1	CH4	0.0
10	2	CH4	0.0
10	3	CH4	0.0
10	4	CH4	0.0
10	5	CH4	0.0
10	6	CH4	0.0
10	7	CH4	0.0
10	8	CH4	0.0
10	9	CH4	0.0
10	10	CH4	0.0
10	11	CH4	0.0
10	12	CH4	0.0
10	13	CH4	0.0
10	14	CH4	0.0
10	15	CH4	0.0
10	16	CH4	0.0
10	17	CH4	0.0
10	18	CH4	0.0
10	19	CH4	0.0
10	20	CH4	0.0
10	21	CH4	0.0
10	22	CH4	0.0
10	23	CH4	0.0
10	24	CH4	0.0
10	1	Biogas	0.0
10	2	Biogas	0.0
10	3	Biogas	0.0
10	4	Biogas	0.0
10	5	Biogas	0.0
10	6	Biogas	0.0
10	7	Biogas	0.0
10	8	Biogas	0.0
10	9	Biogas	0.0
10	10	Biogas	0.0
10	11	Biogas	0.0
10	12	Biogas	0.0
10	13	Biogas	0.0
10	14	Biogas	0.0
10	15	Biogas	0.0
10	16	Biogas	0.0
10	17	Biogas	0.0
10	18	Biogas	0.0
10	19	Biogas	0.0
10	20	Biogas	0.0
10	21	Biogas	0.0
10	22	Biogas	0.0
10	23	Biogas	0.0
10	24	Biogas	0.0
10	1	CH4_H2_Mix	0.0
10	2	CH4_H2_Mix	0.0
10	3	CH4_H2_Mix	0.0
10	4	CH4_H2_Mix	0.0
10	5	CH4_H2_Mix	0.0
10	6	CH4_H2_Mix	0.0
10	7	CH4_H2_Mix	0.0
10	8	CH4_H2_Mix	0.0
10	9	CH4_H2_Mix	0.0
10	10	CH4_H2_Mix	0.0
10	11	CH4_H2_Mix	0.0
10	12	CH4_H2_Mix	0.0
10	13	CH4_H2_Mix	0.0
10	14	CH4_H2_Mix	0.0
10	15	CH4_H2_Mix	0.0
10	16	CH4_H2_Mix	0.0
10	17	CH4_H2_Mix	0.0
10	18	CH4_H2_Mix	0.0
10	19	CH4_H2_Mix	0.0
10	20	CH4_H2_Mix	0.0
10	21	CH4_H2_Mix	0.0
10	22	CH4_H2_Mix	0.0
10	23	CH4_H2_Mix	0.0
10	24	CH4_H2_Mix	0.0
10	1	DummyFuel	0.0
10	2	DummyFuel	0.0
10	3	DummyFuel	0.0
10	4	DummyFuel	0.0
10	5	DummyFuel	0.0
10	6	DummyFuel	0.0
10	7	DummyFuel	0.0
10	8	DummyFuel	0.0
10	9	DummyFuel	0.0
10	10	DummyFuel	0.0
10	11	DummyFuel	0.0
10	12	DummyFuel	0.0
10	13	DummyFuel	0.0
10	14	DummyFuel	0.0
10	15	DummyFuel	0.0
10	16	DummyFuel	0.0
10	17	DummyFuel	0.0
10	18	DummyFuel	0.0
10	19	DummyFuel	0.0
10	20	DummyFuel	0.0
10	21	DummyFuel	0.0
10	22	DummyFuel	0.0
10	23	DummyFuel	0.0
10	24	DummyFuel	0.0
11	1	Electricity	36.117951201831644
11	2	Electricity	35.72084507872515
11	3	Electricity	35.39480641488479
11	4	Electricity	35.79829846546008
11	5	Electricity	36.775328367151
11	6	Electricity	42.39693697965733
11	7	Electricity	53.60914399129278
11	8	Electricity	67.49863390949044
11	9	Electricity	83.92913073650392
11	10	Electricity	92.68771158776224
11	11	Electricity	95.34584066446818
11	12	Electricity	93.76134954216069
11	13	Electricity	84.37362132264475
11	14	Electricity	84.31054749060925
11	15	Electricity	90.90943975345694
11	16	Electricity	89.55671889858547
11	17	Electricity	88.07994814494616
11	18	Electricity	83.6165344422576
11	19	Electricity	76.50100485978805
11	20	Electricity	63.964729054447524
11	21	Electricity	48.81599376075679
11	22	Electricity	41.406437369900694
11	23	Electricity	39.494793141976636
11	24	Electricity	38.57966623069522
11	1	LT	5.539302506951445
11	2	LT	5.539302506951445
11	3	LT	5.539302506951445
11	4	LT	5.539302506951445
11	5	LT	5.539302506951445
11	6	LT	5.539302506951445
11	7	LT	5.539302506951445
11	8	LT	15.956764963573036
11	9	LT	17.804390380407806
11	10	LT	19.65201579724258
11	11	LT	19.65201579724258
11	12	LT	23.515232577897105
11	13	LT	23.515232577897105
11	14	LT	15.620833069603073
11	15	LT	23.515232577897105
11	16	LT	23.515232577897105
11	17	LT	19.655589540795454
11	18	LT	15.617259326050206
11	19	LT	5.539302506951445
11	20	LT	5.539302506951445
11	21	LT	5.539302506951445
11	22	LT	5.539302506951445
11	23	LT	5.539302506951445
11	24	LT	5.539302506951445
11	1	MT	33.623919845559264
11	2	MT	48.093114929367864
11	3	MT	48.093114929367864
11	4	MT	48.093114929367864
11	5	MT	48.093114929367864
11	6	MT	48.093114929367864
11	7	MT	48.093114929367864
11	8	MT	194.73144235954769
11	9	MT	217.2792935801269
11	10	MT	239.8271448007061
11	11	MT	239.8271448007061
11	12	MT	286.9726518982808
11	13	MT	286.9726518982808
11	14	MT	190.6318330467151
11	15	MT	286.9726518982808
11	16	MT	286.9726518982808
11	17	MT	175.39048297842328
11	18	MT	82.68776616598741
11	19	MT	49.40849630062319
11	20	MT	49.40849630062319
11	21	MT	49.40849630062319
11	22	MT	49.40849630062319
11	23	MT	49.40849630062319
11	24	MT	49.40849630062319
11	1	H2	0.0
11	2	H2	0.0
11	3	H2	0.0
11	4	H2	0.0
11	5	H2	0.0
11	6	H2	0.0
11	7	H2	0.0
11	8	H2	0.0
11	9	H2	0.0
11	10	H2	0.0
11	11	H2	0.0
11	12	H2	0.0
11	13	H2	0.0
11	14	H2	0.0
11	15	H2	0.0
11	16	H2	0.0
11	17	H2	0.0
11	18	H2	0.0
11	19	H2	0.0
11	20	H2	0.0
11	21	H2	0.0
11	22	H2	0.0
11	23	H2	0.0
11	24	H2	0.0
11	1	CH4	0.0
11	2	CH4	0.0
11	3	CH4	0.0
11	4	CH4	0.0
11	5	CH4	0.0
11	6	CH4	0.0
11	7	CH4	0.0
11	8	CH4	0.0
11	9	CH4	0.0
11	10	CH4	0.0
11	11	CH4	0.0
11	12	CH4	0.0
11	13	CH4	0.0
11	14	CH4	0.0
11	15	CH4	0.0
11	16	CH4	0.0
11	17	CH4	0.0
11	18	CH4	0.0
11	19	CH4	0.0
11	20	CH4	0.0
11	21	CH4	0.0
11	22	CH4	0.0
11	23	CH4	0.0
11	24	CH4	0.0
11	1	Biogas	0.0
11	2	Biogas	0.0
11	3	Biogas	0.0
11	4	Biogas	0.0
11	5	Biogas	0.0
11	6	Biogas	0.0
11	7	Biogas	0.0
11	8	Biogas	0.0
11	9	Biogas	0.0
11	10	Biogas	0.0
11	11	Biogas	0.0
11	12	Biogas	0.0
11	13	Biogas	0.0
11	14	Biogas	0.0
11	15	Biogas	0.0
11	16	Biogas	0.0
11	17	Biogas	0.0
11	18	Biogas	0.0
11	19	Biogas	0.0
11	20	Biogas	0.0
11	21	Biogas	0.0
11	22	Biogas	0.0
11	23	Biogas	0.0
11	24	Biogas	0.0
11	1	CH4_H2_Mix	0.0
11	2	CH4_H2_Mix	0.0
11	3	CH4_H2_Mix	0.0
11	4	CH4_H2_Mix	0.0
11	5	CH4_H2_Mix	0.0
11	6	CH4_H2_Mix	0.0
11	7	CH4_H2_Mix	0.0
11	8	CH4_H2_Mix	0.0
11	9	CH4_H2_Mix	0.0
11	10	CH4_H2_Mix	0.0
11	11	CH4_H2_Mix	0.0
11	12	CH4_H2_Mix	0.0
11	13	CH4_H2_Mix	0.0
11	14	CH4_H2_Mix	0.0
11	15	CH4_H2_Mix	0.0
11	16	CH4_H2_Mix	0.0
11	17	CH4_H2_Mix	0.0
11	18	CH4_H2_Mix	0.0
11	19	CH4_H2_Mix	0.0
11	20	CH4_H2_Mix	0.0
11	21	CH4_H2_Mix	0.0
11	22	CH4_H2_Mix	0.0
11	23	CH4_H2_Mix	0.0
11	24	CH4_H2_Mix	0.0
11	1	DummyFuel	0.0
11	2	DummyFuel	0.0
11	3	DummyFuel	0.0
11	4	DummyFuel	0.0
11	5	DummyFuel	0.0
11	6	DummyFuel	0.0
11	7	DummyFuel	0.0
11	8	DummyFuel	0.0
11	9	DummyFuel	0.0
11	10	DummyFuel	0.0
11	11	DummyFuel	0.0
11	12	DummyFuel	0.0
11	13	DummyFuel	0.0
11	14	DummyFuel	0.0
11	15	DummyFuel	0.0
11	16	DummyFuel	0.0
11	17	DummyFuel	0.0
11	18	DummyFuel	0.0
11	19	DummyFuel	0.0
11	20	DummyFuel	0.0
11	21	DummyFuel	0.0
11	22	DummyFuel	0.0
11	23	DummyFuel	0.0
11	24	DummyFuel	0.0
12	1	Electricity	42.7950675480142
12	2	Electricity	42.860101490193856
12	3	Electricity	42.29233334878097
12	4	Electricity	42.442305287413774
12	5	Electricity	44.230727422451814
12	6	Electricity	50.066538585295305
12	7	Electricity	60.1124438294561
12	8	Electricity	73.88178820829997
12	9	Electricity	91.96097276725953
12	10	Electricity	101.56724277838747
12	11	Electricity	104.6899470459704
12	12	Electricity	103.10461002726318
12	13	Electricity	91.72252205669693
12	14	Electricity	91.29364860417007
12	15	Electricity	99.4660731133873
12	16	Electricity	98.42744178059162
12	17	Electricity	97.37137476107324
12	18	Electricity	94.1714951027806
12	19	Electricity	83.73393341534053
12	20	Electricity	67.50283306326773
12	21	Electricity	52.671827007566755
12	22	Electricity	45.32961789019627
12	23	Electricity	43.823952576305885
12	24	Electricity	42.421293353610764
12	1	LT	20.64333081843709
12	2	LT	20.64333081843709
12	3	LT	20.64333081843709
12	4	LT	20.64333081843709
12	5	LT	20.64333081843709
12	6	LT	20.64333081843709
12	7	LT	20.64333081843709
12	8	LT	59.46611103504618
12	9	LT	66.35166073384102
12	10	LT	73.23721043263583
12	11	LT	73.23721043263583
12	12	LT	87.63426889375228
12	13	LT	87.63426889375228
12	14	LT	58.21419290799257
12	15	LT	87.63426889375228
12	16	LT	87.63426889375228
12	17	LT	73.25052871058321
12	18	LT	58.200874630045206
12	19	LT	20.64333081843709
12	20	LT	20.64333081843709
12	21	LT	20.64333081843709
12	22	LT	20.64333081843709
12	23	LT	20.64333081843709
12	24	LT	20.64333081843709
12	1	MT	58.87356916232045
12	2	MT	77.99783433053393
12	3	MT	77.99783433053393
12	4	MT	77.99783433053393
12	5	MT	77.99783433053393
12	6	MT	77.99783433053393
12	7	MT	77.99783433053393
12	8	MT	298.9546540326937
12	9	MT	333.57045607858464
12	10	MT	368.18625812447544
12	11	MT	368.18625812447544
12	12	MT	440.5647533113382
12	13	MT	440.5647533113382
12	14	MT	292.6608718425318
12	15	MT	440.5647533113382
12	16	MT	440.5647533113382
12	17	MT	283.02816347793873
12	18	MT	149.97942555321634
12	19	MT	79.7364038912806
12	20	MT	79.7364038912806
12	21	MT	79.7364038912806
12	22	MT	79.7364038912806
12	23	MT	79.7364038912806
12	24	MT	79.7364038912806
12	1	H2	0.0
12	2	H2	0.0
12	3	H2	0.0
12	4	H2	0.0
12	5	H2	0.0
12	6	H2	0.0
12	7	H2	0.0
12	8	H2	0.0
12	9	H2	0.0
12	10	H2	0.0
12	11	H2	0.0
12	12	H2	0.0
12	13	H2	0.0
12	14	H2	0.0
12	15	H2	0.0
12	16	H2	0.0
12	17	H2	0.0
12	18	H2	0.0
12	19	H2	0.0
12	20	H2	0.0
12	21	H2	0.0
12	22	H2	0.0
12	23	H2	0.0
12	24	H2	0.0
12	1	CH4	0.0
12	2	CH4	0.0
12	3	CH4	0.0
12	4	CH4	0.0
12	5	CH4	0.0
12	6	CH4	0.0
12	7	CH4	0.0
12	8	CH4	0.0
12	9	CH4	0.0
12	10	CH4	0.0
12	11	CH4	0.0
12	12	CH4	0.0
12	13	CH4	0.0
12	14	CH4	0.0
12	15	CH4	0.0
12	16	CH4	0.0
12	17	CH4	0.0
12	18	CH4	0.0
12	19	CH4	0.0
12	20	CH4	0.0
12	21	CH4	0.0
12	22	CH4	0.0
12	23	CH4	0.0
12	24	CH4	0.0
12	1	Biogas	0.0
12	2	Biogas	0.0
12	3	Biogas	0.0
12	4	Biogas	0.0
12	5	Biogas	0.0
12	6	Biogas	0.0
12	7	Biogas	0.0
12	8	Biogas	0.0
12	9	Biogas	0.0
12	10	Biogas	0.0
12	11	Biogas	0.0
12	12	Biogas	0.0
12	13	Biogas	0.0
12	14	Biogas	0.0
12	15	Biogas	0.0
12	16	Biogas	0.0
12	17	Biogas	0.0
12	18	Biogas	0.0
12	19	Biogas	0.0
12	20	Biogas	0.0
12	21	Biogas	0.0
12	22	Biogas	0.0
12	23	Biogas	0.0
12	24	Biogas	0.0
12	1	CH4_H2_Mix	0.0
12	2	CH4_H2_Mix	0.0
12	3	CH4_H2_Mix	0.0
12	4	CH4_H2_Mix	0.0
12	5	CH4_H2_Mix	0.0
12	6	CH4_H2_Mix	0.0
12	7	CH4_H2_Mix	0.0
12	8	CH4_H2_Mix	0.0
12	9	CH4_H2_Mix	0.0
12	10	CH4_H2_Mix	0.0
12	11	CH4_H2_Mix	0.0
12	12	CH4_H2_Mix	0.0
12	13	CH4_H2_Mix	0.0
12	14	CH4_H2_Mix	0.0
12	15	CH4_H2_Mix	0.0
12	16	CH4_H2_Mix	0.0
12	17	CH4_H2_Mix	0.0
12	18	CH4_H2_Mix	0.0
12	19	CH4_H2_Mix	0.0
12	20	CH4_H2_Mix	0.0
12	21	CH4_H2_Mix	0.0
12	22	CH4_H2_Mix	0.0
12	23	CH4_H2_Mix	0.0
12	24	CH4_H2_Mix	0.0
12	1	DummyFuel	0.0
12	2	DummyFuel	0.0
12	3	DummyFuel	0.0
12	4	DummyFuel	0.0
12	5	DummyFuel	0.0
12	6	DummyFuel	0.0
12	7	DummyFuel	0.0
12	8	DummyFuel	0.0
12	9	DummyFuel	0.0
12	10	DummyFuel	0.0
12	11	DummyFuel	0.0
12	12	DummyFuel	0.0
12	13	DummyFuel	0.0
12	14	DummyFuel	0.0
12	15	DummyFuel	0.0
12	16	DummyFuel	0.0
12	17	DummyFuel	0.0
12	18	DummyFuel	0.0
12	19	DummyFuel	0.0
12	20	DummyFuel	0.0
12	21	DummyFuel	0.0
12	22	DummyFuel	0.0
12	23	DummyFuel	0.0
12	24	DummyFuel	0.0
13	1	Electricity	35.97323866320932
13	2	Electricity	35.53758580178175
13	3	Electricity	35.374971606249005
13	4	Electricity	35.36974433337668
13	5	Electricity	36.752228194704074
13	6	Electricity	42.2492925863088
13	7	Electricity	53.2228496129797
13	8	Electricity	67.79437207073207
13	9	Electricity	82.33996134040119
13	10	Electricity	91.83310584523316
13	11	Electricity	95.10131232534629
13	12	Electricity	93.28074706458408
13	13	Electricity	84.27887091782056
13	14	Electricity	84.93973220539812
13	15	Electricity	91.2591118039577
13	16	Electricity	90.1859426828121
13	17	Electricity	87.67022403765137
13	18	Electricity	82.52413005858853
13	19	Electricity	75.75182183813743
13	20	Electricity	64.37461476023383
13	21	Electricity	48.97107812027665
13	22	Electricity	41.27045824414005
13	23	Electricity	39.870080149602146
13	24	Electricity	38.83198491942198
13	1	LT	13.053121802502627
13	2	LT	13.053121802502627
13	3	LT	13.053121802502627
13	4	LT	13.053121802502627
13	5	LT	13.053121802502627
13	6	LT	13.053121802502627
13	7	LT	13.053121802502627
13	8	LT	35.96135056589474
13	9	LT	40.125296420893086
13	10	LT	44.28924227589141
13	11	LT	44.28924227589141
13	12	LT	52.99567451816066
13	13	LT	52.99567451816066
13	14	LT	35.20426950134958
13	15	LT	52.99567451816066
13	16	LT	52.99567451816066
13	17	LT	44.28271571499017
13	18	LT	35.210796062250836
13	19	LT	13.053121802502627
13	20	LT	13.053121802502627
13	21	LT	13.053121802502627
13	22	LT	13.053121802502627
13	23	LT	13.053121802502627
13	24	LT	13.053121802502627
13	1	MT	63.68004789428504
13	2	MT	63.68004789428504
13	3	MT	63.68004789428504
13	4	MT	63.68004789428504
13	5	MT	63.68004789428504
13	6	MT	63.68004789428504
13	7	MT	63.68004789428504
13	8	MT	241.46823540148634
13	9	MT	269.4277152900795
13	10	MT	297.38719517867264
13	11	MT	297.38719517867264
13	12	MT	355.847925854822
13	13	MT	355.847925854822
13	14	MT	236.3846936035603
13	15	MT	355.847925854822
13	16	MT	355.847925854822
13	17	MT	223.83698111715987
13	18	MT	113.20437140315639
13	19	MT	63.68004789428504
13	20	MT	63.68004789428504
13	21	MT	63.68004789428504
13	22	MT	63.68004789428504
13	23	MT	63.68004789428504
13	24	MT	63.68004789428504
13	1	H2	0.0
13	2	H2	0.0
13	3	H2	0.0
13	4	H2	0.0
13	5	H2	0.0
13	6	H2	0.0
13	7	H2	0.0
13	8	H2	0.0
13	9	H2	0.0
13	10	H2	0.0
13	11	H2	0.0
13	12	H2	0.0
13	13	H2	0.0
13	14	H2	0.0
13	15	H2	0.0
13	16	H2	0.0
13	17	H2	0.0
13	18	H2	0.0
13	19	H2	0.0
13	20	H2	0.0
13	21	H2	0.0
13	22	H2	0.0
13	23	H2	0.0
13	24	H2	0.0
13	1	CH4	0.0
13	2	CH4	0.0
13	3	CH4	0.0
13	4	CH4	0.0
13	5	CH4	0.0
13	6	CH4	0.0
13	7	CH4	0.0
13	8	CH4	0.0
13	9	CH4	0.0
13	10	CH4	0.0
13	11	CH4	0.0
13	12	CH4	0.0
13	13	CH4	0.0
13	14	CH4	0.0
13	15	CH4	0.0
13	16	CH4	0.0
13	17	CH4	0.0
13	18	CH4	0.0
13	19	CH4	0.0
13	20	CH4	0.0
13	21	CH4	0.0
13	22	CH4	0.0
13	23	CH4	0.0
13	24	CH4	0.0
13	1	Biogas	0.0
13	2	Biogas	0.0
13	3	Biogas	0.0
13	4	Biogas	0.0
13	5	Biogas	0.0
13	6	Biogas	0.0
13	7	Biogas	0.0
13	8	Biogas	0.0
13	9	Biogas	0.0
13	10	Biogas	0.0
13	11	Biogas	0.0
13	12	Biogas	0.0
13	13	Biogas	0.0
13	14	Biogas	0.0
13	15	Biogas	0.0
13	16	Biogas	0.0
13	17	Biogas	0.0
13	18	Biogas	0.0
13	19	Biogas	0.0
13	20	Biogas	0.0
13	21	Biogas	0.0
13	22	Biogas	0.0
13	23	Biogas	0.0
13	24	Biogas	0.0
13	1	CH4_H2_Mix	0.0
13	2	CH4_H2_Mix	0.0
13	3	CH4_H2_Mix	0.0
13	4	CH4_H2_Mix	0.0
13	5	CH4_H2_Mix	0.0
13	6	CH4_H2_Mix	0.0
13	7	CH4_H2_Mix	0.0
13	8	CH4_H2_Mix	0.0
13	9	CH4_H2_Mix	0.0
13	10	CH4_H2_Mix	0.0
13	11	CH4_H2_Mix	0.0
13	12	CH4_H2_Mix	0.0
13	13	CH4_H2_Mix	0.0
13	14	CH4_H2_Mix	0.0
13	15	CH4_H2_Mix	0.0
13	16	CH4_H2_Mix	0.0
13	17	CH4_H2_Mix	0.0
13	18	CH4_H2_Mix	0.0
13	19	CH4_H2_Mix	0.0
13	20	CH4_H2_Mix	0.0
13	21	CH4_H2_Mix	0.0
13	22	CH4_H2_Mix	0.0
13	23	CH4_H2_Mix	0.0
13	24	CH4_H2_Mix	0.0
13	1	DummyFuel	0.0
13	2	DummyFuel	0.0
13	3	DummyFuel	0.0
13	4	DummyFuel	0.0
13	5	DummyFuel	0.0
13	6	DummyFuel	0.0
13	7	DummyFuel	0.0
13	8	DummyFuel	0.0
13	9	DummyFuel	0.0
13	10	DummyFuel	0.0
13	11	DummyFuel	0.0
13	12	DummyFuel	0.0
13	13	DummyFuel	0.0
13	14	DummyFuel	0.0
13	15	DummyFuel	0.0
13	16	DummyFuel	0.0
13	17	DummyFuel	0.0
13	18	DummyFuel	0.0
13	19	DummyFuel	0.0
13	20	DummyFuel	0.0
13	21	DummyFuel	0.0
13	22	DummyFuel	0.0
13	23	DummyFuel	0.0
13	24	DummyFuel	0.0
14	1	Electricity	45.99551513201818
14	2	Electricity	45.019837103816194
14	3	Electricity	45.443097808486456
14	4	Electricity	45.15613238291282
14	5	Electricity	46.755091257528555
14	6	Electricity	52.01037818354837
14	7	Electricity	61.97676219850241
14	8	Electricity	75.82145989312379
14	9	Electricity	93.36371489215976
14	10	Electricity	104.67350436145509
14	11	Electricity	108.43175378241473
14	12	Electricity	107.77305116995116
14	13	Electricity	96.08390711356574
14	14	Electricity	95.02480048165661
14	15	Electricity	102.49813813500934
14	16	Electricity	101.5915248139944
14	17	Electricity	99.36526692037685
14	18	Electricity	96.98686103192667
14	19	Electricity	88.83922296452036
14	20	Electricity	73.00193023113034
14	21	Electricity	56.02248484870637
14	22	Electricity	48.530259731903975
14	23	Electricity	46.80120601451015
14	24	Electricity	46.52531474758639
14	1	LT	53.34635753568979
14	2	LT	53.34635753568979
14	3	LT	53.34635753568979
14	4	LT	53.34635753568979
14	5	LT	53.34635753568979
14	6	LT	53.34635753568979
14	7	LT	53.34635753568979
14	8	LT	146.96921501082537
14	9	LT	163.98670306471044
14	10	LT	181.00419111859546
14	11	LT	181.00419111859546
14	12	LT	216.58621159490048
14	13	LT	216.58621159490048
14	14	LT	143.87512627375534
14	15	LT	216.58621159490048
14	16	LT	216.58621159490048
14	17	LT	180.9775179398276
14	18	LT	143.9017994525232
14	19	LT	53.34635753568979
14	20	LT	53.34635753568979
14	21	LT	53.34635753568979
14	22	LT	53.34635753568979
14	23	LT	53.34635753568979
14	24	LT	53.34635753568979
14	1	MT	146.0807361566674
14	2	MT	146.0807361566674
14	3	MT	146.0807361566674
14	4	MT	146.0807361566674
14	5	MT	146.0807361566674
14	6	MT	146.0807361566674
14	7	MT	146.0807361566674
14	8	MT	520.1307619184798
14	9	MT	580.3564290879881
14	10	MT	640.5820962574963
14	11	MT	640.5820962574963
14	12	MT	766.5084912482862
14	13	MT	766.5084912482862
14	14	MT	509.18064061493294
14	15	MT	766.5084912482862
14	16	MT	766.5084912482862
14	17	MT	509.48439110164213
14	18	MT	289.6645991437741
14	19	MT	146.0807361566674
14	20	MT	146.0807361566674
14	21	MT	146.0807361566674
14	22	MT	146.0807361566674
14	23	MT	146.0807361566674
14	24	MT	146.0807361566674
14	1	H2	0.0
14	2	H2	0.0
14	3	H2	0.0
14	4	H2	0.0
14	5	H2	0.0
14	6	H2	0.0
14	7	H2	0.0
14	8	H2	0.0
14	9	H2	0.0
14	10	H2	0.0
14	11	H2	0.0
14	12	H2	0.0
14	13	H2	0.0
14	14	H2	0.0
14	15	H2	0.0
14	16	H2	0.0
14	17	H2	0.0
14	18	H2	0.0
14	19	H2	0.0
14	20	H2	0.0
14	21	H2	0.0
14	22	H2	0.0
14	23	H2	0.0
14	24	H2	0.0
14	1	CH4	0.0
14	2	CH4	0.0
14	3	CH4	0.0
14	4	CH4	0.0
14	5	CH4	0.0
14	6	CH4	0.0
14	7	CH4	0.0
14	8	CH4	0.0
14	9	CH4	0.0
14	10	CH4	0.0
14	11	CH4	0.0
14	12	CH4	0.0
14	13	CH4	0.0
14	14	CH4	0.0
14	15	CH4	0.0
14	16	CH4	0.0
14	17	CH4	0.0
14	18	CH4	0.0
14	19	CH4	0.0
14	20	CH4	0.0
14	21	CH4	0.0
14	22	CH4	0.0
14	23	CH4	0.0
14	24	CH4	0.0
14	1	Biogas	0.0
14	2	Biogas	0.0
14	3	Biogas	0.0
14	4	Biogas	0.0
14	5	Biogas	0.0
14	6	Biogas	0.0
14	7	Biogas	0.0
14	8	Biogas	0.0
14	9	Biogas	0.0
14	10	Biogas	0.0
14	11	Biogas	0.0
14	12	Biogas	0.0
14	13	Biogas	0.0
14	14	Biogas	0.0
14	15	Biogas	0.0
14	16	Biogas	0.0
14	17	Biogas	0.0
14	18	Biogas	0.0
14	19	Biogas	0.0
14	20	Biogas	0.0
14	21	Biogas	0.0
14	22	Biogas	0.0
14	23	Biogas	0.0
14	24	Biogas	0.0
14	1	CH4_H2_Mix	0.0
14	2	CH4_H2_Mix	0.0
14	3	CH4_H2_Mix	0.0
14	4	CH4_H2_Mix	0.0
14	5	CH4_H2_Mix	0.0
14	6	CH4_H2_Mix	0.0
14	7	CH4_H2_Mix	0.0
14	8	CH4_H2_Mix	0.0
14	9	CH4_H2_Mix	0.0
14	10	CH4_H2_Mix	0.0
14	11	CH4_H2_Mix	0.0
14	12	CH4_H2_Mix	0.0
14	13	CH4_H2_Mix	0.0
14	14	CH4_H2_Mix	0.0
14	15	CH4_H2_Mix	0.0
14	16	CH4_H2_Mix	0.0
14	17	CH4_H2_Mix	0.0
14	18	CH4_H2_Mix	0.0
14	19	CH4_H2_Mix	0.0
14	20	CH4_H2_Mix	0.0
14	21	CH4_H2_Mix	0.0
14	22	CH4_H2_Mix	0.0
14	23	CH4_H2_Mix	0.0
14	24	CH4_H2_Mix	0.0
14	1	DummyFuel	0.0
14	2	DummyFuel	0.0
14	3	DummyFuel	0.0
14	4	DummyFuel	0.0
14	5	DummyFuel	0.0
14	6	DummyFuel	0.0
14	7	DummyFuel	0.0
14	8	DummyFuel	0.0
14	9	DummyFuel	0.0
14	10	DummyFuel	0.0
14	11	DummyFuel	0.0
14	12	DummyFuel	0.0
14	13	DummyFuel	0.0
14	14	DummyFuel	0.0
14	15	DummyFuel	0.0
14	16	DummyFuel	0.0
14	17	DummyFuel	0.0
14	18	DummyFuel	0.0
14	19	DummyFuel	0.0
14	20	DummyFuel	0.0
14	21	DummyFuel	0.0
14	22	DummyFuel	0.0
14	23	DummyFuel	0.0
14	24	DummyFuel	0.0
