Node	Time	Intraday_Price
3	1	1.1639732737653796
3	2	0.9905746457673105
3	3	0.7602625860230005
3	4	0.865811784167226
3	5	0.8581748849390828
3	6	3.36964142393732
3	7	4.638064379178315
3	8	6.992028195887649
3	9	7.162147525777665
3	10	3.342654959440695
3	11	2.3638116859037943
3	12	0.29106914222067587
3	13	0.0
3	14	-0.07638230519831438
3	15	-0.0073737772044543334
3	16	1.4747589569739297
3	17	4.4211159409668115
3	18	6.502183546971875
3	19	8.463364940244333
3	20	4.1046304141434415
3	21	5.66696314665063
3	22	5.2338758861167385
3	23	4.5586991004450095
3	24	3.4828753750225396
4	1	40.08936068987052
4	2	54.067846221038366
4	3	39.99476635297735
4	4	55.17316625069424
4	5	54.34951321146969
4	6	41.69536846420124
4	7	48.85664577173615
4	8	91.2591531883001
4	9	75.60655762633974
4	10	42.48548076128091
4	11	34.88400964083167
4	12	22.65540324944494
4	13	7.053048882595505
4	14	1.0152083027832122
4	15	0.6367308913340811
4	16	34.27242142914035
4	17	41.5220738534457
4	18	57.91077356811439
4	19	43.7769565082567
4	20	46.10720296304042
4	21	55.07306673334837
4	22	40.611626749904424
4	23	45.107459784727745
4	24	33.403088748328415
5	1	37.09489345194838
5	2	34.40455120956996
5	3	29.039471919994366
5	4	34.19554490350956
5	5	21.101352894463595
5	6	38.931563472097054
5	7	30.31967004687671
5	8	37.28014189744549
5	9	45.56195370430917
5	10	43.9257638904529
5	11	39.39206452653682
5	12	47.8150680307438
5	13	42.69369958994252
5	14	39.50704159332574
5	15	23.496895012073878
5	16	32.194842489949075
5	17	31.68886479492649
5	18	30.84625365964068
5	19	41.17993831980544
5	20	37.064284753815656
5	21	29.77143691690458
5	22	56.72014580474035
5	23	26.857634613227013
5	24	33.55984601468025
6	1	7.695213267862416
6	2	6.1211098095977485
6	3	4.3060840748910225
6	4	4.376112350781428
6	5	6.888873384320539
6	6	6.641268117281106
6	7	7.587538623380559
6	8	9.499687919541504
6	9	9.54743561055199
6	10	5.97927855143326
6	11	4.021680700768471
6	12	5.640547638005978
6	13	6.179820029365979
6	14	5.64159108489323
6	15	0.607002336710368
6	16	9.0812544635593
6	17	6.539079128524103
6	18	9.617813151899224
6	19	17.6464226887679
6	20	16.513116706752474
6	21	14.221942441874033
6	22	14.55128676117155
6	23	10.562999899764415
6	24	6.367036662404981
7	1	45.959952549298166
7	2	45.42177309552178
7	3	42.96212047296435
7	4	31.87191272347258
7	5	50.90064119730026
7	6	62.1803967656914
7	7	109.56584194372948
7	8	100.12081356508897
7	9	57.94261980695661
7	10	45.90902359336965
7	11	27.771543652971733
7	12	40.934080027409756
7	13	38.58301104133864
7	14	36.2535369993276
7	15	47.14980920653275
7	16	46.67060825190487
7	17	39.634325053978955
7	18	57.62087552366459
7	19	39.926336357935604
7	20	47.43995034964675
7	21	63.30466948906189
7	22	54.96795959351776
7	23	44.670754530083656
7	24	32.597754688367445
8	1	17.52224366026273
8	2	23.77179152804612
8	3	37.47418580767702
8	4	24.667919030123972
8	5	34.517294494734166
8	6	48.59645249838673
8	7	44.47242638962852
8	8	29.699351436087223
8	9	36.5805051890602
8	10	34.86573901228939
8	11	26.802212404154115
8	12	39.180671323062626
8	13	41.972125944465574
8	14	39.76191551942847
8	15	30.940049073485007
8	16	58.50737592495043
8	17	54.8906684464243
8	18	26.16988817423497
8	19	55.70701130124173
8	20	36.07923694120095
8	21	55.7044409713157
8	22	47.370689405453874
8	23	39.88127096830584
8	24	36.819410318477516
9	1	-0.021692480129113494
9	2	-0.39722815695515884
9	3	-1.1833425662843708
9	4	-0.9664412626933453
9	5	-0.43116792415398053
9	6	-0.027892354353460158
9	7	-0.010291496249855418
9	8	-0.07400757355435209
9	9	-1.4710481740400314
9	10	-7.190120702843657
9	11	-10.240334149533485
9	12	-20.447139468237047
9	13	-18.180079527064073
9	14	-19.711541359116758
9	15	-10.648192838335172
9	16	-0.056912215718075566
9	17	0.9590140256246275
9	18	1.0434510085490427
9	19	0.7495361645320117
9	20	1.5811113806966475
9	21	1.4111504699530377
9	22	0.9050914248039785
9	23	1.605958233637247
9	24	1.1162574575371227
10	1	71.36648342323265
10	2	68.68816418480458
10	3	63.074537173213635
10	4	60.73840477105986
10	5	63.95282487134178
10	6	47.35182564703163
10	7	140.85893217399553
10	8	138.1505148279447
10	9	74.40040345887026
10	10	77.45121944560549
10	11	56.18274181329598
10	12	73.00090326981235
10	13	60.51118548548919
10	14	55.22241406612236
10	15	60.479283846480435
10	16	50.64618036497255
10	17	33.620171681698615
10	18	81.44898827089216
10	19	80.59148681294276
10	20	88.96631861445938
10	21	58.58102341854068
10	22	38.88182698638093
10	23	55.22603792904656
10	24	78.06105107440759
11	1	66.88277692538767
11	2	46.48105657034771
11	3	22.766353145264045
11	4	68.09739168194004
11	5	72.0118153646332
11	6	59.748366716991946
11	7	83.81069823166578
11	8	49.140530211512946
11	9	59.13759297332063
11	10	41.5676652453954
11	11	92.93812910024081
11	12	67.2639366673183
11	13	63.371077617286666
11	14	54.51181139452105
11	15	71.04535814815044
11	16	34.179329252427564
11	17	77.28257471532947
11	18	50.932332272600085
11	19	81.28859958591745
11	20	27.594025379221858
11	21	64.63607207064793
11	22	63.0267046310742
11	23	68.678250804694
11	24	60.42112086367326
12	1	40.11593613196242
12	2	42.58278304023897
12	3	40.214224117932886
12	4	44.90330139174231
12	5	42.20992430467786
12	6	47.19008074656347
12	7	55.00505493010075
12	8	55.69768689345431
12	9	58.022067448323135
12	10	61.88266261886637
12	11	54.782648723142486
12	12	28.214522873568978
12	13	29.515991699716317
12	14	30.542446041685526
12	15	43.724152890010586
12	16	26.168430687354505
12	17	29.371534285832347
12	18	40.41319925241821
12	19	35.36904765681189
12	20	52.7050979487879
12	21	51.79339566064674
12	22	33.23666397307184
12	23	35.47791789551902
12	24	42.12618323835786
13	1	60.165458209743136
13	2	64.62358273438377
13	3	56.98227566371132
13	4	52.99043458667632
13	5	24.214016325199218
13	6	48.23304582081808
13	7	125.5880427595892
13	8	186.9914630259829
13	9	287.80607643271134
13	10	191.50896084143596
13	11	218.36123176787427
13	12	125.56724081682466
13	13	62.06870627716628
13	14	150.20807591396107
13	15	89.44903942014734
13	16	90.80324628556164
13	17	138.02530297082865
13	18	64.12055707793874
13	19	91.09118485231937
13	20	48.654360819741974
13	21	61.487763277930526
13	22	66.389567608793
13	23	65.28352378446635
13	24	45.3547422323573
14	1	30.18208670900213
14	2	46.74585035359645
14	3	47.585958394238766
14	4	27.447637597775746
14	5	28.865674241796366
14	6	32.795149437052665
14	7	36.287536831901384
14	8	92.17678024654339
14	9	158.64277491543166
14	10	143.42546867880412
14	11	147.31665264656053
14	12	104.29793310142846
14	13	82.1189504939204
14	14	66.5741512426404
14	15	61.48996679660389
14	16	45.16254464839417
14	17	73.04422840705877
14	18	63.620962959113164
14	19	50.55276242634354
14	20	40.71232832569831
14	21	45.72764136418851
14	22	36.48672117478438
14	23	42.6862002736898
14	24	41.02140837552022
