Node	Time	EnergyCarrier	ReferenceDemand
3	1	Electricity	32.56621152851435
3	2	Electricity	31.801437191509795
3	3	Electricity	31.435293065736424
3	4	Electricity	31.639469541964214
3	5	Electricity	32.84097857363405
3	6	Electricity	37.105496939130944
3	7	Electricity	45.89578818788574
3	8	Electricity	56.46261156614467
3	9	Electricity	70.62295210970268
3	10	Electricity	82.11618989425202
3	11	Electricity	86.5955194774679
3	12	Electricity	87.10727937557692
3	13	Electricity	79.12447625412375
3	14	Electricity	80.12609798520577
3	15	Electricity	88.16604694962884
3	16	Electricity	88.69284860660373
3	17	Electricity	86.29478374732447
3	18	Electricity	81.32536288053363
3	19	Electricity	73.43300505137992
3	20	Electricity	59.43634419431779
3	21	Electricity	45.06695778480366
3	22	Electricity	38.7156597477922
3	23	Electricity	35.944921910044904
3	24	Electricity	34.733739696048325
3	1	LT	1.9258906295456633
3	2	LT	1.9258906295456633
3	3	LT	1.9258906295456633
3	4	LT	1.9258906295456633
3	5	LT	1.9258906295456633
3	6	LT	1.9258906295456633
3	7	LT	1.9258906295456633
3	8	LT	5.547807523175087
3	9	LT	6.190185236384835
3	10	LT	6.832562949594582
3	11	LT	6.832562949594582
3	12	LT	8.175716349942235
3	13	LT	8.175716349942235
3	14	LT	5.431011575318769
3	15	LT	8.175716349942235
3	16	LT	8.175716349942235
3	17	LT	6.833805459678159
3	18	LT	5.429769065235193
3	19	LT	1.9258906295456633
3	20	LT	1.9258906295456633
3	21	LT	1.9258906295456633
3	22	LT	1.9258906295456633
3	23	LT	1.9258906295456633
3	24	LT	1.9258906295456633
3	1	MT	24.881910224172017
3	2	MT	36.822425262131055
3	3	MT	36.822425262131055
3	4	MT	36.822425262131055
3	5	MT	36.822425262131055
3	6	MT	36.822425262131055
3	7	MT	36.822425262131055
3	8	MT	152.44425923683423
3	9	MT	170.09569978004663
3	10	MT	187.747140323259
3	11	MT	187.747140323259
3	12	MT	224.65469782270307
3	13	MT	224.65469782270307
3	14	MT	149.23490641079562
3	15	MT	224.65469782270307
3	16	MT	224.65469782270307
3	17	MT	134.56977440224838
3	18	MT	60.157318175030696
3	19	MT	37.90792662921823
3	20	MT	37.90792662921823
3	21	MT	37.90792662921823
3	22	MT	37.90792662921823
3	23	MT	37.90792662921823
3	24	MT	37.90792662921823
3	1	H2	0.0
3	2	H2	0.0
3	3	H2	0.0
3	4	H2	0.0
3	5	H2	0.0
3	6	H2	0.0
3	7	H2	0.0
3	8	H2	0.0
3	9	H2	0.0
3	10	H2	0.0
3	11	H2	0.0
3	12	H2	0.0
3	13	H2	0.0
3	14	H2	0.0
3	15	H2	0.0
3	16	H2	0.0
3	17	H2	0.0
3	18	H2	0.0
3	19	H2	0.0
3	20	H2	0.0
3	21	H2	0.0
3	22	H2	0.0
3	23	H2	0.0
3	24	H2	0.0
3	1	CH4	0.0
3	2	CH4	0.0
3	3	CH4	0.0
3	4	CH4	0.0
3	5	CH4	0.0
3	6	CH4	0.0
3	7	CH4	0.0
3	8	CH4	0.0
3	9	CH4	0.0
3	10	CH4	0.0
3	11	CH4	0.0
3	12	CH4	0.0
3	13	CH4	0.0
3	14	CH4	0.0
3	15	CH4	0.0
3	16	CH4	0.0
3	17	CH4	0.0
3	18	CH4	0.0
3	19	CH4	0.0
3	20	CH4	0.0
3	21	CH4	0.0
3	22	CH4	0.0
3	23	CH4	0.0
3	24	CH4	0.0
3	1	Biogas	0.0
3	2	Biogas	0.0
3	3	Biogas	0.0
3	4	Biogas	0.0
3	5	Biogas	0.0
3	6	Biogas	0.0
3	7	Biogas	0.0
3	8	Biogas	0.0
3	9	Biogas	0.0
3	10	Biogas	0.0
3	11	Biogas	0.0
3	12	Biogas	0.0
3	13	Biogas	0.0
3	14	Biogas	0.0
3	15	Biogas	0.0
3	16	Biogas	0.0
3	17	Biogas	0.0
3	18	Biogas	0.0
3	19	Biogas	0.0
3	20	Biogas	0.0
3	21	Biogas	0.0
3	22	Biogas	0.0
3	23	Biogas	0.0
3	24	Biogas	0.0
3	1	CH4_H2_Mix	0.0
3	2	CH4_H2_Mix	0.0
3	3	CH4_H2_Mix	0.0
3	4	CH4_H2_Mix	0.0
3	5	CH4_H2_Mix	0.0
3	6	CH4_H2_Mix	0.0
3	7	CH4_H2_Mix	0.0
3	8	CH4_H2_Mix	0.0
3	9	CH4_H2_Mix	0.0
3	10	CH4_H2_Mix	0.0
3	11	CH4_H2_Mix	0.0
3	12	CH4_H2_Mix	0.0
3	13	CH4_H2_Mix	0.0
3	14	CH4_H2_Mix	0.0
3	15	CH4_H2_Mix	0.0
3	16	CH4_H2_Mix	0.0
3	17	CH4_H2_Mix	0.0
3	18	CH4_H2_Mix	0.0
3	19	CH4_H2_Mix	0.0
3	20	CH4_H2_Mix	0.0
3	21	CH4_H2_Mix	0.0
3	22	CH4_H2_Mix	0.0
3	23	CH4_H2_Mix	0.0
3	24	CH4_H2_Mix	0.0
3	1	DummyFuel	0.0
3	2	DummyFuel	0.0
3	3	DummyFuel	0.0
3	4	DummyFuel	0.0
3	5	DummyFuel	0.0
3	6	DummyFuel	0.0
3	7	DummyFuel	0.0
3	8	DummyFuel	0.0
3	9	DummyFuel	0.0
3	10	DummyFuel	0.0
3	11	DummyFuel	0.0
3	12	DummyFuel	0.0
3	13	DummyFuel	0.0
3	14	DummyFuel	0.0
3	15	DummyFuel	0.0
3	16	DummyFuel	0.0
3	17	DummyFuel	0.0
3	18	DummyFuel	0.0
3	19	DummyFuel	0.0
3	20	DummyFuel	0.0
3	21	DummyFuel	0.0
3	22	DummyFuel	0.0
3	23	DummyFuel	0.0
3	24	DummyFuel	0.0
4	1	Electricity	34.39024304904868
4	2	Electricity	33.45424244187106
4	3	Electricity	32.92663636493589
4	4	Electricity	32.9658177662569
4	5	Electricity	33.581862430862294
4	6	Electricity	37.98871503996716
4	7	Electricity	47.77208093420893
4	8	Electricity	58.17284567219926
4	9	Electricity	72.14696850572179
4	10	Electricity	84.00551581988425
4	11	Electricity	89.21565314592101
4	12	Electricity	89.51377173047322
4	13	Electricity	82.44290799132351
4	14	Electricity	83.35829536552315
4	15	Electricity	90.69387689245653
4	16	Electricity	91.21539566215196
4	17	Electricity	89.15780648541039
4	18	Electricity	83.7049826832714
4	19	Electricity	75.39602047188346
4	20	Electricity	60.82936628903759
4	21	Electricity	46.21722479120502
4	22	Electricity	39.63471835695937
4	23	Electricity	37.362218363303114
4	24	Electricity	35.512853479503306
4	1	LT	1.3864412860465598
4	2	LT	1.3864412860465598
4	3	LT	1.3864412860465598
4	4	LT	1.3864412860465598
4	5	LT	1.3864412860465598
4	6	LT	1.3864412860465598
4	7	LT	1.3864412860465598
4	8	LT	3.8196457430582718
4	9	LT	4.261920513307125
4	10	LT	4.704195283555976
4	11	LT	4.704195283555976
4	12	LT	5.6289516213490325
4	13	LT	5.6289516213490325
4	14	LT	3.7392321484675715
4	15	LT	5.6289516213490325
4	16	LT	5.6289516213490325
4	17	LT	4.703502062912954
4	18	LT	3.7399253691105954
4	19	LT	1.3864412860465598
4	20	LT	1.3864412860465598
4	21	LT	1.3864412860465598
4	22	LT	1.3864412860465598
4	23	LT	1.3864412860465598
4	24	LT	1.3864412860465598
4	1	MT	33.65902497559631
4	2	MT	33.65902497559631
4	3	MT	33.65902497559631
4	4	MT	33.65902497559631
4	5	MT	33.65902497559631
4	6	MT	33.65902497559631
4	7	MT	33.65902497559631
4	8	MT	135.59205952254405
4	9	MT	151.29219273041758
4	10	MT	166.99232593829115
4	11	MT	166.99232593829115
4	12	MT	199.8198771911176
4	13	MT	199.8198771911176
4	14	MT	132.73748984838528
4	15	MT	199.8198771911176
4	16	MT	199.8198771911176
4	17	MT	119.25297711893519
4	18	MT	52.77438417367669
4	19	MT	33.65902497559631
4	20	MT	33.65902497559631
4	21	MT	33.65902497559631
4	22	MT	33.65902497559631
4	23	MT	33.65902497559631
4	24	MT	33.65902497559631
4	1	H2	0.0
4	2	H2	0.0
4	3	H2	0.0
4	4	H2	0.0
4	5	H2	0.0
4	6	H2	0.0
4	7	H2	0.0
4	8	H2	0.0
4	9	H2	0.0
4	10	H2	0.0
4	11	H2	0.0
4	12	H2	0.0
4	13	H2	0.0
4	14	H2	0.0
4	15	H2	0.0
4	16	H2	0.0
4	17	H2	0.0
4	18	H2	0.0
4	19	H2	0.0
4	20	H2	0.0
4	21	H2	0.0
4	22	H2	0.0
4	23	H2	0.0
4	24	H2	0.0
4	1	CH4	0.0
4	2	CH4	0.0
4	3	CH4	0.0
4	4	CH4	0.0
4	5	CH4	0.0
4	6	CH4	0.0
4	7	CH4	0.0
4	8	CH4	0.0
4	9	CH4	0.0
4	10	CH4	0.0
4	11	CH4	0.0
4	12	CH4	0.0
4	13	CH4	0.0
4	14	CH4	0.0
4	15	CH4	0.0
4	16	CH4	0.0
4	17	CH4	0.0
4	18	CH4	0.0
4	19	CH4	0.0
4	20	CH4	0.0
4	21	CH4	0.0
4	22	CH4	0.0
4	23	CH4	0.0
4	24	CH4	0.0
4	1	Biogas	0.0
4	2	Biogas	0.0
4	3	Biogas	0.0
4	4	Biogas	0.0
4	5	Biogas	0.0
4	6	Biogas	0.0
4	7	Biogas	0.0
4	8	Biogas	0.0
4	9	Biogas	0.0
4	10	Biogas	0.0
4	11	Biogas	0.0
4	12	Biogas	0.0
4	13	Biogas	0.0
4	14	Biogas	0.0
4	15	Biogas	0.0
4	16	Biogas	0.0
4	17	Biogas	0.0
4	18	Biogas	0.0
4	19	Biogas	0.0
4	20	Biogas	0.0
4	21	Biogas	0.0
4	22	Biogas	0.0
4	23	Biogas	0.0
4	24	Biogas	0.0
4	1	CH4_H2_Mix	0.0
4	2	CH4_H2_Mix	0.0
4	3	CH4_H2_Mix	0.0
4	4	CH4_H2_Mix	0.0
4	5	CH4_H2_Mix	0.0
4	6	CH4_H2_Mix	0.0
4	7	CH4_H2_Mix	0.0
4	8	CH4_H2_Mix	0.0
4	9	CH4_H2_Mix	0.0
4	10	CH4_H2_Mix	0.0
4	11	CH4_H2_Mix	0.0
4	12	CH4_H2_Mix	0.0
4	13	CH4_H2_Mix	0.0
4	14	CH4_H2_Mix	0.0
4	15	CH4_H2_Mix	0.0
4	16	CH4_H2_Mix	0.0
4	17	CH4_H2_Mix	0.0
4	18	CH4_H2_Mix	0.0
4	19	CH4_H2_Mix	0.0
4	20	CH4_H2_Mix	0.0
4	21	CH4_H2_Mix	0.0
4	22	CH4_H2_Mix	0.0
4	23	CH4_H2_Mix	0.0
4	24	CH4_H2_Mix	0.0
4	1	DummyFuel	0.0
4	2	DummyFuel	0.0
4	3	DummyFuel	0.0
4	4	DummyFuel	0.0
4	5	DummyFuel	0.0
4	6	DummyFuel	0.0
4	7	DummyFuel	0.0
4	8	DummyFuel	0.0
4	9	DummyFuel	0.0
4	10	DummyFuel	0.0
4	11	DummyFuel	0.0
4	12	DummyFuel	0.0
4	13	DummyFuel	0.0
4	14	DummyFuel	0.0
4	15	DummyFuel	0.0
4	16	DummyFuel	0.0
4	17	DummyFuel	0.0
4	18	DummyFuel	0.0
4	19	DummyFuel	0.0
4	20	DummyFuel	0.0
4	21	DummyFuel	0.0
4	22	DummyFuel	0.0
4	23	DummyFuel	0.0
4	24	DummyFuel	0.0
5	1	Electricity	43.22108112783338
5	2	Electricity	44.43938989104615
5	3	Electricity	44.621079270822456
5	4	Electricity	45.33888770971576
5	5	Electricity	46.70422084798207
5	6	Electricity	52.08423781543292
5	7	Electricity	63.35133201567566
5	8	Electricity	75.71333198106649
5	9	Electricity	91.33625633437222
5	10	Electricity	100.86060363805244
5	11	Electricity	103.23074261590266
5	12	Electricity	101.52889744276457
5	13	Electricity	90.27268902161946
5	14	Electricity	86.97283062148216
5	15	Electricity	93.23308648045214
5	16	Electricity	91.44099544143772
5	17	Electricity	88.32179891006632
5	18	Electricity	81.78398299724188
5	19	Electricity	76.95805692891997
5	20	Electricity	66.74561914386577
5	21	Electricity	51.98875378183457
5	22	Electricity	45.61965746230047
5	23	Electricity	43.21991591099025
5	24	Electricity	42.80401584278343
5	1	LT	23.391662086308397
5	2	LT	23.391662086308397
5	3	LT	23.391662086308397
5	4	LT	23.391662086308397
5	5	LT	23.391662086308397
5	6	LT	23.391662086308397
5	7	LT	23.391662086308397
5	8	LT	63.383858556448565
5	9	LT	79.22982319556068
5	10	LT	87.15280551511677
5	11	LT	87.15280551511677
5	12	LT	102.99877015422891
5	13	LT	102.99877015422891
5	14	LT	71.30684087600463
5	15	LT	102.99877015422891
5	16	LT	87.15280551511677
5	17	LT	75.45697447196258
5	18	LT	63.383858556448565
5	19	LT	23.391662086308397
5	20	LT	23.391662086308397
5	21	LT	23.391662086308397
5	22	LT	23.391662086308397
5	23	LT	23.391662086308397
5	24	LT	23.391662086308397
5	1	MT	116.56342941978006
5	2	MT	80.62730796296296
5	3	MT	80.62730796296296
5	4	MT	80.62730796296296
5	5	MT	80.62730796296296
5	6	MT	80.62730796296296
5	7	MT	80.62730796296296
5	8	MT	304.18565816339486
5	9	MT	380.23207270424365
5	10	MT	418.255279974668
5	11	MT	418.255279974668
5	12	MT	494.3016945155167
5	13	MT	494.3016945155167
5	14	MT	342.20886543381926
5	15	MT	494.3016945155167
5	16	MT	388.8153035504294
5	17	MT	219.9609074349483
5	18	MT	159.88830892909863
5	19	MT	83.39162499810274
5	20	MT	80.62730796296296
5	21	MT	80.62730796296296
5	22	MT	80.62730796296296
5	23	MT	80.62730796296296
5	24	MT	80.62730796296296
5	1	H2	0.0
5	2	H2	0.0
5	3	H2	0.0
5	4	H2	0.0
5	5	H2	0.0
5	6	H2	0.0
5	7	H2	0.0
5	8	H2	0.0
5	9	H2	0.0
5	10	H2	0.0
5	11	H2	0.0
5	12	H2	0.0
5	13	H2	0.0
5	14	H2	0.0
5	15	H2	0.0
5	16	H2	0.0
5	17	H2	0.0
5	18	H2	0.0
5	19	H2	0.0
5	20	H2	0.0
5	21	H2	0.0
5	22	H2	0.0
5	23	H2	0.0
5	24	H2	0.0
5	1	CH4	0.0
5	2	CH4	0.0
5	3	CH4	0.0
5	4	CH4	0.0
5	5	CH4	0.0
5	6	CH4	0.0
5	7	CH4	0.0
5	8	CH4	0.0
5	9	CH4	0.0
5	10	CH4	0.0
5	11	CH4	0.0
5	12	CH4	0.0
5	13	CH4	0.0
5	14	CH4	0.0
5	15	CH4	0.0
5	16	CH4	0.0
5	17	CH4	0.0
5	18	CH4	0.0
5	19	CH4	0.0
5	20	CH4	0.0
5	21	CH4	0.0
5	22	CH4	0.0
5	23	CH4	0.0
5	24	CH4	0.0
5	1	Biogas	0.0
5	2	Biogas	0.0
5	3	Biogas	0.0
5	4	Biogas	0.0
5	5	Biogas	0.0
5	6	Biogas	0.0
5	7	Biogas	0.0
5	8	Biogas	0.0
5	9	Biogas	0.0
5	10	Biogas	0.0
5	11	Biogas	0.0
5	12	Biogas	0.0
5	13	Biogas	0.0
5	14	Biogas	0.0
5	15	Biogas	0.0
5	16	Biogas	0.0
5	17	Biogas	0.0
5	18	Biogas	0.0
5	19	Biogas	0.0
5	20	Biogas	0.0
5	21	Biogas	0.0
5	22	Biogas	0.0
5	23	Biogas	0.0
5	24	Biogas	0.0
5	1	CH4_H2_Mix	0.0
5	2	CH4_H2_Mix	0.0
5	3	CH4_H2_Mix	0.0
5	4	CH4_H2_Mix	0.0
5	5	CH4_H2_Mix	0.0
5	6	CH4_H2_Mix	0.0
5	7	CH4_H2_Mix	0.0
5	8	CH4_H2_Mix	0.0
5	9	CH4_H2_Mix	0.0
5	10	CH4_H2_Mix	0.0
5	11	CH4_H2_Mix	0.0
5	12	CH4_H2_Mix	0.0
5	13	CH4_H2_Mix	0.0
5	14	CH4_H2_Mix	0.0
5	15	CH4_H2_Mix	0.0
5	16	CH4_H2_Mix	0.0
5	17	CH4_H2_Mix	0.0
5	18	CH4_H2_Mix	0.0
5	19	CH4_H2_Mix	0.0
5	20	CH4_H2_Mix	0.0
5	21	CH4_H2_Mix	0.0
5	22	CH4_H2_Mix	0.0
5	23	CH4_H2_Mix	0.0
5	24	CH4_H2_Mix	0.0
5	1	DummyFuel	0.0
5	2	DummyFuel	0.0
5	3	DummyFuel	0.0
5	4	DummyFuel	0.0
5	5	DummyFuel	0.0
5	6	DummyFuel	0.0
5	7	DummyFuel	0.0
5	8	DummyFuel	0.0
5	9	DummyFuel	0.0
5	10	DummyFuel	0.0
5	11	DummyFuel	0.0
5	12	DummyFuel	0.0
5	13	DummyFuel	0.0
5	14	DummyFuel	0.0
5	15	DummyFuel	0.0
5	16	DummyFuel	0.0
5	17	DummyFuel	0.0
5	18	DummyFuel	0.0
5	19	DummyFuel	0.0
5	20	DummyFuel	0.0
5	21	DummyFuel	0.0
5	22	DummyFuel	0.0
5	23	DummyFuel	0.0
5	24	DummyFuel	0.0
6	1	Electricity	49.50772770790001
6	2	Electricity	50.05251022480892
6	3	Electricity	50.023508793683405
6	4	Electricity	50.52535002063153
6	5	Electricity	52.25944503834709
6	6	Electricity	57.104024305513406
6	7	Electricity	68.36028345105174
6	8	Electricity	81.55063203913647
6	9	Electricity	97.2803971413504
6	10	Electricity	108.35493807376604
6	11	Electricity	112.30582617310701
6	12	Electricity	112.31227734298965
6	13	Electricity	101.06212397526184
6	14	Electricity	99.82958083755601
6	15	Electricity	106.780691784015
6	16	Electricity	106.53753682937595
6	17	Electricity	104.0625260806626
6	18	Electricity	98.9417280929971
6	19	Electricity	91.88499530327888
6	20	Electricity	76.74914205452876
6	21	Electricity	59.862489981871164
6	22	Electricity	53.326561589087675
6	23	Electricity	51.106462173948906
6	24	Electricity	50.208160787133664
6	1	LT	47.177058284675475
6	2	LT	47.177058284675475
6	3	LT	47.177058284675475
6	4	LT	47.177058284675475
6	5	LT	47.177058284675475
6	6	LT	47.177058284675475
6	7	LT	47.177058284675475
6	8	LT	129.97279557428095
6	9	LT	145.0222771670924
6	10	LT	160.07175875990387
6	11	LT	160.07175875990387
6	12	LT	191.5388566357824
6	13	LT	191.5388566357824
6	14	LT	127.23652619376976
6	15	LT	191.5388566357824
6	16	LT	191.5388566357824
6	17	LT	160.04817023076157
6	18	LT	127.26011472291208
6	19	LT	47.177058284675475
6	20	LT	47.177058284675475
6	21	LT	47.177058284675475
6	22	LT	47.177058284675475
6	23	LT	47.177058284675475
6	24	LT	47.177058284675475
6	1	MT	133.33391831279806
6	2	MT	133.33391831279806
6	3	MT	133.33391831279806
6	4	MT	133.33391831279806
6	5	MT	133.33391831279806
6	6	MT	133.33391831279806
6	7	MT	133.33391831279806
6	8	MT	476.93148775830457
6	9	MT	532.1551337092661
6	10	MT	587.3787796602278
6	11	MT	587.3787796602278
6	12	MT	702.8464030122384
6	13	MT	702.8464030122384
6	14	MT	466.89082485812975
6	15	MT	702.8464030122384
6	16	MT	702.8464030122384
6	17	MT	465.28582444061044
6	18	MT	262.44912201709366
6	19	MT	133.33391831279806
6	20	MT	133.33391831279806
6	21	MT	133.33391831279806
6	22	MT	133.33391831279806
6	23	MT	133.33391831279806
6	24	MT	133.33391831279806
6	1	H2	0.0
6	2	H2	0.0
6	3	H2	0.0
6	4	H2	0.0
6	5	H2	0.0
6	6	H2	0.0
6	7	H2	0.0
6	8	H2	0.0
6	9	H2	0.0
6	10	H2	0.0
6	11	H2	0.0
6	12	H2	0.0
6	13	H2	0.0
6	14	H2	0.0
6	15	H2	0.0
6	16	H2	0.0
6	17	H2	0.0
6	18	H2	0.0
6	19	H2	0.0
6	20	H2	0.0
6	21	H2	0.0
6	22	H2	0.0
6	23	H2	0.0
6	24	H2	0.0
6	1	CH4	0.0
6	2	CH4	0.0
6	3	CH4	0.0
6	4	CH4	0.0
6	5	CH4	0.0
6	6	CH4	0.0
6	7	CH4	0.0
6	8	CH4	0.0
6	9	CH4	0.0
6	10	CH4	0.0
6	11	CH4	0.0
6	12	CH4	0.0
6	13	CH4	0.0
6	14	CH4	0.0
6	15	CH4	0.0
6	16	CH4	0.0
6	17	CH4	0.0
6	18	CH4	0.0
6	19	CH4	0.0
6	20	CH4	0.0
6	21	CH4	0.0
6	22	CH4	0.0
6	23	CH4	0.0
6	24	CH4	0.0
6	1	Biogas	0.0
6	2	Biogas	0.0
6	3	Biogas	0.0
6	4	Biogas	0.0
6	5	Biogas	0.0
6	6	Biogas	0.0
6	7	Biogas	0.0
6	8	Biogas	0.0
6	9	Biogas	0.0
6	10	Biogas	0.0
6	11	Biogas	0.0
6	12	Biogas	0.0
6	13	Biogas	0.0
6	14	Biogas	0.0
6	15	Biogas	0.0
6	16	Biogas	0.0
6	17	Biogas	0.0
6	18	Biogas	0.0
6	19	Biogas	0.0
6	20	Biogas	0.0
6	21	Biogas	0.0
6	22	Biogas	0.0
6	23	Biogas	0.0
6	24	Biogas	0.0
6	1	CH4_H2_Mix	0.0
6	2	CH4_H2_Mix	0.0
6	3	CH4_H2_Mix	0.0
6	4	CH4_H2_Mix	0.0
6	5	CH4_H2_Mix	0.0
6	6	CH4_H2_Mix	0.0
6	7	CH4_H2_Mix	0.0
6	8	CH4_H2_Mix	0.0
6	9	CH4_H2_Mix	0.0
6	10	CH4_H2_Mix	0.0
6	11	CH4_H2_Mix	0.0
6	12	CH4_H2_Mix	0.0
6	13	CH4_H2_Mix	0.0
6	14	CH4_H2_Mix	0.0
6	15	CH4_H2_Mix	0.0
6	16	CH4_H2_Mix	0.0
6	17	CH4_H2_Mix	0.0
6	18	CH4_H2_Mix	0.0
6	19	CH4_H2_Mix	0.0
6	20	CH4_H2_Mix	0.0
6	21	CH4_H2_Mix	0.0
6	22	CH4_H2_Mix	0.0
6	23	CH4_H2_Mix	0.0
6	24	CH4_H2_Mix	0.0
6	1	DummyFuel	0.0
6	2	DummyFuel	0.0
6	3	DummyFuel	0.0
6	4	DummyFuel	0.0
6	5	DummyFuel	0.0
6	6	DummyFuel	0.0
6	7	DummyFuel	0.0
6	8	DummyFuel	0.0
6	9	DummyFuel	0.0
6	10	DummyFuel	0.0
6	11	DummyFuel	0.0
6	12	DummyFuel	0.0
6	13	DummyFuel	0.0
6	14	DummyFuel	0.0
6	15	DummyFuel	0.0
6	16	DummyFuel	0.0
6	17	DummyFuel	0.0
6	18	DummyFuel	0.0
6	19	DummyFuel	0.0
6	20	DummyFuel	0.0
6	21	DummyFuel	0.0
6	22	DummyFuel	0.0
6	23	DummyFuel	0.0
6	24	DummyFuel	0.0
7	1	Electricity	33.874580641116346
7	2	Electricity	32.95530583252492
7	3	Electricity	32.62175139462885
7	4	Electricity	32.42857443466211
7	5	Electricity	33.5562837561207
7	6	Electricity	37.84794063479297
7	7	Electricity	48.44670986598606
7	8	Electricity	59.35829734231688
7	9	Electricity	73.38979047804985
7	10	Electricity	83.5623154373157
7	11	Electricity	88.07643346643506
7	12	Electricity	88.25292929669936
7	13	Electricity	80.20696338549608
7	14	Electricity	81.10058789204341
7	15	Electricity	88.48453902979202
7	16	Electricity	88.17227396431326
7	17	Electricity	85.54200985922547
7	18	Electricity	79.10701908174394
7	19	Electricity	71.85884827675436
7	20	Electricity	57.38156034002482
7	21	Electricity	44.3445088747099
7	22	Electricity	37.871510805988294
7	23	Electricity	35.74518576916238
7	24	Electricity	34.0027158804875
7	1	LT	1.0014514621369013
7	2	LT	1.0014514621369013
7	3	LT	1.0014514621369013
7	4	LT	1.0014514621369013
7	5	LT	1.0014514621369013
7	6	LT	1.0014514621369013
7	7	LT	1.0014514621369013
7	8	LT	2.713610413532249
7	9	LT	3.392013016915311
7	10	LT	3.7312143186068423
7	11	LT	3.7312143186068423
7	12	LT	4.409616921989905
7	13	LT	4.409616921989905
7	14	LT	3.0528117152237804
7	15	LT	4.409616921989905
7	16	LT	3.7312143186068423
7	17	LT	3.230488587538392
7	18	LT	2.713610413532249
7	19	LT	1.0014514621369013
7	20	LT	1.0014514621369013
7	21	LT	1.0014514621369013
7	22	LT	1.0014514621369013
7	23	LT	1.0014514621369013
7	24	LT	1.0014514621369013
7	1	MT	49.07582783428341
7	2	MT	30.17031307406352
7	3	MT	30.17031307406352
7	4	MT	30.17031307406352
7	5	MT	30.17031307406352
7	6	MT	30.17031307406352
7	7	MT	30.17031307406352
7	8	MT	126.84357981240872
7	9	MT	158.5544747655109
7	10	MT	174.40992224206198
7	11	MT	174.40992224206198
7	12	MT	206.12081719516416
7	13	MT	206.12081719516416
7	14	MT	142.6990272889598
7	15	MT	206.12081719516416
7	16	MT	158.92194284234338
7	17	MT	76.21321427837127
7	18	MT	50.930666698295035
7	19	MT	31.624583440234275
7	20	MT	30.17031307406352
7	21	MT	30.17031307406352
7	22	MT	30.17031307406352
7	23	MT	30.17031307406352
7	24	MT	30.17031307406352
7	1	H2	0.0
7	2	H2	0.0
7	3	H2	0.0
7	4	H2	0.0
7	5	H2	0.0
7	6	H2	0.0
7	7	H2	0.0
7	8	H2	0.0
7	9	H2	0.0
7	10	H2	0.0
7	11	H2	0.0
7	12	H2	0.0
7	13	H2	0.0
7	14	H2	0.0
7	15	H2	0.0
7	16	H2	0.0
7	17	H2	0.0
7	18	H2	0.0
7	19	H2	0.0
7	20	H2	0.0
7	21	H2	0.0
7	22	H2	0.0
7	23	H2	0.0
7	24	H2	0.0
7	1	CH4	0.0
7	2	CH4	0.0
7	3	CH4	0.0
7	4	CH4	0.0
7	5	CH4	0.0
7	6	CH4	0.0
7	7	CH4	0.0
7	8	CH4	0.0
7	9	CH4	0.0
7	10	CH4	0.0
7	11	CH4	0.0
7	12	CH4	0.0
7	13	CH4	0.0
7	14	CH4	0.0
7	15	CH4	0.0
7	16	CH4	0.0
7	17	CH4	0.0
7	18	CH4	0.0
7	19	CH4	0.0
7	20	CH4	0.0
7	21	CH4	0.0
7	22	CH4	0.0
7	23	CH4	0.0
7	24	CH4	0.0
7	1	Biogas	0.0
7	2	Biogas	0.0
7	3	Biogas	0.0
7	4	Biogas	0.0
7	5	Biogas	0.0
7	6	Biogas	0.0
7	7	Biogas	0.0
7	8	Biogas	0.0
7	9	Biogas	0.0
7	10	Biogas	0.0
7	11	Biogas	0.0
7	12	Biogas	0.0
7	13	Biogas	0.0
7	14	Biogas	0.0
7	15	Biogas	0.0
7	16	Biogas	0.0
7	17	Biogas	0.0
7	18	Biogas	0.0
7	19	Biogas	0.0
7	20	Biogas	0.0
7	21	Biogas	0.0
7	22	Biogas	0.0
7	23	Biogas	0.0
7	24	Biogas	0.0
7	1	CH4_H2_Mix	0.0
7	2	CH4_H2_Mix	0.0
7	3	CH4_H2_Mix	0.0
7	4	CH4_H2_Mix	0.0
7	5	CH4_H2_Mix	0.0
7	6	CH4_H2_Mix	0.0
7	7	CH4_H2_Mix	0.0
7	8	CH4_H2_Mix	0.0
7	9	CH4_H2_Mix	0.0
7	10	CH4_H2_Mix	0.0
7	11	CH4_H2_Mix	0.0
7	12	CH4_H2_Mix	0.0
7	13	CH4_H2_Mix	0.0
7	14	CH4_H2_Mix	0.0
7	15	CH4_H2_Mix	0.0
7	16	CH4_H2_Mix	0.0
7	17	CH4_H2_Mix	0.0
7	18	CH4_H2_Mix	0.0
7	19	CH4_H2_Mix	0.0
7	20	CH4_H2_Mix	0.0
7	21	CH4_H2_Mix	0.0
7	22	CH4_H2_Mix	0.0
7	23	CH4_H2_Mix	0.0
7	24	CH4_H2_Mix	0.0
7	1	DummyFuel	0.0
7	2	DummyFuel	0.0
7	3	DummyFuel	0.0
7	4	DummyFuel	0.0
7	5	DummyFuel	0.0
7	6	DummyFuel	0.0
7	7	DummyFuel	0.0
7	8	DummyFuel	0.0
7	9	DummyFuel	0.0
7	10	DummyFuel	0.0
7	11	DummyFuel	0.0
7	12	DummyFuel	0.0
7	13	DummyFuel	0.0
7	14	DummyFuel	0.0
7	15	DummyFuel	0.0
7	16	DummyFuel	0.0
7	17	DummyFuel	0.0
7	18	DummyFuel	0.0
7	19	DummyFuel	0.0
7	20	DummyFuel	0.0
7	21	DummyFuel	0.0
7	22	DummyFuel	0.0
7	23	DummyFuel	0.0
7	24	DummyFuel	0.0
8	1	Electricity	33.92758775871945
8	2	Electricity	33.20375520271463
8	3	Electricity	32.61978976427313
8	4	Electricity	32.563776757639616
8	5	Electricity	33.63018395231771
8	6	Electricity	37.940081444410175
8	7	Electricity	48.01174363345777
8	8	Electricity	58.919241487255995
8	9	Electricity	72.79432273870238
8	10	Electricity	84.63815519016347
8	11	Electricity	88.8173695682681
8	12	Electricity	89.8434176537102
8	13	Electricity	81.55566817073881
8	14	Electricity	83.29908314961932
8	15	Electricity	91.27737539790968
8	16	Electricity	91.56290146181765
8	17	Electricity	88.61032566894846
8	18	Electricity	83.8766212601632
8	19	Electricity	75.6653382932394
8	20	Electricity	61.61665364210116
8	21	Electricity	46.198531712143385
8	22	Electricity	38.96886368106183
8	23	Electricity	37.0213399260428
8	24	Electricity	35.6616020785367
8	1	LT	3.606382324386978
8	2	LT	3.606382324386978
8	3	LT	3.606382324386978
8	4	LT	3.606382324386978
8	5	LT	3.606382324386978
8	6	LT	3.606382324386978
8	7	LT	3.606382324386978
8	8	LT	9.935583303686125
8	9	LT	11.086019265165572
8	10	LT	12.236455226645017
8	11	LT	12.236455226645017
8	12	LT	14.641912237011129
8	13	LT	14.641912237011129
8	14	LT	9.726413128871679
8	15	LT	14.641912237011129
8	16	LT	14.641912237011129
8	17	LT	12.234652035482824
8	18	LT	9.728216320033873
8	19	LT	3.606382324386978
8	20	LT	3.606382324386978
8	21	LT	3.606382324386978
8	22	LT	3.606382324386978
8	23	LT	3.606382324386978
8	24	LT	3.606382324386978
8	1	MT	45.06901183692683
8	2	MT	45.06901183692683
8	3	MT	45.06901183692683
8	4	MT	45.06901183692683
8	5	MT	45.06901183692683
8	6	MT	45.06901183692683
8	7	MT	45.06901183692683
8	8	MT	179.02921443591174
8	9	MT	199.75891294954363
8	10	MT	220.48861146317554
8	11	MT	220.48861146317554
8	12	MT	263.83252653713305
8	13	MT	263.83252653713305
8	14	MT	175.2601783425241
8	15	MT	263.83252653713305
8	16	MT	263.83252653713305
8	17	MT	159.37965303699173
8	18	MT	72.90571563787651
8	19	MT	45.06901183692683
8	20	MT	45.06901183692683
8	21	MT	45.06901183692683
8	22	MT	45.06901183692683
8	23	MT	45.06901183692683
8	24	MT	45.06901183692683
8	1	H2	0.0
8	2	H2	0.0
8	3	H2	0.0
8	4	H2	0.0
8	5	H2	0.0
8	6	H2	0.0
8	7	H2	0.0
8	8	H2	0.0
8	9	H2	0.0
8	10	H2	0.0
8	11	H2	0.0
8	12	H2	0.0
8	13	H2	0.0
8	14	H2	0.0
8	15	H2	0.0
8	16	H2	0.0
8	17	H2	0.0
8	18	H2	0.0
8	19	H2	0.0
8	20	H2	0.0
8	21	H2	0.0
8	22	H2	0.0
8	23	H2	0.0
8	24	H2	0.0
8	1	CH4	0.0
8	2	CH4	0.0
8	3	CH4	0.0
8	4	CH4	0.0
8	5	CH4	0.0
8	6	CH4	0.0
8	7	CH4	0.0
8	8	CH4	0.0
8	9	CH4	0.0
8	10	CH4	0.0
8	11	CH4	0.0
8	12	CH4	0.0
8	13	CH4	0.0
8	14	CH4	0.0
8	15	CH4	0.0
8	16	CH4	0.0
8	17	CH4	0.0
8	18	CH4	0.0
8	19	CH4	0.0
8	20	CH4	0.0
8	21	CH4	0.0
8	22	CH4	0.0
8	23	CH4	0.0
8	24	CH4	0.0
8	1	Biogas	0.0
8	2	Biogas	0.0
8	3	Biogas	0.0
8	4	Biogas	0.0
8	5	Biogas	0.0
8	6	Biogas	0.0
8	7	Biogas	0.0
8	8	Biogas	0.0
8	9	Biogas	0.0
8	10	Biogas	0.0
8	11	Biogas	0.0
8	12	Biogas	0.0
8	13	Biogas	0.0
8	14	Biogas	0.0
8	15	Biogas	0.0
8	16	Biogas	0.0
8	17	Biogas	0.0
8	18	Biogas	0.0
8	19	Biogas	0.0
8	20	Biogas	0.0
8	21	Biogas	0.0
8	22	Biogas	0.0
8	23	Biogas	0.0
8	24	Biogas	0.0
8	1	CH4_H2_Mix	0.0
8	2	CH4_H2_Mix	0.0
8	3	CH4_H2_Mix	0.0
8	4	CH4_H2_Mix	0.0
8	5	CH4_H2_Mix	0.0
8	6	CH4_H2_Mix	0.0
8	7	CH4_H2_Mix	0.0
8	8	CH4_H2_Mix	0.0
8	9	CH4_H2_Mix	0.0
8	10	CH4_H2_Mix	0.0
8	11	CH4_H2_Mix	0.0
8	12	CH4_H2_Mix	0.0
8	13	CH4_H2_Mix	0.0
8	14	CH4_H2_Mix	0.0
8	15	CH4_H2_Mix	0.0
8	16	CH4_H2_Mix	0.0
8	17	CH4_H2_Mix	0.0
8	18	CH4_H2_Mix	0.0
8	19	CH4_H2_Mix	0.0
8	20	CH4_H2_Mix	0.0
8	21	CH4_H2_Mix	0.0
8	22	CH4_H2_Mix	0.0
8	23	CH4_H2_Mix	0.0
8	24	CH4_H2_Mix	0.0
8	1	DummyFuel	0.0
8	2	DummyFuel	0.0
8	3	DummyFuel	0.0
8	4	DummyFuel	0.0
8	5	DummyFuel	0.0
8	6	DummyFuel	0.0
8	7	DummyFuel	0.0
8	8	DummyFuel	0.0
8	9	DummyFuel	0.0
8	10	DummyFuel	0.0
8	11	DummyFuel	0.0
8	12	DummyFuel	0.0
8	13	DummyFuel	0.0
8	14	DummyFuel	0.0
8	15	DummyFuel	0.0
8	16	DummyFuel	0.0
8	17	DummyFuel	0.0
8	18	DummyFuel	0.0
8	19	DummyFuel	0.0
8	20	DummyFuel	0.0
8	21	DummyFuel	0.0
8	22	DummyFuel	0.0
8	23	DummyFuel	0.0
8	24	DummyFuel	0.0
9	1	Electricity	28.55061146780745
9	2	Electricity	28.56750755542803
9	3	Electricity	28.826127546511994
9	4	Electricity	29.286647547648748
9	5	Electricity	31.38779914746794
9	6	Electricity	36.36060339716263
9	7	Electricity	46.087505263330435
9	8	Electricity	56.53773705287931
9	9	Electricity	69.51151599450453
9	10	Electricity	79.74122758908447
9	11	Electricity	83.99433620922409
9	12	Electricity	85.69514887999041
9	13	Electricity	78.8306515325306
9	14	Electricity	79.42137641442734
9	15	Electricity	87.31935522591706
9	16	Electricity	87.47715508871774
9	17	Electricity	84.5466096447293
9	18	Electricity	79.22410717155772
9	19	Electricity	71.54294537028926
9	20	Electricity	57.46606902872632
9	21	Electricity	42.60816716162955
9	22	Electricity	36.553943273137584
9	23	Electricity	34.79320515386539
9	24	Electricity	33.267797713572186
9	1	LT	1.068199676626662
9	2	LT	1.068199676626662
9	3	LT	1.068199676626662
9	4	LT	1.068199676626662
9	5	LT	1.068199676626662
9	6	LT	1.068199676626662
9	7	LT	1.068199676626662
9	8	LT	4.646668593325979
9	9	LT	5.227502167491727
9	10	LT	5.808335741657473
9	11	LT	5.808335741657473
9	12	LT	6.970002889988966
9	13	LT	6.970002889988966
9	14	LT	4.646668593325979
9	15	LT	6.970002889988966
9	16	LT	6.970002889988966
9	17	LT	5.808335741657473
9	18	LT	4.673373585241645
9	19	LT	1.669061994729159
9	20	LT	1.669061994729159
9	21	LT	1.669061994729159
9	22	LT	1.669061994729159
9	23	LT	1.669061994729159
9	24	LT	1.669061994729159
9	1	MT	32.6171327410812
9	2	MT	32.6171327410812
9	3	MT	32.6171327410812
9	4	MT	32.6171327410812
9	5	MT	32.6171327410812
9	6	MT	32.6171327410812
9	7	MT	32.6171327410812
9	8	MT	139.05313494547698
9	9	MT	156.43477681366159
9	10	MT	173.81641868184624
9	11	MT	173.81641868184624
9	12	MT	208.57970241821545
9	13	MT	208.57970241821545
9	14	MT	139.05313494547698
9	15	MT	208.57970241821545
9	16	MT	208.57970241821545
9	17	MT	123.55920219333102
9	18	MT	38.56763237635525
9	19	MT	34.84106274026235
9	20	MT	34.84106274026235
9	21	MT	34.84106274026235
9	22	MT	34.84106274026235
9	23	MT	34.84106274026235
9	24	MT	34.84106274026235
9	1	H2	0.0
9	2	H2	0.0
9	3	H2	0.0
9	4	H2	0.0
9	5	H2	0.0
9	6	H2	0.0
9	7	H2	0.0
9	8	H2	0.0
9	9	H2	0.0
9	10	H2	0.0
9	11	H2	0.0
9	12	H2	0.0
9	13	H2	0.0
9	14	H2	0.0
9	15	H2	0.0
9	16	H2	0.0
9	17	H2	0.0
9	18	H2	0.0
9	19	H2	0.0
9	20	H2	0.0
9	21	H2	0.0
9	22	H2	0.0
9	23	H2	0.0
9	24	H2	0.0
9	1	CH4	0.0
9	2	CH4	0.0
9	3	CH4	0.0
9	4	CH4	0.0
9	5	CH4	0.0
9	6	CH4	0.0
9	7	CH4	0.0
9	8	CH4	0.0
9	9	CH4	0.0
9	10	CH4	0.0
9	11	CH4	0.0
9	12	CH4	0.0
9	13	CH4	0.0
9	14	CH4	0.0
9	15	CH4	0.0
9	16	CH4	0.0
9	17	CH4	0.0
9	18	CH4	0.0
9	19	CH4	0.0
9	20	CH4	0.0
9	21	CH4	0.0
9	22	CH4	0.0
9	23	CH4	0.0
9	24	CH4	0.0
9	1	Biogas	0.0
9	2	Biogas	0.0
9	3	Biogas	0.0
9	4	Biogas	0.0
9	5	Biogas	0.0
9	6	Biogas	0.0
9	7	Biogas	0.0
9	8	Biogas	0.0
9	9	Biogas	0.0
9	10	Biogas	0.0
9	11	Biogas	0.0
9	12	Biogas	0.0
9	13	Biogas	0.0
9	14	Biogas	0.0
9	15	Biogas	0.0
9	16	Biogas	0.0
9	17	Biogas	0.0
9	18	Biogas	0.0
9	19	Biogas	0.0
9	20	Biogas	0.0
9	21	Biogas	0.0
9	22	Biogas	0.0
9	23	Biogas	0.0
9	24	Biogas	0.0
9	1	CH4_H2_Mix	0.0
9	2	CH4_H2_Mix	0.0
9	3	CH4_H2_Mix	0.0
9	4	CH4_H2_Mix	0.0
9	5	CH4_H2_Mix	0.0
9	6	CH4_H2_Mix	0.0
9	7	CH4_H2_Mix	0.0
9	8	CH4_H2_Mix	0.0
9	9	CH4_H2_Mix	0.0
9	10	CH4_H2_Mix	0.0
9	11	CH4_H2_Mix	0.0
9	12	CH4_H2_Mix	0.0
9	13	CH4_H2_Mix	0.0
9	14	CH4_H2_Mix	0.0
9	15	CH4_H2_Mix	0.0
9	16	CH4_H2_Mix	0.0
9	17	CH4_H2_Mix	0.0
9	18	CH4_H2_Mix	0.0
9	19	CH4_H2_Mix	0.0
9	20	CH4_H2_Mix	0.0
9	21	CH4_H2_Mix	0.0
9	22	CH4_H2_Mix	0.0
9	23	CH4_H2_Mix	0.0
9	24	CH4_H2_Mix	0.0
9	1	DummyFuel	0.0
9	2	DummyFuel	0.0
9	3	DummyFuel	0.0
9	4	DummyFuel	0.0
9	5	DummyFuel	0.0
9	6	DummyFuel	0.0
9	7	DummyFuel	0.0
9	8	DummyFuel	0.0
9	9	DummyFuel	0.0
9	10	DummyFuel	0.0
9	11	DummyFuel	0.0
9	12	DummyFuel	0.0
9	13	DummyFuel	0.0
9	14	DummyFuel	0.0
9	15	DummyFuel	0.0
9	16	DummyFuel	0.0
9	17	DummyFuel	0.0
9	18	DummyFuel	0.0
9	19	DummyFuel	0.0
9	20	DummyFuel	0.0
9	21	DummyFuel	0.0
9	22	DummyFuel	0.0
9	23	DummyFuel	0.0
9	24	DummyFuel	0.0
10	1	Electricity	31.567915716338266
10	2	Electricity	31.007612421892986
10	3	Electricity	30.662181837725317
10	4	Electricity	31.0617364896214
10	5	Electricity	31.804428613193295
10	6	Electricity	35.814004455441236
10	7	Electricity	44.50742455353682
10	8	Electricity	53.626905915421666
10	9	Electricity	66.16310436732938
10	10	Electricity	77.59077651569716
10	11	Electricity	82.20624150242465
10	12	Electricity	82.87036779909732
10	13	Electricity	75.7963349255298
10	14	Electricity	76.81932563744246
10	15	Electricity	83.94772973980528
10	16	Electricity	84.1278978691852
10	17	Electricity	82.30428412813133
10	18	Electricity	77.79557582261137
10	19	Electricity	69.98897687882989
10	20	Electricity	56.22581634066143
10	21	Electricity	42.337935693110936
10	22	Electricity	37.05143271706527
10	23	Electricity	34.44955093693493
10	24	Electricity	32.9954596118495
10	1	LT	1.5659477083033493
10	2	LT	1.5659477083033493
10	3	LT	1.5659477083033493
10	4	LT	1.5659477083033493
10	5	LT	1.5659477083033493
10	6	LT	1.5659477083033493
10	7	LT	1.5659477083033493
10	8	LT	4.510939688757712
10	9	LT	5.033259021140184
10	10	LT	5.555578353522656
10	11	LT	5.555578353522656
10	12	LT	6.647700593958734
10	13	LT	6.647700593958734
10	14	LT	4.415972537415445
10	15	LT	6.647700593958734
10	16	LT	6.647700593958734
10	17	LT	5.556588642366723
10	18	LT	4.414962248571378
10	19	LT	1.5659477083033493
10	20	LT	1.5659477083033493
10	21	LT	1.5659477083033493
10	22	LT	1.5659477083033493
10	23	LT	1.5659477083033493
10	24	LT	1.5659477083033493
10	1	MT	22.736524754936113
10	2	MT	33.75751977622258
10	3	MT	33.75751977622258
10	4	MT	33.75751977622258
10	5	MT	33.75751977622258
10	6	MT	33.75751977622258
10	7	MT	33.75751977622258
10	8	MT	140.04432663599147
10	9	MT	156.2599855096326
10	10	MT	172.47564438327373
10	11	MT	172.47564438327373
10	12	MT	206.3811129372506
10	13	MT	206.3811129372506
10	14	MT	137.09602502260216
10	15	MT	206.3811129372506
10	16	MT	206.3811129372506
10	17	MT	123.3932346725981
10	18	MT	54.878307684224126
10	19	MT	34.75942841452135
10	20	MT	34.75942841452135
10	21	MT	34.75942841452135
10	22	MT	34.75942841452135
10	23	MT	34.75942841452135
10	24	MT	34.75942841452135
10	1	H2	0.0
10	2	H2	0.0
10	3	H2	0.0
10	4	H2	0.0
10	5	H2	0.0
10	6	H2	0.0
10	7	H2	0.0
10	8	H2	0.0
10	9	H2	0.0
10	10	H2	0.0
10	11	H2	0.0
10	12	H2	0.0
10	13	H2	0.0
10	14	H2	0.0
10	15	H2	0.0
10	16	H2	0.0
10	17	H2	0.0
10	18	H2	0.0
10	19	H2	0.0
10	20	H2	0.0
10	21	H2	0.0
10	22	H2	0.0
10	23	H2	0.0
10	24	H2	0.0
10	1	CH4	0.0
10	2	CH4	0.0
10	3	CH4	0.0
10	4	CH4	0.0
10	5	CH4	0.0
10	6	CH4	0.0
10	7	CH4	0.0
10	8	CH4	0.0
10	9	CH4	0.0
10	10	CH4	0.0
10	11	CH4	0.0
10	12	CH4	0.0
10	13	CH4	0.0
10	14	CH4	0.0
10	15	CH4	0.0
10	16	CH4	0.0
10	17	CH4	0.0
10	18	CH4	0.0
10	19	CH4	0.0
10	20	CH4	0.0
10	21	CH4	0.0
10	22	CH4	0.0
10	23	CH4	0.0
10	24	CH4	0.0
10	1	Biogas	0.0
10	2	Biogas	0.0
10	3	Biogas	0.0
10	4	Biogas	0.0
10	5	Biogas	0.0
10	6	Biogas	0.0
10	7	Biogas	0.0
10	8	Biogas	0.0
10	9	Biogas	0.0
10	10	Biogas	0.0
10	11	Biogas	0.0
10	12	Biogas	0.0
10	13	Biogas	0.0
10	14	Biogas	0.0
10	15	Biogas	0.0
10	16	Biogas	0.0
10	17	Biogas	0.0
10	18	Biogas	0.0
10	19	Biogas	0.0
10	20	Biogas	0.0
10	21	Biogas	0.0
10	22	Biogas	0.0
10	23	Biogas	0.0
10	24	Biogas	0.0
10	1	CH4_H2_Mix	0.0
10	2	CH4_H2_Mix	0.0
10	3	CH4_H2_Mix	0.0
10	4	CH4_H2_Mix	0.0
10	5	CH4_H2_Mix	0.0
10	6	CH4_H2_Mix	0.0
10	7	CH4_H2_Mix	0.0
10	8	CH4_H2_Mix	0.0
10	9	CH4_H2_Mix	0.0
10	10	CH4_H2_Mix	0.0
10	11	CH4_H2_Mix	0.0
10	12	CH4_H2_Mix	0.0
10	13	CH4_H2_Mix	0.0
10	14	CH4_H2_Mix	0.0
10	15	CH4_H2_Mix	0.0
10	16	CH4_H2_Mix	0.0
10	17	CH4_H2_Mix	0.0
10	18	CH4_H2_Mix	0.0
10	19	CH4_H2_Mix	0.0
10	20	CH4_H2_Mix	0.0
10	21	CH4_H2_Mix	0.0
10	22	CH4_H2_Mix	0.0
10	23	CH4_H2_Mix	0.0
10	24	CH4_H2_Mix	0.0
10	1	DummyFuel	0.0
10	2	DummyFuel	0.0
10	3	DummyFuel	0.0
10	4	DummyFuel	0.0
10	5	DummyFuel	0.0
10	6	DummyFuel	0.0
10	7	DummyFuel	0.0
10	8	DummyFuel	0.0
10	9	DummyFuel	0.0
10	10	DummyFuel	0.0
10	11	DummyFuel	0.0
10	12	DummyFuel	0.0
10	13	DummyFuel	0.0
10	14	DummyFuel	0.0
10	15	DummyFuel	0.0
10	16	DummyFuel	0.0
10	17	DummyFuel	0.0
10	18	DummyFuel	0.0
10	19	DummyFuel	0.0
10	20	DummyFuel	0.0
10	21	DummyFuel	0.0
10	22	DummyFuel	0.0
10	23	DummyFuel	0.0
10	24	DummyFuel	0.0
11	1	Electricity	32.552437651447306
11	2	Electricity	31.695763357014364
11	3	Electricity	31.43879429037499
11	4	Electricity	31.37553142002886
11	5	Electricity	32.71844295762613
11	6	Electricity	37.52548784603961
11	7	Electricity	47.862753396792904
11	8	Electricity	60.22386320229008
11	9	Electricity	74.60774080070769
11	10	Electricity	85.28773283393474
11	11	Electricity	88.78911641062166
11	12	Electricity	88.03299463655932
11	13	Electricity	78.98143022211477
11	14	Electricity	79.88214950545616
11	15	Electricity	87.36879686460529
11	16	Electricity	86.92178323397032
11	17	Electricity	84.49259814866876
11	18	Electricity	79.61406581720186
11	19	Electricity	70.92326810942747
11	20	Electricity	58.72747809603168
11	21	Electricity	45.47137333858006
11	22	Electricity	37.564249060878495
11	23	Electricity	35.213535802726476
11	24	Electricity	34.242932722195974
11	1	LT	10.573978610779996
11	2	LT	10.573978610779996
11	3	LT	10.573978610779996
11	4	LT	10.573978610779996
11	5	LT	10.573978610779996
11	6	LT	10.573978610779996
11	7	LT	10.573978610779996
11	8	LT	30.459880320730754
11	9	LT	33.98681383155222
11	10	LT	37.51374734237367
11	11	LT	37.51374734237367
11	12	LT	44.88824468318217
11	13	LT	44.88824468318217
11	14	LT	29.818619682399582
11	15	LT	44.88824468318217
11	16	LT	44.88824468318217
11	17	LT	37.52056926405805
11	18	LT	29.81179776071521
11	19	LT	10.573978610779996
11	20	LT	10.573978610779996
11	21	LT	10.573978610779996
11	22	LT	10.573978610779996
11	23	LT	10.573978610779996
11	24	LT	10.573978610779996
11	1	MT	42.040469617813
11	2	MT	58.06135472975656
11	3	MT	58.06135472975656
11	4	MT	58.06135472975656
11	5	MT	58.06135472975656
11	6	MT	58.06135472975656
11	7	MT	58.06135472975656
11	8	MT	229.47251291726303
11	9	MT	256.04301441294615
11	10	MT	282.61351590862927
11	11	MT	282.61351590862927
11	12	MT	338.1700190359666
11	13	MT	338.1700190359666
11	14	MT	224.6415126453207
11	15	MT	338.1700190359666
11	16	MT	338.1700190359666
11	17	MT	211.2697098115951
11	18	MT	105.11831929506371
11	19	MT	59.51779883084234
11	20	MT	59.51779883084234
11	21	MT	59.51779883084234
11	22	MT	59.51779883084234
11	23	MT	59.51779883084234
11	24	MT	59.51779883084234
11	1	H2	0.0
11	2	H2	0.0
11	3	H2	0.0
11	4	H2	0.0
11	5	H2	0.0
11	6	H2	0.0
11	7	H2	0.0
11	8	H2	0.0
11	9	H2	0.0
11	10	H2	0.0
11	11	H2	0.0
11	12	H2	0.0
11	13	H2	0.0
11	14	H2	0.0
11	15	H2	0.0
11	16	H2	0.0
11	17	H2	0.0
11	18	H2	0.0
11	19	H2	0.0
11	20	H2	0.0
11	21	H2	0.0
11	22	H2	0.0
11	23	H2	0.0
11	24	H2	0.0
11	1	CH4	0.0
11	2	CH4	0.0
11	3	CH4	0.0
11	4	CH4	0.0
11	5	CH4	0.0
11	6	CH4	0.0
11	7	CH4	0.0
11	8	CH4	0.0
11	9	CH4	0.0
11	10	CH4	0.0
11	11	CH4	0.0
11	12	CH4	0.0
11	13	CH4	0.0
11	14	CH4	0.0
11	15	CH4	0.0
11	16	CH4	0.0
11	17	CH4	0.0
11	18	CH4	0.0
11	19	CH4	0.0
11	20	CH4	0.0
11	21	CH4	0.0
11	22	CH4	0.0
11	23	CH4	0.0
11	24	CH4	0.0
11	1	Biogas	0.0
11	2	Biogas	0.0
11	3	Biogas	0.0
11	4	Biogas	0.0
11	5	Biogas	0.0
11	6	Biogas	0.0
11	7	Biogas	0.0
11	8	Biogas	0.0
11	9	Biogas	0.0
11	10	Biogas	0.0
11	11	Biogas	0.0
11	12	Biogas	0.0
11	13	Biogas	0.0
11	14	Biogas	0.0
11	15	Biogas	0.0
11	16	Biogas	0.0
11	17	Biogas	0.0
11	18	Biogas	0.0
11	19	Biogas	0.0
11	20	Biogas	0.0
11	21	Biogas	0.0
11	22	Biogas	0.0
11	23	Biogas	0.0
11	24	Biogas	0.0
11	1	CH4_H2_Mix	0.0
11	2	CH4_H2_Mix	0.0
11	3	CH4_H2_Mix	0.0
11	4	CH4_H2_Mix	0.0
11	5	CH4_H2_Mix	0.0
11	6	CH4_H2_Mix	0.0
11	7	CH4_H2_Mix	0.0
11	8	CH4_H2_Mix	0.0
11	9	CH4_H2_Mix	0.0
11	10	CH4_H2_Mix	0.0
11	11	CH4_H2_Mix	0.0
11	12	CH4_H2_Mix	0.0
11	13	CH4_H2_Mix	0.0
11	14	CH4_H2_Mix	0.0
11	15	CH4_H2_Mix	0.0
11	16	CH4_H2_Mix	0.0
11	17	CH4_H2_Mix	0.0
11	18	CH4_H2_Mix	0.0
11	19	CH4_H2_Mix	0.0
11	20	CH4_H2_Mix	0.0
11	21	CH4_H2_Mix	0.0
11	22	CH4_H2_Mix	0.0
11	23	CH4_H2_Mix	0.0
11	24	CH4_H2_Mix	0.0
11	1	DummyFuel	0.0
11	2	DummyFuel	0.0
11	3	DummyFuel	0.0
11	4	DummyFuel	0.0
11	5	DummyFuel	0.0
11	6	DummyFuel	0.0
11	7	DummyFuel	0.0
11	8	DummyFuel	0.0
11	9	DummyFuel	0.0
11	10	DummyFuel	0.0
11	11	DummyFuel	0.0
11	12	DummyFuel	0.0
11	13	DummyFuel	0.0
11	14	DummyFuel	0.0
11	15	DummyFuel	0.0
11	16	DummyFuel	0.0
11	17	DummyFuel	0.0
11	18	DummyFuel	0.0
11	19	DummyFuel	0.0
11	20	DummyFuel	0.0
11	21	DummyFuel	0.0
11	22	DummyFuel	0.0
11	23	DummyFuel	0.0
11	24	DummyFuel	0.0
12	1	Electricity	46.28570680129148
12	2	Electricity	45.57561391759303
12	3	Electricity	45.654703102667284
12	4	Electricity	45.82223875517514
12	5	Electricity	47.274163196004
12	6	Electricity	52.1293105940572
12	7	Electricity	63.92821780342836
12	8	Electricity	79.08696579336652
12	9	Electricity	95.49031338971297
12	10	Electricity	106.47854370129838
12	11	Electricity	110.8162306358301
12	12	Electricity	110.00513317150936
12	13	Electricity	98.80904995467237
12	14	Electricity	98.27344579121926
12	15	Electricity	105.80202304356159
12	16	Electricity	104.94405380756358
12	17	Electricity	103.38322842708637
12	18	Electricity	98.79232633505615
12	19	Electricity	90.80168236763663
12	20	Electricity	74.3529191596166
12	21	Electricity	58.14028866887102
12	22	Electricity	50.49820801096953
12	23	Electricity	48.449619474949415
12	24	Electricity	47.73138856925661
12	1	LT	21.92148947583569
12	2	LT	21.92148947583569
12	3	LT	21.92148947583569
12	4	LT	21.92148947583569
12	5	LT	21.92148947583569
12	6	LT	21.92148947583569
12	7	LT	21.92148947583569
12	8	LT	60.39370350592731
12	9	LT	67.3866586487189
12	10	LT	74.3796137915105
12	11	LT	74.3796137915105
12	12	LT	89.00124727189288
12	13	LT	89.00124727189288
12	14	LT	59.12225711632884
12	15	LT	89.00124727189288
12	16	LT	89.00124727189288
12	17	LT	74.36865304677256
12	18	LT	59.13321786106676
12	19	LT	21.92148947583569
12	20	LT	21.92148947583569
12	21	LT	21.92148947583569
12	22	LT	21.92148947583569
12	23	LT	21.92148947583569
12	24	LT	21.92148947583569
12	1	MT	81.15163276445807
12	2	MT	81.15163276445807
12	3	MT	81.15163276445807
12	4	MT	81.15163276445807
12	5	MT	81.15163276445807
12	6	MT	81.15163276445807
12	7	MT	81.15163276445807
12	8	MT	300.084459165087
12	9	MT	334.8310807526234
12	10	MT	369.5777023401599
12	11	MT	369.5777023401599
12	12	MT	442.2297292959177
12	13	MT	442.2297292959177
12	14	MT	293.7668916037168
12	15	MT	442.2297292959177
12	16	MT	442.2297292959177
12	17	MT	284.34794217201164
12	18	MT	151.03576252974568
12	19	MT	81.15163276445807
12	20	MT	81.15163276445807
12	21	MT	81.15163276445807
12	22	MT	81.15163276445807
12	23	MT	81.15163276445807
12	24	MT	81.15163276445807
12	1	H2	0.0
12	2	H2	0.0
12	3	H2	0.0
12	4	H2	0.0
12	5	H2	0.0
12	6	H2	0.0
12	7	H2	0.0
12	8	H2	0.0
12	9	H2	0.0
12	10	H2	0.0
12	11	H2	0.0
12	12	H2	0.0
12	13	H2	0.0
12	14	H2	0.0
12	15	H2	0.0
12	16	H2	0.0
12	17	H2	0.0
12	18	H2	0.0
12	19	H2	0.0
12	20	H2	0.0
12	21	H2	0.0
12	22	H2	0.0
12	23	H2	0.0
12	24	H2	0.0
12	1	CH4	0.0
12	2	CH4	0.0
12	3	CH4	0.0
12	4	CH4	0.0
12	5	CH4	0.0
12	6	CH4	0.0
12	7	CH4	0.0
12	8	CH4	0.0
12	9	CH4	0.0
12	10	CH4	0.0
12	11	CH4	0.0
12	12	CH4	0.0
12	13	CH4	0.0
12	14	CH4	0.0
12	15	CH4	0.0
12	16	CH4	0.0
12	17	CH4	0.0
12	18	CH4	0.0
12	19	CH4	0.0
12	20	CH4	0.0
12	21	CH4	0.0
12	22	CH4	0.0
12	23	CH4	0.0
12	24	CH4	0.0
12	1	Biogas	0.0
12	2	Biogas	0.0
12	3	Biogas	0.0
12	4	Biogas	0.0
12	5	Biogas	0.0
12	6	Biogas	0.0
12	7	Biogas	0.0
12	8	Biogas	0.0
12	9	Biogas	0.0
12	10	Biogas	0.0
12	11	Biogas	0.0
12	12	Biogas	0.0
12	13	Biogas	0.0
12	14	Biogas	0.0
12	15	Biogas	0.0
12	16	Biogas	0.0
12	17	Biogas	0.0
12	18	Biogas	0.0
12	19	Biogas	0.0
12	20	Biogas	0.0
12	21	Biogas	0.0
12	22	Biogas	0.0
12	23	Biogas	0.0
12	24	Biogas	0.0
12	1	CH4_H2_Mix	0.0
12	2	CH4_H2_Mix	0.0
12	3	CH4_H2_Mix	0.0
12	4	CH4_H2_Mix	0.0
12	5	CH4_H2_Mix	0.0
12	6	CH4_H2_Mix	0.0
12	7	CH4_H2_Mix	0.0
12	8	CH4_H2_Mix	0.0
12	9	CH4_H2_Mix	0.0
12	10	CH4_H2_Mix	0.0
12	11	CH4_H2_Mix	0.0
12	12	CH4_H2_Mix	0.0
12	13	CH4_H2_Mix	0.0
12	14	CH4_H2_Mix	0.0
12	15	CH4_H2_Mix	0.0
12	16	CH4_H2_Mix	0.0
12	17	CH4_H2_Mix	0.0
12	18	CH4_H2_Mix	0.0
12	19	CH4_H2_Mix	0.0
12	20	CH4_H2_Mix	0.0
12	21	CH4_H2_Mix	0.0
12	22	CH4_H2_Mix	0.0
12	23	CH4_H2_Mix	0.0
12	24	CH4_H2_Mix	0.0
12	1	DummyFuel	0.0
12	2	DummyFuel	0.0
12	3	DummyFuel	0.0
12	4	DummyFuel	0.0
12	5	DummyFuel	0.0
12	6	DummyFuel	0.0
12	7	DummyFuel	0.0
12	8	DummyFuel	0.0
12	9	DummyFuel	0.0
12	10	DummyFuel	0.0
12	11	DummyFuel	0.0
12	12	DummyFuel	0.0
12	13	DummyFuel	0.0
12	14	DummyFuel	0.0
12	15	DummyFuel	0.0
12	16	DummyFuel	0.0
12	17	DummyFuel	0.0
12	18	DummyFuel	0.0
12	19	DummyFuel	0.0
12	20	DummyFuel	0.0
12	21	DummyFuel	0.0
12	22	DummyFuel	0.0
12	23	DummyFuel	0.0
12	24	DummyFuel	0.0
13	1	Electricity	30.54558485226412
13	2	Electricity	30.29944265652344
13	3	Electricity	30.443397141638837
13	4	Electricity	30.99048911331416
13	5	Electricity	32.901215538830556
13	6	Electricity	38.83481172752766
13	7	Electricity	49.35381426601672
13	8	Electricity	61.98547278285345
13	9	Electricity	76.50243545490024
13	10	Electricity	86.06500736406662
13	11	Electricity	89.62127100970322
13	12	Electricity	88.68930167427018
13	13	Electricity	81.49216178783362
13	14	Electricity	81.03276985970362
13	15	Electricity	86.69082042691768
13	16	Electricity	85.56941154636309
13	17	Electricity	83.22818744892542
13	18	Electricity	78.34597004856562
13	19	Electricity	72.0215948067056
13	20	Electricity	61.03116436890359
13	21	Electricity	46.22931098004398
13	22	Electricity	38.77225013078575
13	23	Electricity	37.29869997072638
13	24	Electricity	35.839407191028705
13	1	LT	11.792117716416202
13	2	LT	11.792117716416202
13	3	LT	11.792117716416202
13	4	LT	11.792117716416202
13	5	LT	11.792117716416202
13	6	LT	11.792117716416202
13	7	LT	11.792117716416202
13	8	LT	51.29571206641048
13	9	LT	57.70767607471179
13	10	LT	64.1196400830131
13	11	LT	64.1196400830131
13	12	LT	76.94356809961569
13	13	LT	76.94356809961569
13	14	LT	51.29571206641048
13	15	LT	76.94356809961569
13	16	LT	76.94356809961569
13	17	LT	64.1196400830131
13	18	LT	51.59051500932088
13	19	LT	18.425183931900314
13	20	LT	18.425183931900314
13	21	LT	18.425183931900314
13	22	LT	18.425183931900314
13	23	LT	18.425183931900314
13	24	LT	18.425183931900314
13	1	MT	64.41294093384263
13	2	MT	64.41294093384263
13	3	MT	64.41294093384263
13	4	MT	64.41294093384263
13	5	MT	64.41294093384263
13	6	MT	64.41294093384263
13	7	MT	64.41294093384263
13	8	MT	275.5488598555202
13	9	MT	309.99246733746025
13	10	MT	344.43607481940023
13	11	MT	344.43607481940023
13	12	MT	413.32328978328025
13	13	MT	413.32328978328025
13	14	MT	275.5488598555202
13	15	MT	413.32328978328025
13	16	MT	413.32328978328025
13	17	MT	261.94413540055945
13	18	MT	110.88435087265822
13	19	MT	74.18067000433669
13	20	MT	74.18067000433669
13	21	MT	74.18067000433669
13	22	MT	74.18067000433669
13	23	MT	74.18067000433669
13	24	MT	74.18067000433669
13	1	H2	0.0
13	2	H2	0.0
13	3	H2	0.0
13	4	H2	0.0
13	5	H2	0.0
13	6	H2	0.0
13	7	H2	0.0
13	8	H2	0.0
13	9	H2	0.0
13	10	H2	0.0
13	11	H2	0.0
13	12	H2	0.0
13	13	H2	0.0
13	14	H2	0.0
13	15	H2	0.0
13	16	H2	0.0
13	17	H2	0.0
13	18	H2	0.0
13	19	H2	0.0
13	20	H2	0.0
13	21	H2	0.0
13	22	H2	0.0
13	23	H2	0.0
13	24	H2	0.0
13	1	CH4	0.0
13	2	CH4	0.0
13	3	CH4	0.0
13	4	CH4	0.0
13	5	CH4	0.0
13	6	CH4	0.0
13	7	CH4	0.0
13	8	CH4	0.0
13	9	CH4	0.0
13	10	CH4	0.0
13	11	CH4	0.0
13	12	CH4	0.0
13	13	CH4	0.0
13	14	CH4	0.0
13	15	CH4	0.0
13	16	CH4	0.0
13	17	CH4	0.0
13	18	CH4	0.0
13	19	CH4	0.0
13	20	CH4	0.0
13	21	CH4	0.0
13	22	CH4	0.0
13	23	CH4	0.0
13	24	CH4	0.0
13	1	Biogas	0.0
13	2	Biogas	0.0
13	3	Biogas	0.0
13	4	Biogas	0.0
13	5	Biogas	0.0
13	6	Biogas	0.0
13	7	Biogas	0.0
13	8	Biogas	0.0
13	9	Biogas	0.0
13	10	Biogas	0.0
13	11	Biogas	0.0
13	12	Biogas	0.0
13	13	Biogas	0.0
13	14	Biogas	0.0
13	15	Biogas	0.0
13	16	Biogas	0.0
13	17	Biogas	0.0
13	18	Biogas	0.0
13	19	Biogas	0.0
13	20	Biogas	0.0
13	21	Biogas	0.0
13	22	Biogas	0.0
13	23	Biogas	0.0
13	24	Biogas	0.0
13	1	CH4_H2_Mix	0.0
13	2	CH4_H2_Mix	0.0
13	3	CH4_H2_Mix	0.0
13	4	CH4_H2_Mix	0.0
13	5	CH4_H2_Mix	0.0
13	6	CH4_H2_Mix	0.0
13	7	CH4_H2_Mix	0.0
13	8	CH4_H2_Mix	0.0
13	9	CH4_H2_Mix	0.0
13	10	CH4_H2_Mix	0.0
13	11	CH4_H2_Mix	0.0
13	12	CH4_H2_Mix	0.0
13	13	CH4_H2_Mix	0.0
13	14	CH4_H2_Mix	0.0
13	15	CH4_H2_Mix	0.0
13	16	CH4_H2_Mix	0.0
13	17	CH4_H2_Mix	0.0
13	18	CH4_H2_Mix	0.0
13	19	CH4_H2_Mix	0.0
13	20	CH4_H2_Mix	0.0
13	21	CH4_H2_Mix	0.0
13	22	CH4_H2_Mix	0.0
13	23	CH4_H2_Mix	0.0
13	24	CH4_H2_Mix	0.0
13	1	DummyFuel	0.0
13	2	DummyFuel	0.0
13	3	DummyFuel	0.0
13	4	DummyFuel	0.0
13	5	DummyFuel	0.0
13	6	DummyFuel	0.0
13	7	DummyFuel	0.0
13	8	DummyFuel	0.0
13	9	DummyFuel	0.0
13	10	DummyFuel	0.0
13	11	DummyFuel	0.0
13	12	DummyFuel	0.0
13	13	DummyFuel	0.0
13	14	DummyFuel	0.0
13	15	DummyFuel	0.0
13	16	DummyFuel	0.0
13	17	DummyFuel	0.0
13	18	DummyFuel	0.0
13	19	DummyFuel	0.0
13	20	DummyFuel	0.0
13	21	DummyFuel	0.0
13	22	DummyFuel	0.0
13	23	DummyFuel	0.0
13	24	DummyFuel	0.0
14	1	Electricity	39.39731241180866
14	2	Electricity	39.99372957396476
14	3	Electricity	40.284039465025664
14	4	Electricity	41.03646770768392
14	5	Electricity	43.26584707708607
14	6	Electricity	48.75456233998098
14	7	Electricity	59.4524013025014
14	8	Electricity	73.07194400640999
14	9	Electricity	88.80456457271798
14	10	Electricity	97.6331312020259
14	11	Electricity	101.28720001631963
14	12	Electricity	100.23839010685573
14	13	Electricity	90.45816555249661
14	14	Electricity	89.27298584823157
14	15	Electricity	96.02529061790838
14	16	Electricity	95.4734526216749
14	17	Electricity	93.60653349998559
14	18	Electricity	87.1526462137955
14	19	Electricity	80.61542576784896
14	20	Electricity	68.94285923874641
14	21	Electricity	53.79267419527751
14	22	Electricity	46.79731320870411
14	23	Electricity	44.832820801298176
14	24	Electricity	44.231612666994685
14	1	LT	14.20889460784502
14	2	LT	14.20889460784502
14	3	LT	14.20889460784502
14	4	LT	14.20889460784502
14	5	LT	14.20889460784502
14	6	LT	14.20889460784502
14	7	LT	14.20889460784502
14	8	LT	61.808691544125836
14	9	LT	69.53477798714155
14	10	LT	77.26086443015728
14	11	LT	77.26086443015728
14	12	LT	92.71303731618873
14	13	LT	92.71303731618873
14	14	LT	61.808691544125836
14	15	LT	92.71303731618873
14	16	LT	92.71303731618873
14	17	LT	77.26086443015728
14	18	LT	62.16391390932196
14	19	LT	22.20139782475784
14	20	LT	22.20139782475784
14	21	LT	22.20139782475784
14	22	LT	22.20139782475784
14	23	LT	22.20139782475784
14	24	LT	22.20139782475784
14	1	MT	70.14807830614363
14	2	MT	70.14807830614363
14	3	MT	70.14807830614363
14	4	MT	70.14807830614363
14	5	MT	70.14807830614363
14	6	MT	70.14807830614363
14	7	MT	70.14807830614363
14	8	MT	300.2161808084368
14	9	MT	337.74320340949134
14	10	MT	375.2702260105459
14	11	MT	375.2702260105459
14	12	MT	450.3242712126551
14	13	MT	450.3242712126551
14	14	MT	300.2161808084368
14	15	MT	450.3242712126551
14	16	MT	450.3242712126551
14	17	MT	287.7989391471833
14	18	MT	125.65843131067395
14	19	MT	81.54437891518144
14	20	MT	81.54437891518144
14	21	MT	81.54437891518144
14	22	MT	81.54437891518144
14	23	MT	81.54437891518144
14	24	MT	81.54437891518144
14	1	H2	0.0
14	2	H2	0.0
14	3	H2	0.0
14	4	H2	0.0
14	5	H2	0.0
14	6	H2	0.0
14	7	H2	0.0
14	8	H2	0.0
14	9	H2	0.0
14	10	H2	0.0
14	11	H2	0.0
14	12	H2	0.0
14	13	H2	0.0
14	14	H2	0.0
14	15	H2	0.0
14	16	H2	0.0
14	17	H2	0.0
14	18	H2	0.0
14	19	H2	0.0
14	20	H2	0.0
14	21	H2	0.0
14	22	H2	0.0
14	23	H2	0.0
14	24	H2	0.0
14	1	CH4	0.0
14	2	CH4	0.0
14	3	CH4	0.0
14	4	CH4	0.0
14	5	CH4	0.0
14	6	CH4	0.0
14	7	CH4	0.0
14	8	CH4	0.0
14	9	CH4	0.0
14	10	CH4	0.0
14	11	CH4	0.0
14	12	CH4	0.0
14	13	CH4	0.0
14	14	CH4	0.0
14	15	CH4	0.0
14	16	CH4	0.0
14	17	CH4	0.0
14	18	CH4	0.0
14	19	CH4	0.0
14	20	CH4	0.0
14	21	CH4	0.0
14	22	CH4	0.0
14	23	CH4	0.0
14	24	CH4	0.0
14	1	Biogas	0.0
14	2	Biogas	0.0
14	3	Biogas	0.0
14	4	Biogas	0.0
14	5	Biogas	0.0
14	6	Biogas	0.0
14	7	Biogas	0.0
14	8	Biogas	0.0
14	9	Biogas	0.0
14	10	Biogas	0.0
14	11	Biogas	0.0
14	12	Biogas	0.0
14	13	Biogas	0.0
14	14	Biogas	0.0
14	15	Biogas	0.0
14	16	Biogas	0.0
14	17	Biogas	0.0
14	18	Biogas	0.0
14	19	Biogas	0.0
14	20	Biogas	0.0
14	21	Biogas	0.0
14	22	Biogas	0.0
14	23	Biogas	0.0
14	24	Biogas	0.0
14	1	CH4_H2_Mix	0.0
14	2	CH4_H2_Mix	0.0
14	3	CH4_H2_Mix	0.0
14	4	CH4_H2_Mix	0.0
14	5	CH4_H2_Mix	0.0
14	6	CH4_H2_Mix	0.0
14	7	CH4_H2_Mix	0.0
14	8	CH4_H2_Mix	0.0
14	9	CH4_H2_Mix	0.0
14	10	CH4_H2_Mix	0.0
14	11	CH4_H2_Mix	0.0
14	12	CH4_H2_Mix	0.0
14	13	CH4_H2_Mix	0.0
14	14	CH4_H2_Mix	0.0
14	15	CH4_H2_Mix	0.0
14	16	CH4_H2_Mix	0.0
14	17	CH4_H2_Mix	0.0
14	18	CH4_H2_Mix	0.0
14	19	CH4_H2_Mix	0.0
14	20	CH4_H2_Mix	0.0
14	21	CH4_H2_Mix	0.0
14	22	CH4_H2_Mix	0.0
14	23	CH4_H2_Mix	0.0
14	24	CH4_H2_Mix	0.0
14	1	DummyFuel	0.0
14	2	DummyFuel	0.0
14	3	DummyFuel	0.0
14	4	DummyFuel	0.0
14	5	DummyFuel	0.0
14	6	DummyFuel	0.0
14	7	DummyFuel	0.0
14	8	DummyFuel	0.0
14	9	DummyFuel	0.0
14	10	DummyFuel	0.0
14	11	DummyFuel	0.0
14	12	DummyFuel	0.0
14	13	DummyFuel	0.0
14	14	DummyFuel	0.0
14	15	DummyFuel	0.0
14	16	DummyFuel	0.0
14	17	DummyFuel	0.0
14	18	DummyFuel	0.0
14	19	DummyFuel	0.0
14	20	DummyFuel	0.0
14	21	DummyFuel	0.0
14	22	DummyFuel	0.0
14	23	DummyFuel	0.0
14	24	DummyFuel	0.0
