Node	Time	ID_Capacity_Buy_Volume
1	1	0.4
1	2	15.0
1	3	23.2
1	4	12.1
1	5	54.2
1	6	61.1
1	7	75.5
1	8	20.7
1	9	0.3
1	10	10.8
1	11	28.0
1	12	67.2
1	13	33.4
1	14	0.0
1	15	11.2
1	16	0.0
1	17	166.6
1	18	75.8
1	19	4.5
1	20	0.0
1	21	0.0
1	22	0.0
1	23	6.9
1	24	13.3
2	1	8.9
2	2	1.7
2	3	2.5
2	4	1.5
2	5	0.9
2	6	36.1
2	7	3.1
2	8	7.7
2	9	13.2
2	10	30.8
2	11	5.1
2	12	12.9
2	13	119.5
2	14	18.0
2	15	87.8
2	16	23.1
2	17	23.8
2	18	34.2
2	19	5.4
2	20	10.1
2	21	10.3
2	22	35.1
2	23	25.6
2	24	13.8
3	1	0.0
3	2	5.0
3	3	2.0
3	4	0.0
3	5	2.1
3	6	7.3
3	7	17.3
3	8	7.4
3	9	6.4
3	10	25.8
3	11	12.3
3	12	33.8
3	13	12.8
3	14	92.7
3	15	211.7
3	16	113.2
3	17	78.7
3	18	74.8
3	19	65.6
3	20	73.9
3	21	47.9
3	22	84.6
3	23	32.7
3	24	30.3
4	1	21.7
4	2	13.6
4	3	18.7
4	4	32.9
4	5	9.1
4	6	19.8
4	7	7.0
4	8	0.0
4	9	37.3
4	10	47.4
4	11	37.0
4	12	7.3
4	13	2.4
4	14	9.9
4	15	5.5
4	16	41.2
4	17	76.6
4	18	4.1
4	19	10.2
4	20	10.1
4	21	9.9
4	22	7.8
4	23	20.4
4	24	21.4
5	1	10.2
5	2	42.5
5	3	50.0
5	4	44.6
5	5	32.9
5	6	5.0
5	7	8.8
5	8	31.8
5	9	20.9
5	10	2.0
5	11	0.0
5	12	9.1
5	13	14.6
5	14	31.2
5	15	25.3
5	16	16.0
5	17	45.7
5	18	12.4
5	19	46.0
5	20	9.5
5	21	0.5
5	22	4.2
5	23	27.9
5	24	56.5
6	1	10.2
6	2	42.5
6	3	50.0
6	4	44.6
6	5	32.9
6	6	5.0
6	7	8.8
6	8	31.8
6	9	20.9
6	10	2.0
6	11	0.0
6	12	9.1
6	13	14.6
6	14	31.2
6	15	25.3
6	16	16.0
6	17	45.7
6	18	12.4
6	19	46.0
6	20	9.5
6	21	0.5
6	22	4.2
6	23	27.9
6	24	56.5
7	1	0.0
7	2	5.0
7	3	2.0
7	4	0.0
7	5	2.1
7	6	7.3
7	7	17.3
7	8	7.4
7	9	6.4
7	10	25.8
7	11	12.3
7	12	33.8
7	13	12.8
7	14	92.7
7	15	211.7
7	16	113.2
7	17	78.7
7	18	74.8
7	19	65.6
7	20	73.9
7	21	47.9
7	22	84.6
7	23	32.7
7	24	30.3
8	1	8.9
8	2	1.7
8	3	2.5
8	4	1.5
8	5	0.9
8	6	36.1
8	7	3.1
8	8	7.7
8	9	13.2
8	10	30.8
8	11	5.1
8	12	12.9
8	13	119.5
8	14	18.0
8	15	87.8
8	16	23.1
8	17	23.8
8	18	34.2
8	19	5.4
8	20	10.1
8	21	10.3
8	22	35.1
8	23	25.6
8	24	13.8
9	1	21.7
9	2	13.6
9	3	18.7
9	4	32.9
9	5	9.1
9	6	19.8
9	7	7.0
9	8	0.0
9	9	37.3
9	10	47.4
9	11	37.0
9	12	7.3
9	13	2.4
9	14	9.9
9	15	5.5
9	16	41.2
9	17	76.6
9	18	4.1
9	19	10.2
9	20	10.1
9	21	9.9
9	22	7.8
9	23	20.4
9	24	21.4
10	1	10.2
10	2	42.5
10	3	50.0
10	4	44.6
10	5	32.9
10	6	5.0
10	7	8.8
10	8	31.8
10	9	20.9
10	10	2.0
10	11	0.0
10	12	9.1
10	13	14.6
10	14	31.2
10	15	25.3
10	16	16.0
10	17	45.7
10	18	12.4
10	19	46.0
10	20	9.5
10	21	0.5
10	22	4.2
10	23	27.9
10	24	56.5
11	1	8.9
11	2	1.7
11	3	2.5
11	4	1.5
11	5	0.9
11	6	36.1
11	7	3.1
11	8	7.7
11	9	13.2
11	10	30.8
11	11	5.1
11	12	12.9
11	13	119.5
11	14	18.0
11	15	87.8
11	16	23.1
11	17	23.8
11	18	34.2
11	19	5.4
11	20	10.1
11	21	10.3
11	22	35.1
11	23	25.6
11	24	13.8
12	1	8.9
12	2	1.7
12	3	2.5
12	4	1.5
12	5	0.9
12	6	36.1
12	7	3.1
12	8	7.7
12	9	13.2
12	10	30.8
12	11	5.1
12	12	12.9
12	13	119.5
12	14	18.0
12	15	87.8
12	16	23.1
12	17	23.8
12	18	34.2
12	19	5.4
12	20	10.1
12	21	10.3
12	22	35.1
12	23	25.6
12	24	13.8
13	1	0.4
13	2	15.0
13	3	23.2
13	4	12.1
13	5	54.2
13	6	61.1
13	7	75.5
13	8	20.7
13	9	0.3
13	10	10.8
13	11	28.0
13	12	67.2
13	13	33.4
13	14	0.0
13	15	11.2
13	16	0.0
13	17	166.6
13	18	75.8
13	19	4.5
13	20	0.0
13	21	0.0
13	22	0.0
13	23	6.9
13	24	13.3
14	1	0.0
14	2	5.0
14	3	2.0
14	4	0.0
14	5	2.1
14	6	7.3
14	7	17.3
14	8	7.4
14	9	6.4
14	10	25.8
14	11	12.3
14	12	33.8
14	13	12.8
14	14	92.7
14	15	211.7
14	16	113.2
14	17	78.7
14	18	74.8
14	19	65.6
14	20	73.9
14	21	47.9
14	22	84.6
14	23	32.7
14	24	30.3
15	1	0.4
15	2	15.0
15	3	23.2
15	4	12.1
15	5	54.2
15	6	61.1
15	7	75.5
15	8	20.7
15	9	0.3
15	10	10.8
15	11	28.0
15	12	67.2
15	13	33.4
15	14	0.0
15	15	11.2
15	16	0.0
15	17	166.6
15	18	75.8
15	19	4.5
15	20	0.0
15	21	0.0
15	22	0.0
15	23	6.9
15	24	13.3
16	1	8.9
16	2	1.7
16	3	2.5
16	4	1.5
16	5	0.9
16	6	36.1
16	7	3.1
16	8	7.7
16	9	13.2
16	10	30.8
16	11	5.1
16	12	12.9
16	13	119.5
16	14	18.0
16	15	87.8
16	16	23.1
16	17	23.8
16	18	34.2
16	19	5.4
16	20	10.1
16	21	10.3
16	22	35.1
16	23	25.6
16	24	13.8
17	1	0.4
17	2	15.0
17	3	23.2
17	4	12.1
17	5	54.2
17	6	61.1
17	7	75.5
17	8	20.7
17	9	0.3
17	10	10.8
17	11	28.0
17	12	67.2
17	13	33.4
17	14	0.0
17	15	11.2
17	16	0.0
17	17	166.6
17	18	75.8
17	19	4.5
17	20	0.0
17	21	0.0
17	22	0.0
17	23	6.9
17	24	13.3
18	1	21.7
18	2	13.6
18	3	18.7
18	4	32.9
18	5	9.1
18	6	19.8
18	7	7.0
18	8	0.0
18	9	37.3
18	10	47.4
18	11	37.0
18	12	7.3
18	13	2.4
18	14	9.9
18	15	5.5
18	16	41.2
18	17	76.6
18	18	4.1
18	19	10.2
18	20	10.1
18	21	9.9
18	22	7.8
18	23	20.4
18	24	21.4
19	1	8.9
19	2	1.7
19	3	2.5
19	4	1.5
19	5	0.9
19	6	36.1
19	7	3.1
19	8	7.7
19	9	13.2
19	10	30.8
19	11	5.1
19	12	12.9
19	13	119.5
19	14	18.0
19	15	87.8
19	16	23.1
19	17	23.8
19	18	34.2
19	19	5.4
19	20	10.1
19	21	10.3
19	22	35.1
19	23	25.6
19	24	13.8
20	1	0.4
20	2	15.0
20	3	23.2
20	4	12.1
20	5	54.2
20	6	61.1
20	7	75.5
20	8	20.7
20	9	0.3
20	10	10.8
20	11	28.0
20	12	67.2
20	13	33.4
20	14	0.0
20	15	11.2
20	16	0.0
20	17	166.6
20	18	75.8
20	19	4.5
20	20	0.0
20	21	0.0
20	22	0.0
20	23	6.9
20	24	13.3
21	1	10.2
21	2	42.5
21	3	50.0
21	4	44.6
21	5	32.9
21	6	5.0
21	7	8.8
21	8	31.8
21	9	20.9
21	10	2.0
21	11	0.0
21	12	9.1
21	13	14.6
21	14	31.2
21	15	25.3
21	16	16.0
21	17	45.7
21	18	12.4
21	19	46.0
21	20	9.5
21	21	0.5
21	22	4.2
21	23	27.9
21	24	56.5
22	1	0.4
22	2	15.0
22	3	23.2
22	4	12.1
22	5	54.2
22	6	61.1
22	7	75.5
22	8	20.7
22	9	0.3
22	10	10.8
22	11	28.0
22	12	67.2
22	13	33.4
22	14	0.0
22	15	11.2
22	16	0.0
22	17	166.6
22	18	75.8
22	19	4.5
22	20	0.0
22	21	0.0
22	22	0.0
22	23	6.9
22	24	13.3
23	1	8.9
23	2	1.7
23	3	2.5
23	4	1.5
23	5	0.9
23	6	36.1
23	7	3.1
23	8	7.7
23	9	13.2
23	10	30.8
23	11	5.1
23	12	12.9
23	13	119.5
23	14	18.0
23	15	87.8
23	16	23.1
23	17	23.8
23	18	34.2
23	19	5.4
23	20	10.1
23	21	10.3
23	22	35.1
23	23	25.6
23	24	13.8
24	1	0.4
24	2	15.0
24	3	23.2
24	4	12.1
24	5	54.2
24	6	61.1
24	7	75.5
24	8	20.7
24	9	0.3
24	10	10.8
24	11	28.0
24	12	67.2
24	13	33.4
24	14	0.0
24	15	11.2
24	16	0.0
24	17	166.6
24	18	75.8
24	19	4.5
24	20	0.0
24	21	0.0
24	22	0.0
24	23	6.9
24	24	13.3
25	1	0.4
25	2	15.0
25	3	23.2
25	4	12.1
25	5	54.2
25	6	61.1
25	7	75.5
25	8	20.7
25	9	0.3
25	10	10.8
25	11	28.0
25	12	67.2
25	13	33.4
25	14	0.0
25	15	11.2
25	16	0.0
25	17	166.6
25	18	75.8
25	19	4.5
25	20	0.0
25	21	0.0
25	22	0.0
25	23	6.9
25	24	13.3
26	1	10.2
26	2	42.5
26	3	50.0
26	4	44.6
26	5	32.9
26	6	5.0
26	7	8.8
26	8	31.8
26	9	20.9
26	10	2.0
26	11	0.0
26	12	9.1
26	13	14.6
26	14	31.2
26	15	25.3
26	16	16.0
26	17	45.7
26	18	12.4
26	19	46.0
26	20	9.5
26	21	0.5
26	22	4.2
26	23	27.9
26	24	56.5
27	1	0.0
27	2	0.0
27	3	0.0
27	4	0.0
27	5	0.0
27	6	0.0
27	7	0.0
27	8	0.0
27	9	0.0
27	10	0.1
27	11	16.9
27	12	4.4
27	13	1.7
27	14	5.0
27	15	2.1
27	16	10.5
27	17	12.3
27	18	4.6
27	19	17.8
27	20	11.5
27	21	5.5
27	22	16.9
27	23	14.6
27	24	11.0
28	1	6.4
28	2	2.2
28	3	0.0
28	4	0.0
28	5	0.0
28	6	0.0
28	7	1.9
28	8	56.7
28	9	41.1
28	10	42.8
28	11	247.2
28	12	36.3
28	13	88.8
28	14	23.7
28	15	113.5
28	16	455.4
28	17	144.6
28	18	130.0
28	19	65.1
28	20	95.4
28	21	59.1
28	22	67.1
28	23	88.8
28	24	107.0
29	1	6.4
29	2	2.2
29	3	0.0
29	4	0.0
29	5	0.0
29	6	0.0
29	7	1.9
29	8	56.7
29	9	41.1
29	10	42.8
29	11	247.2
29	12	36.3
29	13	88.8
29	14	23.7
29	15	113.5
29	16	455.4
29	17	144.6
29	18	130.0
29	19	65.1
29	20	95.4
29	21	59.1
29	22	67.1
29	23	88.8
29	24	107.0
30	1	10.2
30	2	42.5
30	3	50.0
30	4	44.6
30	5	32.9
30	6	5.0
30	7	8.8
30	8	31.8
30	9	20.9
30	10	2.0
30	11	0.0
30	12	9.1
30	13	14.6
30	14	31.2
30	15	25.3
30	16	16.0
30	17	45.7
30	18	12.4
30	19	46.0
30	20	9.5
30	21	0.5
30	22	4.2
30	23	27.9
30	24	56.5
31	1	0.0
31	2	0.0
31	3	0.0
31	4	0.0
31	5	0.0
31	6	0.0
31	7	0.0
31	8	0.0
31	9	0.0
31	10	0.1
31	11	16.9
31	12	4.4
31	13	1.7
31	14	5.0
31	15	2.1
31	16	10.5
31	17	12.3
31	18	4.6
31	19	17.8
31	20	11.5
31	21	5.5
31	22	16.9
31	23	14.6
31	24	11.0
32	1	8.9
32	2	1.7
32	3	2.5
32	4	1.5
32	5	0.9
32	6	36.1
32	7	3.1
32	8	7.7
32	9	13.2
32	10	30.8
32	11	5.1
32	12	12.9
32	13	119.5
32	14	18.0
32	15	87.8
32	16	23.1
32	17	23.8
32	18	34.2
32	19	5.4
32	20	10.1
32	21	10.3
32	22	35.1
32	23	25.6
32	24	13.8
33	1	0.0
33	2	5.0
33	3	2.0
33	4	0.0
33	5	2.1
33	6	7.3
33	7	17.3
33	8	7.4
33	9	6.4
33	10	25.8
33	11	12.3
33	12	33.8
33	13	12.8
33	14	92.7
33	15	211.7
33	16	113.2
33	17	78.7
33	18	74.8
33	19	65.6
33	20	73.9
33	21	47.9
33	22	84.6
33	23	32.7
33	24	30.3
34	1	10.2
34	2	42.5
34	3	50.0
34	4	44.6
34	5	32.9
34	6	5.0
34	7	8.8
34	8	31.8
34	9	20.9
34	10	2.0
34	11	0.0
34	12	9.1
34	13	14.6
34	14	31.2
34	15	25.3
34	16	16.0
34	17	45.7
34	18	12.4
34	19	46.0
34	20	9.5
34	21	0.5
34	22	4.2
34	23	27.9
34	24	56.5
35	1	0.4
35	2	15.0
35	3	23.2
35	4	12.1
35	5	54.2
35	6	61.1
35	7	75.5
35	8	20.7
35	9	0.3
35	10	10.8
35	11	28.0
35	12	67.2
35	13	33.4
35	14	0.0
35	15	11.2
35	16	0.0
35	17	166.6
35	18	75.8
35	19	4.5
35	20	0.0
35	21	0.0
35	22	0.0
35	23	6.9
35	24	13.3
36	1	10.2
36	2	42.5
36	3	50.0
36	4	44.6
36	5	32.9
36	6	5.0
36	7	8.8
36	8	31.8
36	9	20.9
36	10	2.0
36	11	0.0
36	12	9.1
36	13	14.6
36	14	31.2
36	15	25.3
36	16	16.0
36	17	45.7
36	18	12.4
36	19	46.0
36	20	9.5
36	21	0.5
36	22	4.2
36	23	27.9
36	24	56.5
37	1	0.0
37	2	5.0
37	3	2.0
37	4	0.0
37	5	2.1
37	6	7.3
37	7	17.3
37	8	7.4
37	9	6.4
37	10	25.8
37	11	12.3
37	12	33.8
37	13	12.8
37	14	92.7
37	15	211.7
37	16	113.2
37	17	78.7
37	18	74.8
37	19	65.6
37	20	73.9
37	21	47.9
37	22	84.6
37	23	32.7
37	24	30.3
38	1	0.4
38	2	15.0
38	3	23.2
38	4	12.1
38	5	54.2
38	6	61.1
38	7	75.5
38	8	20.7
38	9	0.3
38	10	10.8
38	11	28.0
38	12	67.2
38	13	33.4
38	14	0.0
38	15	11.2
38	16	0.0
38	17	166.6
38	18	75.8
38	19	4.5
38	20	0.0
38	21	0.0
38	22	0.0
38	23	6.9
38	24	13.3
39	1	6.4
39	2	2.2
39	3	0.0
39	4	0.0
39	5	0.0
39	6	0.0
39	7	1.9
39	8	56.7
39	9	41.1
39	10	42.8
39	11	247.2
39	12	36.3
39	13	88.8
39	14	23.7
39	15	113.5
39	16	455.4
39	17	144.6
39	18	130.0
39	19	65.1
39	20	95.4
39	21	59.1
39	22	67.1
39	23	88.8
39	24	107.0
40	1	0.0
40	2	5.0
40	3	2.0
40	4	0.0
40	5	2.1
40	6	7.3
40	7	17.3
40	8	7.4
40	9	6.4
40	10	25.8
40	11	12.3
40	12	33.8
40	13	12.8
40	14	92.7
40	15	211.7
40	16	113.2
40	17	78.7
40	18	74.8
40	19	65.6
40	20	73.9
40	21	47.9
40	22	84.6
40	23	32.7
40	24	30.3
41	1	0.4
41	2	15.0
41	3	23.2
41	4	12.1
41	5	54.2
41	6	61.1
41	7	75.5
41	8	20.7
41	9	0.3
41	10	10.8
41	11	28.0
41	12	67.2
41	13	33.4
41	14	0.0
41	15	11.2
41	16	0.0
41	17	166.6
41	18	75.8
41	19	4.5
41	20	0.0
41	21	0.0
41	22	0.0
41	23	6.9
41	24	13.3
42	1	0.4
42	2	15.0
42	3	23.2
42	4	12.1
42	5	54.2
42	6	61.1
42	7	75.5
42	8	20.7
42	9	0.3
42	10	10.8
42	11	28.0
42	12	67.2
42	13	33.4
42	14	0.0
42	15	11.2
42	16	0.0
42	17	166.6
42	18	75.8
42	19	4.5
42	20	0.0
42	21	0.0
42	22	0.0
42	23	6.9
42	24	13.3
43	1	21.7
43	2	13.6
43	3	18.7
43	4	32.9
43	5	9.1
43	6	19.8
43	7	7.0
43	8	0.0
43	9	37.3
43	10	47.4
43	11	37.0
43	12	7.3
43	13	2.4
43	14	9.9
43	15	5.5
43	16	41.2
43	17	76.6
43	18	4.1
43	19	10.2
43	20	10.1
43	21	9.9
43	22	7.8
43	23	20.4
43	24	21.4
44	1	10.2
44	2	42.5
44	3	50.0
44	4	44.6
44	5	32.9
44	6	5.0
44	7	8.8
44	8	31.8
44	9	20.9
44	10	2.0
44	11	0.0
44	12	9.1
44	13	14.6
44	14	31.2
44	15	25.3
44	16	16.0
44	17	45.7
44	18	12.4
44	19	46.0
44	20	9.5
44	21	0.5
44	22	4.2
44	23	27.9
44	24	56.5
45	1	0.4
45	2	15.0
45	3	23.2
45	4	12.1
45	5	54.2
45	6	61.1
45	7	75.5
45	8	20.7
45	9	0.3
45	10	10.8
45	11	28.0
45	12	67.2
45	13	33.4
45	14	0.0
45	15	11.2
45	16	0.0
45	17	166.6
45	18	75.8
45	19	4.5
45	20	0.0
45	21	0.0
45	22	0.0
45	23	6.9
45	24	13.3
46	1	10.2
46	2	42.5
46	3	50.0
46	4	44.6
46	5	32.9
46	6	5.0
46	7	8.8
46	8	31.8
46	9	20.9
46	10	2.0
46	11	0.0
46	12	9.1
46	13	14.6
46	14	31.2
46	15	25.3
46	16	16.0
46	17	45.7
46	18	12.4
46	19	46.0
46	20	9.5
46	21	0.5
46	22	4.2
46	23	27.9
46	24	56.5
47	1	0.4
47	2	15.0
47	3	23.2
47	4	12.1
47	5	54.2
47	6	61.1
47	7	75.5
47	8	20.7
47	9	0.3
47	10	10.8
47	11	28.0
47	12	67.2
47	13	33.4
47	14	0.0
47	15	11.2
47	16	0.0
47	17	166.6
47	18	75.8
47	19	4.5
47	20	0.0
47	21	0.0
47	22	0.0
47	23	6.9
47	24	13.3
48	1	10.2
48	2	42.5
48	3	50.0
48	4	44.6
48	5	32.9
48	6	5.0
48	7	8.8
48	8	31.8
48	9	20.9
48	10	2.0
48	11	0.0
48	12	9.1
48	13	14.6
48	14	31.2
48	15	25.3
48	16	16.0
48	17	45.7
48	18	12.4
48	19	46.0
48	20	9.5
48	21	0.5
48	22	4.2
48	23	27.9
48	24	56.5
49	1	21.7
49	2	13.6
49	3	18.7
49	4	32.9
49	5	9.1
49	6	19.8
49	7	7.0
49	8	0.0
49	9	37.3
49	10	47.4
49	11	37.0
49	12	7.3
49	13	2.4
49	14	9.9
49	15	5.5
49	16	41.2
49	17	76.6
49	18	4.1
49	19	10.2
49	20	10.1
49	21	9.9
49	22	7.8
49	23	20.4
49	24	21.4
50	1	0.0
50	2	0.0
50	3	0.0
50	4	0.0
50	5	0.0
50	6	0.0
50	7	0.0
50	8	0.0
50	9	0.0
50	10	0.1
50	11	16.9
50	12	4.4
50	13	1.7
50	14	5.0
50	15	2.1
50	16	10.5
50	17	12.3
50	18	4.6
50	19	17.8
50	20	11.5
50	21	5.5
50	22	16.9
50	23	14.6
50	24	11.0
51	1	6.4
51	2	2.2
51	3	0.0
51	4	0.0
51	5	0.0
51	6	0.0
51	7	1.9
51	8	56.7
51	9	41.1
51	10	42.8
51	11	247.2
51	12	36.3
51	13	88.8
51	14	23.7
51	15	113.5
51	16	455.4
51	17	144.6
51	18	130.0
51	19	65.1
51	20	95.4
51	21	59.1
51	22	67.1
51	23	88.8
51	24	107.0
52	1	0.0
52	2	5.0
52	3	2.0
52	4	0.0
52	5	2.1
52	6	7.3
52	7	17.3
52	8	7.4
52	9	6.4
52	10	25.8
52	11	12.3
52	12	33.8
52	13	12.8
52	14	92.7
52	15	211.7
52	16	113.2
52	17	78.7
52	18	74.8
52	19	65.6
52	20	73.9
52	21	47.9
52	22	84.6
52	23	32.7
52	24	30.3
53	1	8.9
53	2	1.7
53	3	2.5
53	4	1.5
53	5	0.9
53	6	36.1
53	7	3.1
53	8	7.7
53	9	13.2
53	10	30.8
53	11	5.1
53	12	12.9
53	13	119.5
53	14	18.0
53	15	87.8
53	16	23.1
53	17	23.8
53	18	34.2
53	19	5.4
53	20	10.1
53	21	10.3
53	22	35.1
53	23	25.6
53	24	13.8
54	1	21.7
54	2	13.6
54	3	18.7
54	4	32.9
54	5	9.1
54	6	19.8
54	7	7.0
54	8	0.0
54	9	37.3
54	10	47.4
54	11	37.0
54	12	7.3
54	13	2.4
54	14	9.9
54	15	5.5
54	16	41.2
54	17	76.6
54	18	4.1
54	19	10.2
54	20	10.1
54	21	9.9
54	22	7.8
54	23	20.4
54	24	21.4
55	1	0.0
55	2	5.0
55	3	2.0
55	4	0.0
55	5	2.1
55	6	7.3
55	7	17.3
55	8	7.4
55	9	6.4
55	10	25.8
55	11	12.3
55	12	33.8
55	13	12.8
55	14	92.7
55	15	211.7
55	16	113.2
55	17	78.7
55	18	74.8
55	19	65.6
55	20	73.9
55	21	47.9
55	22	84.6
55	23	32.7
55	24	30.3
56	1	21.7
56	2	13.6
56	3	18.7
56	4	32.9
56	5	9.1
56	6	19.8
56	7	7.0
56	8	0.0
56	9	37.3
56	10	47.4
56	11	37.0
56	12	7.3
56	13	2.4
56	14	9.9
56	15	5.5
56	16	41.2
56	17	76.6
56	18	4.1
56	19	10.2
56	20	10.1
56	21	9.9
56	22	7.8
56	23	20.4
56	24	21.4
57	1	21.7
57	2	13.6
57	3	18.7
57	4	32.9
57	5	9.1
57	6	19.8
57	7	7.0
57	8	0.0
57	9	37.3
57	10	47.4
57	11	37.0
57	12	7.3
57	13	2.4
57	14	9.9
57	15	5.5
57	16	41.2
57	17	76.6
57	18	4.1
57	19	10.2
57	20	10.1
57	21	9.9
57	22	7.8
57	23	20.4
57	24	21.4
58	1	0.4
58	2	15.0
58	3	23.2
58	4	12.1
58	5	54.2
58	6	61.1
58	7	75.5
58	8	20.7
58	9	0.3
58	10	10.8
58	11	28.0
58	12	67.2
58	13	33.4
58	14	0.0
58	15	11.2
58	16	0.0
58	17	166.6
58	18	75.8
58	19	4.5
58	20	0.0
58	21	0.0
58	22	0.0
58	23	6.9
58	24	13.3
59	1	6.4
59	2	2.2
59	3	0.0
59	4	0.0
59	5	0.0
59	6	0.0
59	7	1.9
59	8	56.7
59	9	41.1
59	10	42.8
59	11	247.2
59	12	36.3
59	13	88.8
59	14	23.7
59	15	113.5
59	16	455.4
59	17	144.6
59	18	130.0
59	19	65.1
59	20	95.4
59	21	59.1
59	22	67.1
59	23	88.8
59	24	107.0
60	1	0.4
60	2	15.0
60	3	23.2
60	4	12.1
60	5	54.2
60	6	61.1
60	7	75.5
60	8	20.7
60	9	0.3
60	10	10.8
60	11	28.0
60	12	67.2
60	13	33.4
60	14	0.0
60	15	11.2
60	16	0.0
60	17	166.6
60	18	75.8
60	19	4.5
60	20	0.0
60	21	0.0
60	22	0.0
60	23	6.9
60	24	13.3
61	1	10.2
61	2	42.5
61	3	50.0
61	4	44.6
61	5	32.9
61	6	5.0
61	7	8.8
61	8	31.8
61	9	20.9
61	10	2.0
61	11	0.0
61	12	9.1
61	13	14.6
61	14	31.2
61	15	25.3
61	16	16.0
61	17	45.7
61	18	12.4
61	19	46.0
61	20	9.5
61	21	0.5
61	22	4.2
61	23	27.9
61	24	56.5
62	1	6.4
62	2	2.2
62	3	0.0
62	4	0.0
62	5	0.0
62	6	0.0
62	7	1.9
62	8	56.7
62	9	41.1
62	10	42.8
62	11	247.2
62	12	36.3
62	13	88.8
62	14	23.7
62	15	113.5
62	16	455.4
62	17	144.6
62	18	130.0
62	19	65.1
62	20	95.4
62	21	59.1
62	22	67.1
62	23	88.8
62	24	107.0
63	1	0.0
63	2	5.0
63	3	2.0
63	4	0.0
63	5	2.1
63	6	7.3
63	7	17.3
63	8	7.4
63	9	6.4
63	10	25.8
63	11	12.3
63	12	33.8
63	13	12.8
63	14	92.7
63	15	211.7
63	16	113.2
63	17	78.7
63	18	74.8
63	19	65.6
63	20	73.9
63	21	47.9
63	22	84.6
63	23	32.7
63	24	30.3
64	1	0.4
64	2	15.0
64	3	23.2
64	4	12.1
64	5	54.2
64	6	61.1
64	7	75.5
64	8	20.7
64	9	0.3
64	10	10.8
64	11	28.0
64	12	67.2
64	13	33.4
64	14	0.0
64	15	11.2
64	16	0.0
64	17	166.6
64	18	75.8
64	19	4.5
64	20	0.0
64	21	0.0
64	22	0.0
64	23	6.9
64	24	13.3
65	1	21.7
65	2	13.6
65	3	18.7
65	4	32.9
65	5	9.1
65	6	19.8
65	7	7.0
65	8	0.0
65	9	37.3
65	10	47.4
65	11	37.0
65	12	7.3
65	13	2.4
65	14	9.9
65	15	5.5
65	16	41.2
65	17	76.6
65	18	4.1
65	19	10.2
65	20	10.1
65	21	9.9
65	22	7.8
65	23	20.4
65	24	21.4
66	1	6.4
66	2	2.2
66	3	0.0
66	4	0.0
66	5	0.0
66	6	0.0
66	7	1.9
66	8	56.7
66	9	41.1
66	10	42.8
66	11	247.2
66	12	36.3
66	13	88.8
66	14	23.7
66	15	113.5
66	16	455.4
66	17	144.6
66	18	130.0
66	19	65.1
66	20	95.4
66	21	59.1
66	22	67.1
66	23	88.8
66	24	107.0
67	1	0.0
67	2	0.0
67	3	0.0
67	4	0.0
67	5	0.0
67	6	0.0
67	7	0.0
67	8	0.0
67	9	0.0
67	10	0.1
67	11	16.9
67	12	4.4
67	13	1.7
67	14	5.0
67	15	2.1
67	16	10.5
67	17	12.3
67	18	4.6
67	19	17.8
67	20	11.5
67	21	5.5
67	22	16.9
67	23	14.6
67	24	11.0
68	1	0.4
68	2	15.0
68	3	23.2
68	4	12.1
68	5	54.2
68	6	61.1
68	7	75.5
68	8	20.7
68	9	0.3
68	10	10.8
68	11	28.0
68	12	67.2
68	13	33.4
68	14	0.0
68	15	11.2
68	16	0.0
68	17	166.6
68	18	75.8
68	19	4.5
68	20	0.0
68	21	0.0
68	22	0.0
68	23	6.9
68	24	13.3
69	1	10.2
69	2	42.5
69	3	50.0
69	4	44.6
69	5	32.9
69	6	5.0
69	7	8.8
69	8	31.8
69	9	20.9
69	10	2.0
69	11	0.0
69	12	9.1
69	13	14.6
69	14	31.2
69	15	25.3
69	16	16.0
69	17	45.7
69	18	12.4
69	19	46.0
69	20	9.5
69	21	0.5
69	22	4.2
69	23	27.9
69	24	56.5
70	1	0.0
70	2	0.0
70	3	0.0
70	4	0.0
70	5	0.0
70	6	0.0
70	7	0.0
70	8	0.0
70	9	0.0
70	10	0.1
70	11	16.9
70	12	4.4
70	13	1.7
70	14	5.0
70	15	2.1
70	16	10.5
70	17	12.3
70	18	4.6
70	19	17.8
70	20	11.5
70	21	5.5
70	22	16.9
70	23	14.6
70	24	11.0
71	1	6.4
71	2	2.2
71	3	0.0
71	4	0.0
71	5	0.0
71	6	0.0
71	7	1.9
71	8	56.7
71	9	41.1
71	10	42.8
71	11	247.2
71	12	36.3
71	13	88.8
71	14	23.7
71	15	113.5
71	16	455.4
71	17	144.6
71	18	130.0
71	19	65.1
71	20	95.4
71	21	59.1
71	22	67.1
71	23	88.8
71	24	107.0
72	1	10.2
72	2	42.5
72	3	50.0
72	4	44.6
72	5	32.9
72	6	5.0
72	7	8.8
72	8	31.8
72	9	20.9
72	10	2.0
72	11	0.0
72	12	9.1
72	13	14.6
72	14	31.2
72	15	25.3
72	16	16.0
72	17	45.7
72	18	12.4
72	19	46.0
72	20	9.5
72	21	0.5
72	22	4.2
72	23	27.9
72	24	56.5
73	1	0.4
73	2	15.0
73	3	23.2
73	4	12.1
73	5	54.2
73	6	61.1
73	7	75.5
73	8	20.7
73	9	0.3
73	10	10.8
73	11	28.0
73	12	67.2
73	13	33.4
73	14	0.0
73	15	11.2
73	16	0.0
73	17	166.6
73	18	75.8
73	19	4.5
73	20	0.0
73	21	0.0
73	22	0.0
73	23	6.9
73	24	13.3
74	1	10.2
74	2	42.5
74	3	50.0
74	4	44.6
74	5	32.9
74	6	5.0
74	7	8.8
74	8	31.8
74	9	20.9
74	10	2.0
74	11	0.0
74	12	9.1
74	13	14.6
74	14	31.2
74	15	25.3
74	16	16.0
74	17	45.7
74	18	12.4
74	19	46.0
74	20	9.5
74	21	0.5
74	22	4.2
74	23	27.9
74	24	56.5
75	1	8.9
75	2	1.7
75	3	2.5
75	4	1.5
75	5	0.9
75	6	36.1
75	7	3.1
75	8	7.7
75	9	13.2
75	10	30.8
75	11	5.1
75	12	12.9
75	13	119.5
75	14	18.0
75	15	87.8
75	16	23.1
75	17	23.8
75	18	34.2
75	19	5.4
75	20	10.1
75	21	10.3
75	22	35.1
75	23	25.6
75	24	13.8
76	1	0.4
76	2	15.0
76	3	23.2
76	4	12.1
76	5	54.2
76	6	61.1
76	7	75.5
76	8	20.7
76	9	0.3
76	10	10.8
76	11	28.0
76	12	67.2
76	13	33.4
76	14	0.0
76	15	11.2
76	16	0.0
76	17	166.6
76	18	75.8
76	19	4.5
76	20	0.0
76	21	0.0
76	22	0.0
76	23	6.9
76	24	13.3
77	1	0.0
77	2	0.0
77	3	0.0
77	4	0.0
77	5	0.0
77	6	0.0
77	7	0.0
77	8	0.0
77	9	0.0
77	10	0.1
77	11	16.9
77	12	4.4
77	13	1.7
77	14	5.0
77	15	2.1
77	16	10.5
77	17	12.3
77	18	4.6
77	19	17.8
77	20	11.5
77	21	5.5
77	22	16.9
77	23	14.6
77	24	11.0
78	1	0.4
78	2	15.0
78	3	23.2
78	4	12.1
78	5	54.2
78	6	61.1
78	7	75.5
78	8	20.7
78	9	0.3
78	10	10.8
78	11	28.0
78	12	67.2
78	13	33.4
78	14	0.0
78	15	11.2
78	16	0.0
78	17	166.6
78	18	75.8
78	19	4.5
78	20	0.0
78	21	0.0
78	22	0.0
78	23	6.9
78	24	13.3
79	1	10.2
79	2	42.5
79	3	50.0
79	4	44.6
79	5	32.9
79	6	5.0
79	7	8.8
79	8	31.8
79	9	20.9
79	10	2.0
79	11	0.0
79	12	9.1
79	13	14.6
79	14	31.2
79	15	25.3
79	16	16.0
79	17	45.7
79	18	12.4
79	19	46.0
79	20	9.5
79	21	0.5
79	22	4.2
79	23	27.9
79	24	56.5
80	1	0.0
80	2	0.0
80	3	0.0
80	4	0.0
80	5	0.0
80	6	0.0
80	7	0.0
80	8	0.0
80	9	0.0
80	10	0.1
80	11	16.9
80	12	4.4
80	13	1.7
80	14	5.0
80	15	2.1
80	16	10.5
80	17	12.3
80	18	4.6
80	19	17.8
80	20	11.5
80	21	5.5
80	22	16.9
80	23	14.6
80	24	11.0
81	1	8.9
81	2	1.7
81	3	2.5
81	4	1.5
81	5	0.9
81	6	36.1
81	7	3.1
81	8	7.7
81	9	13.2
81	10	30.8
81	11	5.1
81	12	12.9
81	13	119.5
81	14	18.0
81	15	87.8
81	16	23.1
81	17	23.8
81	18	34.2
81	19	5.4
81	20	10.1
81	21	10.3
81	22	35.1
81	23	25.6
81	24	13.8
82	1	6.4
82	2	2.2
82	3	0.0
82	4	0.0
82	5	0.0
82	6	0.0
82	7	1.9
82	8	56.7
82	9	41.1
82	10	42.8
82	11	247.2
82	12	36.3
82	13	88.8
82	14	23.7
82	15	113.5
82	16	455.4
82	17	144.6
82	18	130.0
82	19	65.1
82	20	95.4
82	21	59.1
82	22	67.1
82	23	88.8
82	24	107.0
83	1	10.2
83	2	42.5
83	3	50.0
83	4	44.6
83	5	32.9
83	6	5.0
83	7	8.8
83	8	31.8
83	9	20.9
83	10	2.0
83	11	0.0
83	12	9.1
83	13	14.6
83	14	31.2
83	15	25.3
83	16	16.0
83	17	45.7
83	18	12.4
83	19	46.0
83	20	9.5
83	21	0.5
83	22	4.2
83	23	27.9
83	24	56.5
84	1	10.2
84	2	42.5
84	3	50.0
84	4	44.6
84	5	32.9
84	6	5.0
84	7	8.8
84	8	31.8
84	9	20.9
84	10	2.0
84	11	0.0
84	12	9.1
84	13	14.6
84	14	31.2
84	15	25.3
84	16	16.0
84	17	45.7
84	18	12.4
84	19	46.0
84	20	9.5
84	21	0.5
84	22	4.2
84	23	27.9
84	24	56.5
85	1	8.9
85	2	1.7
85	3	2.5
85	4	1.5
85	5	0.9
85	6	36.1
85	7	3.1
85	8	7.7
85	9	13.2
85	10	30.8
85	11	5.1
85	12	12.9
85	13	119.5
85	14	18.0
85	15	87.8
85	16	23.1
85	17	23.8
85	18	34.2
85	19	5.4
85	20	10.1
85	21	10.3
85	22	35.1
85	23	25.6
85	24	13.8
86	1	10.2
86	2	42.5
86	3	50.0
86	4	44.6
86	5	32.9
86	6	5.0
86	7	8.8
86	8	31.8
86	9	20.9
86	10	2.0
86	11	0.0
86	12	9.1
86	13	14.6
86	14	31.2
86	15	25.3
86	16	16.0
86	17	45.7
86	18	12.4
86	19	46.0
86	20	9.5
86	21	0.5
86	22	4.2
86	23	27.9
86	24	56.5
87	1	10.2
87	2	42.5
87	3	50.0
87	4	44.6
87	5	32.9
87	6	5.0
87	7	8.8
87	8	31.8
87	9	20.9
87	10	2.0
87	11	0.0
87	12	9.1
87	13	14.6
87	14	31.2
87	15	25.3
87	16	16.0
87	17	45.7
87	18	12.4
87	19	46.0
87	20	9.5
87	21	0.5
87	22	4.2
87	23	27.9
87	24	56.5
88	1	0.0
88	2	0.0
88	3	0.0
88	4	0.0
88	5	0.0
88	6	0.0
88	7	0.0
88	8	0.0
88	9	0.0
88	10	0.1
88	11	16.9
88	12	4.4
88	13	1.7
88	14	5.0
88	15	2.1
88	16	10.5
88	17	12.3
88	18	4.6
88	19	17.8
88	20	11.5
88	21	5.5
88	22	16.9
88	23	14.6
88	24	11.0
89	1	0.0
89	2	5.0
89	3	2.0
89	4	0.0
89	5	2.1
89	6	7.3
89	7	17.3
89	8	7.4
89	9	6.4
89	10	25.8
89	11	12.3
89	12	33.8
89	13	12.8
89	14	92.7
89	15	211.7
89	16	113.2
89	17	78.7
89	18	74.8
89	19	65.6
89	20	73.9
89	21	47.9
89	22	84.6
89	23	32.7
89	24	30.3
90	1	0.4
90	2	15.0
90	3	23.2
90	4	12.1
90	5	54.2
90	6	61.1
90	7	75.5
90	8	20.7
90	9	0.3
90	10	10.8
90	11	28.0
90	12	67.2
90	13	33.4
90	14	0.0
90	15	11.2
90	16	0.0
90	17	166.6
90	18	75.8
90	19	4.5
90	20	0.0
90	21	0.0
90	22	0.0
90	23	6.9
90	24	13.3
91	1	10.2
91	2	42.5
91	3	50.0
91	4	44.6
91	5	32.9
91	6	5.0
91	7	8.8
91	8	31.8
91	9	20.9
91	10	2.0
91	11	0.0
91	12	9.1
91	13	14.6
91	14	31.2
91	15	25.3
91	16	16.0
91	17	45.7
91	18	12.4
91	19	46.0
91	20	9.5
91	21	0.5
91	22	4.2
91	23	27.9
91	24	56.5
92	1	6.4
92	2	2.2
92	3	0.0
92	4	0.0
92	5	0.0
92	6	0.0
92	7	1.9
92	8	56.7
92	9	41.1
92	10	42.8
92	11	247.2
92	12	36.3
92	13	88.8
92	14	23.7
92	15	113.5
92	16	455.4
92	17	144.6
92	18	130.0
92	19	65.1
92	20	95.4
92	21	59.1
92	22	67.1
92	23	88.8
92	24	107.0
93	1	0.0
93	2	5.0
93	3	2.0
93	4	0.0
93	5	2.1
93	6	7.3
93	7	17.3
93	8	7.4
93	9	6.4
93	10	25.8
93	11	12.3
93	12	33.8
93	13	12.8
93	14	92.7
93	15	211.7
93	16	113.2
93	17	78.7
93	18	74.8
93	19	65.6
93	20	73.9
93	21	47.9
93	22	84.6
93	23	32.7
93	24	30.3
94	1	0.0
94	2	5.0
94	3	2.0
94	4	0.0
94	5	2.1
94	6	7.3
94	7	17.3
94	8	7.4
94	9	6.4
94	10	25.8
94	11	12.3
94	12	33.8
94	13	12.8
94	14	92.7
94	15	211.7
94	16	113.2
94	17	78.7
94	18	74.8
94	19	65.6
94	20	73.9
94	21	47.9
94	22	84.6
94	23	32.7
94	24	30.3
95	1	10.2
95	2	42.5
95	3	50.0
95	4	44.6
95	5	32.9
95	6	5.0
95	7	8.8
95	8	31.8
95	9	20.9
95	10	2.0
95	11	0.0
95	12	9.1
95	13	14.6
95	14	31.2
95	15	25.3
95	16	16.0
95	17	45.7
95	18	12.4
95	19	46.0
95	20	9.5
95	21	0.5
95	22	4.2
95	23	27.9
95	24	56.5
96	1	0.4
96	2	15.0
96	3	23.2
96	4	12.1
96	5	54.2
96	6	61.1
96	7	75.5
96	8	20.7
96	9	0.3
96	10	10.8
96	11	28.0
96	12	67.2
96	13	33.4
96	14	0.0
96	15	11.2
96	16	0.0
96	17	166.6
96	18	75.8
96	19	4.5
96	20	0.0
96	21	0.0
96	22	0.0
96	23	6.9
96	24	13.3
97	1	0.0
97	2	0.0
97	3	0.0
97	4	0.0
97	5	0.0
97	6	0.0
97	7	0.0
97	8	0.0
97	9	0.0
97	10	0.1
97	11	16.9
97	12	4.4
97	13	1.7
97	14	5.0
97	15	2.1
97	16	10.5
97	17	12.3
97	18	4.6
97	19	17.8
97	20	11.5
97	21	5.5
97	22	16.9
97	23	14.6
97	24	11.0
98	1	21.7
98	2	13.6
98	3	18.7
98	4	32.9
98	5	9.1
98	6	19.8
98	7	7.0
98	8	0.0
98	9	37.3
98	10	47.4
98	11	37.0
98	12	7.3
98	13	2.4
98	14	9.9
98	15	5.5
98	16	41.2
98	17	76.6
98	18	4.1
98	19	10.2
98	20	10.1
98	21	9.9
98	22	7.8
98	23	20.4
98	24	21.4
99	1	21.7
99	2	13.6
99	3	18.7
99	4	32.9
99	5	9.1
99	6	19.8
99	7	7.0
99	8	0.0
99	9	37.3
99	10	47.4
99	11	37.0
99	12	7.3
99	13	2.4
99	14	9.9
99	15	5.5
99	16	41.2
99	17	76.6
99	18	4.1
99	19	10.2
99	20	10.1
99	21	9.9
99	22	7.8
99	23	20.4
99	24	21.4
100	1	10.2
100	2	42.5
100	3	50.0
100	4	44.6
100	5	32.9
100	6	5.0
100	7	8.8
100	8	31.8
100	9	20.9
100	10	2.0
100	11	0.0
100	12	9.1
100	13	14.6
100	14	31.2
100	15	25.3
100	16	16.0
100	17	45.7
100	18	12.4
100	19	46.0
100	20	9.5
100	21	0.5
100	22	4.2
100	23	27.9
100	24	56.5
101	1	6.4
101	2	2.2
101	3	0.0
101	4	0.0
101	5	0.0
101	6	0.0
101	7	1.9
101	8	56.7
101	9	41.1
101	10	42.8
101	11	247.2
101	12	36.3
101	13	88.8
101	14	23.7
101	15	113.5
101	16	455.4
101	17	144.6
101	18	130.0
101	19	65.1
101	20	95.4
101	21	59.1
101	22	67.1
101	23	88.8
101	24	107.0
102	1	0.4
102	2	15.0
102	3	23.2
102	4	12.1
102	5	54.2
102	6	61.1
102	7	75.5
102	8	20.7
102	9	0.3
102	10	10.8
102	11	28.0
102	12	67.2
102	13	33.4
102	14	0.0
102	15	11.2
102	16	0.0
102	17	166.6
102	18	75.8
102	19	4.5
102	20	0.0
102	21	0.0
102	22	0.0
102	23	6.9
102	24	13.3
103	1	6.4
103	2	2.2
103	3	0.0
103	4	0.0
103	5	0.0
103	6	0.0
103	7	1.9
103	8	56.7
103	9	41.1
103	10	42.8
103	11	247.2
103	12	36.3
103	13	88.8
103	14	23.7
103	15	113.5
103	16	455.4
103	17	144.6
103	18	130.0
103	19	65.1
103	20	95.4
103	21	59.1
103	22	67.1
103	23	88.8
103	24	107.0
104	1	21.7
104	2	13.6
104	3	18.7
104	4	32.9
104	5	9.1
104	6	19.8
104	7	7.0
104	8	0.0
104	9	37.3
104	10	47.4
104	11	37.0
104	12	7.3
104	13	2.4
104	14	9.9
104	15	5.5
104	16	41.2
104	17	76.6
104	18	4.1
104	19	10.2
104	20	10.1
104	21	9.9
104	22	7.8
104	23	20.4
104	24	21.4
105	1	6.4
105	2	2.2
105	3	0.0
105	4	0.0
105	5	0.0
105	6	0.0
105	7	1.9
105	8	56.7
105	9	41.1
105	10	42.8
105	11	247.2
105	12	36.3
105	13	88.8
105	14	23.7
105	15	113.5
105	16	455.4
105	17	144.6
105	18	130.0
105	19	65.1
105	20	95.4
105	21	59.1
105	22	67.1
105	23	88.8
105	24	107.0
106	1	8.9
106	2	1.7
106	3	2.5
106	4	1.5
106	5	0.9
106	6	36.1
106	7	3.1
106	8	7.7
106	9	13.2
106	10	30.8
106	11	5.1
106	12	12.9
106	13	119.5
106	14	18.0
106	15	87.8
106	16	23.1
106	17	23.8
106	18	34.2
106	19	5.4
106	20	10.1
106	21	10.3
106	22	35.1
106	23	25.6
106	24	13.8
107	1	0.0
107	2	5.0
107	3	2.0
107	4	0.0
107	5	2.1
107	6	7.3
107	7	17.3
107	8	7.4
107	9	6.4
107	10	25.8
107	11	12.3
107	12	33.8
107	13	12.8
107	14	92.7
107	15	211.7
107	16	113.2
107	17	78.7
107	18	74.8
107	19	65.6
107	20	73.9
107	21	47.9
107	22	84.6
107	23	32.7
107	24	30.3
108	1	0.4
108	2	15.0
108	3	23.2
108	4	12.1
108	5	54.2
108	6	61.1
108	7	75.5
108	8	20.7
108	9	0.3
108	10	10.8
108	11	28.0
108	12	67.2
108	13	33.4
108	14	0.0
108	15	11.2
108	16	0.0
108	17	166.6
108	18	75.8
108	19	4.5
108	20	0.0
108	21	0.0
108	22	0.0
108	23	6.9
108	24	13.3
109	1	0.0
109	2	5.0
109	3	2.0
109	4	0.0
109	5	2.1
109	6	7.3
109	7	17.3
109	8	7.4
109	9	6.4
109	10	25.8
109	11	12.3
109	12	33.8
109	13	12.8
109	14	92.7
109	15	211.7
109	16	113.2
109	17	78.7
109	18	74.8
109	19	65.6
109	20	73.9
109	21	47.9
109	22	84.6
109	23	32.7
109	24	30.3
110	1	0.0
110	2	5.0
110	3	2.0
110	4	0.0
110	5	2.1
110	6	7.3
110	7	17.3
110	8	7.4
110	9	6.4
110	10	25.8
110	11	12.3
110	12	33.8
110	13	12.8
110	14	92.7
110	15	211.7
110	16	113.2
110	17	78.7
110	18	74.8
110	19	65.6
110	20	73.9
110	21	47.9
110	22	84.6
110	23	32.7
110	24	30.3
111	1	0.0
111	2	5.0
111	3	2.0
111	4	0.0
111	5	2.1
111	6	7.3
111	7	17.3
111	8	7.4
111	9	6.4
111	10	25.8
111	11	12.3
111	12	33.8
111	13	12.8
111	14	92.7
111	15	211.7
111	16	113.2
111	17	78.7
111	18	74.8
111	19	65.6
111	20	73.9
111	21	47.9
111	22	84.6
111	23	32.7
111	24	30.3
112	1	8.9
112	2	1.7
112	3	2.5
112	4	1.5
112	5	0.9
112	6	36.1
112	7	3.1
112	8	7.7
112	9	13.2
112	10	30.8
112	11	5.1
112	12	12.9
112	13	119.5
112	14	18.0
112	15	87.8
112	16	23.1
112	17	23.8
112	18	34.2
112	19	5.4
112	20	10.1
112	21	10.3
112	22	35.1
112	23	25.6
112	24	13.8
