Node	Time	Intraday_Price
3	1	40.4921916701789
3	2	15.144035926745659
3	3	2.503729507345476
3	4	9.469283698317252
3	5	6.351270269404848
3	6	5.740618539989807
3	7	4.359128998710136
3	8	0.9001525078841557
3	9	0.0
3	10	0.7501164589733436
3	11	0.709358381762871
3	12	-0.0988904560261765
3	13	-3.460186015168902
3	14	-6.0808988228555645
3	15	-5.099066274203242
3	16	-0.07328186881096617
3	17	4.1603133185677885
3	18	35.65395823833138
3	19	44.94296674691305
3	20	26.60746035757718
3	21	32.93198726745225
3	22	19.384015754440576
3	23	36.17840525038633
3	24	37.694392913755024
4	1	15.208378300130253
4	2	14.120542478664072
4	3	7.808703221668437
4	4	19.298347080615034
4	5	20.196183563521434
4	6	22.524006983777888
4	7	25.82307537278649
4	8	42.72787951858897
4	9	61.292168142405
4	10	18.662395247274432
4	11	14.008198574512527
4	12	23.41077732357866
4	13	19.546334140781806
4	14	7.896387326662162
4	15	22.927846421085214
4	16	60.5258065333772
4	17	32.695220861778736
4	18	50.12379052102453
4	19	66.37610824070342
4	20	41.31715725258984
4	21	56.927202011258075
4	22	18.796681940067252
4	23	10.891962177389079
4	24	12.4553993692582
5	1	46.119222973857646
5	2	51.49056758063389
5	3	53.41980577596434
5	4	42.42386103066937
5	5	51.79419556190162
5	6	56.09523113388217
5	7	54.903060495697346
5	8	53.79980992877086
5	9	72.97033473581752
5	10	50.97710350926121
5	11	45.00970563617648
5	12	28.823081771626907
5	13	28.92312874107741
5	14	16.211793033349696
5	15	28.027663198643452
5	16	36.888639098236105
5	17	74.64331127388377
5	18	52.40276646779728
5	19	44.12965243153028
5	20	52.34053941315569
5	21	26.253614560872624
5	22	39.108982443221656
5	23	49.17357902736847
5	24	45.32920841917529
6	1	16.413013700457924
6	2	20.922235881529545
6	3	16.343119990709415
6	4	15.120814395513948
6	5	16.469205925666223
6	6	29.203184435758267
6	7	16.39472168453501
6	8	47.01317365367335
6	9	48.76434654759715
6	10	14.83963688002807
6	11	21.600323222876195
6	12	4.6136410895521935
6	13	3.439329549003342
6	14	2.297257816197438
6	15	3.67039732364381
6	16	12.863573992768156
6	17	25.421716777483024
6	18	44.115117463224685
6	19	37.47091515792386
6	20	29.329740831548204
6	21	27.24442101609444
6	22	36.549491415361175
6	23	23.353748713188143
6	24	15.760374170216517
7	1	5.746647654577805
7	2	5.930965635230004
7	3	6.213710351623254
7	4	7.030322378551872
7	5	8.808925578357957
7	6	9.420000103471054
7	7	73.06308227756253
7	8	65.61419926573268
7	9	50.28128188151621
7	10	42.1142532100104
7	11	15.20798442534109
7	12	17.026398212098208
7	13	11.746025393752332
7	14	10.442187780226366
7	15	10.713683019655882
7	16	18.24288196619976
7	17	47.502479029867196
7	18	60.36278607160909
7	19	37.86522199070735
7	20	67.26336544847926
7	21	19.729389038918512
7	22	21.41493139432303
7	23	21.171175031312174
7	24	14.679838221601903
8	1	55.59482021767728
8	2	47.818685411934695
8	3	46.189225923905056
8	4	49.43541431687569
8	5	74.49866374624344
8	6	55.257566304086055
8	7	70.50483443767301
8	8	61.79993592518297
8	9	64.01591020328864
8	10	55.23516674284376
8	11	45.11249586245422
8	12	54.44165455726919
8	13	65.9147668955923
8	14	49.197161211404776
8	15	40.48717225170437
8	16	43.578370425526266
8	17	47.517773846958065
8	18	39.95449593753187
8	19	28.2292197049424
8	20	48.511608772160315
8	21	54.931267827784836
8	22	42.382943091265986
8	23	28.035399168850372
8	24	66.52841090781394
9	1	59.4222713458594
9	2	69.07235066949475
9	3	91.98164914474856
9	4	42.87943681840067
9	5	101.1493018219155
9	6	99.0545811963902
9	7	122.11017272035518
9	8	150.72889402054145
9	9	93.43428185847446
9	10	95.14272826442348
9	11	105.6427551741796
9	12	59.901077579078056
9	13	61.904036443559214
9	14	70.64772952671048
9	15	85.26267497294191
9	16	88.31577273481032
9	17	93.65540502739324
9	18	89.48752007373545
9	19	105.87739836105354
9	20	152.42426697201498
9	21	107.98954987603936
9	22	119.98008243258965
9	23	76.7012686685816
9	24	82.43500630366876
10	1	12.99944294968344
10	2	7.721609559432125
10	3	7.431541843356826
10	4	7.295659969456681
10	5	8.275795358782418
10	6	9.913620639489322
10	7	15.678712031364988
10	8	11.093401548646467
10	9	13.838518562599827
10	10	23.70115665656915
10	11	17.72591367698565
10	12	49.68331862858881
10	13	14.206012432581758
10	14	31.722264186682988
10	15	8.865206794842116
10	16	18.67478981874936
10	17	21.815877210575362
10	18	15.662159609754301
10	19	15.866066240849921
10	20	8.932991758244443
10	21	14.679238309161075
10	22	18.77219980959942
10	23	17.73523061384664
10	24	6.258169892824702
11	1	19.759976499615984
11	2	27.324932879310946
11	3	28.473020892743726
11	4	17.6191554852021
11	5	40.128554631559446
11	6	24.359428074547335
11	7	18.544480258942748
11	8	23.19271032412571
11	9	9.152322090133651
11	10	0.8975158612618954
11	11	0.0
11	12	0.0
11	13	0.0
11	14	0.8795611476576098
11	15	25.030442429070458
11	16	28.796366577072344
11	17	32.983259398514335
11	18	47.48537622362249
11	19	29.33552803727757
11	20	25.91828479155057
11	21	25.034384690456676
11	22	31.24652942840094
11	23	43.57289730298243
11	24	39.33424199097925
12	1	48.013138876124025
12	2	27.728367494197933
12	3	13.936126620203387
12	4	35.48840613256106
12	5	43.095552823652724
12	6	31.210751634936507
12	7	43.49071084398487
12	8	55.22155576929147
12	9	72.2772027586472
12	10	57.85392689130323
12	11	71.86464366560052
12	12	63.36621179770317
12	13	53.947932926713676
12	14	40.64471996311882
12	15	57.64402701856397
12	16	65.26500752617056
12	17	68.39102254442942
12	18	58.02896217642032
12	19	37.262139505438654
12	20	47.98041571878921
12	21	46.93582799781637
12	22	62.240524483163995
12	23	12.22881787104673
12	24	45.09685470310609
13	1	26.780011021410406
13	2	4.890502857532939
13	3	2.3600060850025155
13	4	2.572357071700705
13	5	3.65841910241309
13	6	21.031722659718362
13	7	21.189559853455556
13	8	24.896666713636243
13	9	23.117142910501283
13	10	5.715509103405186
13	11	0.5192450753489822
13	12	0.40635262875843714
13	13	-0.04276801545981898
13	14	-0.055516099505061256
13	15	12.35954123754076
13	16	34.80061782137162
13	17	22.439898063341566
13	18	48.55153164706014
13	19	35.33069231003213
13	20	23.328850563670287
13	21	37.37661889730842
13	22	40.5516266510213
13	23	37.67289210282502
13	24	44.129246220082614
14	1	2.4511990978947176
14	2	2.1638370538753495
14	3	2.156911583043418
14	4	2.902469417201881
14	5	3.436175785284854
14	6	4.039281779347381
14	7	14.322625706644597
14	8	14.657000913499207
14	9	20.75237136226166
14	10	7.509243366576308
14	11	3.9781182653291554
14	12	1.1115179395724297
14	13	-0.7631794902732502
14	14	-0.06910054036062478
14	15	0.968331804283152
14	16	5.0120887196871315
14	17	7.6286953049529025
14	18	4.78668722535716
14	19	6.648924571120081
14	20	3.531092093373141
14	21	5.568067000338375
14	22	5.830302488064203
14	23	3.0461642727717515
14	24	2.0534606153098793
15	1	54.46948138122175
15	2	47.34146340190087
15	3	87.09178751243684
15	4	48.139046053152214
15	5	56.375572025991254
15	6	62.05878328171313
15	7	89.65182332986576
15	8	121.9533932154367
15	9	89.12768588494458
15	10	107.18821783390112
15	11	80.55259717079795
15	12	61.53942365373964
15	13	82.73098604863371
15	14	61.63451430193188
15	15	92.46706977229681
15	16	80.49146937499167
15	17	67.12465053816516
15	18	74.38323892615205
15	19	77.17440559568965
15	20	64.02503041350883
15	21	89.23969364874176
15	22	110.83559643117314
15	23	87.07692874433587
15	24	114.55624159882626
16	1	14.727005851207734
16	2	27.603076436234833
16	3	28.866022570760045
16	4	13.867903687679094
16	5	22.373834295478318
16	6	23.972752001824364
16	7	46.7222501177829
16	8	37.823385583523915
16	9	47.42125962162081
16	10	24.1628460437379
16	11	27.906230184301542
16	12	34.94850627599361
16	13	46.33133241435324
16	14	35.234498980666224
16	15	32.84433081198593
16	16	16.750762960063465
16	17	27.28568994369108
16	18	15.066836088106497
16	19	20.603694234489943
16	20	31.915213083781506
16	21	32.7863350049804
16	22	38.19117057360118
16	23	29.87454238217813
16	24	21.82798367213555
17	1	26.780011021410406
17	2	4.890502857532939
17	3	2.3600060850025155
17	4	2.572357071700705
17	5	3.65841910241309
17	6	21.031722659718362
17	7	21.189559853455556
17	8	24.896666713636243
17	9	23.117142910501283
17	10	5.715509103405186
17	11	0.5192450753489822
17	12	0.40635262875843714
17	13	-0.04276801545981898
17	14	-0.055516099505061256
17	15	12.35954123754076
17	16	34.80061782137162
17	17	22.439898063341566
17	18	48.55153164706014
17	19	35.33069231003213
17	20	23.328850563670287
17	21	37.37661889730842
17	22	40.5516266510213
17	23	37.67289210282502
17	24	44.129246220082614
18	1	-0.04589553151049943
18	2	-0.0762425048771688
18	3	-0.09333373938994417
18	4	-0.08823478367720118
18	5	-0.07468656528642542
18	6	0.5765412968047468
18	7	2.9263247600209716
18	8	2.8267175560361384
18	9	2.0423856215604563
18	10	5.176750875846756
18	11	1.7199727266635836
18	12	2.677567407739395
18	13	3.0578374642519877
18	14	3.7175344354540885
18	15	2.2285857072712987
18	16	2.6112567969935716
18	17	4.479983179916986
18	18	4.492010862567516
18	19	5.561403349844923
18	20	3.219922363353833
18	21	3.272827904719691
18	22	3.9445012620893283
18	23	2.0723439133311934
18	24	3.5304488714466866
19	1	55.855399172201594
19	2	27.591299281903545
19	3	50.092633775592724
19	4	28.107263103247853
19	5	69.51326084418376
19	6	86.30855971461305
19	7	65.62341074094803
19	8	62.7244934993562
19	9	84.76054665840131
19	10	73.90054717100502
19	11	55.182286776560346
19	12	52.140387766019764
19	13	40.2558082757536
19	14	55.63946866361613
19	15	43.809283460429754
19	16	45.024544401210406
19	17	61.80852596245511
19	18	47.74549111979194
19	19	70.16380661861236
19	20	38.886864011083304
19	21	73.14467840238214
19	22	33.509208098506825
19	23	45.95315919502694
19	24	33.45156272856336
20	1	4.003476294076236
20	2	1.4577572139454849
20	3	0.4665571853530034
20	4	0.9648383186495776
20	5	0.847904269972667
20	6	0.5753607330852382
20	7	3.299575828055654
20	8	9.140161648247851
20	9	0.14408531111745815
20	10	-2.4415140780422213
20	11	-14.21922082691204
20	12	-20.989855364541604
20	13	-34.2793388835258
20	14	-40.90483180824855
20	15	-27.875319332757506
20	16	-1.9066519946409852
20	17	1.567399490700299
20	18	17.401349180388127
20	19	14.066670820734858
20	20	12.789508391524087
20	21	13.012018270220343
20	22	7.213063723452679
20	23	9.25881697521137
20	24	1.0719572567143623
21	1	41.5902718759786
21	2	56.48417735743874
21	3	38.993934496608034
21	4	47.68097177332386
21	5	63.37213740078454
21	6	47.82701703073198
21	7	38.61390166458435
21	8	40.42531197929437
21	9	29.53315515047175
21	10	12.30534495552678
21	11	2.4054495249362184
21	12	0.43341515417988524
21	13	-0.12119173829528704
21	14	-0.04665329188063616
21	15	10.549861560030928
21	16	38.23429254702518
21	17	39.76405961119516
21	18	62.0778829401598
21	19	31.000145921906668
21	20	45.644153832265964
21	21	44.456139750907774
21	22	66.3731634988907
21	23	50.093785033088054
21	24	27.853155215171782
22	1	23.319699587624058
22	2	28.972266123499942
22	3	21.423360883503847
22	4	22.772893574330272
22	5	22.08090812091155
22	6	26.33702584678769
22	7	29.221524811472015
22	8	28.43559761837666
22	9	20.53175472417191
22	10	3.8675090629797344
22	11	0.7174733443917017
22	12	0.00931917122479293
22	13	-0.05602996218474826
22	14	2.0382984009214717
22	15	24.75472081609788
22	16	23.36717524837629
22	17	31.15851188012321
22	18	24.950774521180428
22	19	30.18778084734507
22	20	29.020310052640767
22	21	25.98096590807421
22	22	28.23189737277792
22	23	20.54455004744184
22	24	21.393496924325028
23	1	14.727005851207734
23	2	27.603076436234833
23	3	28.866022570760045
23	4	13.867903687679094
23	5	22.373834295478318
23	6	23.972752001824364
23	7	46.7222501177829
23	8	37.823385583523915
23	9	47.42125962162081
23	10	24.1628460437379
23	11	27.906230184301542
23	12	34.94850627599361
23	13	46.33133241435324
23	14	35.234498980666224
23	15	32.84433081198593
23	16	16.750762960063465
23	17	27.28568994369108
23	18	15.066836088106497
23	19	20.603694234489943
23	20	31.915213083781506
23	21	32.7863350049804
23	22	38.19117057360118
23	23	29.87454238217813
23	24	21.82798367213555
24	1	41.69817804939944
24	2	20.440485013076625
24	3	25.94698872820498
24	4	49.10484519367306
24	5	24.31486330105337
24	6	35.625396091072304
24	7	21.782862059563094
24	8	32.511687857375534
24	9	26.845133110604756
24	10	30.795457148119958
24	11	35.86031499547037
24	12	30.62219551725465
24	13	42.713984503876326
24	14	36.980124094323344
24	15	47.655370272739304
24	16	34.98210791086013
24	17	46.362905907335445
24	18	30.32064269490731
24	19	42.631513376512174
24	20	23.685709323289366
24	21	43.26166618767898
24	22	28.988784609472987
24	23	22.889098533080528
24	24	29.323263823763437
25	1	4.003476294076236
25	2	1.4577572139454849
25	3	0.4665571853530034
25	4	0.9648383186495776
25	5	0.847904269972667
25	6	0.5753607330852382
25	7	3.299575828055654
25	8	9.140161648247851
25	9	0.14408531111745815
25	10	-2.4415140780422213
25	11	-14.21922082691204
25	12	-20.989855364541604
25	13	-34.2793388835258
25	14	-40.90483180824855
25	15	-27.875319332757506
25	16	-1.9066519946409852
25	17	1.567399490700299
25	18	17.401349180388127
25	19	14.066670820734858
25	20	12.789508391524087
25	21	13.012018270220343
25	22	7.213063723452679
25	23	9.25881697521137
25	24	1.0719572567143623
26	1	29.912500087329217
26	2	28.78563294487249
26	3	17.21670679147058
26	4	39.56965289377778
26	5	41.15293687545944
26	6	34.21003762199594
26	7	44.123965207435376
26	8	37.06162516967177
26	9	53.33017916232162
26	10	57.568935626485185
26	11	29.832564523243402
26	12	39.867412495353264
26	13	47.43412291549469
26	14	37.87415952566456
26	15	23.948795258948284
26	16	33.60330492319973
26	17	26.73121097861516
26	18	51.77130682199739
26	19	30.96412252557276
26	20	32.04656783784036
26	21	42.58997949421327
26	22	41.97625618153852
26	23	43.319137396461755
26	24	35.156934716279785
27	1	4.912677950624068
27	2	5.340817923362281
27	3	4.026240303884944
27	4	6.214269267774506
27	5	4.5944901883424745
27	6	5.211557249380044
27	7	7.6006044146252485
27	8	7.69852640466128
27	9	10.410667523566728
27	10	10.592926220177565
27	11	7.003990114575354
27	12	4.920524454476621
27	13	1.238874519905702
27	14	2.8593548647782367
27	15	5.0062903902870834
27	16	13.647168007304499
27	17	10.69653255024078
27	18	11.915881756621022
27	19	9.533725768495035
27	20	6.327672337444856
27	21	5.351701078914359
27	22	4.83095051638428
27	23	3.5908377681805046
27	24	5.088830948237343
28	1	18.353996070014954
28	2	21.334337591313226
28	3	17.446216101846062
28	4	24.60562952589965
28	5	11.983038272083615
28	6	15.337283296099889
28	7	23.314678782829468
28	8	10.689654250314154
28	9	1.7467885085643182
28	10	0.0
28	11	-0.054851182438577444
28	12	-1.395492292712426
28	13	-4.923501649182213
28	14	-6.800470071683121
28	15	-0.505727830509453
28	16	22.212194390095167
28	17	35.3824820759298
28	18	30.938004895385244
28	19	34.6678138540963
28	20	32.13997930044168
28	21	25.123166503760277
28	22	29.4440942385447
28	23	15.75066916746024
28	24	28.135288620194746
29	1	36.36863285849484
29	2	42.06095837375042
29	3	41.604085428649576
29	4	35.952269586062236
29	5	42.94594658638084
29	6	53.889422118822665
29	7	40.76315873436792
29	8	35.65610062394538
29	9	36.063257742942554
29	10	13.724635373751632
29	11	3.4592417269439846
29	12	4.443940877180902
29	13	0.08059888388420816
29	14	0.2525382151718499
29	15	3.301378629629708
29	16	17.573715633224307
29	17	51.00584450533545
29	18	37.55396548817533
29	19	28.216957400981006
29	20	35.04423257342436
29	21	53.41889427538094
29	22	28.345514969729763
29	23	32.47583556241318
29	24	38.8504440929636
30	1	27.507059880281343
30	2	38.47065857552758
30	3	44.23414436054263
30	4	47.14152824262199
30	5	37.4939756234985
30	6	29.50995784898931
30	7	49.50167388169209
30	8	33.14831188023607
30	9	47.75732428891395
30	10	49.98717997904891
30	11	28.435203277488274
30	12	31.578209300180646
30	13	30.71824512111527
30	14	33.57423033647852
30	15	37.94273046073513
30	16	9.958918513958544
30	17	38.17351326154347
30	18	31.442444324363734
30	19	36.4556113097868
30	20	31.67986468499146
30	21	56.88077718499361
30	22	55.57251196850158
30	23	51.55939965021513
30	24	47.080414699713096
31	1	32.44455046942121
31	2	19.371881613069853
31	3	38.84748588973096
31	4	32.050683978504104
31	5	29.35601119581806
31	6	19.202315045639207
31	7	85.46356347920262
31	8	64.13464160601553
31	9	84.29296928856827
31	10	86.28610025840008
31	11	81.39209169041877
31	12	39.59597241638698
31	13	31.19515315135311
31	14	42.69831008999728
31	15	27.87954315462675
31	16	35.36334235137611
31	17	27.31897106625839
31	18	43.6424094571487
31	19	37.350371611972825
31	20	31.45784527087329
31	21	40.690437217614644
31	22	35.270582736231006
31	23	30.16473902084301
31	24	29.269427430517446
32	1	32.99393485093908
32	2	47.452854135757676
32	3	39.637768220835184
32	4	26.94313498920828
32	5	34.42697925340898
32	6	38.71685473117496
32	7	41.74224181455293
32	8	56.4829236848479
32	9	37.486294946150736
32	10	43.68206114295102
32	11	41.8108449353873
32	12	31.852584585348225
32	13	30.888048507332517
32	14	34.821528169501484
32	15	36.476317852576024
32	16	33.52250697891519
32	17	19.529118688715258
32	18	31.0755277504002
32	19	52.55895038669518
32	20	49.50257058304495
32	21	30.478055647582927
32	22	45.101010511832534
32	23	53.153696308943715
32	24	36.34942391349376
33	1	40.4921916701789
33	2	15.144035926745659
33	3	2.503729507345476
33	4	9.469283698317252
33	5	6.351270269404848
33	6	5.740618539989807
33	7	4.359128998710136
33	8	0.9001525078841557
33	9	0.0
33	10	0.7501164589733436
33	11	0.709358381762871
33	12	-0.0988904560261765
33	13	-3.460186015168902
33	14	-6.0808988228555645
33	15	-5.099066274203242
33	16	-0.07328186881096617
33	17	4.1603133185677885
33	18	35.65395823833138
33	19	44.94296674691305
33	20	26.60746035757718
33	21	32.93198726745225
33	22	19.384015754440576
33	23	36.17840525038633
33	24	37.694392913755024
34	1	33.529816315252845
34	2	36.73309058341712
34	3	45.655549174205866
34	4	48.04725846257083
34	5	26.71629291150021
34	6	50.81800272931645
34	7	51.19626924983398
34	8	37.537256572247664
34	9	25.52519310868557
34	10	9.14617440700951
34	11	0.0
34	12	-0.5807651837781377
34	13	-1.1169975002331378
34	14	-1.3661439392192551
34	15	-0.03320847752757017
34	16	19.780388600950797
34	17	48.15206206926042
34	18	31.988953045396876
34	19	44.178539809600935
34	20	38.76509174976462
34	21	55.65508503162157
34	22	51.00271367292363
34	23	40.224406884650044
34	24	33.9126664915389
35	1	38.288760076511984
35	2	24.618105191953266
35	3	20.828059755904384
35	4	20.727410731169005
35	5	35.455369861051125
35	6	44.88506577047775
35	7	57.69008154918647
35	8	72.75494393612848
35	9	80.97950718645933
35	10	20.874266477785852
35	11	42.463482363185506
35	12	51.3209279986646
35	13	20.97888431806662
35	14	40.36453471484296
35	15	32.55788916944437
35	16	45.26812265031816
35	17	48.44723984010332
35	18	89.32546038766621
35	19	67.02180797686589
35	20	64.97376288777178
35	21	53.23371983238509
35	22	36.539490342451124
35	23	58.341896425944114
35	24	39.361431954567436
36	1	12.625408114035077
36	2	22.62069775568982
36	3	20.054186945562492
36	4	23.719205805875053
36	5	14.293588497967733
36	6	25.809696671835596
36	7	32.04341424845702
36	8	27.957303515036205
36	9	16.975891447202464
36	10	22.334190805965548
36	11	22.633442295685438
36	12	15.546098064229668
36	13	37.34187030018541
36	14	20.856049909633548
36	15	17.990512651355083
36	16	26.547322067419564
36	17	28.010298973666945
36	18	28.22117065126297
36	19	27.46502213087909
36	20	22.359560659040156
36	21	37.367400789561884
36	22	15.850391521683243
36	23	23.098240089686712
36	24	31.70188820484729
37	1	31.797816799193782
37	2	16.670260953002625
37	3	21.276285558362858
37	4	25.784085675780855
37	5	22.229603502319186
37	6	28.839798653676027
37	7	21.56179631372575
37	8	86.700016778657
37	9	57.42472971052615
37	10	34.26354591412798
37	11	33.91110706448297
37	12	46.156718783432304
37	13	24.871266286734315
37	14	37.622182107687344
37	15	26.285677065187013
37	16	27.973790173413263
37	17	27.630355473634108
37	18	29.712755341126236
37	19	28.64596940626007
37	20	28.870162881920304
37	21	26.996812162429677
37	22	36.1822335144676
37	23	31.22129743062664
37	24	19.437074628709816
38	1	20.877846192892804
38	2	31.24854318345643
38	3	39.23189784929986
38	4	41.073116403253984
38	5	40.5302185946222
38	6	46.1663225745763
38	7	36.22591778425588
38	8	45.82084404281148
38	9	49.32100774015361
38	10	46.38826451904576
38	11	51.28847072252072
38	12	31.425163493462783
38	13	19.756038537904963
38	14	51.28162106885334
38	15	33.217377477374946
38	16	35.982628312989284
38	17	30.85035901033077
38	18	55.547475038643654
38	19	39.07159432469157
38	20	33.95664692512526
38	21	46.50814858077803
38	22	32.57974060390367
38	23	31.932227991049434
38	24	19.864275318036867
39	1	12.847825154699603
39	2	12.005054421794503
39	3	8.08008783313066
39	4	13.349659414361044
39	5	14.219996180962104
39	6	10.945463101529425
39	7	53.677257864579495
39	8	82.4074108746852
39	9	73.96212365703526
39	10	64.34978277474653
39	11	57.83512139046136
39	12	53.47928506655991
39	13	54.01101629432633
39	14	47.77385845544459
39	15	42.58750726967915
39	16	56.62601310279902
39	17	72.5739539680715
39	18	61.628966988407186
39	19	46.20109025503966
39	20	30.59871547939089
39	21	29.196652952511975
39	22	18.858113040579227
39	23	13.373459797040672
39	24	23.061565033167795
40	1	32.95354109262376
40	2	31.03248978149901
40	3	40.794172020150626
40	4	22.517426251835285
40	5	31.611129280083667
40	6	33.233037066668054
40	7	44.46214615908031
40	8	33.05160632813512
40	9	14.64975183423959
40	10	11.688860147032205
40	11	6.004972000158506
40	12	0.6927044791219025
40	13	-0.011733641260295267
40	14	-0.16430167967508388
40	15	0.558084793842688
40	16	8.077027938194227
40	17	14.027558542195658
40	18	18.442107857325375
40	19	36.05477740306203
40	20	43.36954267821088
40	21	37.50580219035284
40	22	32.75528711436805
40	23	36.69380721678546
40	24	21.966157085537493
41	1	13.659928731144182
41	2	5.930879992713104
41	3	5.421046595577599
41	4	8.024997144567598
41	5	8.009600428265232
41	6	9.088915079764915
41	7	13.44881036739886
41	8	9.641990933339327
41	9	15.830275364410031
41	10	10.4334399442153
41	11	13.772492933124187
41	12	17.736925695946013
41	13	7.223133864102232
41	14	10.499656872847849
41	15	11.329711765522779
41	16	18.286872248793376
41	17	10.013977931437372
41	18	10.92505855862708
41	19	19.237213317836
41	20	12.529867815298019
41	21	10.17161386663366
41	22	18.28153376638364
41	23	9.913012590086066
41	24	8.374711935208865
42	1	49.17111391996143
42	2	29.305941912746473
42	3	36.738282279181774
42	4	31.749201939056185
42	5	45.328431691851684
42	6	17.188821866308867
42	7	4.857786334349382
42	8	2.5995394466777135
42	9	-1.4307731837259692
42	10	-2.826410502865565
42	11	-4.066552454797935
42	12	-5.2932648964655185
42	13	-8.015977216421481
42	14	-5.588502123022827
42	15	-2.3978058141964502
42	16	-0.051607762309878284
42	17	3.0058500078652757
42	18	30.483700134485726
42	19	38.40492498730741
42	20	39.716343588750405
42	21	43.45880099054095
42	22	40.61894463113819
42	23	45.699015332149656
42	24	27.726571787307538
43	1	40.8645074359201
43	2	45.56207704747508
43	3	44.45471037744543
43	4	24.14960947187083
43	5	30.954718716244262
43	6	45.54550819691368
43	7	126.18076664029532
43	8	60.26663759670698
43	9	81.78689098721134
43	10	57.46312118206172
43	11	53.56372835810781
43	12	28.69892835450309
43	13	26.56856538688764
43	14	32.17108059115782
43	15	20.56386492604827
43	16	22.86936516350535
43	17	33.94443214778745
43	18	29.763190457915297
43	19	32.42941164103276
43	20	40.928159337135874
43	21	45.05689077543835
43	22	46.04052011760619
43	23	38.86511156829197
43	24	38.787127619331095
44	1	19.58606067299562
44	2	20.70699214362246
44	3	18.08457120307615
44	4	10.046380937911366
44	5	4.016455899368651
44	6	15.24660278856791
44	7	15.178463893593293
44	8	27.023241053876628
44	9	17.029888424037438
44	10	10.003306406746354
44	11	5.155099154397089
44	12	0.0573873695410354
44	13	-0.2301063212141868
44	14	-1.204673365436299
44	15	-0.07022166643876522
44	16	-0.008350598412089225
44	17	2.743213130233007
44	18	16.01137656846414
44	19	14.995945674923972
44	20	14.9594976173811
44	21	24.674290771496622
44	22	20.731741846674698
44	23	17.28145244410284
44	24	3.0944666702875865
45	1	8.989952643398121
45	2	6.657024480035311
45	3	7.948675937417336
45	4	8.343133210479266
45	5	11.23518636167508
45	6	7.507698337424533
45	7	8.715796049717895
45	8	13.239851837875673
45	9	12.074836784429555
45	10	6.3776008943637805
45	11	3.6156096844661407
45	12	1.64280657405071
45	13	2.0666794295703506
45	14	3.567234345004252
45	15	4.1544796164027336
45	16	8.528258081277059
45	17	17.645179405621025
45	18	11.062028603640343
45	19	14.159064167957409
45	20	13.209545825528362
45	21	7.249868377874264
45	22	7.164680289547422
45	23	5.124182038740733
45	24	8.340122388240099
46	1	25.22920680374195
46	2	34.57741361198348
46	3	36.293817646794196
46	4	28.562341884849882
46	5	32.40669544830444
46	6	31.840457995518307
46	7	26.319194578062152
46	8	28.616413613502726
46	9	45.9444746729762
46	10	32.595101622002886
46	11	19.05135479212541
46	12	28.542570802516735
46	13	13.165277194274259
46	14	18.944686327636365
46	15	18.00921676094453
46	16	36.40562400553277
46	17	29.30475893974586
46	18	38.12596443306173
46	19	23.91470373153533
46	20	47.22120149492477
46	21	35.58605868272514
46	22	50.44656843186019
46	23	25.137660803936726
46	24	28.76665121587973
47	1	38.288760076511984
47	2	24.618105191953266
47	3	20.828059755904384
47	4	20.727410731169005
47	5	35.455369861051125
47	6	44.88506577047775
47	7	57.69008154918647
47	8	72.75494393612848
47	9	80.97950718645933
47	10	20.874266477785852
47	11	42.463482363185506
47	12	51.3209279986646
47	13	20.97888431806662
47	14	40.36453471484296
47	15	32.55788916944437
47	16	45.26812265031816
47	17	48.44723984010332
47	18	89.32546038766621
47	19	67.02180797686589
47	20	64.97376288777178
47	21	53.23371983238509
47	22	36.539490342451124
47	23	58.341896425944114
47	24	39.361431954567436
48	1	41.5902718759786
48	2	56.48417735743874
48	3	38.993934496608034
48	4	47.68097177332386
48	5	63.37213740078454
48	6	47.82701703073198
48	7	38.61390166458435
48	8	40.42531197929437
48	9	29.53315515047175
48	10	12.30534495552678
48	11	2.4054495249362184
48	12	0.43341515417988524
48	13	-0.12119173829528704
48	14	-0.04665329188063616
48	15	10.549861560030928
48	16	38.23429254702518
48	17	39.76405961119516
48	18	62.0778829401598
48	19	31.000145921906668
48	20	45.644153832265964
48	21	44.456139750907774
48	22	66.3731634988907
48	23	50.093785033088054
48	24	27.853155215171782
49	1	87.04874157246367
49	2	42.39711104086292
49	3	74.71199154607119
49	4	36.47852887735061
49	5	41.54216751299285
49	6	81.4324923917346
49	7	45.6362905230572
49	8	86.91198466584608
49	9	66.98161344806087
49	10	67.95157697449903
49	11	38.91442614116426
49	12	69.27626975698269
49	13	64.65822710076947
49	14	64.52373457781442
49	15	58.22429117437036
49	16	31.3070246377786
49	17	64.51827964814574
49	18	77.95793424211632
49	19	75.49983416343824
49	20	79.77963851784085
49	21	61.450629926956275
49	22	50.20189833998685
49	23	65.78334541411844
49	24	38.246652052857876
50	1	24.0952529207988
50	2	18.065528610921287
50	3	14.223013257067068
50	4	19.86225809761358
50	5	28.992100853434035
50	6	25.662216061762162
50	7	29.35871238197599
50	8	21.630443950058755
50	9	32.08500317865707
50	10	27.772504431105627
50	11	29.592067796056828
50	12	30.33705560904474
50	13	13.039232396328524
50	14	21.083375906156693
50	15	32.30274621574424
50	16	16.852433133039977
50	17	15.749171497371448
50	18	23.9974156727601
50	19	24.997757672420338
50	20	18.908002082531944
50	21	25.818951200159663
50	22	28.989123067418415
50	23	32.07167087798281
50	24	15.909558876768651
51	1	29.339830866206633
51	2	26.832264934491718
51	3	50.278840146414176
51	4	17.21101209099032
51	5	37.43443266771195
51	6	25.056779109247326
51	7	49.79581198114265
51	8	98.39267889748
51	9	83.22984881133965
51	10	40.196210452283744
51	11	59.79307600897323
51	12	53.07479862001944
51	13	39.51308361138668
51	14	48.37672298061808
51	15	38.69041067214579
51	16	41.701860003721876
51	17	25.072985738230432
51	18	35.07920002880697
51	19	46.466856261031104
51	20	18.123282116911053
51	21	26.383494100190028
51	22	38.15135386379165
51	23	42.49808193258786
51	24	35.40916816928422
52	1	77.31714837944571
52	2	63.98130212096129
52	3	68.67392502673516
52	4	61.910517850636914
52	5	82.70931833965783
52	6	70.73229950308075
52	7	62.50320575459011
52	8	63.33810854820279
52	9	66.81179063304533
52	10	55.28053301632015
52	11	49.96922724844325
52	12	36.35341392921753
52	13	31.79016093609736
52	14	52.98202240412844
52	15	26.720609370424505
52	16	29.11622537961846
52	17	52.71849961115724
52	18	110.3593846819973
52	19	91.76619411708835
52	20	96.57937077552931
52	21	69.07766489693468
52	22	80.43973802449857
52	23	81.98768786581535
52	24	59.07235861512235
53	1	18.243487902157973
53	2	13.894183601528466
53	3	12.811812837824677
53	4	18.437161584522638
53	5	14.484723391940495
53	6	8.674000473210775
53	7	18.25892493839385
53	8	18.65868290854721
53	9	12.126199479232822
53	10	20.05543541950344
53	11	15.277258291095762
53	12	12.4815144562713
53	13	8.95696759406638
53	14	13.628074203589165
53	15	13.463111543289957
53	16	12.429524336327896
53	17	8.54968129184891
53	18	13.544416865532591
53	19	18.54319440142454
53	20	23.627313946072185
53	21	22.61776331676135
53	22	18.450564808027366
53	23	16.745540664864475
53	24	7.530420114518427
54	1	22.143852964061207
54	2	26.43846621068583
54	3	21.10704302876368
54	4	23.300136042289882
54	5	27.73577501582617
54	6	13.47037462392357
54	7	34.16660876933155
54	8	40.47653432082959
54	9	39.68533654962426
54	10	37.04564890814214
54	11	7.020631032521016
54	12	0.7212041186283338
54	13	-0.02011060083754783
54	14	-0.8121199641118695
54	15	-1.1195609194125473
54	16	1.5203356325262316
54	17	21.12392893210919
54	18	24.32329175019187
54	19	32.89585917946161
54	20	23.275821005067954
54	21	43.56635538714079
54	22	13.439526566677355
54	23	30.201005515529303
54	24	19.472271509041878
55	1	40.4921916701789
55	2	15.144035926745659
55	3	2.503729507345476
55	4	9.469283698317252
55	5	6.351270269404848
55	6	5.740618539989807
55	7	4.359128998710136
55	8	0.9001525078841557
55	9	0.0
55	10	0.7501164589733436
55	11	0.709358381762871
55	12	-0.0988904560261765
55	13	-3.460186015168902
55	14	-6.0808988228555645
55	15	-5.099066274203242
55	16	-0.07328186881096617
55	17	4.1603133185677885
55	18	35.65395823833138
55	19	44.94296674691305
55	20	26.60746035757718
55	21	32.93198726745225
55	22	19.384015754440576
55	23	36.17840525038633
55	24	37.694392913755024
56	1	34.782281764213806
56	2	13.892579108530258
56	3	35.77088568288304
56	4	27.096803448711505
56	5	21.90232832978742
56	6	27.33975614695344
56	7	20.805934210914927
56	8	25.96575528001874
56	9	25.25843346866092
56	10	37.25788935200465
56	11	18.423476585205908
56	12	20.584643371756254
56	13	11.431102483362256
56	14	19.97392451700352
56	15	12.508575833274673
56	16	10.253691669975453
56	17	27.20276525939677
56	18	28.6186575027911
56	19	31.8841777117232
56	20	40.46679537462547
56	21	35.608911153174475
56	22	36.920891747941546
56	23	28.394719631772723
56	24	35.60220968185629
57	1	40.8645074359201
57	2	45.56207704747508
57	3	44.45471037744543
57	4	24.14960947187083
57	5	30.954718716244262
57	6	45.54550819691368
57	7	126.18076664029532
57	8	60.26663759670698
57	9	81.78689098721134
57	10	57.46312118206172
57	11	53.56372835810781
57	12	28.69892835450309
57	13	26.56856538688764
57	14	32.17108059115782
57	15	20.56386492604827
57	16	22.86936516350535
57	17	33.94443214778745
57	18	29.763190457915297
57	19	32.42941164103276
57	20	40.928159337135874
57	21	45.05689077543835
57	22	46.04052011760619
57	23	38.86511156829197
57	24	38.787127619331095
58	1	93.59356393028676
58	2	35.214551340820876
58	3	93.79801837870886
58	4	70.59608478413027
58	5	73.61759501097102
58	6	72.9933986046256
58	7	113.00318041554345
58	8	136.57447213847254
58	9	203.13570867517353
58	10	333.16213262439334
58	11	377.95929573199817
58	12	234.34018438143534
58	13	205.44045583340005
58	14	172.2900284998872
58	15	228.35800432002796
58	16	330.0816371129284
58	17	502.406309056788
58	18	664.7002607789664
58	19	350.72255157368056
58	20	163.0211179918836
58	21	105.59375909427806
58	22	148.06260295950042
58	23	102.31820201830386
58	24	84.40110510739026
59	1	91.41829766462577
59	2	65.5513945832377
59	3	61.88509227004644
59	4	73.66947770065852
59	5	48.58131554721385
59	6	50.479893370117814
59	7	80.62118242320268
59	8	66.83844625890474
59	9	146.74910984848927
59	10	97.11427009013491
59	11	69.28068612252277
59	12	56.37030833533403
59	13	121.72200473995865
59	14	77.49269238474015
59	15	66.79742139596571
59	16	94.36667862704063
59	17	126.77368554758887
59	18	79.50384897210772
59	19	62.991742263242536
59	20	95.87640540175916
59	21	91.5344719252168
59	22	58.638542683177995
59	23	54.271654701070766
59	24	34.219661483442515
60	1	75.51868724573463
60	2	46.856917686398354
60	3	62.91912923639931
60	4	64.63835665783981
60	5	34.91736602921746
60	6	33.45210895586859
60	7	41.77189922379957
60	8	70.94499948245868
60	9	73.76084686690584
60	10	68.71457527911953
60	11	59.76129109412108
60	12	72.59613554650444
60	13	61.75796457867554
60	14	64.5117039845169
60	15	55.769245153084164
60	16	72.36729671502768
60	17	55.692164207734166
60	18	82.50553742855861
60	19	68.80845979153902
60	20	85.58737435201563
60	21	49.319095892771024
60	22	45.50691768427144
60	23	28.6250063417393
60	24	64.31522815400534
61	1	78.96718314983693
61	2	83.81395382398146
61	3	46.16844518402662
61	4	113.01091377036163
61	5	99.1283890726454
61	6	63.39456161814619
61	7	87.51257112757577
61	8	68.45211947472527
61	9	79.70238539721241
61	10	47.58029998068228
61	11	108.64825203252138
61	12	114.25079345521314
61	13	92.49783963267843
61	14	96.93554011671613
61	15	41.926326094574165
61	16	86.73137515595884
61	17	40.01262889569527
61	18	122.37472691009336
61	19	108.65057740317424
61	20	112.18927572355773
61	21	41.45817452480898
61	22	130.9385117811858
61	23	73.62382132573522
61	24	69.03297773396227
62	1	58.99996786841831
62	2	82.4278495938894
62	3	67.40202516506714
62	4	67.58763748925706
62	5	60.88404819890757
62	6	67.297167573397
62	7	93.28943611223109
62	8	108.63697772460874
62	9	130.12005621578328
62	10	89.66769069255521
62	11	86.96499853114477
62	12	63.30290067409833
62	13	58.12813295798246
62	14	64.61036677561128
62	15	48.41641232671989
62	16	76.09109307718685
62	17	35.84536975478438
62	18	97.35249264506692
62	19	161.51287811946045
62	20	103.47399737386303
62	21	57.699890490871454
62	22	44.5258925766862
62	23	73.44426104468751
62	24	52.64172844787175
63	1	77.004569787008
63	2	43.71286049295081
63	3	40.97714754188358
63	4	67.4754046276942
63	5	50.92686658322266
63	6	54.10861165484618
63	7	85.72885110915367
63	8	98.57797940364391
63	9	127.58127314265823
63	10	173.21628565469635
63	11	73.24145059836196
63	12	95.92835827443726
63	13	91.91481829123263
63	14	103.96507632803987
63	15	93.0040833730881
63	16	101.3372735621528
63	17	114.98529041676495
63	18	136.76041717480945
63	19	136.79115246696873
63	20	121.051978919249
63	21	170.5768915119427
63	22	105.67255091844339
63	23	109.73909980705042
63	24	101.1434275128277
64	1	84.4017800819276
64	2	69.53743373975044
64	3	72.07051330205218
64	4	82.65967363557277
64	5	62.87455779653206
64	6	79.6732445436844
64	7	56.51559356565665
64	8	56.06925947765065
64	9	65.60305249429283
64	10	76.07982939497205
64	11	41.116344481103965
64	12	85.07877527443793
64	13	98.45682777418942
64	14	79.21187969653623
64	15	76.09480014621181
64	16	77.6581059142098
64	17	96.95884856935035
64	18	59.45328658969548
64	19	69.65528154453007
64	20	25.394902824593547
64	21	80.34224770263586
64	22	20.58763883580699
64	23	94.71390525042956
64	24	60.476082315199065
65	1	29.553369286197526
65	2	58.72365850568259
65	3	37.65514635750046
65	4	58.506029779533954
65	5	71.01839066063047
65	6	36.15284532293539
65	7	47.527752200430434
65	8	53.05450292069558
65	9	65.24879609131219
65	10	37.79588194047014
65	11	44.01841555646118
65	12	48.11592501110157
65	13	52.353751872410776
65	14	38.48318492425726
65	15	42.01645939271096
65	16	61.668217951002156
65	17	80.24794128783589
65	18	57.56023516473627
65	19	59.997179427891396
65	20	39.6729835928824
65	21	55.13427709268814
65	22	36.11220455391412
65	23	48.63371254369515
65	24	56.70513918580314
66	1	66.88277692538767
66	2	46.48105657034771
66	3	22.766353145264045
66	4	68.09739168194004
66	5	72.0118153646332
66	6	59.748366716991946
66	7	83.81069823166578
66	8	49.140530211512946
66	9	59.13759297332063
66	10	41.5676652453954
66	11	92.93812910024081
66	12	67.2639366673183
66	13	63.371077617286666
66	14	54.51181139452105
66	15	71.04535814815044
66	16	34.179329252427564
66	17	77.28257471532947
66	18	50.932332272600085
66	19	81.28859958591745
66	20	27.594025379221858
66	21	64.63607207064793
66	22	63.0267046310742
66	23	68.678250804694
66	24	60.42112086367326
67	1	32.70447518483578
67	2	41.813153957487486
67	3	48.40956159763416
67	4	50.774745901035025
67	5	42.22741151305718
67	6	26.76542589400403
67	7	48.1907498165947
67	8	45.729834455879086
67	9	36.50429507604369
67	10	39.94660885504789
67	11	45.14992492821119
67	12	34.8220984673759
67	13	56.50168109624668
67	14	20.397145083531296
67	15	46.49797619936746
67	16	32.92939648520434
67	17	43.164942630529495
67	18	44.23712863705482
67	19	23.827539522112172
67	20	21.55475042307506
67	21	28.077257197116776
67	22	36.35094922899562
67	23	26.656462505437727
67	24	23.12061279848618
68	1	0.05403557361465319
68	2	0.05472961075152214
68	3	0.023474771410395525
68	4	7.965334026485936
68	5	28.236910001847523
68	6	25.762648608725808
68	7	44.17180735200125
68	8	44.26011906543338
68	9	52.15267820788124
68	10	32.18620363393656
68	11	42.76836101225602
68	12	16.019159243768005
68	13	25.160324310134953
68	14	32.0583603895863
68	15	42.58571411004647
68	16	41.455041520185766
68	17	59.57438581264184
68	18	34.737290329877275
68	19	66.22027264650973
68	20	50.91159737086944
68	21	40.49749837209754
68	22	51.5679056154609
68	23	31.46896524119277
68	24	23.29036712548189
69	1	54.495726822256216
69	2	49.98542717666528
69	3	43.88080635092192
69	4	44.22738262536851
69	5	44.35418751235995
69	6	49.94378426934857
69	7	46.089357120896636
69	8	51.99501697555804
69	9	44.62051444844697
69	10	90.87908160894547
69	11	64.5121020620747
69	12	46.9578879672521
69	13	66.92654729978791
69	14	69.26868152355006
69	15	68.20844693168642
69	16	70.90813265373413
69	17	42.489789029694236
69	18	74.36603633406882
69	19	59.749199184996414
69	20	82.35133813236428
69	21	68.05075718474282
69	22	63.089536640090465
69	23	39.17285802386893
69	24	42.62408589004694
70	1	41.48738259313009
70	2	47.63401735454351
70	3	45.05693477921323
70	4	54.607046893816815
70	5	57.91684256070876
70	6	43.89418212092045
70	7	45.06699437824843
70	8	68.63622439079172
70	9	51.26863369152258
70	10	47.39929450226709
70	11	66.60464604944579
70	12	72.0859147353682
70	13	100.78901688034307
70	14	112.80784441632832
70	15	51.42556547627416
70	16	81.10387235145151
70	17	70.46323792702695
70	18	118.80368900456477
70	19	77.73541770368554
70	20	104.508979586685
70	21	64.8341750639585
70	22	63.28965457608249
70	23	55.082917379700575
70	24	62.54188303486458
71	1	12.124254168110527
71	2	10.002586391040737
71	3	5.469452112580237
71	4	6.774241094571092
71	5	28.40538664174508
71	6	55.59560763361218
71	7	42.233415807208466
71	8	46.05886826410909
71	9	43.74032384793247
71	10	30.470263400324082
71	11	35.41904153942935
71	12	36.975954786411755
71	13	40.93211768014175
71	14	40.74575191231422
71	15	26.448936635537414
71	16	38.695498172400534
71	17	36.30257099859262
71	18	27.927525650010324
71	19	43.584693859836904
71	20	55.20561775011535
71	21	47.1873885281764
71	22	51.00484378919959
71	23	38.55907631868971
71	24	40.22933340022713
72	1	37.90820330281658
72	2	67.3622173239995
72	3	54.11972747098207
72	4	46.924430613567836
72	5	58.964514537208785
72	6	50.662015183870736
72	7	73.23545683084423
72	8	87.4285839901144
72	9	237.14168233240582
72	10	220.63936298127308
72	11	195.91796414940092
72	12	172.73484292282365
72	13	100.464741854628
72	14	139.53648407465278
72	15	106.39931076548027
72	16	156.7108463417335
72	17	102.58137099668049
72	18	91.88850975370465
72	19	74.1005237750379
72	20	55.60296806326683
72	21	49.97239965532671
72	22	43.81663282685449
72	23	56.18924940886277
72	24	47.602967585036374
73	1	47.47684720522216
73	2	36.010485513609936
73	3	44.432006139419826
73	4	35.36019546853728
73	5	42.01435603532783
73	6	37.2415897998894
73	7	49.46179821287164
73	8	120.22073138427858
73	9	89.25674291124865
73	10	76.3289054958675
73	11	77.81849512333893
73	12	45.27834809586352
73	13	55.82056364917054
73	14	69.79056456560802
73	15	54.29570596584414
73	16	29.80912595323297
73	17	75.16337051446882
73	18	48.728739145278574
73	19	55.2216289800576
73	20	37.74629822623657
73	21	43.64669163562523
73	22	55.8990417016564
73	23	39.618669121861195
73	24	44.40348334324628
74	1	30.24068213147104
74	2	26.32626694918844
74	3	29.322505622519607
74	4	32.36369402219859
74	5	27.368021698596703
74	6	32.25673874133506
74	7	38.26504053493486
74	8	41.46675186887436
74	9	31.294588853837652
74	10	42.01740631514748
74	11	32.57261249283725
74	12	30.568139447473246
74	13	41.9974103752472
74	14	44.195086326244926
74	15	32.79444936414101
74	16	32.02269193401642
74	17	28.627527494093467
74	18	35.46053235943566
74	19	36.226464330599605
74	20	29.63063050266194
74	21	36.12323646280109
74	22	33.268587265311
74	23	24.74440448348529
74	24	38.402725598362586
75	1	71.82508116117891
75	2	77.57415195397076
75	3	64.93159468270544
75	4	35.19629136068032
75	5	90.49528544714585
75	6	54.25905997543356
75	7	62.15477380759639
75	8	54.611723823193046
75	9	86.21050549067066
75	10	85.52390025685956
75	11	84.63056501922192
75	12	78.09018762854046
75	13	93.76747096637015
75	14	55.23001777679311
75	15	96.52295319763478
75	16	72.01658442858806
75	17	92.05813203900581
75	18	87.38386298091291
75	19	97.65004781742718
75	20	75.94304942651112
75	21	46.23506396808585
75	22	88.59723291772129
75	23	73.96844202559228
75	24	59.15403021801824
76	1	36.5247433630226
76	2	24.214120725318786
76	3	16.576391956703404
76	4	27.050393695557737
76	5	23.092067544126678
76	6	26.156306925985806
76	7	15.794084375838862
76	8	18.927717046323036
76	9	19.628022721743303
76	10	36.06200597323878
76	11	38.73510323532713
76	12	33.47087498704769
76	13	39.087670011146095
76	14	24.866083587883512
76	15	35.25068365068862
76	16	31.913567099577197
76	17	16.927174531712545
76	18	24.49267554269993
76	19	35.93964004071082
76	20	25.90664977381639
76	21	24.116355490000156
76	22	13.311616425201295
76	23	6.64003677209108
76	24	5.609759912346334
77	1	24.356246126481455
77	2	19.371361032860563
77	3	13.01188890179917
77	4	16.08322307113989
77	5	19.536685256631774
77	6	34.3172757256677
77	7	43.85364761854239
77	8	36.23422183879618
77	9	34.140730761261615
77	10	31.564298863038054
77	11	29.145702347551904
77	12	45.875349995901836
77	13	34.50836409616683
77	14	40.26554847744024
77	15	47.29037351080001
77	16	41.74616471540893
77	17	33.09344562663745
77	18	31.68719749255948
77	19	43.273305247106286
77	20	46.16843504783532
77	21	57.91035808872156
77	22	54.41530703044431
77	23	36.74912878082075
77	24	21.162415226613394
78	1	50.50358963132786
78	2	69.74940683415765
78	3	37.33632902154722
78	4	32.28390329291503
78	5	45.18028618877707
78	6	54.76805736545984
78	7	38.779774882045224
78	8	47.797460787281125
78	9	39.61540332399219
78	10	56.616850170162216
78	11	69.57647540304669
78	12	60.414574505880644
78	13	50.57685976287806
78	14	59.456644294930896
78	15	53.04139217096156
78	16	59.763197833459536
78	17	58.246514915190225
78	18	60.32930767872873
78	19	105.39657228604267
78	20	70.81777460527258
78	21	61.34892371264942
78	22	54.49739231049885
78	23	48.10650156037896
78	24	63.62101874502515
79	1	42.05975878536339
79	2	24.14081200914636
79	3	18.079576108344366
79	4	23.46306817086219
79	5	26.9845445650179
79	6	39.20094074001869
79	7	34.18360925329841
79	8	68.19593449417977
79	9	55.246212492100604
79	10	52.187155600697814
79	11	38.86915837539624
79	12	25.87695521341343
79	13	49.561014082378904
79	14	51.667990730527066
79	15	54.65077223157809
79	16	32.301099699639956
79	17	47.806152603250304
79	18	49.99503021159462
79	19	54.52469059030385
79	20	52.67040406489514
79	21	24.81361689511586
79	22	32.99795980206009
79	23	53.416267766411984
79	24	40.85625874417955
80	1	47.877100170909316
80	2	76.61756305340458
80	3	37.327054888609716
80	4	52.98448548334135
80	5	70.57407519946618
80	6	44.85928355311126
80	7	59.51445861729659
80	8	47.05041952193136
80	9	73.86192320306293
80	10	54.922899293287585
80	11	72.0979797264825
80	12	67.87297370746549
80	13	75.91665814889748
80	14	64.55466499245465
80	15	50.2879676021113
80	16	75.89770472729731
80	17	47.68885519648995
80	18	45.070955061302456
80	19	37.36016799509556
80	20	88.42837504860717
80	21	35.788791604386994
80	22	62.866421043535
80	23	37.9032083423205
80	24	68.2450711171547
81	1	49.38162357762006
81	2	50.30483135131419
81	3	60.56425966487236
81	4	55.78832115609082
81	5	48.74827253097193
81	6	52.35785075600422
81	7	60.75924237212618
81	8	37.84416022568236
81	9	33.49805969894448
81	10	29.657324125650135
81	11	8.536155863193228
81	12	10.450647828478258
81	13	7.5799445016951355
81	14	13.424423432982268
81	15	24.142985117880844
81	16	24.30947298401305
81	17	33.590783563851254
81	18	40.624792810868236
81	19	75.55974053623243
81	20	63.8338387631287
81	21	56.741731186627895
81	22	56.194521986388594
81	23	42.63307750851048
81	24	22.2634617353183
82	1	102.39476388032764
82	2	76.12392644837989
82	3	98.67417059279849
82	4	111.95610314454578
82	5	78.3640955458755
82	6	35.87049104212392
82	7	97.85474353521917
82	8	125.41630895533613
82	9	176.98863546213713
82	10	158.46876575783608
82	11	149.36491939209586
82	12	135.5904620257945
82	13	106.38564777984499
82	14	45.812779181317154
82	15	66.29815844310079
82	16	96.93952025190454
82	17	121.82507216629209
82	18	105.50431568551434
82	19	131.47384072486602
82	20	68.8210847489814
82	21	149.80233590532447
82	22	74.92623067722981
82	23	68.06414713400798
82	24	74.72374929248394
83	1	45.661837685199856
83	2	66.41319683638214
83	3	50.41018950071237
83	4	34.919349526599156
83	5	14.088319069112739
83	6	20.54980497539082
83	7	32.591133260611514
83	8	36.80081879131455
83	9	54.53169473086239
83	10	84.70214055287732
83	11	44.18739204829695
83	12	68.51097716755419
83	13	53.85429938710738
83	14	74.74712741819754
83	15	74.39162790479678
83	16	84.84051495065678
83	17	83.29341896457227
83	18	63.731071454062274
83	19	81.95287935954515
83	20	47.71678640821182
83	21	64.54922720873871
83	22	52.956633445137115
83	23	59.546901998274436
83	24	54.76920655261927
84	1	38.372899308983186
84	2	63.69956295403716
84	3	39.621512312735376
84	4	41.7941339648486
84	5	45.406462031829655
84	6	33.17084054174217
84	7	58.51401038505049
84	8	39.404225121258015
84	9	64.13754050475976
84	10	49.174683371934925
84	11	50.42648168237116
84	12	47.63829003821782
84	13	42.877802428554276
84	14	65.89162189170015
84	15	50.959635115223435
84	16	57.31371067003447
84	17	42.68671734536814
84	18	72.20591241386795
84	19	70.91931353580188
84	20	68.68100739358037
84	21	61.25898171811299
84	22	71.77139449306624
84	23	47.251127483482264
84	24	43.52565330988795
85	1	37.614303641989366
85	2	68.12013263057263
85	3	41.43158220724504
85	4	51.711921825074214
85	5	45.85208562104353
85	6	83.60960135912079
85	7	68.56941058861727
85	8	74.11840802671286
85	9	63.955073274965464
85	10	73.07730927084052
85	11	72.60371350004067
85	12	58.252112186374475
85	13	49.08371931789896
85	14	50.75469520120086
85	15	48.85287558228919
85	16	75.13005514428802
85	17	51.36543746447249
85	18	90.21624174554643
85	19	91.64380387083386
85	20	70.57417951294607
85	21	31.865524912137566
85	22	39.85610599587348
85	23	45.682780285820364
85	24	41.71429187554747
86	1	22.28171013601765
86	2	20.531893348238704
86	3	23.785524327290855
86	4	19.27341778447022
86	5	11.057428535723375
86	6	22.647384185607866
86	7	13.285647952225762
86	8	14.468613987561751
86	9	24.483283729286732
86	10	31.020159896513267
86	11	21.54782609658072
86	12	17.656342564790595
86	13	20.77555359607323
86	14	27.521382020878274
86	15	32.21273342830112
86	16	23.586033807406608
86	17	14.396796165339234
86	18	23.967951848453385
86	19	25.50826538498929
86	20	28.688455760994287
86	21	16.247941729189904
86	22	29.15939879295624
86	23	31.197166761787297
86	24	31.419584687591268
87	1	51.94842064490381
87	2	70.46190097625625
87	3	13.085904878659969
87	4	44.79619635277947
87	5	24.148352529875854
87	6	54.01063225125386
87	7	40.717255075542944
87	8	60.787328268863845
87	9	46.47244773297681
87	10	26.37293021335235
87	11	44.30190926696656
87	12	66.62255601701146
87	13	33.862129331486024
87	14	23.59263559138799
87	15	46.471862701749295
87	16	38.53445390813569
87	17	50.21231979783386
87	18	49.624292149531435
87	19	40.08686975887662
87	20	36.08958960428314
87	21	60.15905682035852
87	22	47.81238417297188
87	23	52.5554819384837
87	24	68.68069590928235
88	1	41.48738259313009
88	2	47.63401735454351
88	3	45.05693477921323
88	4	54.607046893816815
88	5	57.91684256070876
88	6	43.89418212092045
88	7	45.06699437824843
88	8	68.63622439079172
88	9	51.26863369152258
88	10	47.39929450226709
88	11	66.60464604944579
88	12	72.0859147353682
88	13	100.78901688034307
88	14	112.80784441632832
88	15	51.42556547627416
88	16	81.10387235145151
88	17	70.46323792702695
88	18	118.80368900456477
88	19	77.73541770368554
88	20	104.508979586685
88	21	64.8341750639585
88	22	63.28965457608249
88	23	55.082917379700575
88	24	62.54188303486458
89	1	34.33181435557197
89	2	49.973096968216915
89	3	55.59987893660327
89	4	49.8442062447625
89	5	44.91048424499103
89	6	51.790503858482936
89	7	59.165611990254035
89	8	49.93651782344848
89	9	47.66309966894555
89	10	44.81171642358177
89	11	55.18691819025911
89	12	47.23375608517247
89	13	47.198354072058414
89	14	69.84891777918327
89	15	60.71101987911785
89	16	36.797496479356
89	17	65.54654756291994
89	18	40.36106411534786
89	19	67.92982834979179
89	20	46.30538247865384
89	21	69.48939509246873
89	22	37.80490534037363
89	23	33.53187584829492
89	24	62.518069427785164
90	1	63.5176542803115
90	2	44.463237405600914
90	3	44.74973189661877
90	4	58.811570291448454
90	5	50.97660231651672
90	6	64.68751086214223
90	7	77.29416218777831
90	8	90.84989545816521
90	9	66.47308840993172
90	10	72.21130284779919
90	11	79.99500229218852
90	12	76.51085710325253
90	13	43.386410920255024
90	14	69.559867586601
90	15	54.20448462579102
90	16	36.028046540413044
90	17	55.66783586433312
90	18	63.52740492584757
90	19	62.23503114713652
90	20	61.80827431695467
90	21	75.50103717660923
90	22	51.84285724300947
90	23	71.03173272701711
90	24	50.74504722237578
91	1	26.14094697351921
91	2	36.49358155949473
91	3	30.257834893195707
91	4	29.492832295117115
91	5	43.14955216434537
91	6	31.86014159944308
91	7	31.18553536288463
91	8	25.542522616974264
91	9	40.71466420792017
91	10	32.64548798477223
91	11	0.10876356340370423
91	12	0.0
91	13	-1.2766743599830277
91	14	-2.4129275472078136
91	15	0.0
91	16	31.136576896931807
91	17	27.548227364229227
91	18	34.18855321732519
91	19	32.53104979571284
91	20	30.926770638802637
91	21	29.056918014066046
91	22	10.911724773855138
91	23	1.4768601777759898
91	24	-0.04872156218682587
92	1	91.41829766462577
92	2	65.5513945832377
92	3	61.88509227004644
92	4	73.66947770065852
92	5	48.58131554721385
92	6	50.479893370117814
92	7	80.62118242320268
92	8	66.83844625890474
92	9	146.74910984848927
92	10	97.11427009013491
92	11	69.28068612252277
92	12	56.37030833533403
92	13	121.72200473995865
92	14	77.49269238474015
92	15	66.79742139596571
92	16	94.36667862704063
92	17	126.77368554758887
92	18	79.50384897210772
92	19	62.991742263242536
92	20	95.87640540175916
92	21	91.5344719252168
92	22	58.638542683177995
92	23	54.271654701070766
92	24	34.219661483442515
93	1	65.25499923659133
93	2	50.68285331262442
93	3	76.31799562279163
93	4	52.248801665585006
93	5	66.14845373687554
93	6	47.830891416378435
93	7	34.472399253304125
93	8	53.49376837346425
93	9	37.15598787962311
93	10	53.110772261721046
93	11	49.48060454255581
93	12	37.12648084494618
93	13	29.143316160163433
93	14	57.19430398202565
93	15	27.070861425817
93	16	36.53952014945902
93	17	42.809991070427806
93	18	56.49100296940755
93	19	41.22866343297126
93	20	65.34233045785447
93	21	57.23646247528839
93	22	40.23430475626478
93	23	79.45811358683977
93	24	62.17175368170984
94	1	44.82209995087609
94	2	45.42785814538989
94	3	45.610346998521045
94	4	41.545749189392
94	5	51.272931560612875
94	6	35.43736519288878
94	7	60.52695811171606
94	8	32.151491823396604
94	9	59.97869784395198
94	10	40.62679725458119
94	11	62.315164867471296
94	12	65.27791679938336
94	13	71.22349397075504
94	14	59.00461900446101
94	15	68.18464550934513
94	16	47.61480717128582
94	17	61.608524992378634
94	18	61.034288377422754
94	19	64.89851958261589
94	20	60.50267109816816
94	21	58.15120618288101
94	22	45.353434477980414
94	23	34.56603682814556
94	24	27.83024728043108
95	1	42.466224231181876
95	2	29.058405702131495
95	3	21.29002797021729
95	4	18.259548830793086
95	5	15.05122837803558
95	6	9.889141907854183
95	7	30.149380355404105
95	8	45.19268854264222
95	9	52.17576072149673
95	10	56.887477842977916
95	11	58.70619109429758
95	12	71.31551851383493
95	13	30.94708484777322
95	14	55.51515418645556
95	15	41.013618667928
95	16	16.931497712778214
95	17	60.09190503404301
95	18	67.98086466582465
95	19	61.08219004966366
95	20	65.2552450721497
95	21	52.626927123713934
95	22	35.247566987441026
95	23	35.82644559243437
95	24	46.86423308656487
96	1	85.24630859523268
96	2	111.81876090621006
96	3	94.70295173283661
96	4	106.27078106440837
96	5	84.07210669655203
96	6	68.03451252421485
96	7	64.48282964373871
96	8	88.83136282901005
96	9	120.03405804010322
96	10	92.37036033419442
96	11	94.36104946673291
96	12	95.3099205227894
96	13	80.59981684715413
96	14	109.9257432414036
96	15	125.82047859302162
96	16	110.43842923781718
96	17	60.37643626422558
96	18	106.01930086422126
96	19	94.69926972093151
96	20	103.17326358713694
96	21	112.07045276127896
96	22	87.36628788617335
96	23	91.38238729689616
96	24	81.82314986413728
97	1	42.47607822822887
97	2	24.483679932262675
97	3	29.24811478045715
97	4	29.005556645176195
97	5	28.37607982307177
97	6	33.13178819580709
97	7	36.98277686191513
97	8	26.684202218115516
97	9	29.48653834107403
97	10	29.501688086355983
97	11	23.293109988447295
97	12	19.298790495625965
97	13	30.40084209876003
97	14	21.77402600406918
97	15	36.15229428127751
97	16	20.714724743031
97	17	46.42312997639045
97	18	31.83484945122022
97	19	25.602547013781166
97	20	32.91948528207809
97	21	50.0448429574641
97	22	23.487627040731294
97	23	49.686817149548716
97	24	19.63476795065292
98	1	25.913534971787293
98	2	18.84084622327816
98	3	6.7015226114630675
98	4	21.242130800922066
98	5	11.956601291418115
98	6	12.76894526448738
98	7	22.080266945879128
98	8	22.464262945867734
98	9	20.382703542605267
98	10	30.28125175270664
98	11	22.259289846928496
98	12	17.003343744751625
98	13	33.412137046758595
98	14	24.762140163350562
98	15	19.00888313777887
98	16	13.191196715827225
98	17	34.987898969803744
98	18	38.467732787562774
98	19	35.70374934282583
98	20	28.03241861967895
98	21	32.58048064770836
98	22	19.234988192165883
98	23	22.816161898278263
98	24	15.955851556027458
99	1	52.04831398670443
99	2	70.46924031944103
99	3	74.19692034827304
99	4	64.91355277949735
99	5	41.50299231380102
99	6	60.15536711979186
99	7	57.90089507867655
99	8	57.369828121874434
99	9	79.96587494796302
99	10	86.89108437388056
99	11	78.18652729532599
99	12	36.76265920523748
99	13	79.12379591944963
99	14	62.35695006967708
99	15	42.46772998596272
99	16	103.99625757259005
99	17	111.07946328716041
99	18	109.44779482804165
99	19	86.4377813398737
99	20	104.3254636867449
99	21	80.01161105696465
99	22	96.53227010692277
99	23	39.76224781717996
99	24	46.34545570367474
100	1	45.661837685199856
100	2	66.41319683638214
100	3	50.41018950071237
100	4	34.919349526599156
100	5	14.088319069112739
100	6	20.54980497539082
100	7	32.591133260611514
100	8	36.80081879131455
100	9	54.53169473086239
100	10	84.70214055287732
100	11	44.18739204829695
100	12	68.51097716755419
100	13	53.85429938710738
100	14	74.74712741819754
100	15	74.39162790479678
100	16	84.84051495065678
100	17	83.29341896457227
100	18	63.731071454062274
100	19	81.95287935954515
100	20	47.71678640821182
100	21	64.54922720873871
100	22	52.956633445137115
100	23	59.546901998274436
100	24	54.76920655261927
101	1	54.28810669766636
101	2	69.88298846005006
101	3	62.6011899542613
101	4	59.86826179561721
101	5	54.24971885013893
101	6	45.07778176262648
101	7	77.10017037514528
101	8	139.16886154804732
101	9	98.05711099182554
101	10	250.4227457056409
101	11	200.2604128863282
101	12	191.51445488313885
101	13	121.67167469529203
101	14	112.82886703228374
101	15	103.86194168069134
101	16	231.55401391651563
101	17	226.52276289566763
101	18	200.9045466920195
101	19	153.06186991475474
101	20	133.32967649276762
101	21	76.23618113552273
101	22	71.5490171180688
101	23	77.83039678907355
101	24	31.03769806019248
102	1	32.93170029881355
102	2	43.38116989127666
102	3	35.82424951897075
102	4	49.26041029389095
102	5	29.996840977277145
102	6	38.92628732662195
102	7	51.69221127129308
102	8	76.18168646968013
102	9	57.73175273114904
102	10	63.91158460518005
102	11	26.37393415967678
102	12	31.910743773959897
102	13	34.32440558357812
102	14	18.70187136975373
102	15	41.7218565024885
102	16	42.99174948843664
102	17	52.60380800967958
102	18	72.34702031869196
102	19	33.525854186902826
102	20	70.46775855886708
102	21	41.00677613816471
102	22	48.01988149445441
102	23	55.04580615384189
102	24	41.97585405367802
103	1	56.32308608557849
103	2	45.61195702199835
103	3	42.083178687719936
103	4	41.36402199696515
103	5	52.85170842837203
103	6	70.46043930496742
103	7	70.10393935257939
103	8	45.37802142130422
103	9	55.195212700430965
103	10	57.27345017202416
103	11	53.34866190477123
103	12	68.89819159336344
103	13	30.879885577534562
103	14	28.025588317332378
103	15	52.87531650085028
103	16	44.320225818531654
103	17	63.36235362304793
103	18	59.081541026245546
103	19	58.605856356179785
103	20	88.71716833408829
103	21	76.02906899301958
103	22	60.65993036714378
103	23	77.21936783135885
103	24	60.53302515979662
104	1	77.16106271456762
104	2	113.76556854877605
104	3	76.62097815651448
104	4	104.28944475380477
104	5	82.58834373370183
104	6	78.9310036519886
104	7	28.861221391763298
104	8	127.16319540220645
104	9	172.67623993554358
104	10	194.9613060697522
104	11	118.55188129018673
104	12	109.25739400520092
104	13	122.82876408135328
104	14	140.94760363711893
104	15	77.78462504399185
104	16	134.67673847096268
104	17	131.26163170844237
104	18	168.88498714300468
104	19	65.09900141982521
104	20	144.30353190291936
104	21	127.27005585280243
104	22	86.11781186024774
104	23	72.19705492024062
104	24	98.6048219383309
105	1	43.68730949473369
105	2	44.84957627157501
105	3	38.93821544615063
105	4	52.32754559473085
105	5	41.98687121836192
105	6	32.1548632297486
105	7	55.90707615461044
105	8	51.053200349944845
105	9	62.98558360631876
105	10	55.07163741475732
105	11	32.63248191742419
105	12	45.96527529160761
105	13	72.9328823609311
105	14	38.7396588127848
105	15	51.7990929467982
105	16	38.433341601728955
105	17	2.8480487814922357
105	18	43.743861079089385
105	19	80.49209600701039
105	20	46.772979210902854
105	21	46.08191143311127
105	22	40.622259482633396
105	23	35.43257124645688
105	24	33.80415656335737
106	1	23.533310459831384
106	2	60.11897641446505
106	3	43.491527768149766
106	4	34.095846188004714
106	5	52.74196722390157
106	6	55.60870930451807
106	7	45.414791601454624
106	8	57.192374765363404
106	9	53.36795719377195
106	10	62.73981375025675
106	11	73.87687911486901
106	12	61.25136684420325
106	13	46.87345424412264
106	14	48.05651088508867
106	15	47.644982499723
106	16	52.35966367623343
106	17	50.024217834382966
106	18	74.82707164588324
106	19	83.63525826756673
106	20	103.25709905732707
106	21	55.80163175788589
106	22	78.98759998248329
106	23	49.66630287031121
106	24	62.132558035880386
107	1	44.82209995087609
107	2	45.42785814538989
107	3	45.610346998521045
107	4	41.545749189392
107	5	51.272931560612875
107	6	35.43736519288878
107	7	60.52695811171606
107	8	32.151491823396604
107	9	59.97869784395198
107	10	40.62679725458119
107	11	62.315164867471296
107	12	65.27791679938336
107	13	71.22349397075504
107	14	59.00461900446101
107	15	68.18464550934513
107	16	47.61480717128582
107	17	61.608524992378634
107	18	61.034288377422754
107	19	64.89851958261589
107	20	60.50267109816816
107	21	58.15120618288101
107	22	45.353434477980414
107	23	34.56603682814556
107	24	27.83024728043108
108	1	63.5176542803115
108	2	44.463237405600914
108	3	44.74973189661877
108	4	58.811570291448454
108	5	50.97660231651672
108	6	64.68751086214223
108	7	77.29416218777831
108	8	90.84989545816521
108	9	66.47308840993172
108	10	72.21130284779919
108	11	79.99500229218852
108	12	76.51085710325253
108	13	43.386410920255024
108	14	69.559867586601
108	15	54.20448462579102
108	16	36.028046540413044
108	17	55.66783586433312
108	18	63.52740492584757
108	19	62.23503114713652
108	20	61.80827431695467
108	21	75.50103717660923
108	22	51.84285724300947
108	23	71.03173272701711
108	24	50.74504722237578
109	1	25.60737107638969
109	2	18.518908519712
109	3	16.347760855056542
109	4	19.947442620108372
109	5	14.044461818833758
109	6	26.025343061259193
109	7	39.3837679773134
109	8	21.200979517188255
109	9	35.95401164182481
109	10	32.42525862209193
109	11	32.58420589732464
109	12	34.486642372528564
109	13	35.036340909157495
109	14	21.839818301597436
109	15	29.864459871303218
109	16	21.921474659237898
109	17	32.11747910279806
109	18	40.72224012270603
109	19	24.107255222084753
109	20	34.241041449248655
109	21	26.158668082705585
109	22	20.424268521170834
109	23	16.616171456112028
109	24	1.6800753661589936
110	1	25.687777308877372
110	2	21.648533650021992
110	3	16.745040767936697
110	4	15.212893026430184
110	5	21.777600517599442
110	6	32.039506747231094
110	7	28.929075472774276
110	8	43.788356601101746
110	9	47.986188615810406
110	10	27.4807062864351
110	11	51.53918812135115
110	12	51.797654414267356
110	13	25.19763574722131
110	14	38.72053874643265
110	15	53.0134033124809
110	16	67.31589695567597
110	17	59.45302542746368
110	18	113.03819704674675
110	19	81.17677358831816
110	20	46.049014836926865
110	21	45.68102759676669
110	22	43.67377313574793
110	23	46.11824666956143
110	24	32.83271654016393
111	1	42.40094616684403
111	2	39.39519110946086
111	3	28.146808940819703
111	4	35.57956006148347
111	5	41.599812114678016
111	6	21.379014583674312
111	7	49.97544923576728
111	8	48.73493343917977
111	9	44.104865120892335
111	10	41.88469087969659
111	11	28.04447134714081
111	12	31.034630957332777
111	13	26.211840834678338
111	14	32.439627134262594
111	15	46.61865949251499
111	16	42.73990983857617
111	17	37.99029692290413
111	18	29.351698257438166
111	19	52.65924557780995
111	20	45.755777819442855
111	21	53.29601366154263
111	22	21.162403486442866
111	23	46.010993177217536
111	24	34.27771316530912
112	1	30.18208670900213
112	2	46.74585035359645
112	3	47.585958394238766
112	4	27.447637597775746
112	5	28.865674241796366
112	6	32.795149437052665
112	7	36.287536831901384
112	8	92.17678024654339
112	9	158.64277491543166
112	10	143.42546867880412
112	11	147.31665264656053
112	12	104.29793310142846
112	13	82.1189504939204
112	14	66.5741512426404
112	15	61.48996679660389
112	16	45.16254464839417
112	17	73.04422840705877
112	18	63.620962959113164
112	19	50.55276242634354
112	20	40.71232832569831
112	21	45.72764136418851
112	22	36.48672117478438
112	23	42.6862002736898
112	24	41.02140837552022
