Node	Time	ActivationFactorID_UP_Reg
3	1	0
3	2	0
3	3	0
3	4	0
3	5	0
3	6	0
3	7	1
3	8	0
3	9	1
3	10	0
3	11	1
3	12	0
3	13	0
3	14	0
3	15	0
3	16	1
3	17	0
3	18	0
3	19	0
3	20	0
3	21	1
3	22	0
3	23	1
3	24	0
4	1	0
4	2	1
4	3	1
4	4	0
4	5	1
4	6	1
4	7	1
4	8	0
4	9	0
4	10	0
4	11	0
4	12	1
4	13	0
4	14	0
4	15	1
4	16	0
4	17	1
4	18	0
4	19	1
4	20	1
4	21	0
4	22	0
4	23	1
4	24	1
5	1	0
5	2	0
5	3	0
5	4	0
5	5	0
5	6	0
5	7	1
5	8	0
5	9	0
5	10	0
5	11	1
5	12	1
5	13	1
5	14	0
5	15	0
5	16	1
5	17	0
5	18	0
5	19	0
5	20	0
5	21	0
5	22	0
5	23	0
5	24	0
6	1	1
6	2	1
6	3	0
6	4	0
6	5	0
6	6	0
6	7	0
6	8	1
6	9	0
6	10	0
6	11	0
6	12	1
6	13	0
6	14	1
6	15	0
6	16	0
6	17	1
6	18	1
6	19	0
6	20	0
6	21	0
6	22	0
6	23	0
6	24	1
7	1	0
7	2	0
7	3	1
7	4	0
7	5	0
7	6	1
7	7	0
7	8	0
7	9	0
7	10	0
7	11	0
7	12	0
7	13	0
7	14	0
7	15	0
7	16	0
7	17	0
7	18	0
7	19	0
7	20	0
7	21	0
7	22	0
7	23	0
7	24	1
8	1	1
8	2	1
8	3	0
8	4	1
8	5	0
8	6	0
8	7	0
8	8	0
8	9	0
8	10	0
8	11	0
8	12	0
8	13	0
8	14	0
8	15	1
8	16	0
8	17	0
8	18	0
8	19	0
8	20	1
8	21	1
8	22	1
8	23	0
8	24	0
9	1	1
9	2	0
9	3	0
9	4	0
9	5	0
9	6	0
9	7	1
9	8	1
9	9	1
9	10	0
9	11	0
9	12	0
9	13	0
9	14	1
9	15	0
9	16	0
9	17	0
9	18	0
9	19	1
9	20	0
9	21	0
9	22	1
9	23	0
9	24	1
10	1	1
10	2	0
10	3	0
10	4	0
10	5	1
10	6	0
10	7	0
10	8	1
10	9	0
10	10	0
10	11	0
10	12	0
10	13	0
10	14	1
10	15	0
10	16	0
10	17	0
10	18	0
10	19	1
10	20	1
10	21	0
10	22	0
10	23	0
10	24	1
11	1	1
11	2	0
11	3	1
11	4	0
11	5	0
11	6	0
11	7	0
11	8	1
11	9	0
11	10	0
11	11	0
11	12	1
11	13	1
11	14	0
11	15	0
11	16	0
11	17	1
11	18	0
11	19	1
11	20	1
11	21	0
11	22	0
11	23	0
11	24	1
12	1	1
12	2	0
12	3	1
12	4	0
12	5	1
12	6	0
12	7	0
12	8	0
12	9	1
12	10	0
12	11	1
12	12	1
12	13	0
12	14	0
12	15	1
12	16	0
12	17	0
12	18	0
12	19	0
12	20	0
12	21	0
12	22	0
12	23	0
12	24	1
13	1	0
13	2	0
13	3	0
13	4	0
13	5	0
13	6	1
13	7	0
13	8	1
13	9	0
13	10	0
13	11	0
13	12	0
13	13	0
13	14	0
13	15	0
13	16	0
13	17	0
13	18	0
13	19	0
13	20	0
13	21	0
13	22	0
13	23	0
13	24	1
14	1	0
14	2	0
14	3	1
14	4	0
14	5	0
14	6	0
14	7	1
14	8	0
14	9	0
14	10	1
14	11	0
14	12	0
14	13	1
14	14	1
14	15	1
14	16	1
14	17	1
14	18	0
14	19	0
14	20	1
14	21	0
14	22	0
14	23	1
14	24	0
15	1	0
15	2	0
15	3	0
15	4	0
15	5	1
15	6	1
15	7	0
15	8	0
15	9	0
15	10	0
15	11	1
15	12	0
15	13	0
15	14	1
15	15	1
15	16	0
15	17	0
15	18	1
15	19	0
15	20	1
15	21	1
15	22	0
15	23	0
15	24	0
16	1	1
16	2	1
16	3	1
16	4	0
16	5	0
16	6	0
16	7	0
16	8	0
16	9	0
16	10	0
16	11	0
16	12	0
16	13	0
16	14	1
16	15	1
16	16	0
16	17	0
16	18	0
16	19	1
16	20	0
16	21	1
16	22	0
16	23	1
16	24	0
17	1	0
17	2	1
17	3	1
17	4	0
17	5	0
17	6	1
17	7	1
17	8	0
17	9	0
17	10	0
17	11	1
17	12	0
17	13	0
17	14	0
17	15	0
17	16	0
17	17	0
17	18	0
17	19	0
17	20	1
17	21	1
17	22	1
17	23	0
17	24	0
18	1	0
18	2	1
18	3	0
18	4	0
18	5	0
18	6	0
18	7	1
18	8	0
18	9	0
18	10	1
18	11	0
18	12	0
18	13	0
18	14	0
18	15	1
18	16	0
18	17	1
18	18	0
18	19	0
18	20	0
18	21	1
18	22	1
18	23	1
18	24	0
19	1	0
19	2	0
19	3	0
19	4	0
19	5	1
19	6	0
19	7	0
19	8	1
19	9	0
19	10	1
19	11	0
19	12	0
19	13	1
19	14	0
19	15	0
19	16	0
19	17	0
19	18	0
19	19	0
19	20	0
19	21	0
19	22	0
19	23	0
19	24	0
20	1	0
20	2	1
20	3	1
20	4	0
20	5	1
20	6	0
20	7	1
20	8	0
20	9	0
20	10	0
20	11	0
20	12	1
20	13	0
20	14	0
20	15	0
20	16	1
20	17	1
20	18	1
20	19	1
20	20	0
20	21	0
20	22	0
20	23	0
20	24	0
21	1	1
21	2	1
21	3	0
21	4	1
21	5	0
21	6	1
21	7	1
21	8	1
21	9	0
21	10	0
21	11	0
21	12	0
21	13	0
21	14	1
21	15	0
21	16	0
21	17	1
21	18	0
21	19	0
21	20	0
21	21	1
21	22	0
21	23	0
21	24	1
22	1	0
22	2	1
22	3	0
22	4	0
22	5	0
22	6	1
22	7	0
22	8	0
22	9	0
22	10	1
22	11	0
22	12	0
22	13	0
22	14	0
22	15	0
22	16	0
22	17	0
22	18	0
22	19	0
22	20	0
22	21	1
22	22	1
22	23	0
22	24	0
23	1	1
23	2	0
23	3	0
23	4	0
23	5	0
23	6	0
23	7	1
23	8	0
23	9	1
23	10	0
23	11	1
23	12	1
23	13	0
23	14	1
23	15	0
23	16	0
23	17	0
23	18	0
23	19	0
23	20	0
23	21	0
23	22	0
23	23	1
23	24	0
24	1	1
24	2	0
24	3	0
24	4	0
24	5	1
24	6	0
24	7	0
24	8	0
24	9	0
24	10	0
24	11	0
24	12	0
24	13	1
24	14	0
24	15	0
24	16	1
24	17	0
24	18	0
24	19	0
24	20	1
24	21	0
24	22	1
24	23	0
24	24	0
25	1	0
25	2	0
25	3	1
25	4	0
25	5	0
25	6	1
25	7	0
25	8	0
25	9	0
25	10	0
25	11	1
25	12	0
25	13	1
25	14	0
25	15	0
25	16	0
25	17	0
25	18	0
25	19	0
25	20	1
25	21	0
25	22	0
25	23	0
25	24	1
26	1	1
26	2	0
26	3	0
26	4	1
26	5	0
26	6	0
26	7	0
26	8	1
26	9	0
26	10	1
26	11	0
26	12	1
26	13	1
26	14	1
26	15	0
26	16	1
26	17	0
26	18	1
26	19	1
26	20	0
26	21	0
26	22	1
26	23	1
26	24	0
27	1	0
27	2	0
27	3	0
27	4	0
27	5	0
27	6	0
27	7	0
27	8	0
27	9	0
27	10	0
27	11	1
27	12	0
27	13	0
27	14	0
27	15	1
27	16	0
27	17	1
27	18	0
27	19	1
27	20	0
27	21	1
27	22	0
27	23	0
27	24	0
28	1	1
28	2	0
28	3	0
28	4	0
28	5	0
28	6	0
28	7	0
28	8	1
28	9	0
28	10	0
28	11	0
28	12	1
28	13	0
28	14	0
28	15	1
28	16	0
28	17	0
28	18	0
28	19	0
28	20	1
28	21	0
28	22	0
28	23	0
28	24	0
29	1	1
29	2	0
29	3	0
29	4	0
29	5	0
29	6	0
29	7	1
29	8	0
29	9	0
29	10	0
29	11	0
29	12	1
29	13	0
29	14	0
29	15	0
29	16	0
29	17	1
29	18	0
29	19	0
29	20	1
29	21	0
29	22	0
29	23	0
29	24	1
30	1	0
30	2	1
30	3	0
30	4	0
30	5	0
30	6	0
30	7	0
30	8	0
30	9	0
30	10	0
30	11	0
30	12	1
30	13	0
30	14	0
30	15	1
30	16	1
30	17	0
30	18	1
30	19	0
30	20	1
30	21	1
30	22	1
30	23	0
30	24	1
31	1	1
31	2	0
31	3	0
31	4	0
31	5	1
31	6	1
31	7	0
31	8	0
31	9	0
31	10	0
31	11	0
31	12	0
31	13	0
31	14	0
31	15	0
31	16	0
31	17	1
31	18	1
31	19	0
31	20	1
31	21	0
31	22	0
31	23	0
31	24	0
32	1	1
32	2	0
32	3	1
32	4	0
32	5	1
32	6	0
32	7	0
32	8	0
32	9	1
32	10	1
32	11	0
32	12	0
32	13	1
32	14	1
32	15	0
32	16	1
32	17	0
32	18	0
32	19	1
32	20	0
32	21	0
32	22	0
32	23	0
32	24	0
33	1	0
33	2	1
33	3	1
33	4	0
33	5	0
33	6	0
33	7	1
33	8	0
33	9	0
33	10	1
33	11	0
33	12	1
33	13	0
33	14	0
33	15	1
33	16	0
33	17	0
33	18	0
33	19	0
33	20	0
33	21	1
33	22	0
33	23	0
33	24	1
34	1	1
34	2	0
34	3	1
34	4	1
34	5	0
34	6	0
34	7	1
34	8	1
34	9	1
34	10	0
34	11	0
34	12	0
34	13	1
34	14	0
34	15	1
34	16	0
34	17	0
34	18	0
34	19	1
34	20	0
34	21	0
34	22	0
34	23	0
34	24	0
35	1	0
35	2	0
35	3	0
35	4	0
35	5	1
35	6	1
35	7	1
35	8	0
35	9	1
35	10	1
35	11	0
35	12	0
35	13	0
35	14	0
35	15	0
35	16	1
35	17	0
35	18	1
35	19	0
35	20	0
35	21	0
35	22	1
35	23	1
35	24	0
36	1	0
36	2	0
36	3	1
36	4	0
36	5	0
36	6	0
36	7	0
36	8	0
36	9	0
36	10	0
36	11	0
36	12	1
36	13	0
36	14	0
36	15	0
36	16	0
36	17	1
36	18	0
36	19	0
36	20	0
36	21	0
36	22	0
36	23	0
36	24	0
37	1	0
37	2	0
37	3	0
37	4	0
37	5	0
37	6	0
37	7	0
37	8	0
37	9	1
37	10	0
37	11	0
37	12	0
37	13	1
37	14	1
37	15	0
37	16	0
37	17	1
37	18	1
37	19	0
37	20	0
37	21	0
37	22	0
37	23	1
37	24	0
38	1	0
38	2	0
38	3	1
38	4	1
38	5	1
38	6	1
38	7	0
38	8	0
38	9	0
38	10	0
38	11	0
38	12	0
38	13	1
38	14	0
38	15	0
38	16	0
38	17	0
38	18	0
38	19	0
38	20	1
38	21	0
38	22	0
38	23	0
38	24	1
39	1	0
39	2	1
39	3	0
39	4	1
39	5	0
39	6	0
39	7	1
39	8	0
39	9	0
39	10	0
39	11	0
39	12	1
39	13	0
39	14	0
39	15	1
39	16	0
39	17	1
39	18	0
39	19	0
39	20	1
39	21	0
39	22	0
39	23	1
39	24	0
40	1	0
40	2	0
40	3	0
40	4	0
40	5	0
40	6	1
40	7	0
40	8	0
40	9	1
40	10	0
40	11	0
40	12	0
40	13	0
40	14	0
40	15	0
40	16	0
40	17	1
40	18	0
40	19	1
40	20	0
40	21	0
40	22	0
40	23	0
40	24	0
41	1	0
41	2	0
41	3	0
41	4	0
41	5	0
41	6	0
41	7	0
41	8	0
41	9	0
41	10	0
41	11	1
41	12	1
41	13	1
41	14	0
41	15	1
41	16	0
41	17	0
41	18	0
41	19	0
41	20	1
41	21	0
41	22	0
41	23	1
41	24	0
42	1	1
42	2	1
42	3	0
42	4	0
42	5	0
42	6	0
42	7	0
42	8	0
42	9	0
42	10	0
42	11	0
42	12	0
42	13	0
42	14	0
42	15	0
42	16	0
42	17	0
42	18	0
42	19	0
42	20	0
42	21	0
42	22	0
42	23	0
42	24	0
43	1	0
43	2	0
43	3	1
43	4	0
43	5	0
43	6	0
43	7	0
43	8	1
43	9	0
43	10	0
43	11	1
43	12	0
43	13	0
43	14	1
43	15	1
43	16	0
43	17	1
43	18	1
43	19	0
43	20	1
43	21	0
43	22	0
43	23	1
43	24	0
44	1	1
44	2	0
44	3	0
44	4	1
44	5	0
44	6	0
44	7	0
44	8	0
44	9	0
44	10	0
44	11	1
44	12	0
44	13	1
44	14	1
44	15	0
44	16	1
44	17	0
44	18	0
44	19	1
44	20	1
44	21	0
44	22	0
44	23	0
44	24	1
45	1	0
45	2	0
45	3	0
45	4	1
45	5	1
45	6	0
45	7	1
45	8	1
45	9	0
45	10	0
45	11	1
45	12	1
45	13	0
45	14	1
45	15	0
45	16	0
45	17	1
45	18	0
45	19	0
45	20	0
45	21	1
45	22	1
45	23	1
45	24	1
46	1	1
46	2	1
46	3	0
46	4	0
46	5	1
46	6	0
46	7	0
46	8	0
46	9	0
46	10	0
46	11	0
46	12	1
46	13	0
46	14	0
46	15	0
46	16	0
46	17	0
46	18	0
46	19	0
46	20	0
46	21	1
46	22	0
46	23	1
46	24	0
47	1	1
47	2	0
47	3	0
47	4	0
47	5	1
47	6	1
47	7	0
47	8	0
47	9	1
47	10	0
47	11	1
47	12	0
47	13	0
47	14	0
47	15	0
47	16	0
47	17	0
47	18	0
47	19	1
47	20	0
47	21	0
47	22	0
47	23	1
47	24	1
48	1	0
48	2	0
48	3	0
48	4	1
48	5	0
48	6	0
48	7	0
48	8	1
48	9	0
48	10	1
48	11	0
48	12	0
48	13	0
48	14	1
48	15	0
48	16	0
48	17	1
48	18	1
48	19	0
48	20	0
48	21	1
48	22	0
48	23	1
48	24	0
49	1	0
49	2	1
49	3	0
49	4	0
49	5	1
49	6	0
49	7	0
49	8	0
49	9	0
49	10	0
49	11	0
49	12	1
49	13	1
49	14	0
49	15	1
49	16	0
49	17	0
49	18	0
49	19	1
49	20	0
49	21	1
49	22	0
49	23	1
49	24	0
50	1	1
50	2	1
50	3	0
50	4	0
50	5	1
50	6	0
50	7	1
50	8	0
50	9	0
50	10	1
50	11	0
50	12	0
50	13	0
50	14	0
50	15	0
50	16	0
50	17	1
50	18	0
50	19	0
50	20	0
50	21	0
50	22	1
50	23	0
50	24	0
51	1	0
51	2	0
51	3	0
51	4	1
51	5	0
51	6	0
51	7	0
51	8	0
51	9	1
51	10	1
51	11	0
51	12	0
51	13	0
51	14	1
51	15	1
51	16	1
51	17	0
51	18	0
51	19	1
51	20	0
51	21	1
51	22	1
51	23	0
51	24	1
52	1	0
52	2	1
52	3	1
52	4	0
52	5	0
52	6	0
52	7	0
52	8	0
52	9	1
52	10	1
52	11	0
52	12	0
52	13	0
52	14	0
52	15	0
52	16	0
52	17	1
52	18	0
52	19	0
52	20	0
52	21	0
52	22	0
52	23	0
52	24	1
53	1	0
53	2	1
53	3	0
53	4	0
53	5	0
53	6	0
53	7	0
53	8	0
53	9	1
53	10	0
53	11	1
53	12	0
53	13	0
53	14	0
53	15	1
53	16	0
53	17	1
53	18	1
53	19	0
53	20	0
53	21	0
53	22	0
53	23	0
53	24	0
54	1	1
54	2	0
54	3	0
54	4	1
54	5	1
54	6	1
54	7	0
54	8	1
54	9	1
54	10	1
54	11	0
54	12	1
54	13	0
54	14	0
54	15	0
54	16	0
54	17	0
54	18	1
54	19	0
54	20	0
54	21	0
54	22	0
54	23	0
54	24	0
55	1	1
55	2	0
55	3	1
55	4	1
55	5	0
55	6	1
55	7	0
55	8	1
55	9	0
55	10	0
55	11	0
55	12	1
55	13	0
55	14	0
55	15	0
55	16	0
55	17	1
55	18	1
55	19	1
55	20	0
55	21	0
55	22	0
55	23	1
55	24	0
56	1	0
56	2	0
56	3	0
56	4	1
56	5	1
56	6	0
56	7	0
56	8	1
56	9	1
56	10	1
56	11	0
56	12	0
56	13	0
56	14	0
56	15	0
56	16	1
56	17	1
56	18	0
56	19	1
56	20	0
56	21	0
56	22	0
56	23	1
56	24	0
57	1	0
57	2	0
57	3	0
57	4	0
57	5	0
57	6	0
57	7	0
57	8	1
57	9	0
57	10	1
57	11	1
57	12	1
57	13	0
57	14	0
57	15	1
57	16	1
57	17	1
57	18	0
57	19	0
57	20	0
57	21	0
57	22	0
57	23	0
57	24	0
58	1	1
58	2	1
58	3	1
58	4	1
58	5	1
58	6	0
58	7	0
58	8	0
58	9	0
58	10	0
58	11	1
58	12	0
58	13	0
58	14	0
58	15	0
58	16	1
58	17	1
58	18	0
58	19	0
58	20	0
58	21	0
58	22	0
58	23	0
58	24	0
59	1	0
59	2	0
59	3	0
59	4	0
59	5	0
59	6	0
59	7	0
59	8	0
59	9	0
59	10	0
59	11	1
59	12	1
59	13	0
59	14	0
59	15	0
59	16	1
59	17	0
59	18	0
59	19	0
59	20	0
59	21	0
59	22	1
59	23	0
59	24	0
60	1	1
60	2	1
60	3	0
60	4	0
60	5	0
60	6	0
60	7	0
60	8	0
60	9	0
60	10	0
60	11	1
60	12	0
60	13	0
60	14	0
60	15	0
60	16	0
60	17	0
60	18	1
60	19	1
60	20	0
60	21	1
60	22	0
60	23	1
60	24	0
61	1	0
61	2	0
61	3	0
61	4	0
61	5	1
61	6	0
61	7	0
61	8	0
61	9	1
61	10	0
61	11	0
61	12	0
61	13	1
61	14	0
61	15	1
61	16	0
61	17	0
61	18	1
61	19	0
61	20	1
61	21	1
61	22	0
61	23	0
61	24	1
62	1	0
62	2	0
62	3	0
62	4	0
62	5	0
62	6	0
62	7	0
62	8	0
62	9	0
62	10	0
62	11	0
62	12	0
62	13	1
62	14	0
62	15	0
62	16	0
62	17	0
62	18	0
62	19	0
62	20	0
62	21	0
62	22	0
62	23	1
62	24	0
63	1	1
63	2	0
63	3	0
63	4	0
63	5	1
63	6	1
63	7	1
63	8	0
63	9	1
63	10	0
63	11	0
63	12	0
63	13	0
63	14	0
63	15	1
63	16	1
63	17	1
63	18	1
63	19	1
63	20	1
63	21	0
63	22	0
63	23	0
63	24	0
64	1	0
64	2	0
64	3	1
64	4	1
64	5	0
64	6	1
64	7	0
64	8	1
64	9	0
64	10	0
64	11	1
64	12	0
64	13	0
64	14	1
64	15	0
64	16	0
64	17	0
64	18	1
64	19	0
64	20	0
64	21	1
64	22	0
64	23	1
64	24	0
65	1	0
65	2	1
65	3	0
65	4	0
65	5	0
65	6	0
65	7	0
65	8	1
65	9	0
65	10	0
65	11	0
65	12	1
65	13	1
65	14	0
65	15	0
65	16	0
65	17	0
65	18	0
65	19	0
65	20	0
65	21	0
65	22	1
65	23	0
65	24	0
66	1	0
66	2	1
66	3	0
66	4	1
66	5	1
66	6	0
66	7	0
66	8	0
66	9	0
66	10	0
66	11	0
66	12	1
66	13	0
66	14	1
66	15	0
66	16	0
66	17	0
66	18	1
66	19	1
66	20	0
66	21	1
66	22	0
66	23	0
66	24	0
67	1	0
67	2	1
67	3	0
67	4	1
67	5	0
67	6	0
67	7	1
67	8	0
67	9	0
67	10	0
67	11	0
67	12	0
67	13	0
67	14	0
67	15	0
67	16	1
67	17	0
67	18	0
67	19	0
67	20	0
67	21	1
67	22	0
67	23	0
67	24	0
68	1	0
68	2	0
68	3	0
68	4	0
68	5	1
68	6	0
68	7	0
68	8	1
68	9	1
68	10	0
68	11	0
68	12	0
68	13	0
68	14	0
68	15	0
68	16	0
68	17	0
68	18	0
68	19	0
68	20	0
68	21	0
68	22	0
68	23	0
68	24	0
69	1	0
69	2	0
69	3	0
69	4	1
69	5	0
69	6	0
69	7	0
69	8	0
69	9	0
69	10	0
69	11	1
69	12	0
69	13	0
69	14	0
69	15	0
69	16	0
69	17	0
69	18	0
69	19	0
69	20	0
69	21	0
69	22	1
69	23	1
69	24	0
70	1	0
70	2	1
70	3	0
70	4	0
70	5	1
70	6	0
70	7	0
70	8	1
70	9	0
70	10	1
70	11	0
70	12	0
70	13	0
70	14	0
70	15	0
70	16	1
70	17	1
70	18	0
70	19	1
70	20	1
70	21	0
70	22	0
70	23	1
70	24	1
71	1	0
71	2	1
71	3	0
71	4	1
71	5	0
71	6	1
71	7	0
71	8	1
71	9	0
71	10	1
71	11	0
71	12	0
71	13	0
71	14	0
71	15	1
71	16	0
71	17	0
71	18	1
71	19	1
71	20	1
71	21	0
71	22	0
71	23	0
71	24	1
72	1	0
72	2	0
72	3	0
72	4	0
72	5	1
72	6	0
72	7	0
72	8	0
72	9	0
72	10	1
72	11	1
72	12	0
72	13	0
72	14	1
72	15	0
72	16	1
72	17	1
72	18	0
72	19	0
72	20	0
72	21	0
72	22	0
72	23	0
72	24	0
73	1	0
73	2	0
73	3	0
73	4	0
73	5	0
73	6	0
73	7	0
73	8	0
73	9	0
73	10	0
73	11	0
73	12	0
73	13	1
73	14	1
73	15	0
73	16	0
73	17	0
73	18	1
73	19	1
73	20	0
73	21	0
73	22	0
73	23	1
73	24	0
74	1	0
74	2	0
74	3	0
74	4	1
74	5	0
74	6	1
74	7	1
74	8	1
74	9	0
74	10	0
74	11	0
74	12	1
74	13	0
74	14	0
74	15	0
74	16	1
74	17	1
74	18	0
74	19	0
74	20	1
74	21	0
74	22	0
74	23	0
74	24	0
75	1	1
75	2	0
75	3	0
75	4	0
75	5	0
75	6	0
75	7	1
75	8	0
75	9	0
75	10	0
75	11	0
75	12	0
75	13	1
75	14	0
75	15	0
75	16	0
75	17	1
75	18	1
75	19	1
75	20	0
75	21	1
75	22	0
75	23	0
75	24	0
76	1	0
76	2	0
76	3	0
76	4	0
76	5	0
76	6	0
76	7	0
76	8	1
76	9	0
76	10	1
76	11	0
76	12	0
76	13	0
76	14	0
76	15	1
76	16	0
76	17	0
76	18	0
76	19	0
76	20	0
76	21	0
76	22	0
76	23	1
76	24	1
77	1	1
77	2	0
77	3	1
77	4	1
77	5	0
77	6	0
77	7	0
77	8	0
77	9	1
77	10	0
77	11	1
77	12	0
77	13	0
77	14	0
77	15	0
77	16	1
77	17	0
77	18	1
77	19	0
77	20	0
77	21	1
77	22	0
77	23	0
77	24	0
78	1	1
78	2	0
78	3	0
78	4	0
78	5	0
78	6	0
78	7	0
78	8	0
78	9	0
78	10	0
78	11	0
78	12	0
78	13	1
78	14	0
78	15	0
78	16	1
78	17	0
78	18	1
78	19	1
78	20	0
78	21	0
78	22	1
78	23	0
78	24	1
79	1	0
79	2	0
79	3	0
79	4	1
79	5	0
79	6	0
79	7	1
79	8	0
79	9	0
79	10	0
79	11	0
79	12	0
79	13	0
79	14	0
79	15	0
79	16	0
79	17	1
79	18	1
79	19	0
79	20	0
79	21	1
79	22	1
79	23	0
79	24	0
80	1	0
80	2	1
80	3	1
80	4	0
80	5	0
80	6	1
80	7	0
80	8	0
80	9	1
80	10	0
80	11	0
80	12	0
80	13	0
80	14	0
80	15	0
80	16	1
80	17	0
80	18	0
80	19	0
80	20	1
80	21	0
80	22	0
80	23	0
80	24	1
81	1	0
81	2	0
81	3	0
81	4	0
81	5	1
81	6	0
81	7	0
81	8	0
81	9	1
81	10	0
81	11	1
81	12	1
81	13	1
81	14	0
81	15	1
81	16	1
81	17	1
81	18	1
81	19	1
81	20	0
81	21	0
81	22	0
81	23	1
81	24	0
82	1	0
82	2	0
82	3	1
82	4	1
82	5	1
82	6	0
82	7	1
82	8	1
82	9	0
82	10	0
82	11	1
82	12	1
82	13	0
82	14	0
82	15	1
82	16	0
82	17	0
82	18	1
82	19	0
82	20	0
82	21	1
82	22	0
82	23	0
82	24	0
83	1	1
83	2	0
83	3	0
83	4	0
83	5	0
83	6	0
83	7	0
83	8	0
83	9	1
83	10	0
83	11	0
83	12	0
83	13	1
83	14	0
83	15	0
83	16	0
83	17	1
83	18	0
83	19	0
83	20	1
83	21	0
83	22	0
83	23	1
83	24	0
84	1	0
84	2	0
84	3	0
84	4	1
84	5	1
84	6	0
84	7	1
84	8	0
84	9	0
84	10	0
84	11	0
84	12	0
84	13	1
84	14	0
84	15	0
84	16	0
84	17	0
84	18	0
84	19	0
84	20	0
84	21	1
84	22	0
84	23	0
84	24	0
85	1	1
85	2	1
85	3	1
85	4	0
85	5	0
85	6	1
85	7	0
85	8	0
85	9	1
85	10	0
85	11	1
85	12	1
85	13	0
85	14	1
85	15	1
85	16	0
85	17	1
85	18	0
85	19	0
85	20	0
85	21	0
85	22	0
85	23	0
85	24	1
86	1	0
86	2	0
86	3	0
86	4	1
86	5	0
86	6	0
86	7	0
86	8	0
86	9	0
86	10	1
86	11	1
86	12	1
86	13	0
86	14	1
86	15	1
86	16	0
86	17	1
86	18	1
86	19	0
86	20	1
86	21	0
86	22	0
86	23	0
86	24	0
87	1	0
87	2	0
87	3	0
87	4	1
87	5	0
87	6	0
87	7	0
87	8	1
87	9	0
87	10	0
87	11	0
87	12	0
87	13	0
87	14	1
87	15	1
87	16	0
87	17	0
87	18	0
87	19	0
87	20	1
87	21	0
87	22	1
87	23	1
87	24	1
88	1	0
88	2	0
88	3	0
88	4	0
88	5	0
88	6	0
88	7	0
88	8	1
88	9	0
88	10	0
88	11	1
88	12	0
88	13	1
88	14	0
88	15	0
88	16	0
88	17	1
88	18	0
88	19	0
88	20	0
88	21	0
88	22	1
88	23	1
88	24	0
89	1	0
89	2	1
89	3	0
89	4	0
89	5	0
89	6	0
89	7	1
89	8	0
89	9	1
89	10	0
89	11	1
89	12	0
89	13	0
89	14	0
89	15	1
89	16	0
89	17	1
89	18	0
89	19	0
89	20	0
89	21	0
89	22	0
89	23	0
89	24	1
90	1	1
90	2	0
90	3	0
90	4	0
90	5	0
90	6	0
90	7	0
90	8	0
90	9	1
90	10	0
90	11	1
90	12	1
90	13	1
90	14	1
90	15	1
90	16	0
90	17	0
90	18	0
90	19	1
90	20	0
90	21	0
90	22	0
90	23	0
90	24	0
91	1	0
91	2	0
91	3	1
91	4	1
91	5	0
91	6	0
91	7	0
91	8	0
91	9	0
91	10	0
91	11	0
91	12	0
91	13	0
91	14	0
91	15	0
91	16	1
91	17	0
91	18	1
91	19	0
91	20	0
91	21	0
91	22	0
91	23	0
91	24	1
92	1	0
92	2	1
92	3	0
92	4	0
92	5	1
92	6	0
92	7	0
92	8	1
92	9	0
92	10	1
92	11	0
92	12	0
92	13	0
92	14	0
92	15	0
92	16	0
92	17	0
92	18	0
92	19	1
92	20	1
92	21	0
92	22	0
92	23	0
92	24	0
93	1	0
93	2	0
93	3	1
93	4	0
93	5	0
93	6	0
93	7	1
93	8	0
93	9	0
93	10	0
93	11	0
93	12	0
93	13	0
93	14	0
93	15	0
93	16	0
93	17	1
93	18	1
93	19	0
93	20	0
93	21	0
93	22	0
93	23	0
93	24	0
94	1	0
94	2	0
94	3	1
94	4	0
94	5	0
94	6	0
94	7	0
94	8	1
94	9	0
94	10	0
94	11	0
94	12	0
94	13	1
94	14	0
94	15	0
94	16	0
94	17	0
94	18	1
94	19	0
94	20	0
94	21	1
94	22	0
94	23	1
94	24	1
95	1	0
95	2	0
95	3	1
95	4	0
95	5	0
95	6	0
95	7	0
95	8	0
95	9	0
95	10	0
95	11	1
95	12	1
95	13	1
95	14	1
95	15	1
95	16	0
95	17	0
95	18	1
95	19	0
95	20	0
95	21	0
95	22	0
95	23	0
95	24	0
96	1	0
96	2	1
96	3	0
96	4	1
96	5	0
96	6	0
96	7	0
96	8	0
96	9	0
96	10	0
96	11	0
96	12	0
96	13	0
96	14	1
96	15	0
96	16	1
96	17	0
96	18	0
96	19	0
96	20	0
96	21	0
96	22	0
96	23	0
96	24	0
97	1	0
97	2	0
97	3	0
97	4	0
97	5	0
97	6	0
97	7	0
97	8	1
97	9	0
97	10	0
97	11	0
97	12	0
97	13	0
97	14	0
97	15	1
97	16	1
97	17	1
97	18	0
97	19	0
97	20	1
97	21	0
97	22	0
97	23	0
97	24	1
98	1	0
98	2	0
98	3	0
98	4	0
98	5	0
98	6	1
98	7	0
98	8	0
98	9	0
98	10	0
98	11	0
98	12	0
98	13	0
98	14	1
98	15	0
98	16	1
98	17	0
98	18	1
98	19	0
98	20	0
98	21	0
98	22	0
98	23	0
98	24	1
99	1	1
99	2	0
99	3	0
99	4	1
99	5	0
99	6	0
99	7	1
99	8	0
99	9	0
99	10	0
99	11	1
99	12	1
99	13	0
99	14	1
99	15	1
99	16	1
99	17	0
99	18	1
99	19	0
99	20	0
99	21	1
99	22	0
99	23	0
99	24	0
100	1	1
100	2	1
100	3	0
100	4	0
100	5	0
100	6	0
100	7	0
100	8	1
100	9	0
100	10	0
100	11	1
100	12	1
100	13	0
100	14	1
100	15	1
100	16	0
100	17	0
100	18	0
100	19	0
100	20	0
100	21	1
100	22	0
100	23	0
100	24	0
101	1	0
101	2	0
101	3	0
101	4	0
101	5	0
101	6	0
101	7	0
101	8	1
101	9	0
101	10	1
101	11	0
101	12	1
101	13	1
101	14	0
101	15	0
101	16	0
101	17	0
101	18	0
101	19	0
101	20	1
101	21	1
101	22	0
101	23	0
101	24	0
102	1	1
102	2	0
102	3	0
102	4	1
102	5	0
102	6	0
102	7	1
102	8	1
102	9	0
102	10	0
102	11	1
102	12	1
102	13	0
102	14	1
102	15	1
102	16	0
102	17	0
102	18	0
102	19	0
102	20	0
102	21	0
102	22	1
102	23	1
102	24	1
103	1	1
103	2	0
103	3	0
103	4	0
103	5	1
103	6	0
103	7	0
103	8	1
103	9	1
103	10	0
103	11	0
103	12	0
103	13	0
103	14	1
103	15	0
103	16	0
103	17	1
103	18	0
103	19	1
103	20	1
103	21	0
103	22	0
103	23	1
103	24	0
104	1	0
104	2	1
104	3	0
104	4	1
104	5	0
104	6	1
104	7	0
104	8	0
104	9	0
104	10	0
104	11	0
104	12	0
104	13	1
104	14	0
104	15	0
104	16	0
104	17	0
104	18	0
104	19	0
104	20	0
104	21	0
104	22	0
104	23	0
104	24	0
105	1	0
105	2	0
105	3	0
105	4	0
105	5	0
105	6	0
105	7	0
105	8	0
105	9	1
105	10	0
105	11	0
105	12	0
105	13	0
105	14	0
105	15	1
105	16	1
105	17	1
105	18	1
105	19	0
105	20	0
105	21	0
105	22	0
105	23	0
105	24	0
106	1	1
106	2	0
106	3	0
106	4	1
106	5	0
106	6	1
106	7	0
106	8	1
106	9	0
106	10	0
106	11	0
106	12	0
106	13	0
106	14	0
106	15	1
106	16	0
106	17	0
106	18	0
106	19	0
106	20	0
106	21	0
106	22	0
106	23	0
106	24	0
107	1	0
107	2	0
107	3	1
107	4	1
107	5	1
107	6	0
107	7	1
107	8	1
107	9	0
107	10	0
107	11	0
107	12	0
107	13	0
107	14	0
107	15	0
107	16	0
107	17	1
107	18	1
107	19	0
107	20	0
107	21	0
107	22	0
107	23	0
107	24	1
108	1	1
108	2	1
108	3	0
108	4	1
108	5	1
108	6	0
108	7	0
108	8	1
108	9	1
108	10	1
108	11	0
108	12	0
108	13	1
108	14	1
108	15	0
108	16	0
108	17	0
108	18	1
108	19	1
108	20	0
108	21	0
108	22	0
108	23	0
108	24	0
109	1	1
109	2	1
109	3	1
109	4	0
109	5	0
109	6	0
109	7	0
109	8	0
109	9	1
109	10	0
109	11	0
109	12	1
109	13	0
109	14	0
109	15	0
109	16	0
109	17	1
109	18	1
109	19	0
109	20	0
109	21	1
109	22	1
109	23	1
109	24	1
110	1	0
110	2	1
110	3	0
110	4	0
110	5	0
110	6	0
110	7	1
110	8	0
110	9	0
110	10	0
110	11	1
110	12	0
110	13	1
110	14	0
110	15	0
110	16	0
110	17	0
110	18	0
110	19	1
110	20	0
110	21	1
110	22	0
110	23	0
110	24	0
111	1	0
111	2	0
111	3	0
111	4	0
111	5	0
111	6	0
111	7	1
111	8	0
111	9	0
111	10	0
111	11	1
111	12	0
111	13	0
111	14	0
111	15	0
111	16	0
111	17	1
111	18	0
111	19	0
111	20	0
111	21	1
111	22	0
111	23	1
111	24	0
112	1	0
112	2	0
112	3	0
112	4	0
112	5	1
112	6	1
112	7	0
112	8	0
112	9	0
112	10	0
112	11	0
112	12	0
112	13	0
112	14	0
112	15	0
112	16	0
112	17	0
112	18	0
112	19	1
112	20	0
112	21	0
112	22	0
112	23	0
112	24	0
