Node	Time	EnergyCarrier	ReferenceDemand
3	1	Electricity	33.00030394342352
3	2	Electricity	32.42945415576956
3	3	Electricity	32.10034448716924
3	4	Electricity	32.29965278983798
3	5	Electricity	33.22296246800808
3	6	Electricity	37.74368444827439
3	7	Electricity	48.07753314613209
3	8	Electricity	59.754854973083475
3	9	Electricity	74.80054893200703
3	10	Electricity	85.38275707953918
3	11	Electricity	90.84213623672812
3	12	Electricity	91.34487945588342
3	13	Electricity	83.2955626943042
3	14	Electricity	84.03622677961094
3	15	Electricity	92.4924765146778
3	16	Electricity	92.07706291417823
3	17	Electricity	89.80797412329783
3	18	Electricity	83.78389772810857
3	19	Electricity	75.51596585004518
3	20	Electricity	61.27488932687648
3	21	Electricity	45.88142082021586
3	22	Electricity	38.721254937204975
3	23	Electricity	36.71292839423745
3	24	Electricity	35.29591470033408
3	1	LT	2.386579902822217
3	2	LT	2.386579902822217
3	3	LT	2.386579902822217
3	4	LT	2.386579902822217
3	5	LT	2.386579902822217
3	6	LT	2.386579902822217
3	7	LT	2.386579902822217
3	8	LT	6.575027632275209
3	9	LT	7.336346621275497
3	10	LT	8.097665610275783
3	11	LT	8.097665610275783
3	12	LT	9.689514405458203
3	13	LT	9.689514405458203
3	14	LT	6.43660599791152
3	15	LT	9.689514405458203
3	16	LT	9.689514405458203
3	17	LT	8.096472320324374
3	18	LT	6.437799287862931
3	19	LT	2.386579902822217
3	20	LT	2.386579902822217
3	21	LT	2.386579902822217
3	22	LT	2.386579902822217
3	23	LT	2.386579902822217
3	24	LT	2.386579902822217
3	1	MT	41.012189976210045
3	2	MT	41.012189976210045
3	3	MT	41.012189976210045
3	4	MT	41.012189976210045
3	5	MT	41.012189976210045
3	6	MT	41.012189976210045
3	7	MT	41.012189976210045
3	8	MT	164.2067545761504
3	9	MT	183.22016826391518
3	10	MT	202.23358195167995
3	11	MT	202.23358195167995
3	12	MT	241.9889014806427
3	13	MT	241.9889014806427
3	14	MT	160.74977026928408
3	15	MT	241.9889014806427
3	16	MT	241.9889014806427
3	17	MT	145.1860642196266
3	18	MT	65.19659834188076
3	19	MT	41.012189976210045
3	20	MT	41.012189976210045
3	21	MT	41.012189976210045
3	22	MT	41.012189976210045
3	23	MT	41.012189976210045
3	24	MT	41.012189976210045
3	1	H2	0.0
3	2	H2	0.0
3	3	H2	0.0
3	4	H2	0.0
3	5	H2	0.0
3	6	H2	0.0
3	7	H2	0.0
3	8	H2	0.0
3	9	H2	0.0
3	10	H2	0.0
3	11	H2	0.0
3	12	H2	0.0
3	13	H2	0.0
3	14	H2	0.0
3	15	H2	0.0
3	16	H2	0.0
3	17	H2	0.0
3	18	H2	0.0
3	19	H2	0.0
3	20	H2	0.0
3	21	H2	0.0
3	22	H2	0.0
3	23	H2	0.0
3	24	H2	0.0
3	1	CH4	0.0
3	2	CH4	0.0
3	3	CH4	0.0
3	4	CH4	0.0
3	5	CH4	0.0
3	6	CH4	0.0
3	7	CH4	0.0
3	8	CH4	0.0
3	9	CH4	0.0
3	10	CH4	0.0
3	11	CH4	0.0
3	12	CH4	0.0
3	13	CH4	0.0
3	14	CH4	0.0
3	15	CH4	0.0
3	16	CH4	0.0
3	17	CH4	0.0
3	18	CH4	0.0
3	19	CH4	0.0
3	20	CH4	0.0
3	21	CH4	0.0
3	22	CH4	0.0
3	23	CH4	0.0
3	24	CH4	0.0
3	1	Biogas	0.0
3	2	Biogas	0.0
3	3	Biogas	0.0
3	4	Biogas	0.0
3	5	Biogas	0.0
3	6	Biogas	0.0
3	7	Biogas	0.0
3	8	Biogas	0.0
3	9	Biogas	0.0
3	10	Biogas	0.0
3	11	Biogas	0.0
3	12	Biogas	0.0
3	13	Biogas	0.0
3	14	Biogas	0.0
3	15	Biogas	0.0
3	16	Biogas	0.0
3	17	Biogas	0.0
3	18	Biogas	0.0
3	19	Biogas	0.0
3	20	Biogas	0.0
3	21	Biogas	0.0
3	22	Biogas	0.0
3	23	Biogas	0.0
3	24	Biogas	0.0
3	1	CH4_H2_Mix	0.0
3	2	CH4_H2_Mix	0.0
3	3	CH4_H2_Mix	0.0
3	4	CH4_H2_Mix	0.0
3	5	CH4_H2_Mix	0.0
3	6	CH4_H2_Mix	0.0
3	7	CH4_H2_Mix	0.0
3	8	CH4_H2_Mix	0.0
3	9	CH4_H2_Mix	0.0
3	10	CH4_H2_Mix	0.0
3	11	CH4_H2_Mix	0.0
3	12	CH4_H2_Mix	0.0
3	13	CH4_H2_Mix	0.0
3	14	CH4_H2_Mix	0.0
3	15	CH4_H2_Mix	0.0
3	16	CH4_H2_Mix	0.0
3	17	CH4_H2_Mix	0.0
3	18	CH4_H2_Mix	0.0
3	19	CH4_H2_Mix	0.0
3	20	CH4_H2_Mix	0.0
3	21	CH4_H2_Mix	0.0
3	22	CH4_H2_Mix	0.0
3	23	CH4_H2_Mix	0.0
3	24	CH4_H2_Mix	0.0
3	1	DummyFuel	0.0
3	2	DummyFuel	0.0
3	3	DummyFuel	0.0
3	4	DummyFuel	0.0
3	5	DummyFuel	0.0
3	6	DummyFuel	0.0
3	7	DummyFuel	0.0
3	8	DummyFuel	0.0
3	9	DummyFuel	0.0
3	10	DummyFuel	0.0
3	11	DummyFuel	0.0
3	12	DummyFuel	0.0
3	13	DummyFuel	0.0
3	14	DummyFuel	0.0
3	15	DummyFuel	0.0
3	16	DummyFuel	0.0
3	17	DummyFuel	0.0
3	18	DummyFuel	0.0
3	19	DummyFuel	0.0
3	20	DummyFuel	0.0
3	21	DummyFuel	0.0
3	22	DummyFuel	0.0
3	23	DummyFuel	0.0
3	24	DummyFuel	0.0
4	1	Electricity	31.74338058977926
4	2	Electricity	31.104360790129828
4	3	Electricity	30.67718670612341
4	4	Electricity	30.540402222938685
4	5	Electricity	31.609628599327685
4	6	Electricity	35.54685691348108
4	7	Electricity	44.664123073717796
4	8	Electricity	53.36688700030021
4	9	Electricity	66.90598150065118
4	10	Electricity	78.27681281116676
4	11	Electricity	83.5486140490044
4	12	Electricity	85.31278247504471
4	13	Electricity	78.07068392720018
4	14	Electricity	77.8415941221679
4	15	Electricity	85.29170709774489
4	16	Electricity	85.33607378876161
4	17	Electricity	83.98419540981375
4	18	Electricity	79.21130600187341
4	19	Electricity	72.39121778467039
4	20	Electricity	58.40418123513254
4	21	Electricity	44.15457085220957
4	22	Electricity	37.86835200900928
4	23	Electricity	35.35886772622229
4	24	Electricity	33.752080547385816
4	1	LT	2.011687203940893
4	2	LT	2.011687203940893
4	3	LT	2.011687203940893
4	4	LT	2.011687203940893
4	5	LT	2.011687203940893
4	6	LT	2.011687203940893
4	7	LT	2.011687203940893
4	8	LT	5.451023391323709
4	9	LT	6.813779239154636
4	10	LT	7.4951571630701
4	11	LT	7.4951571630701
4	12	LT	8.857913010901028
4	13	LT	8.857913010901028
4	14	LT	6.132401315239173
4	15	LT	8.857913010901028
4	16	LT	7.4951571630701
4	17	LT	6.489313561099655
4	18	LT	5.451023391323709
4	19	LT	2.011687203940893
4	20	LT	2.011687203940893
4	21	LT	2.011687203940893
4	22	LT	2.011687203940893
4	23	LT	2.011687203940893
4	24	LT	2.011687203940893
4	1	MT	57.52112994153771
4	2	MT	35.719813948068335
4	3	MT	35.719813948068335
4	4	MT	35.719813948068335
4	5	MT	35.719813948068335
4	6	MT	35.719813948068335
4	7	MT	35.719813948068335
4	8	MT	148.78774631318456
4	9	MT	185.9846828914807
4	10	MT	204.58315118062876
4	11	MT	204.58315118062876
4	12	MT	241.78008775892494
4	13	MT	241.78008775892494
4	14	MT	167.38621460233264
4	15	MT	241.78008775892494
4	16	MT	186.72284230905578
4	17	MT	90.8813050506889
4	18	MT	61.24707747786909
4	19	MT	37.39683825525829
4	20	MT	35.719813948068335
4	21	MT	35.719813948068335
4	22	MT	35.719813948068335
4	23	MT	35.719813948068335
4	24	MT	35.719813948068335
4	1	H2	0.0
4	2	H2	0.0
4	3	H2	0.0
4	4	H2	0.0
4	5	H2	0.0
4	6	H2	0.0
4	7	H2	0.0
4	8	H2	0.0
4	9	H2	0.0
4	10	H2	0.0
4	11	H2	0.0
4	12	H2	0.0
4	13	H2	0.0
4	14	H2	0.0
4	15	H2	0.0
4	16	H2	0.0
4	17	H2	0.0
4	18	H2	0.0
4	19	H2	0.0
4	20	H2	0.0
4	21	H2	0.0
4	22	H2	0.0
4	23	H2	0.0
4	24	H2	0.0
4	1	CH4	0.0
4	2	CH4	0.0
4	3	CH4	0.0
4	4	CH4	0.0
4	5	CH4	0.0
4	6	CH4	0.0
4	7	CH4	0.0
4	8	CH4	0.0
4	9	CH4	0.0
4	10	CH4	0.0
4	11	CH4	0.0
4	12	CH4	0.0
4	13	CH4	0.0
4	14	CH4	0.0
4	15	CH4	0.0
4	16	CH4	0.0
4	17	CH4	0.0
4	18	CH4	0.0
4	19	CH4	0.0
4	20	CH4	0.0
4	21	CH4	0.0
4	22	CH4	0.0
4	23	CH4	0.0
4	24	CH4	0.0
4	1	Biogas	0.0
4	2	Biogas	0.0
4	3	Biogas	0.0
4	4	Biogas	0.0
4	5	Biogas	0.0
4	6	Biogas	0.0
4	7	Biogas	0.0
4	8	Biogas	0.0
4	9	Biogas	0.0
4	10	Biogas	0.0
4	11	Biogas	0.0
4	12	Biogas	0.0
4	13	Biogas	0.0
4	14	Biogas	0.0
4	15	Biogas	0.0
4	16	Biogas	0.0
4	17	Biogas	0.0
4	18	Biogas	0.0
4	19	Biogas	0.0
4	20	Biogas	0.0
4	21	Biogas	0.0
4	22	Biogas	0.0
4	23	Biogas	0.0
4	24	Biogas	0.0
4	1	CH4_H2_Mix	0.0
4	2	CH4_H2_Mix	0.0
4	3	CH4_H2_Mix	0.0
4	4	CH4_H2_Mix	0.0
4	5	CH4_H2_Mix	0.0
4	6	CH4_H2_Mix	0.0
4	7	CH4_H2_Mix	0.0
4	8	CH4_H2_Mix	0.0
4	9	CH4_H2_Mix	0.0
4	10	CH4_H2_Mix	0.0
4	11	CH4_H2_Mix	0.0
4	12	CH4_H2_Mix	0.0
4	13	CH4_H2_Mix	0.0
4	14	CH4_H2_Mix	0.0
4	15	CH4_H2_Mix	0.0
4	16	CH4_H2_Mix	0.0
4	17	CH4_H2_Mix	0.0
4	18	CH4_H2_Mix	0.0
4	19	CH4_H2_Mix	0.0
4	20	CH4_H2_Mix	0.0
4	21	CH4_H2_Mix	0.0
4	22	CH4_H2_Mix	0.0
4	23	CH4_H2_Mix	0.0
4	24	CH4_H2_Mix	0.0
4	1	DummyFuel	0.0
4	2	DummyFuel	0.0
4	3	DummyFuel	0.0
4	4	DummyFuel	0.0
4	5	DummyFuel	0.0
4	6	DummyFuel	0.0
4	7	DummyFuel	0.0
4	8	DummyFuel	0.0
4	9	DummyFuel	0.0
4	10	DummyFuel	0.0
4	11	DummyFuel	0.0
4	12	DummyFuel	0.0
4	13	DummyFuel	0.0
4	14	DummyFuel	0.0
4	15	DummyFuel	0.0
4	16	DummyFuel	0.0
4	17	DummyFuel	0.0
4	18	DummyFuel	0.0
4	19	DummyFuel	0.0
4	20	DummyFuel	0.0
4	21	DummyFuel	0.0
4	22	DummyFuel	0.0
4	23	DummyFuel	0.0
4	24	DummyFuel	0.0
5	1	Electricity	40.42654278149875
5	2	Electricity	40.81000102774176
5	3	Electricity	41.182892688646305
5	4	Electricity	41.438987810982255
5	5	Electricity	42.9019243351546
5	6	Electricity	47.93536974896943
5	7	Electricity	58.86843198752035
5	8	Electricity	71.27386629816274
5	9	Electricity	86.17663064794789
5	10	Electricity	96.38285644307548
5	11	Electricity	99.93459236653753
5	12	Electricity	98.32406805156134
5	13	Electricity	87.78194760482353
5	14	Electricity	86.20283960241267
5	15	Electricity	93.00312447935976
5	16	Electricity	92.21428184849714
5	17	Electricity	90.16764569487894
5	18	Electricity	84.69101555667488
5	19	Electricity	78.22594199623052
5	20	Electricity	67.12914184707998
5	21	Electricity	51.56752215424069
5	22	Electricity	44.365545461277456
5	23	Electricity	42.412268946914836
5	24	Electricity	42.23202508566112
5	1	LT	16.908933834386566
5	2	LT	16.908933834386566
5	3	LT	16.908933834386566
5	4	LT	16.908933834386566
5	5	LT	16.908933834386566
5	6	LT	16.908933834386566
5	7	LT	16.908933834386566
5	8	LT	46.58411271373498
5	9	LT	51.9780626069043
5	10	LT	57.37201250007361
5	11	LT	57.37201250007361
5	12	LT	68.65027136760943
5	13	LT	68.65027136760943
5	14	LT	45.603394551340564
5	15	LT	68.65027136760943
5	16	LT	68.65027136760943
5	17	LT	57.36355803315642
5	18	LT	45.61184901825775
5	19	LT	16.908933834386566
5	20	LT	16.908933834386566
5	21	LT	16.908933834386566
5	22	LT	16.908933834386566
5	23	LT	16.908933834386566
5	24	LT	16.908933834386566
5	1	MT	71.27638914218633
5	2	MT	71.27638914218633
5	3	MT	71.27638914218633
5	4	MT	71.27638914218633
5	5	MT	71.27638914218633
5	6	MT	71.27638914218633
5	7	MT	71.27638914218633
5	8	MT	266.9535500813127
5	9	MT	297.86396114335946
5	10	MT	328.7743722054062
5	11	MT	328.7743722054062
5	12	MT	393.40523169877656
5	13	MT	393.40523169877656
5	14	MT	261.33347534275873
5	15	MT	393.40523169877656
5	16	MT	393.40523169877656
5	17	MT	250.14609461926932
5	18	MT	129.6528023277604
5	19	MT	71.27638914218633
5	20	MT	71.27638914218633
5	21	MT	71.27638914218633
5	22	MT	71.27638914218633
5	23	MT	71.27638914218633
5	24	MT	71.27638914218633
5	1	H2	0.0
5	2	H2	0.0
5	3	H2	0.0
5	4	H2	0.0
5	5	H2	0.0
5	6	H2	0.0
5	7	H2	0.0
5	8	H2	0.0
5	9	H2	0.0
5	10	H2	0.0
5	11	H2	0.0
5	12	H2	0.0
5	13	H2	0.0
5	14	H2	0.0
5	15	H2	0.0
5	16	H2	0.0
5	17	H2	0.0
5	18	H2	0.0
5	19	H2	0.0
5	20	H2	0.0
5	21	H2	0.0
5	22	H2	0.0
5	23	H2	0.0
5	24	H2	0.0
5	1	CH4	0.0
5	2	CH4	0.0
5	3	CH4	0.0
5	4	CH4	0.0
5	5	CH4	0.0
5	6	CH4	0.0
5	7	CH4	0.0
5	8	CH4	0.0
5	9	CH4	0.0
5	10	CH4	0.0
5	11	CH4	0.0
5	12	CH4	0.0
5	13	CH4	0.0
5	14	CH4	0.0
5	15	CH4	0.0
5	16	CH4	0.0
5	17	CH4	0.0
5	18	CH4	0.0
5	19	CH4	0.0
5	20	CH4	0.0
5	21	CH4	0.0
5	22	CH4	0.0
5	23	CH4	0.0
5	24	CH4	0.0
5	1	Biogas	0.0
5	2	Biogas	0.0
5	3	Biogas	0.0
5	4	Biogas	0.0
5	5	Biogas	0.0
5	6	Biogas	0.0
5	7	Biogas	0.0
5	8	Biogas	0.0
5	9	Biogas	0.0
5	10	Biogas	0.0
5	11	Biogas	0.0
5	12	Biogas	0.0
5	13	Biogas	0.0
5	14	Biogas	0.0
5	15	Biogas	0.0
5	16	Biogas	0.0
5	17	Biogas	0.0
5	18	Biogas	0.0
5	19	Biogas	0.0
5	20	Biogas	0.0
5	21	Biogas	0.0
5	22	Biogas	0.0
5	23	Biogas	0.0
5	24	Biogas	0.0
5	1	CH4_H2_Mix	0.0
5	2	CH4_H2_Mix	0.0
5	3	CH4_H2_Mix	0.0
5	4	CH4_H2_Mix	0.0
5	5	CH4_H2_Mix	0.0
5	6	CH4_H2_Mix	0.0
5	7	CH4_H2_Mix	0.0
5	8	CH4_H2_Mix	0.0
5	9	CH4_H2_Mix	0.0
5	10	CH4_H2_Mix	0.0
5	11	CH4_H2_Mix	0.0
5	12	CH4_H2_Mix	0.0
5	13	CH4_H2_Mix	0.0
5	14	CH4_H2_Mix	0.0
5	15	CH4_H2_Mix	0.0
5	16	CH4_H2_Mix	0.0
5	17	CH4_H2_Mix	0.0
5	18	CH4_H2_Mix	0.0
5	19	CH4_H2_Mix	0.0
5	20	CH4_H2_Mix	0.0
5	21	CH4_H2_Mix	0.0
5	22	CH4_H2_Mix	0.0
5	23	CH4_H2_Mix	0.0
5	24	CH4_H2_Mix	0.0
5	1	DummyFuel	0.0
5	2	DummyFuel	0.0
5	3	DummyFuel	0.0
5	4	DummyFuel	0.0
5	5	DummyFuel	0.0
5	6	DummyFuel	0.0
5	7	DummyFuel	0.0
5	8	DummyFuel	0.0
5	9	DummyFuel	0.0
5	10	DummyFuel	0.0
5	11	DummyFuel	0.0
5	12	DummyFuel	0.0
5	13	DummyFuel	0.0
5	14	DummyFuel	0.0
5	15	DummyFuel	0.0
5	16	DummyFuel	0.0
5	17	DummyFuel	0.0
5	18	DummyFuel	0.0
5	19	DummyFuel	0.0
5	20	DummyFuel	0.0
5	21	DummyFuel	0.0
5	22	DummyFuel	0.0
5	23	DummyFuel	0.0
5	24	DummyFuel	0.0
6	1	Electricity	37.7629438568252
6	2	Electricity	38.207730732204006
6	3	Electricity	38.312090065078635
6	4	Electricity	38.9120231219151
6	5	Electricity	41.417666818163994
6	6	Electricity	47.572692997789986
6	7	Electricity	58.940760690328105
6	8	Electricity	71.66458857142297
6	9	Electricity	87.33026466964169
6	10	Electricity	98.53934898932327
6	11	Electricity	102.07999932721168
6	12	Electricity	101.13691202569827
6	13	Electricity	91.11108799113435
6	14	Electricity	91.04946317410807
6	15	Electricity	98.2692333355906
6	16	Electricity	97.8027947960369
6	17	Electricity	97.00661977930949
6	18	Electricity	94.4990000106948
6	19	Electricity	85.83838531850046
6	20	Electricity	70.31637580265976
6	21	Electricity	53.96808811629354
6	22	Electricity	46.38586822189495
6	23	Electricity	45.072408199399824
6	24	Electricity	43.85386593168758
6	1	LT	6.704166366039748
6	2	LT	6.704166366039748
6	3	LT	6.704166366039748
6	4	LT	6.704166366039748
6	5	LT	6.704166366039748
6	6	LT	6.704166366039748
6	7	LT	6.704166366039748
6	8	LT	29.1631236922729
6	9	LT	32.80851415380701
6	10	LT	36.45390461534112
6	11	LT	36.45390461534112
6	12	LT	43.744685538409335
6	13	LT	43.744685538409335
6	14	LT	29.1631236922729
6	15	LT	43.744685538409335
6	16	LT	43.744685538409335
6	17	LT	36.45390461534112
6	18	LT	29.33072785142389
6	19	LT	10.475259946937104
6	20	LT	10.475259946937104
6	21	LT	10.475259946937104
6	22	LT	10.475259946937104
6	23	LT	10.475259946937104
6	24	LT	10.475259946937104
6	1	MT	52.338967518472124
6	2	MT	52.338967518472124
6	3	MT	52.338967518472124
6	4	MT	52.338967518472124
6	5	MT	52.338967518472124
6	6	MT	52.338967518472124
6	7	MT	52.338967518472124
6	8	MT	223.61765784938012
6	9	MT	251.56986508055263
6	10	MT	279.5220723117251
6	11	MT	279.5220723117251
6	12	MT	335.4264867740701
6	13	MT	335.4264867740701
6	14	MT	223.61765784938012
6	15	MT	335.4264867740701
6	16	MT	335.4264867740701
6	17	MT	207.51296961819344
6	18	MT	79.78102363473036
6	19	MT	58.678124928874055
6	20	MT	58.678124928874055
6	21	MT	58.678124928874055
6	22	MT	58.678124928874055
6	23	MT	58.678124928874055
6	24	MT	58.678124928874055
6	1	H2	0.0
6	2	H2	0.0
6	3	H2	0.0
6	4	H2	0.0
6	5	H2	0.0
6	6	H2	0.0
6	7	H2	0.0
6	8	H2	0.0
6	9	H2	0.0
6	10	H2	0.0
6	11	H2	0.0
6	12	H2	0.0
6	13	H2	0.0
6	14	H2	0.0
6	15	H2	0.0
6	16	H2	0.0
6	17	H2	0.0
6	18	H2	0.0
6	19	H2	0.0
6	20	H2	0.0
6	21	H2	0.0
6	22	H2	0.0
6	23	H2	0.0
6	24	H2	0.0
6	1	CH4	0.0
6	2	CH4	0.0
6	3	CH4	0.0
6	4	CH4	0.0
6	5	CH4	0.0
6	6	CH4	0.0
6	7	CH4	0.0
6	8	CH4	0.0
6	9	CH4	0.0
6	10	CH4	0.0
6	11	CH4	0.0
6	12	CH4	0.0
6	13	CH4	0.0
6	14	CH4	0.0
6	15	CH4	0.0
6	16	CH4	0.0
6	17	CH4	0.0
6	18	CH4	0.0
6	19	CH4	0.0
6	20	CH4	0.0
6	21	CH4	0.0
6	22	CH4	0.0
6	23	CH4	0.0
6	24	CH4	0.0
6	1	Biogas	0.0
6	2	Biogas	0.0
6	3	Biogas	0.0
6	4	Biogas	0.0
6	5	Biogas	0.0
6	6	Biogas	0.0
6	7	Biogas	0.0
6	8	Biogas	0.0
6	9	Biogas	0.0
6	10	Biogas	0.0
6	11	Biogas	0.0
6	12	Biogas	0.0
6	13	Biogas	0.0
6	14	Biogas	0.0
6	15	Biogas	0.0
6	16	Biogas	0.0
6	17	Biogas	0.0
6	18	Biogas	0.0
6	19	Biogas	0.0
6	20	Biogas	0.0
6	21	Biogas	0.0
6	22	Biogas	0.0
6	23	Biogas	0.0
6	24	Biogas	0.0
6	1	CH4_H2_Mix	0.0
6	2	CH4_H2_Mix	0.0
6	3	CH4_H2_Mix	0.0
6	4	CH4_H2_Mix	0.0
6	5	CH4_H2_Mix	0.0
6	6	CH4_H2_Mix	0.0
6	7	CH4_H2_Mix	0.0
6	8	CH4_H2_Mix	0.0
6	9	CH4_H2_Mix	0.0
6	10	CH4_H2_Mix	0.0
6	11	CH4_H2_Mix	0.0
6	12	CH4_H2_Mix	0.0
6	13	CH4_H2_Mix	0.0
6	14	CH4_H2_Mix	0.0
6	15	CH4_H2_Mix	0.0
6	16	CH4_H2_Mix	0.0
6	17	CH4_H2_Mix	0.0
6	18	CH4_H2_Mix	0.0
6	19	CH4_H2_Mix	0.0
6	20	CH4_H2_Mix	0.0
6	21	CH4_H2_Mix	0.0
6	22	CH4_H2_Mix	0.0
6	23	CH4_H2_Mix	0.0
6	24	CH4_H2_Mix	0.0
6	1	DummyFuel	0.0
6	2	DummyFuel	0.0
6	3	DummyFuel	0.0
6	4	DummyFuel	0.0
6	5	DummyFuel	0.0
6	6	DummyFuel	0.0
6	7	DummyFuel	0.0
6	8	DummyFuel	0.0
6	9	DummyFuel	0.0
6	10	DummyFuel	0.0
6	11	DummyFuel	0.0
6	12	DummyFuel	0.0
6	13	DummyFuel	0.0
6	14	DummyFuel	0.0
6	15	DummyFuel	0.0
6	16	DummyFuel	0.0
6	17	DummyFuel	0.0
6	18	DummyFuel	0.0
6	19	DummyFuel	0.0
6	20	DummyFuel	0.0
6	21	DummyFuel	0.0
6	22	DummyFuel	0.0
6	23	DummyFuel	0.0
6	24	DummyFuel	0.0
7	1	Electricity	30.161453836384116
7	2	Electricity	29.605788226084723
7	3	Electricity	29.792880184465968
7	4	Electricity	29.865639993942402
7	5	Electricity	31.949315824126746
7	6	Electricity	36.58093136137661
7	7	Electricity	45.40100783701333
7	8	Electricity	56.42762800108426
7	9	Electricity	71.56789819925811
7	10	Electricity	83.25669927057308
7	11	Electricity	89.50967501361988
7	12	Electricity	90.75523810479396
7	13	Electricity	82.91049745773141
7	14	Electricity	83.55948731169332
7	15	Electricity	91.63789106697342
7	16	Electricity	91.53211763328228
7	17	Electricity	89.2159724410276
7	18	Electricity	84.02860233576376
7	19	Electricity	75.66718899882314
7	20	Electricity	60.97145542386431
7	21	Electricity	45.05211028364149
7	22	Electricity	38.38562166063998
7	23	Electricity	36.591078266970136
7	24	Electricity	34.62726237905643
7	1	LT	1.6053018197598734
7	2	LT	1.6053018197598734
7	3	LT	1.6053018197598734
7	4	LT	1.6053018197598734
7	5	LT	1.6053018197598734
7	6	LT	1.6053018197598734
7	7	LT	1.6053018197598734
7	8	LT	6.983062915955449
7	9	LT	7.855945780449881
7	10	LT	8.728828644944311
7	11	LT	8.728828644944311
7	12	LT	10.47459437393317
7	13	LT	10.47459437393317
7	14	LT	6.983062915955449
7	15	LT	10.47459437393317
7	16	LT	10.47459437393317
7	17	LT	8.728828644944311
7	18	LT	7.023195461449446
7	19	LT	2.5082840933748023
7	20	LT	2.5082840933748023
7	21	LT	2.5082840933748023
7	22	LT	2.5082840933748023
7	23	LT	2.5082840933748023
7	24	LT	2.5082840933748023
7	1	MT	38.94076625038036
7	2	MT	38.94076625038036
7	3	MT	38.94076625038036
7	4	MT	38.94076625038036
7	5	MT	38.94076625038036
7	6	MT	38.94076625038036
7	7	MT	38.94076625038036
7	8	MT	166.0441811540469
7	9	MT	186.7997037983028
7	10	MT	207.55522644255865
7	11	MT	207.55522644255865
7	12	MT	249.06627173107034
7	13	MT	249.06627173107034
7	14	MT	166.0441811540469
7	15	MT	249.06627173107034
7	16	MT	249.06627173107034
7	17	MT	148.12552781939792
7	18	MT	47.2282608320107
7	19	MT	41.77908151074522
7	20	MT	41.77908151074522
7	21	MT	41.77908151074522
7	22	MT	41.77908151074522
7	23	MT	41.77908151074522
7	24	MT	41.77908151074522
7	1	H2	0.0
7	2	H2	0.0
7	3	H2	0.0
7	4	H2	0.0
7	5	H2	0.0
7	6	H2	0.0
7	7	H2	0.0
7	8	H2	0.0
7	9	H2	0.0
7	10	H2	0.0
7	11	H2	0.0
7	12	H2	0.0
7	13	H2	0.0
7	14	H2	0.0
7	15	H2	0.0
7	16	H2	0.0
7	17	H2	0.0
7	18	H2	0.0
7	19	H2	0.0
7	20	H2	0.0
7	21	H2	0.0
7	22	H2	0.0
7	23	H2	0.0
7	24	H2	0.0
7	1	CH4	0.0
7	2	CH4	0.0
7	3	CH4	0.0
7	4	CH4	0.0
7	5	CH4	0.0
7	6	CH4	0.0
7	7	CH4	0.0
7	8	CH4	0.0
7	9	CH4	0.0
7	10	CH4	0.0
7	11	CH4	0.0
7	12	CH4	0.0
7	13	CH4	0.0
7	14	CH4	0.0
7	15	CH4	0.0
7	16	CH4	0.0
7	17	CH4	0.0
7	18	CH4	0.0
7	19	CH4	0.0
7	20	CH4	0.0
7	21	CH4	0.0
7	22	CH4	0.0
7	23	CH4	0.0
7	24	CH4	0.0
7	1	Biogas	0.0
7	2	Biogas	0.0
7	3	Biogas	0.0
7	4	Biogas	0.0
7	5	Biogas	0.0
7	6	Biogas	0.0
7	7	Biogas	0.0
7	8	Biogas	0.0
7	9	Biogas	0.0
7	10	Biogas	0.0
7	11	Biogas	0.0
7	12	Biogas	0.0
7	13	Biogas	0.0
7	14	Biogas	0.0
7	15	Biogas	0.0
7	16	Biogas	0.0
7	17	Biogas	0.0
7	18	Biogas	0.0
7	19	Biogas	0.0
7	20	Biogas	0.0
7	21	Biogas	0.0
7	22	Biogas	0.0
7	23	Biogas	0.0
7	24	Biogas	0.0
7	1	CH4_H2_Mix	0.0
7	2	CH4_H2_Mix	0.0
7	3	CH4_H2_Mix	0.0
7	4	CH4_H2_Mix	0.0
7	5	CH4_H2_Mix	0.0
7	6	CH4_H2_Mix	0.0
7	7	CH4_H2_Mix	0.0
7	8	CH4_H2_Mix	0.0
7	9	CH4_H2_Mix	0.0
7	10	CH4_H2_Mix	0.0
7	11	CH4_H2_Mix	0.0
7	12	CH4_H2_Mix	0.0
7	13	CH4_H2_Mix	0.0
7	14	CH4_H2_Mix	0.0
7	15	CH4_H2_Mix	0.0
7	16	CH4_H2_Mix	0.0
7	17	CH4_H2_Mix	0.0
7	18	CH4_H2_Mix	0.0
7	19	CH4_H2_Mix	0.0
7	20	CH4_H2_Mix	0.0
7	21	CH4_H2_Mix	0.0
7	22	CH4_H2_Mix	0.0
7	23	CH4_H2_Mix	0.0
7	24	CH4_H2_Mix	0.0
7	1	DummyFuel	0.0
7	2	DummyFuel	0.0
7	3	DummyFuel	0.0
7	4	DummyFuel	0.0
7	5	DummyFuel	0.0
7	6	DummyFuel	0.0
7	7	DummyFuel	0.0
7	8	DummyFuel	0.0
7	9	DummyFuel	0.0
7	10	DummyFuel	0.0
7	11	DummyFuel	0.0
7	12	DummyFuel	0.0
7	13	DummyFuel	0.0
7	14	DummyFuel	0.0
7	15	DummyFuel	0.0
7	16	DummyFuel	0.0
7	17	DummyFuel	0.0
7	18	DummyFuel	0.0
7	19	DummyFuel	0.0
7	20	DummyFuel	0.0
7	21	DummyFuel	0.0
7	22	DummyFuel	0.0
7	23	DummyFuel	0.0
7	24	DummyFuel	0.0
8	1	Electricity	29.431466779787485
8	2	Electricity	29.173353931288318
8	3	Electricity	28.92596526339527
8	4	Electricity	29.373662153127178
8	5	Electricity	31.451141752911703
8	6	Electricity	36.386644773637016
8	7	Electricity	46.13451357534491
8	8	Electricity	57.27581011489723
8	9	Electricity	70.8239265896056
8	10	Electricity	81.8710895755212
8	11	Electricity	87.94232496102991
8	12	Electricity	87.98955872042247
8	13	Electricity	80.96495545053476
8	14	Electricity	81.52855431032798
8	15	Electricity	89.83633645747294
8	16	Electricity	89.84655671327546
8	17	Electricity	87.90489177769494
8	18	Electricity	82.6736310103354
8	19	Electricity	74.34990774715077
8	20	Electricity	60.581388893871335
8	21	Electricity	45.27771543434149
8	22	Electricity	38.252431337695384
8	23	Electricity	36.74678451971261
8	24	Electricity	34.84516656859281
8	1	LT	1.4211525135427727
8	2	LT	1.4211525135427727
8	3	LT	1.4211525135427727
8	4	LT	1.4211525135427727
8	5	LT	1.4211525135427727
8	6	LT	1.4211525135427727
8	7	LT	1.4211525135427727
8	8	LT	6.182013433911061
8	9	LT	6.954765113149944
8	10	LT	7.727516792388826
8	11	LT	7.727516792388826
8	12	LT	9.273020150866591
8	13	LT	9.273020150866591
8	14	LT	6.182013433911061
8	15	LT	9.273020150866591
8	16	LT	9.273020150866591
8	17	LT	7.727516792388826
8	18	LT	6.21754224674963
8	19	LT	2.2205508024105822
8	20	LT	2.2205508024105822
8	21	LT	2.2205508024105822
8	22	LT	2.2205508024105822
8	23	LT	2.2205508024105822
8	24	LT	2.2205508024105822
8	1	MT	36.77266333290636
8	2	MT	36.77266333290636
8	3	MT	36.77266333290636
8	4	MT	36.77266333290636
8	5	MT	36.77266333290636
8	6	MT	36.77266333290636
8	7	MT	36.77266333290636
8	8	MT	156.79010816825152
8	9	MT	176.38887168928295
8	10	MT	195.98763521031438
8	11	MT	195.98763521031438
8	12	MT	235.18516225237727
8	13	MT	235.18516225237727
8	14	MT	156.79010816825152
8	15	MT	235.18516225237727
8	16	MT	235.18516225237727
8	17	MT	139.70278760474645
8	18	MT	44.25890250435741
8	19	MT	39.40033221800824
8	20	MT	39.40033221800824
8	21	MT	39.40033221800824
8	22	MT	39.40033221800824
8	23	MT	39.40033221800824
8	24	MT	39.40033221800824
8	1	H2	0.0
8	2	H2	0.0
8	3	H2	0.0
8	4	H2	0.0
8	5	H2	0.0
8	6	H2	0.0
8	7	H2	0.0
8	8	H2	0.0
8	9	H2	0.0
8	10	H2	0.0
8	11	H2	0.0
8	12	H2	0.0
8	13	H2	0.0
8	14	H2	0.0
8	15	H2	0.0
8	16	H2	0.0
8	17	H2	0.0
8	18	H2	0.0
8	19	H2	0.0
8	20	H2	0.0
8	21	H2	0.0
8	22	H2	0.0
8	23	H2	0.0
8	24	H2	0.0
8	1	CH4	0.0
8	2	CH4	0.0
8	3	CH4	0.0
8	4	CH4	0.0
8	5	CH4	0.0
8	6	CH4	0.0
8	7	CH4	0.0
8	8	CH4	0.0
8	9	CH4	0.0
8	10	CH4	0.0
8	11	CH4	0.0
8	12	CH4	0.0
8	13	CH4	0.0
8	14	CH4	0.0
8	15	CH4	0.0
8	16	CH4	0.0
8	17	CH4	0.0
8	18	CH4	0.0
8	19	CH4	0.0
8	20	CH4	0.0
8	21	CH4	0.0
8	22	CH4	0.0
8	23	CH4	0.0
8	24	CH4	0.0
8	1	Biogas	0.0
8	2	Biogas	0.0
8	3	Biogas	0.0
8	4	Biogas	0.0
8	5	Biogas	0.0
8	6	Biogas	0.0
8	7	Biogas	0.0
8	8	Biogas	0.0
8	9	Biogas	0.0
8	10	Biogas	0.0
8	11	Biogas	0.0
8	12	Biogas	0.0
8	13	Biogas	0.0
8	14	Biogas	0.0
8	15	Biogas	0.0
8	16	Biogas	0.0
8	17	Biogas	0.0
8	18	Biogas	0.0
8	19	Biogas	0.0
8	20	Biogas	0.0
8	21	Biogas	0.0
8	22	Biogas	0.0
8	23	Biogas	0.0
8	24	Biogas	0.0
8	1	CH4_H2_Mix	0.0
8	2	CH4_H2_Mix	0.0
8	3	CH4_H2_Mix	0.0
8	4	CH4_H2_Mix	0.0
8	5	CH4_H2_Mix	0.0
8	6	CH4_H2_Mix	0.0
8	7	CH4_H2_Mix	0.0
8	8	CH4_H2_Mix	0.0
8	9	CH4_H2_Mix	0.0
8	10	CH4_H2_Mix	0.0
8	11	CH4_H2_Mix	0.0
8	12	CH4_H2_Mix	0.0
8	13	CH4_H2_Mix	0.0
8	14	CH4_H2_Mix	0.0
8	15	CH4_H2_Mix	0.0
8	16	CH4_H2_Mix	0.0
8	17	CH4_H2_Mix	0.0
8	18	CH4_H2_Mix	0.0
8	19	CH4_H2_Mix	0.0
8	20	CH4_H2_Mix	0.0
8	21	CH4_H2_Mix	0.0
8	22	CH4_H2_Mix	0.0
8	23	CH4_H2_Mix	0.0
8	24	CH4_H2_Mix	0.0
8	1	DummyFuel	0.0
8	2	DummyFuel	0.0
8	3	DummyFuel	0.0
8	4	DummyFuel	0.0
8	5	DummyFuel	0.0
8	6	DummyFuel	0.0
8	7	DummyFuel	0.0
8	8	DummyFuel	0.0
8	9	DummyFuel	0.0
8	10	DummyFuel	0.0
8	11	DummyFuel	0.0
8	12	DummyFuel	0.0
8	13	DummyFuel	0.0
8	14	DummyFuel	0.0
8	15	DummyFuel	0.0
8	16	DummyFuel	0.0
8	17	DummyFuel	0.0
8	18	DummyFuel	0.0
8	19	DummyFuel	0.0
8	20	DummyFuel	0.0
8	21	DummyFuel	0.0
8	22	DummyFuel	0.0
8	23	DummyFuel	0.0
8	24	DummyFuel	0.0
9	1	Electricity	32.56621152851435
9	2	Electricity	31.801437191509795
9	3	Electricity	31.435293065736424
9	4	Electricity	31.639469541964214
9	5	Electricity	32.84097857363405
9	6	Electricity	37.105496939130944
9	7	Electricity	45.89578818788574
9	8	Electricity	56.46261156614467
9	9	Electricity	70.62295210970268
9	10	Electricity	82.11618989425202
9	11	Electricity	86.5955194774679
9	12	Electricity	87.10727937557692
9	13	Electricity	79.12447625412375
9	14	Electricity	80.12609798520577
9	15	Electricity	88.16604694962884
9	16	Electricity	88.69284860660373
9	17	Electricity	86.29478374732447
9	18	Electricity	81.32536288053363
9	19	Electricity	73.43300505137992
9	20	Electricity	59.43634419431779
9	21	Electricity	45.06695778480366
9	22	Electricity	38.7156597477922
9	23	Electricity	35.944921910044904
9	24	Electricity	34.733739696048325
9	1	LT	1.9258906295456633
9	2	LT	1.9258906295456633
9	3	LT	1.9258906295456633
9	4	LT	1.9258906295456633
9	5	LT	1.9258906295456633
9	6	LT	1.9258906295456633
9	7	LT	1.9258906295456633
9	8	LT	5.547807523175087
9	9	LT	6.190185236384835
9	10	LT	6.832562949594582
9	11	LT	6.832562949594582
9	12	LT	8.175716349942235
9	13	LT	8.175716349942235
9	14	LT	5.431011575318769
9	15	LT	8.175716349942235
9	16	LT	8.175716349942235
9	17	LT	6.833805459678159
9	18	LT	5.429769065235193
9	19	LT	1.9258906295456633
9	20	LT	1.9258906295456633
9	21	LT	1.9258906295456633
9	22	LT	1.9258906295456633
9	23	LT	1.9258906295456633
9	24	LT	1.9258906295456633
9	1	MT	24.881910224172017
9	2	MT	36.822425262131055
9	3	MT	36.822425262131055
9	4	MT	36.822425262131055
9	5	MT	36.822425262131055
9	6	MT	36.822425262131055
9	7	MT	36.822425262131055
9	8	MT	152.44425923683423
9	9	MT	170.09569978004663
9	10	MT	187.747140323259
9	11	MT	187.747140323259
9	12	MT	224.65469782270307
9	13	MT	224.65469782270307
9	14	MT	149.23490641079562
9	15	MT	224.65469782270307
9	16	MT	224.65469782270307
9	17	MT	134.56977440224838
9	18	MT	60.157318175030696
9	19	MT	37.90792662921823
9	20	MT	37.90792662921823
9	21	MT	37.90792662921823
9	22	MT	37.90792662921823
9	23	MT	37.90792662921823
9	24	MT	37.90792662921823
9	1	H2	0.0
9	2	H2	0.0
9	3	H2	0.0
9	4	H2	0.0
9	5	H2	0.0
9	6	H2	0.0
9	7	H2	0.0
9	8	H2	0.0
9	9	H2	0.0
9	10	H2	0.0
9	11	H2	0.0
9	12	H2	0.0
9	13	H2	0.0
9	14	H2	0.0
9	15	H2	0.0
9	16	H2	0.0
9	17	H2	0.0
9	18	H2	0.0
9	19	H2	0.0
9	20	H2	0.0
9	21	H2	0.0
9	22	H2	0.0
9	23	H2	0.0
9	24	H2	0.0
9	1	CH4	0.0
9	2	CH4	0.0
9	3	CH4	0.0
9	4	CH4	0.0
9	5	CH4	0.0
9	6	CH4	0.0
9	7	CH4	0.0
9	8	CH4	0.0
9	9	CH4	0.0
9	10	CH4	0.0
9	11	CH4	0.0
9	12	CH4	0.0
9	13	CH4	0.0
9	14	CH4	0.0
9	15	CH4	0.0
9	16	CH4	0.0
9	17	CH4	0.0
9	18	CH4	0.0
9	19	CH4	0.0
9	20	CH4	0.0
9	21	CH4	0.0
9	22	CH4	0.0
9	23	CH4	0.0
9	24	CH4	0.0
9	1	Biogas	0.0
9	2	Biogas	0.0
9	3	Biogas	0.0
9	4	Biogas	0.0
9	5	Biogas	0.0
9	6	Biogas	0.0
9	7	Biogas	0.0
9	8	Biogas	0.0
9	9	Biogas	0.0
9	10	Biogas	0.0
9	11	Biogas	0.0
9	12	Biogas	0.0
9	13	Biogas	0.0
9	14	Biogas	0.0
9	15	Biogas	0.0
9	16	Biogas	0.0
9	17	Biogas	0.0
9	18	Biogas	0.0
9	19	Biogas	0.0
9	20	Biogas	0.0
9	21	Biogas	0.0
9	22	Biogas	0.0
9	23	Biogas	0.0
9	24	Biogas	0.0
9	1	CH4_H2_Mix	0.0
9	2	CH4_H2_Mix	0.0
9	3	CH4_H2_Mix	0.0
9	4	CH4_H2_Mix	0.0
9	5	CH4_H2_Mix	0.0
9	6	CH4_H2_Mix	0.0
9	7	CH4_H2_Mix	0.0
9	8	CH4_H2_Mix	0.0
9	9	CH4_H2_Mix	0.0
9	10	CH4_H2_Mix	0.0
9	11	CH4_H2_Mix	0.0
9	12	CH4_H2_Mix	0.0
9	13	CH4_H2_Mix	0.0
9	14	CH4_H2_Mix	0.0
9	15	CH4_H2_Mix	0.0
9	16	CH4_H2_Mix	0.0
9	17	CH4_H2_Mix	0.0
9	18	CH4_H2_Mix	0.0
9	19	CH4_H2_Mix	0.0
9	20	CH4_H2_Mix	0.0
9	21	CH4_H2_Mix	0.0
9	22	CH4_H2_Mix	0.0
9	23	CH4_H2_Mix	0.0
9	24	CH4_H2_Mix	0.0
9	1	DummyFuel	0.0
9	2	DummyFuel	0.0
9	3	DummyFuel	0.0
9	4	DummyFuel	0.0
9	5	DummyFuel	0.0
9	6	DummyFuel	0.0
9	7	DummyFuel	0.0
9	8	DummyFuel	0.0
9	9	DummyFuel	0.0
9	10	DummyFuel	0.0
9	11	DummyFuel	0.0
9	12	DummyFuel	0.0
9	13	DummyFuel	0.0
9	14	DummyFuel	0.0
9	15	DummyFuel	0.0
9	16	DummyFuel	0.0
9	17	DummyFuel	0.0
9	18	DummyFuel	0.0
9	19	DummyFuel	0.0
9	20	DummyFuel	0.0
9	21	DummyFuel	0.0
9	22	DummyFuel	0.0
9	23	DummyFuel	0.0
9	24	DummyFuel	0.0
10	1	Electricity	33.10059323915816
10	2	Electricity	32.388614761020094
10	3	Electricity	32.18993879036019
10	4	Electricity	32.24019047379153
10	5	Electricity	33.534022664458185
10	6	Electricity	37.89159657621992
10	7	Electricity	47.46820176122348
10	8	Electricity	58.89619345806645
10	9	Electricity	74.30165235489929
10	10	Electricity	85.50807949675122
10	11	Electricity	89.30131810755417
10	12	Electricity	89.86798966967696
10	13	Electricity	81.49018348582418
10	14	Electricity	83.32916940373197
10	15	Electricity	91.2463980717764
10	16	Electricity	90.87614233107617
10	17	Electricity	88.35228031784365
10	18	Electricity	82.52792486142104
10	19	Electricity	74.54983822174758
10	20	Electricity	59.99242499973795
10	21	Electricity	44.97201631472005
10	22	Electricity	38.177696722696155
10	23	Electricity	36.021874741778575
10	24	Electricity	34.78784126464529
10	1	LT	2.285833550787976
10	2	LT	2.285833550787976
10	3	LT	2.285833550787976
10	4	LT	2.285833550787976
10	5	LT	2.285833550787976
10	6	LT	2.285833550787976
10	7	LT	2.285833550787976
10	8	LT	6.58467535759246
10	9	LT	7.347111451629481
10	10	LT	8.109547545666505
10	11	LT	8.109547545666505
10	12	LT	9.70373210592573
10	13	LT	9.70373210592573
10	14	LT	6.446050613222091
10	15	LT	9.70373210592573
10	16	LT	9.70373210592573
10	17	LT	8.111022276989592
10	18	LT	6.444575881899004
10	19	LT	2.285833550787976
10	20	LT	2.285833550787976
10	21	LT	2.285833550787976
10	22	LT	2.285833550787976
10	23	LT	2.285833550787976
10	24	LT	2.285833550787976
10	1	MT	27.027295693407908
10	2	MT	39.8873307480395
10	3	MT	39.8873307480395
10	4	MT	39.8873307480395
10	5	MT	39.8873307480395
10	6	MT	39.8873307480395
10	7	MT	39.8873307480395
10	8	MT	164.84419183767693
10	9	MT	183.93141405046052
10	10	MT	203.01863626324422
10	11	MT	203.01863626324422
10	12	MT	242.92828270815545
10	13	MT	242.92828270815545
10	14	MT	161.37378779898899
10	15	MT	242.92828270815545
10	16	MT	242.92828270815545
10	17	MT	145.74631413189857
10	18	MT	65.43632866583725
10	19	MT	41.0564248439151
10	20	MT	41.0564248439151
10	21	MT	41.0564248439151
10	22	MT	41.0564248439151
10	23	MT	41.0564248439151
10	24	MT	41.0564248439151
10	1	H2	0.0
10	2	H2	0.0
10	3	H2	0.0
10	4	H2	0.0
10	5	H2	0.0
10	6	H2	0.0
10	7	H2	0.0
10	8	H2	0.0
10	9	H2	0.0
10	10	H2	0.0
10	11	H2	0.0
10	12	H2	0.0
10	13	H2	0.0
10	14	H2	0.0
10	15	H2	0.0
10	16	H2	0.0
10	17	H2	0.0
10	18	H2	0.0
10	19	H2	0.0
10	20	H2	0.0
10	21	H2	0.0
10	22	H2	0.0
10	23	H2	0.0
10	24	H2	0.0
10	1	CH4	0.0
10	2	CH4	0.0
10	3	CH4	0.0
10	4	CH4	0.0
10	5	CH4	0.0
10	6	CH4	0.0
10	7	CH4	0.0
10	8	CH4	0.0
10	9	CH4	0.0
10	10	CH4	0.0
10	11	CH4	0.0
10	12	CH4	0.0
10	13	CH4	0.0
10	14	CH4	0.0
10	15	CH4	0.0
10	16	CH4	0.0
10	17	CH4	0.0
10	18	CH4	0.0
10	19	CH4	0.0
10	20	CH4	0.0
10	21	CH4	0.0
10	22	CH4	0.0
10	23	CH4	0.0
10	24	CH4	0.0
10	1	Biogas	0.0
10	2	Biogas	0.0
10	3	Biogas	0.0
10	4	Biogas	0.0
10	5	Biogas	0.0
10	6	Biogas	0.0
10	7	Biogas	0.0
10	8	Biogas	0.0
10	9	Biogas	0.0
10	10	Biogas	0.0
10	11	Biogas	0.0
10	12	Biogas	0.0
10	13	Biogas	0.0
10	14	Biogas	0.0
10	15	Biogas	0.0
10	16	Biogas	0.0
10	17	Biogas	0.0
10	18	Biogas	0.0
10	19	Biogas	0.0
10	20	Biogas	0.0
10	21	Biogas	0.0
10	22	Biogas	0.0
10	23	Biogas	0.0
10	24	Biogas	0.0
10	1	CH4_H2_Mix	0.0
10	2	CH4_H2_Mix	0.0
10	3	CH4_H2_Mix	0.0
10	4	CH4_H2_Mix	0.0
10	5	CH4_H2_Mix	0.0
10	6	CH4_H2_Mix	0.0
10	7	CH4_H2_Mix	0.0
10	8	CH4_H2_Mix	0.0
10	9	CH4_H2_Mix	0.0
10	10	CH4_H2_Mix	0.0
10	11	CH4_H2_Mix	0.0
10	12	CH4_H2_Mix	0.0
10	13	CH4_H2_Mix	0.0
10	14	CH4_H2_Mix	0.0
10	15	CH4_H2_Mix	0.0
10	16	CH4_H2_Mix	0.0
10	17	CH4_H2_Mix	0.0
10	18	CH4_H2_Mix	0.0
10	19	CH4_H2_Mix	0.0
10	20	CH4_H2_Mix	0.0
10	21	CH4_H2_Mix	0.0
10	22	CH4_H2_Mix	0.0
10	23	CH4_H2_Mix	0.0
10	24	CH4_H2_Mix	0.0
10	1	DummyFuel	0.0
10	2	DummyFuel	0.0
10	3	DummyFuel	0.0
10	4	DummyFuel	0.0
10	5	DummyFuel	0.0
10	6	DummyFuel	0.0
10	7	DummyFuel	0.0
10	8	DummyFuel	0.0
10	9	DummyFuel	0.0
10	10	DummyFuel	0.0
10	11	DummyFuel	0.0
10	12	DummyFuel	0.0
10	13	DummyFuel	0.0
10	14	DummyFuel	0.0
10	15	DummyFuel	0.0
10	16	DummyFuel	0.0
10	17	DummyFuel	0.0
10	18	DummyFuel	0.0
10	19	DummyFuel	0.0
10	20	DummyFuel	0.0
10	21	DummyFuel	0.0
10	22	DummyFuel	0.0
10	23	DummyFuel	0.0
10	24	DummyFuel	0.0
11	1	Electricity	46.37471278259898
11	2	Electricity	46.21573062591172
11	3	Electricity	46.09436934801646
11	4	Electricity	46.554824537465954
11	5	Electricity	47.95814424142109
11	6	Electricity	54.68986876671134
11	7	Electricity	64.8427164365985
11	8	Electricity	79.88651421027507
11	9	Electricity	99.63286173392221
11	10	Electricity	108.69069940282023
11	11	Electricity	111.94912864212361
11	12	Electricity	110.48262557488827
11	13	Electricity	100.00071168911526
11	14	Electricity	99.13352528359232
11	15	Electricity	104.2243419877551
11	16	Electricity	103.70851134307402
11	17	Electricity	101.7928163846971
11	18	Electricity	98.11949462275182
11	19	Electricity	89.8149854404759
11	20	Electricity	75.86720642952261
11	21	Electricity	57.60569932266154
11	22	Electricity	49.11377878555036
11	23	Electricity	47.070464547614264
11	24	Electricity	46.66020737812715
11	1	LT	48.912173699023256
11	2	LT	48.912173699023256
11	3	LT	48.912173699023256
11	4	LT	48.912173699023256
11	5	LT	48.912173699023256
11	6	LT	48.912173699023256
11	7	LT	48.912173699023256
11	8	LT	134.75303854080903
11	9	LT	150.35602195079747
11	10	LT	165.95900536078588
11	11	LT	165.95900536078588
11	12	LT	198.5834252180344
11	13	LT	198.5834252180344
11	14	LT	131.9161324662657
11	15	LT	198.5834252180344
11	16	LT	198.5834252180344
11	17	LT	165.93454927393637
11	18	LT	131.94058855311522
11	19	LT	48.912173699023256
11	20	LT	48.912173699023256
11	21	LT	48.912173699023256
11	22	LT	48.912173699023256
11	23	LT	48.912173699023256
11	24	LT	48.912173699023256
11	1	MT	136.9189608313863
11	2	MT	136.9189608313863
11	3	MT	136.9189608313863
11	4	MT	136.9189608313863
11	5	MT	136.9189608313863
11	6	MT	136.9189608313863
11	7	MT	136.9189608313863
11	8	MT	489.08128361585386
11	9	MT	545.7117480345318
11	10	MT	602.3422124532096
11	11	MT	602.3422124532096
11	12	MT	720.7513653286269
11	13	MT	720.7513653286269
11	14	MT	478.78483553973075
11	15	MT	720.7513653286269
11	16	MT	720.7513653286269
11	17	MT	477.7166713140256
11	18	MT	270.1034749589726
11	19	MT	136.9189608313863
11	20	MT	136.9189608313863
11	21	MT	136.9189608313863
11	22	MT	136.9189608313863
11	23	MT	136.9189608313863
11	24	MT	136.9189608313863
11	1	H2	0.0
11	2	H2	0.0
11	3	H2	0.0
11	4	H2	0.0
11	5	H2	0.0
11	6	H2	0.0
11	7	H2	0.0
11	8	H2	0.0
11	9	H2	0.0
11	10	H2	0.0
11	11	H2	0.0
11	12	H2	0.0
11	13	H2	0.0
11	14	H2	0.0
11	15	H2	0.0
11	16	H2	0.0
11	17	H2	0.0
11	18	H2	0.0
11	19	H2	0.0
11	20	H2	0.0
11	21	H2	0.0
11	22	H2	0.0
11	23	H2	0.0
11	24	H2	0.0
11	1	CH4	0.0
11	2	CH4	0.0
11	3	CH4	0.0
11	4	CH4	0.0
11	5	CH4	0.0
11	6	CH4	0.0
11	7	CH4	0.0
11	8	CH4	0.0
11	9	CH4	0.0
11	10	CH4	0.0
11	11	CH4	0.0
11	12	CH4	0.0
11	13	CH4	0.0
11	14	CH4	0.0
11	15	CH4	0.0
11	16	CH4	0.0
11	17	CH4	0.0
11	18	CH4	0.0
11	19	CH4	0.0
11	20	CH4	0.0
11	21	CH4	0.0
11	22	CH4	0.0
11	23	CH4	0.0
11	24	CH4	0.0
11	1	Biogas	0.0
11	2	Biogas	0.0
11	3	Biogas	0.0
11	4	Biogas	0.0
11	5	Biogas	0.0
11	6	Biogas	0.0
11	7	Biogas	0.0
11	8	Biogas	0.0
11	9	Biogas	0.0
11	10	Biogas	0.0
11	11	Biogas	0.0
11	12	Biogas	0.0
11	13	Biogas	0.0
11	14	Biogas	0.0
11	15	Biogas	0.0
11	16	Biogas	0.0
11	17	Biogas	0.0
11	18	Biogas	0.0
11	19	Biogas	0.0
11	20	Biogas	0.0
11	21	Biogas	0.0
11	22	Biogas	0.0
11	23	Biogas	0.0
11	24	Biogas	0.0
11	1	CH4_H2_Mix	0.0
11	2	CH4_H2_Mix	0.0
11	3	CH4_H2_Mix	0.0
11	4	CH4_H2_Mix	0.0
11	5	CH4_H2_Mix	0.0
11	6	CH4_H2_Mix	0.0
11	7	CH4_H2_Mix	0.0
11	8	CH4_H2_Mix	0.0
11	9	CH4_H2_Mix	0.0
11	10	CH4_H2_Mix	0.0
11	11	CH4_H2_Mix	0.0
11	12	CH4_H2_Mix	0.0
11	13	CH4_H2_Mix	0.0
11	14	CH4_H2_Mix	0.0
11	15	CH4_H2_Mix	0.0
11	16	CH4_H2_Mix	0.0
11	17	CH4_H2_Mix	0.0
11	18	CH4_H2_Mix	0.0
11	19	CH4_H2_Mix	0.0
11	20	CH4_H2_Mix	0.0
11	21	CH4_H2_Mix	0.0
11	22	CH4_H2_Mix	0.0
11	23	CH4_H2_Mix	0.0
11	24	CH4_H2_Mix	0.0
11	1	DummyFuel	0.0
11	2	DummyFuel	0.0
11	3	DummyFuel	0.0
11	4	DummyFuel	0.0
11	5	DummyFuel	0.0
11	6	DummyFuel	0.0
11	7	DummyFuel	0.0
11	8	DummyFuel	0.0
11	9	DummyFuel	0.0
11	10	DummyFuel	0.0
11	11	DummyFuel	0.0
11	12	DummyFuel	0.0
11	13	DummyFuel	0.0
11	14	DummyFuel	0.0
11	15	DummyFuel	0.0
11	16	DummyFuel	0.0
11	17	DummyFuel	0.0
11	18	DummyFuel	0.0
11	19	DummyFuel	0.0
11	20	DummyFuel	0.0
11	21	DummyFuel	0.0
11	22	DummyFuel	0.0
11	23	DummyFuel	0.0
11	24	DummyFuel	0.0
12	1	Electricity	35.65849278978165
12	2	Electricity	35.31311467825052
12	3	Electricity	35.347227896841595
12	4	Electricity	34.96381191248066
12	5	Electricity	36.38550441225329
12	6	Electricity	42.56344610929233
12	7	Electricity	53.61319517780913
12	8	Electricity	66.24312245235583
12	9	Electricity	80.09678830584453
12	10	Electricity	90.70465648477493
12	11	Electricity	94.3294244876083
12	12	Electricity	93.1714308538044
12	13	Electricity	83.44322844662551
12	14	Electricity	83.88644349923587
12	15	Electricity	90.07406831065067
12	16	Electricity	89.52833462268981
12	17	Electricity	88.3328925780982
12	18	Electricity	85.65080595494817
12	19	Electricity	78.77349370522603
12	20	Electricity	63.382885096609925
12	21	Electricity	47.54808414202912
12	22	Electricity	40.57188516911766
12	23	Electricity	38.316255444821884
12	24	Electricity	36.59863480803319
12	1	LT	10.546843981778068
12	2	LT	10.546843981778068
12	3	LT	10.546843981778068
12	4	LT	10.546843981778068
12	5	LT	10.546843981778068
12	6	LT	10.546843981778068
12	7	LT	10.546843981778068
12	8	LT	29.05655516979857
12	9	LT	32.420998399985784
12	10	LT	35.78544163017298
12	11	LT	35.78544163017298
12	12	LT	42.82018656601895
12	13	LT	42.82018656601895
12	14	LT	28.44483821885544
12	15	LT	42.82018656601895
12	16	LT	42.82018656601895
12	17	LT	35.7801682081821
12	18	LT	28.450111640846334
12	19	LT	10.546843981778068
12	20	LT	10.546843981778068
12	21	LT	10.546843981778068
12	22	LT	10.546843981778068
12	23	LT	10.546843981778068
12	24	LT	10.546843981778068
12	1	MT	58.742426083149184
12	2	MT	58.742426083149184
12	3	MT	58.742426083149184
12	4	MT	58.742426083149184
12	5	MT	58.742426083149184
12	6	MT	58.742426083149184
12	7	MT	58.742426083149184
12	8	MT	224.9027808595992
12	9	MT	250.94415548544754
12	10	MT	276.9855301112959
12	11	MT	276.9855301112959
12	12	MT	331.43567705625145
12	13	MT	331.43567705625145
12	14	MT	220.16798547308133
12	15	MT	331.43567705625145
12	16	MT	331.43567705625145
12	17	MT	206.73605734078873
12	18	MT	102.51289130216375
12	19	MT	58.742426083149184
12	20	MT	58.742426083149184
12	21	MT	58.742426083149184
12	22	MT	58.742426083149184
12	23	MT	58.742426083149184
12	24	MT	58.742426083149184
12	1	H2	0.0
12	2	H2	0.0
12	3	H2	0.0
12	4	H2	0.0
12	5	H2	0.0
12	6	H2	0.0
12	7	H2	0.0
12	8	H2	0.0
12	9	H2	0.0
12	10	H2	0.0
12	11	H2	0.0
12	12	H2	0.0
12	13	H2	0.0
12	14	H2	0.0
12	15	H2	0.0
12	16	H2	0.0
12	17	H2	0.0
12	18	H2	0.0
12	19	H2	0.0
12	20	H2	0.0
12	21	H2	0.0
12	22	H2	0.0
12	23	H2	0.0
12	24	H2	0.0
12	1	CH4	0.0
12	2	CH4	0.0
12	3	CH4	0.0
12	4	CH4	0.0
12	5	CH4	0.0
12	6	CH4	0.0
12	7	CH4	0.0
12	8	CH4	0.0
12	9	CH4	0.0
12	10	CH4	0.0
12	11	CH4	0.0
12	12	CH4	0.0
12	13	CH4	0.0
12	14	CH4	0.0
12	15	CH4	0.0
12	16	CH4	0.0
12	17	CH4	0.0
12	18	CH4	0.0
12	19	CH4	0.0
12	20	CH4	0.0
12	21	CH4	0.0
12	22	CH4	0.0
12	23	CH4	0.0
12	24	CH4	0.0
12	1	Biogas	0.0
12	2	Biogas	0.0
12	3	Biogas	0.0
12	4	Biogas	0.0
12	5	Biogas	0.0
12	6	Biogas	0.0
12	7	Biogas	0.0
12	8	Biogas	0.0
12	9	Biogas	0.0
12	10	Biogas	0.0
12	11	Biogas	0.0
12	12	Biogas	0.0
12	13	Biogas	0.0
12	14	Biogas	0.0
12	15	Biogas	0.0
12	16	Biogas	0.0
12	17	Biogas	0.0
12	18	Biogas	0.0
12	19	Biogas	0.0
12	20	Biogas	0.0
12	21	Biogas	0.0
12	22	Biogas	0.0
12	23	Biogas	0.0
12	24	Biogas	0.0
12	1	CH4_H2_Mix	0.0
12	2	CH4_H2_Mix	0.0
12	3	CH4_H2_Mix	0.0
12	4	CH4_H2_Mix	0.0
12	5	CH4_H2_Mix	0.0
12	6	CH4_H2_Mix	0.0
12	7	CH4_H2_Mix	0.0
12	8	CH4_H2_Mix	0.0
12	9	CH4_H2_Mix	0.0
12	10	CH4_H2_Mix	0.0
12	11	CH4_H2_Mix	0.0
12	12	CH4_H2_Mix	0.0
12	13	CH4_H2_Mix	0.0
12	14	CH4_H2_Mix	0.0
12	15	CH4_H2_Mix	0.0
12	16	CH4_H2_Mix	0.0
12	17	CH4_H2_Mix	0.0
12	18	CH4_H2_Mix	0.0
12	19	CH4_H2_Mix	0.0
12	20	CH4_H2_Mix	0.0
12	21	CH4_H2_Mix	0.0
12	22	CH4_H2_Mix	0.0
12	23	CH4_H2_Mix	0.0
12	24	CH4_H2_Mix	0.0
12	1	DummyFuel	0.0
12	2	DummyFuel	0.0
12	3	DummyFuel	0.0
12	4	DummyFuel	0.0
12	5	DummyFuel	0.0
12	6	DummyFuel	0.0
12	7	DummyFuel	0.0
12	8	DummyFuel	0.0
12	9	DummyFuel	0.0
12	10	DummyFuel	0.0
12	11	DummyFuel	0.0
12	12	DummyFuel	0.0
12	13	DummyFuel	0.0
12	14	DummyFuel	0.0
12	15	DummyFuel	0.0
12	16	DummyFuel	0.0
12	17	DummyFuel	0.0
12	18	DummyFuel	0.0
12	19	DummyFuel	0.0
12	20	DummyFuel	0.0
12	21	DummyFuel	0.0
12	22	DummyFuel	0.0
12	23	DummyFuel	0.0
12	24	DummyFuel	0.0
13	1	Electricity	42.34100327739484
13	2	Electricity	42.40522312093381
13	3	Electricity	42.543240318356055
13	4	Electricity	42.81720595860179
13	5	Electricity	44.565001781880866
13	6	Electricity	49.729828644212006
13	7	Electricity	60.307075403878066
13	8	Electricity	71.59386772039824
13	9	Electricity	85.68588833376162
13	10	Electricity	97.21358305674141
13	11	Electricity	101.01340646402532
13	12	Electricity	100.21458663385583
13	13	Electricity	89.50534355076095
13	14	Electricity	88.57144096225515
13	15	Electricity	95.41381801498213
13	16	Electricity	94.7436918485727
13	17	Electricity	92.32221806187356
13	18	Electricity	86.15120837764154
13	19	Electricity	78.61792143379792
13	20	Electricity	65.83591609415149
13	21	Electricity	51.938936676221694
13	22	Electricity	44.645125927002276
13	23	Electricity	42.353953833204244
13	24	Electricity	41.584564057816664
13	1	LT	15.173818420038794
13	2	LT	15.173818420038794
13	3	LT	15.173818420038794
13	4	LT	15.173818420038794
13	5	LT	15.173818420038794
13	6	LT	15.173818420038794
13	7	LT	15.173818420038794
13	8	LT	41.80386974720687
13	9	LT	46.644317823199245
13	10	LT	51.48476589919162
13	11	LT	51.48476589919162
13	12	LT	61.605702785357494
13	13	LT	61.605702785357494
13	14	LT	40.92378827884462
13	15	LT	61.605702785357494
13	16	LT	61.605702785357494
13	17	LT	51.4771789899816
13	18	LT	40.93137518805464
13	19	LT	15.173818420038794
13	20	LT	15.173818420038794
13	21	LT	15.173818420038794
13	22	LT	15.173818420038794
13	23	LT	15.173818420038794
13	24	LT	15.173818420038794
13	1	MT	67.85803558063076
13	2	MT	67.85803558063076
13	3	MT	67.85803558063076
13	4	MT	67.85803558063076
13	5	MT	67.85803558063076
13	6	MT	67.85803558063076
13	7	MT	67.85803558063076
13	8	MT	255.48515847539082
13	9	MT	285.0676505093835
13	10	MT	314.65014254337615
13	11	MT	314.65014254337615
13	12	MT	376.50444406899703
13	13	MT	376.50444406899703
13	14	MT	250.10652356011946
13	15	MT	376.50444406899703
13	16	MT	376.50444406899703
13	17	MT	238.30699354332006
13	18	MT	122.25100841168859
13	19	MT	67.85803558063076
13	20	MT	67.85803558063076
13	21	MT	67.85803558063076
13	22	MT	67.85803558063076
13	23	MT	67.85803558063076
13	24	MT	67.85803558063076
13	1	H2	0.0
13	2	H2	0.0
13	3	H2	0.0
13	4	H2	0.0
13	5	H2	0.0
13	6	H2	0.0
13	7	H2	0.0
13	8	H2	0.0
13	9	H2	0.0
13	10	H2	0.0
13	11	H2	0.0
13	12	H2	0.0
13	13	H2	0.0
13	14	H2	0.0
13	15	H2	0.0
13	16	H2	0.0
13	17	H2	0.0
13	18	H2	0.0
13	19	H2	0.0
13	20	H2	0.0
13	21	H2	0.0
13	22	H2	0.0
13	23	H2	0.0
13	24	H2	0.0
13	1	CH4	0.0
13	2	CH4	0.0
13	3	CH4	0.0
13	4	CH4	0.0
13	5	CH4	0.0
13	6	CH4	0.0
13	7	CH4	0.0
13	8	CH4	0.0
13	9	CH4	0.0
13	10	CH4	0.0
13	11	CH4	0.0
13	12	CH4	0.0
13	13	CH4	0.0
13	14	CH4	0.0
13	15	CH4	0.0
13	16	CH4	0.0
13	17	CH4	0.0
13	18	CH4	0.0
13	19	CH4	0.0
13	20	CH4	0.0
13	21	CH4	0.0
13	22	CH4	0.0
13	23	CH4	0.0
13	24	CH4	0.0
13	1	Biogas	0.0
13	2	Biogas	0.0
13	3	Biogas	0.0
13	4	Biogas	0.0
13	5	Biogas	0.0
13	6	Biogas	0.0
13	7	Biogas	0.0
13	8	Biogas	0.0
13	9	Biogas	0.0
13	10	Biogas	0.0
13	11	Biogas	0.0
13	12	Biogas	0.0
13	13	Biogas	0.0
13	14	Biogas	0.0
13	15	Biogas	0.0
13	16	Biogas	0.0
13	17	Biogas	0.0
13	18	Biogas	0.0
13	19	Biogas	0.0
13	20	Biogas	0.0
13	21	Biogas	0.0
13	22	Biogas	0.0
13	23	Biogas	0.0
13	24	Biogas	0.0
13	1	CH4_H2_Mix	0.0
13	2	CH4_H2_Mix	0.0
13	3	CH4_H2_Mix	0.0
13	4	CH4_H2_Mix	0.0
13	5	CH4_H2_Mix	0.0
13	6	CH4_H2_Mix	0.0
13	7	CH4_H2_Mix	0.0
13	8	CH4_H2_Mix	0.0
13	9	CH4_H2_Mix	0.0
13	10	CH4_H2_Mix	0.0
13	11	CH4_H2_Mix	0.0
13	12	CH4_H2_Mix	0.0
13	13	CH4_H2_Mix	0.0
13	14	CH4_H2_Mix	0.0
13	15	CH4_H2_Mix	0.0
13	16	CH4_H2_Mix	0.0
13	17	CH4_H2_Mix	0.0
13	18	CH4_H2_Mix	0.0
13	19	CH4_H2_Mix	0.0
13	20	CH4_H2_Mix	0.0
13	21	CH4_H2_Mix	0.0
13	22	CH4_H2_Mix	0.0
13	23	CH4_H2_Mix	0.0
13	24	CH4_H2_Mix	0.0
13	1	DummyFuel	0.0
13	2	DummyFuel	0.0
13	3	DummyFuel	0.0
13	4	DummyFuel	0.0
13	5	DummyFuel	0.0
13	6	DummyFuel	0.0
13	7	DummyFuel	0.0
13	8	DummyFuel	0.0
13	9	DummyFuel	0.0
13	10	DummyFuel	0.0
13	11	DummyFuel	0.0
13	12	DummyFuel	0.0
13	13	DummyFuel	0.0
13	14	DummyFuel	0.0
13	15	DummyFuel	0.0
13	16	DummyFuel	0.0
13	17	DummyFuel	0.0
13	18	DummyFuel	0.0
13	19	DummyFuel	0.0
13	20	DummyFuel	0.0
13	21	DummyFuel	0.0
13	22	DummyFuel	0.0
13	23	DummyFuel	0.0
13	24	DummyFuel	0.0
14	1	Electricity	38.96182462002236
14	2	Electricity	39.19377579263704
14	3	Electricity	39.18973099100935
14	4	Electricity	39.47287577015352
14	5	Electricity	40.4058262501436
14	6	Electricity	44.7651377130734
14	7	Electricity	53.51019471139672
14	8	Electricity	65.66305369625994
14	9	Electricity	80.38961640205933
14	10	Electricity	89.27525805781414
14	11	Electricity	94.13238155357
14	12	Electricity	93.30845048838448
14	13	Electricity	84.1839634498027
14	14	Electricity	81.94056162340249
14	15	Electricity	88.44226635422324
14	16	Electricity	87.45793234260297
14	17	Electricity	85.68062465182184
14	18	Electricity	83.81640388035929
14	19	Electricity	76.97953257793014
14	20	Electricity	63.46541272158427
14	21	Electricity	48.37639217507369
14	22	Electricity	42.54171995474977
14	23	Electricity	40.91264477650573
14	24	Electricity	40.64645410639097
14	1	LT	39.29027935113542
14	2	LT	39.29027935113542
14	3	LT	39.29027935113542
14	4	LT	39.29027935113542
14	5	LT	39.29027935113542
14	6	LT	39.29027935113542
14	7	LT	39.29027935113542
14	8	LT	113.18135309859329
14	9	LT	126.2865624047462
14	10	LT	139.3917717108991
14	11	LT	139.3917717108991
14	12	LT	166.7935729874007
14	13	LT	166.7935729874007
14	14	LT	110.79858777020183
14	15	LT	166.7935729874007
14	16	LT	166.7935729874007
14	17	LT	139.41712027822243
14	18	LT	110.77323920287854
14	19	LT	39.29027935113542
14	20	LT	39.29027935113542
14	21	LT	39.29027935113542
14	22	LT	39.29027935113542
14	23	LT	39.29027935113542
14	24	LT	39.29027935113542
14	1	MT	91.19891887487887
14	2	MT	116.67410674897269
14	3	MT	116.67410674897269
14	4	MT	116.67410674897269
14	5	MT	116.67410674897269
14	6	MT	116.67410674897269
14	7	MT	116.67410674897269
14	8	MT	435.0315729066813
14	9	MT	485.40364976956005
14	10	MT	535.775726632439
14	11	MT	535.775726632439
14	12	MT	641.099160073004
14	13	MT	641.099160073004
14	14	MT	425.8730134770669
14	15	MT	641.099160073004
14	16	MT	641.099160073004
14	17	MT	422.34596449384026
14	18	MT	235.80065098839344
14	19	MT	118.99003291934486
14	20	MT	118.99003291934486
14	21	MT	118.99003291934486
14	22	MT	118.99003291934486
14	23	MT	118.99003291934486
14	24	MT	118.99003291934486
14	1	H2	0.0
14	2	H2	0.0
14	3	H2	0.0
14	4	H2	0.0
14	5	H2	0.0
14	6	H2	0.0
14	7	H2	0.0
14	8	H2	0.0
14	9	H2	0.0
14	10	H2	0.0
14	11	H2	0.0
14	12	H2	0.0
14	13	H2	0.0
14	14	H2	0.0
14	15	H2	0.0
14	16	H2	0.0
14	17	H2	0.0
14	18	H2	0.0
14	19	H2	0.0
14	20	H2	0.0
14	21	H2	0.0
14	22	H2	0.0
14	23	H2	0.0
14	24	H2	0.0
14	1	CH4	0.0
14	2	CH4	0.0
14	3	CH4	0.0
14	4	CH4	0.0
14	5	CH4	0.0
14	6	CH4	0.0
14	7	CH4	0.0
14	8	CH4	0.0
14	9	CH4	0.0
14	10	CH4	0.0
14	11	CH4	0.0
14	12	CH4	0.0
14	13	CH4	0.0
14	14	CH4	0.0
14	15	CH4	0.0
14	16	CH4	0.0
14	17	CH4	0.0
14	18	CH4	0.0
14	19	CH4	0.0
14	20	CH4	0.0
14	21	CH4	0.0
14	22	CH4	0.0
14	23	CH4	0.0
14	24	CH4	0.0
14	1	Biogas	0.0
14	2	Biogas	0.0
14	3	Biogas	0.0
14	4	Biogas	0.0
14	5	Biogas	0.0
14	6	Biogas	0.0
14	7	Biogas	0.0
14	8	Biogas	0.0
14	9	Biogas	0.0
14	10	Biogas	0.0
14	11	Biogas	0.0
14	12	Biogas	0.0
14	13	Biogas	0.0
14	14	Biogas	0.0
14	15	Biogas	0.0
14	16	Biogas	0.0
14	17	Biogas	0.0
14	18	Biogas	0.0
14	19	Biogas	0.0
14	20	Biogas	0.0
14	21	Biogas	0.0
14	22	Biogas	0.0
14	23	Biogas	0.0
14	24	Biogas	0.0
14	1	CH4_H2_Mix	0.0
14	2	CH4_H2_Mix	0.0
14	3	CH4_H2_Mix	0.0
14	4	CH4_H2_Mix	0.0
14	5	CH4_H2_Mix	0.0
14	6	CH4_H2_Mix	0.0
14	7	CH4_H2_Mix	0.0
14	8	CH4_H2_Mix	0.0
14	9	CH4_H2_Mix	0.0
14	10	CH4_H2_Mix	0.0
14	11	CH4_H2_Mix	0.0
14	12	CH4_H2_Mix	0.0
14	13	CH4_H2_Mix	0.0
14	14	CH4_H2_Mix	0.0
14	15	CH4_H2_Mix	0.0
14	16	CH4_H2_Mix	0.0
14	17	CH4_H2_Mix	0.0
14	18	CH4_H2_Mix	0.0
14	19	CH4_H2_Mix	0.0
14	20	CH4_H2_Mix	0.0
14	21	CH4_H2_Mix	0.0
14	22	CH4_H2_Mix	0.0
14	23	CH4_H2_Mix	0.0
14	24	CH4_H2_Mix	0.0
14	1	DummyFuel	0.0
14	2	DummyFuel	0.0
14	3	DummyFuel	0.0
14	4	DummyFuel	0.0
14	5	DummyFuel	0.0
14	6	DummyFuel	0.0
14	7	DummyFuel	0.0
14	8	DummyFuel	0.0
14	9	DummyFuel	0.0
14	10	DummyFuel	0.0
14	11	DummyFuel	0.0
14	12	DummyFuel	0.0
14	13	DummyFuel	0.0
14	14	DummyFuel	0.0
14	15	DummyFuel	0.0
14	16	DummyFuel	0.0
14	17	DummyFuel	0.0
14	18	DummyFuel	0.0
14	19	DummyFuel	0.0
14	20	DummyFuel	0.0
14	21	DummyFuel	0.0
14	22	DummyFuel	0.0
14	23	DummyFuel	0.0
14	24	DummyFuel	0.0
