Node	Time	ID_Capacity_Sell_Volume
1	1	0.0
1	2	0.0
1	3	0.0
1	4	0.0
1	5	0.0
1	6	0.0
1	7	0.0
1	8	0.0
1	9	0.0
1	10	0.1
1	11	16.9
1	12	20.6
1	13	1.7
1	14	5.0
1	15	2.1
1	16	10.6
1	17	55.2
1	18	20.8
1	19	30.8
1	20	26.0
1	21	21.0
1	22	38.3
1	23	122.9
1	24	110.5
2	1	3.0
2	2	25.1
2	3	39.3
2	4	21.7
2	5	39.2
2	6	48.6
2	7	33.1
2	8	6.5
2	9	0.3
2	10	0.1
2	11	26.5
2	12	68.9
2	13	22.5
2	14	0.0
2	15	11.1
2	16	3.6
2	17	127.4
2	18	55.5
2	19	1.1
2	20	0.0
2	21	0.0
2	22	0.0
2	23	19.0
2	24	12.5
3	1	6.0
3	2	2.2
3	3	0.0
3	4	0.0
3	5	0.0
3	6	0.0
3	7	3.9
3	8	32.2
3	9	40.3
3	10	42.3
3	11	258.6
3	12	38.0
3	13	47.5
3	14	17.2
3	15	36.9
3	16	310.8
3	17	48.3
3	18	28.8
3	19	19.5
3	20	82.2
3	21	56.5
3	22	57.0
3	23	21.9
3	24	66.9
4	1	3.0
4	2	25.1
4	3	39.3
4	4	21.7
4	5	39.2
4	6	48.6
4	7	33.1
4	8	6.5
4	9	0.3
4	10	0.1
4	11	26.5
4	12	68.9
4	13	22.5
4	14	0.0
4	15	11.1
4	16	3.6
4	17	127.4
4	18	55.5
4	19	1.1
4	20	0.0
4	21	0.0
4	22	0.0
4	23	19.0
4	24	12.5
5	1	0.0
5	2	0.0
5	3	0.0
5	4	0.0
5	5	0.0
5	6	0.0
5	7	0.0
5	8	0.0
5	9	0.0
5	10	0.1
5	11	16.9
5	12	20.6
5	13	1.7
5	14	5.0
5	15	2.1
5	16	10.6
5	17	55.2
5	18	20.8
5	19	30.8
5	20	26.0
5	21	21.0
5	22	38.3
5	23	122.9
5	24	110.5
6	1	5.3
6	2	6.9
6	3	5.4
6	4	11.2
6	5	7.9
6	6	2.0
6	7	5.1
6	8	10.8
6	9	3.9
6	10	5.6
6	11	1.4
6	12	5.9
6	13	3.0
6	14	135.6
6	15	24.3
6	16	22.7
6	17	68.1
6	18	36.8
6	19	97.5
6	20	8.5
6	21	0.3
6	22	2.1
6	23	8.7
6	24	45.2
7	1	8.8
7	2	10.9
7	3	24.1
7	4	33.0
7	5	11.6
7	6	22.3
7	7	6.6
7	8	0.0
7	9	32.3
7	10	114.6
7	11	34.8
7	12	28.9
7	13	0.5
7	14	15.8
7	15	3.2
7	16	34.0
7	17	78.7
7	18	5.2
7	19	5.8
7	20	7.0
7	21	5.4
7	22	9.2
7	23	11.4
7	24	22.6
8	1	13.4
8	2	0.0
8	3	2.0
8	4	3.1
8	5	1.0
8	6	49.2
8	7	1.6
8	8	12.7
8	9	16.6
8	10	45.1
8	11	8.2
8	12	1.9
8	13	117.0
8	14	25.0
8	15	76.8
8	16	57.7
8	17	39.9
8	18	74.4
8	19	21.6
8	20	10.9
8	21	18.7
8	22	71.4
8	23	61.5
8	24	85.4
9	1	5.3
9	2	6.9
9	3	5.4
9	4	11.2
9	5	7.9
9	6	2.0
9	7	5.1
9	8	10.8
9	9	3.9
9	10	5.6
9	11	1.4
9	12	5.9
9	13	3.0
9	14	135.6
9	15	24.3
9	16	22.7
9	17	68.1
9	18	36.8
9	19	97.5
9	20	8.5
9	21	0.3
9	22	2.1
9	23	8.7
9	24	45.2
10	1	6.0
10	2	2.2
10	3	0.0
10	4	0.0
10	5	0.0
10	6	0.0
10	7	3.9
10	8	32.2
10	9	40.3
10	10	42.3
10	11	258.6
10	12	38.0
10	13	47.5
10	14	17.2
10	15	36.9
10	16	310.8
10	17	48.3
10	18	28.8
10	19	19.5
10	20	82.2
10	21	56.5
10	22	57.0
10	23	21.9
10	24	66.9
11	1	5.3
11	2	6.9
11	3	5.4
11	4	11.2
11	5	7.9
11	6	2.0
11	7	5.1
11	8	10.8
11	9	3.9
11	10	5.6
11	11	1.4
11	12	5.9
11	13	3.0
11	14	135.6
11	15	24.3
11	16	22.7
11	17	68.1
11	18	36.8
11	19	97.5
11	20	8.5
11	21	0.3
11	22	2.1
11	23	8.7
11	24	45.2
12	1	3.0
12	2	25.1
12	3	39.3
12	4	21.7
12	5	39.2
12	6	48.6
12	7	33.1
12	8	6.5
12	9	0.3
12	10	0.1
12	11	26.5
12	12	68.9
12	13	22.5
12	14	0.0
12	15	11.1
12	16	3.6
12	17	127.4
12	18	55.5
12	19	1.1
12	20	0.0
12	21	0.0
12	22	0.0
12	23	19.0
12	24	12.5
13	1	3.0
13	2	25.1
13	3	39.3
13	4	21.7
13	5	39.2
13	6	48.6
13	7	33.1
13	8	6.5
13	9	0.3
13	10	0.1
13	11	26.5
13	12	68.9
13	13	22.5
13	14	0.0
13	15	11.1
13	16	3.6
13	17	127.4
13	18	55.5
13	19	1.1
13	20	0.0
13	21	0.0
13	22	0.0
13	23	19.0
13	24	12.5
14	1	5.3
14	2	6.9
14	3	5.4
14	4	11.2
14	5	7.9
14	6	2.0
14	7	5.1
14	8	10.8
14	9	3.9
14	10	5.6
14	11	1.4
14	12	5.9
14	13	3.0
14	14	135.6
14	15	24.3
14	16	22.7
14	17	68.1
14	18	36.8
14	19	97.5
14	20	8.5
14	21	0.3
14	22	2.1
14	23	8.7
14	24	45.2
15	1	5.3
15	2	6.9
15	3	5.4
15	4	11.2
15	5	7.9
15	6	2.0
15	7	5.1
15	8	10.8
15	9	3.9
15	10	5.6
15	11	1.4
15	12	5.9
15	13	3.0
15	14	135.6
15	15	24.3
15	16	22.7
15	17	68.1
15	18	36.8
15	19	97.5
15	20	8.5
15	21	0.3
15	22	2.1
15	23	8.7
15	24	45.2
16	1	3.0
16	2	25.1
16	3	39.3
16	4	21.7
16	5	39.2
16	6	48.6
16	7	33.1
16	8	6.5
16	9	0.3
16	10	0.1
16	11	26.5
16	12	68.9
16	13	22.5
16	14	0.0
16	15	11.1
16	16	3.6
16	17	127.4
16	18	55.5
16	19	1.1
16	20	0.0
16	21	0.0
16	22	0.0
16	23	19.0
16	24	12.5
17	1	8.8
17	2	10.9
17	3	24.1
17	4	33.0
17	5	11.6
17	6	22.3
17	7	6.6
17	8	0.0
17	9	32.3
17	10	114.6
17	11	34.8
17	12	28.9
17	13	0.5
17	14	15.8
17	15	3.2
17	16	34.0
17	17	78.7
17	18	5.2
17	19	5.8
17	20	7.0
17	21	5.4
17	22	9.2
17	23	11.4
17	24	22.6
18	1	5.3
18	2	6.9
18	3	5.4
18	4	11.2
18	5	7.9
18	6	2.0
18	7	5.1
18	8	10.8
18	9	3.9
18	10	5.6
18	11	1.4
18	12	5.9
18	13	3.0
18	14	135.6
18	15	24.3
18	16	22.7
18	17	68.1
18	18	36.8
18	19	97.5
18	20	8.5
18	21	0.3
18	22	2.1
18	23	8.7
18	24	45.2
19	1	8.8
19	2	10.9
19	3	24.1
19	4	33.0
19	5	11.6
19	6	22.3
19	7	6.6
19	8	0.0
19	9	32.3
19	10	114.6
19	11	34.8
19	12	28.9
19	13	0.5
19	14	15.8
19	15	3.2
19	16	34.0
19	17	78.7
19	18	5.2
19	19	5.8
19	20	7.0
19	21	5.4
19	22	9.2
19	23	11.4
19	24	22.6
20	1	5.3
20	2	6.9
20	3	5.4
20	4	11.2
20	5	7.9
20	6	2.0
20	7	5.1
20	8	10.8
20	9	3.9
20	10	5.6
20	11	1.4
20	12	5.9
20	13	3.0
20	14	135.6
20	15	24.3
20	16	22.7
20	17	68.1
20	18	36.8
20	19	97.5
20	20	8.5
20	21	0.3
20	22	2.1
20	23	8.7
20	24	45.2
21	1	3.0
21	2	25.1
21	3	39.3
21	4	21.7
21	5	39.2
21	6	48.6
21	7	33.1
21	8	6.5
21	9	0.3
21	10	0.1
21	11	26.5
21	12	68.9
21	13	22.5
21	14	0.0
21	15	11.1
21	16	3.6
21	17	127.4
21	18	55.5
21	19	1.1
21	20	0.0
21	21	0.0
21	22	0.0
21	23	19.0
21	24	12.5
22	1	6.0
22	2	2.2
22	3	0.0
22	4	0.0
22	5	0.0
22	6	0.0
22	7	3.9
22	8	32.2
22	9	40.3
22	10	42.3
22	11	258.6
22	12	38.0
22	13	47.5
22	14	17.2
22	15	36.9
22	16	310.8
22	17	48.3
22	18	28.8
22	19	19.5
22	20	82.2
22	21	56.5
22	22	57.0
22	23	21.9
22	24	66.9
23	1	10.0
23	2	19.0
23	3	2.1
23	4	0.1
23	5	5.7
23	6	18.9
23	7	43.2
23	8	69.3
23	9	70.1
23	10	77.0
23	11	20.5
23	12	37.3
23	13	7.6
23	14	19.1
23	15	137.4
23	16	42.0
23	17	12.8
23	18	20.5
23	19	32.8
23	20	19.9
23	21	13.4
23	22	62.7
23	23	74.6
23	24	73.8
24	1	5.3
24	2	6.9
24	3	5.4
24	4	11.2
24	5	7.9
24	6	2.0
24	7	5.1
24	8	10.8
24	9	3.9
24	10	5.6
24	11	1.4
24	12	5.9
24	13	3.0
24	14	135.6
24	15	24.3
24	16	22.7
24	17	68.1
24	18	36.8
24	19	97.5
24	20	8.5
24	21	0.3
24	22	2.1
24	23	8.7
24	24	45.2
25	1	0.0
25	2	0.0
25	3	0.0
25	4	0.0
25	5	0.0
25	6	0.0
25	7	0.0
25	8	0.0
25	9	0.0
25	10	0.1
25	11	16.9
25	12	20.6
25	13	1.7
25	14	5.0
25	15	2.1
25	16	10.6
25	17	55.2
25	18	20.8
25	19	30.8
25	20	26.0
25	21	21.0
25	22	38.3
25	23	122.9
25	24	110.5
26	1	3.0
26	2	25.1
26	3	39.3
26	4	21.7
26	5	39.2
26	6	48.6
26	7	33.1
26	8	6.5
26	9	0.3
26	10	0.1
26	11	26.5
26	12	68.9
26	13	22.5
26	14	0.0
26	15	11.1
26	16	3.6
26	17	127.4
26	18	55.5
26	19	1.1
26	20	0.0
26	21	0.0
26	22	0.0
26	23	19.0
26	24	12.5
27	1	8.8
27	2	10.9
27	3	24.1
27	4	33.0
27	5	11.6
27	6	22.3
27	7	6.6
27	8	0.0
27	9	32.3
27	10	114.6
27	11	34.8
27	12	28.9
27	13	0.5
27	14	15.8
27	15	3.2
27	16	34.0
27	17	78.7
27	18	5.2
27	19	5.8
27	20	7.0
27	21	5.4
27	22	9.2
27	23	11.4
27	24	22.6
28	1	6.0
28	2	2.2
28	3	0.0
28	4	0.0
28	5	0.0
28	6	0.0
28	7	3.9
28	8	32.2
28	9	40.3
28	10	42.3
28	11	258.6
28	12	38.0
28	13	47.5
28	14	17.2
28	15	36.9
28	16	310.8
28	17	48.3
28	18	28.8
28	19	19.5
28	20	82.2
28	21	56.5
28	22	57.0
28	23	21.9
28	24	66.9
29	1	3.0
29	2	25.1
29	3	39.3
29	4	21.7
29	5	39.2
29	6	48.6
29	7	33.1
29	8	6.5
29	9	0.3
29	10	0.1
29	11	26.5
29	12	68.9
29	13	22.5
29	14	0.0
29	15	11.1
29	16	3.6
29	17	127.4
29	18	55.5
29	19	1.1
29	20	0.0
29	21	0.0
29	22	0.0
29	23	19.0
29	24	12.5
30	1	5.3
30	2	6.9
30	3	5.4
30	4	11.2
30	5	7.9
30	6	2.0
30	7	5.1
30	8	10.8
30	9	3.9
30	10	5.6
30	11	1.4
30	12	5.9
30	13	3.0
30	14	135.6
30	15	24.3
30	16	22.7
30	17	68.1
30	18	36.8
30	19	97.5
30	20	8.5
30	21	0.3
30	22	2.1
30	23	8.7
30	24	45.2
31	1	13.4
31	2	0.0
31	3	2.0
31	4	3.1
31	5	1.0
31	6	49.2
31	7	1.6
31	8	12.7
31	9	16.6
31	10	45.1
31	11	8.2
31	12	1.9
31	13	117.0
31	14	25.0
31	15	76.8
31	16	57.7
31	17	39.9
31	18	74.4
31	19	21.6
31	20	10.9
31	21	18.7
31	22	71.4
31	23	61.5
31	24	85.4
32	1	8.8
32	2	10.9
32	3	24.1
32	4	33.0
32	5	11.6
32	6	22.3
32	7	6.6
32	8	0.0
32	9	32.3
32	10	114.6
32	11	34.8
32	12	28.9
32	13	0.5
32	14	15.8
32	15	3.2
32	16	34.0
32	17	78.7
32	18	5.2
32	19	5.8
32	20	7.0
32	21	5.4
32	22	9.2
32	23	11.4
32	24	22.6
33	1	5.3
33	2	6.9
33	3	5.4
33	4	11.2
33	5	7.9
33	6	2.0
33	7	5.1
33	8	10.8
33	9	3.9
33	10	5.6
33	11	1.4
33	12	5.9
33	13	3.0
33	14	135.6
33	15	24.3
33	16	22.7
33	17	68.1
33	18	36.8
33	19	97.5
33	20	8.5
33	21	0.3
33	22	2.1
33	23	8.7
33	24	45.2
34	1	10.0
34	2	19.0
34	3	2.1
34	4	0.1
34	5	5.7
34	6	18.9
34	7	43.2
34	8	69.3
34	9	70.1
34	10	77.0
34	11	20.5
34	12	37.3
34	13	7.6
34	14	19.1
34	15	137.4
34	16	42.0
34	17	12.8
34	18	20.5
34	19	32.8
34	20	19.9
34	21	13.4
34	22	62.7
34	23	74.6
34	24	73.8
35	1	8.8
35	2	10.9
35	3	24.1
35	4	33.0
35	5	11.6
35	6	22.3
35	7	6.6
35	8	0.0
35	9	32.3
35	10	114.6
35	11	34.8
35	12	28.9
35	13	0.5
35	14	15.8
35	15	3.2
35	16	34.0
35	17	78.7
35	18	5.2
35	19	5.8
35	20	7.0
35	21	5.4
35	22	9.2
35	23	11.4
35	24	22.6
36	1	3.0
36	2	25.1
36	3	39.3
36	4	21.7
36	5	39.2
36	6	48.6
36	7	33.1
36	8	6.5
36	9	0.3
36	10	0.1
36	11	26.5
36	12	68.9
36	13	22.5
36	14	0.0
36	15	11.1
36	16	3.6
36	17	127.4
36	18	55.5
36	19	1.1
36	20	0.0
36	21	0.0
36	22	0.0
36	23	19.0
36	24	12.5
37	1	13.4
37	2	0.0
37	3	2.0
37	4	3.1
37	5	1.0
37	6	49.2
37	7	1.6
37	8	12.7
37	9	16.6
37	10	45.1
37	11	8.2
37	12	1.9
37	13	117.0
37	14	25.0
37	15	76.8
37	16	57.7
37	17	39.9
37	18	74.4
37	19	21.6
37	20	10.9
37	21	18.7
37	22	71.4
37	23	61.5
37	24	85.4
38	1	5.3
38	2	6.9
38	3	5.4
38	4	11.2
38	5	7.9
38	6	2.0
38	7	5.1
38	8	10.8
38	9	3.9
38	10	5.6
38	11	1.4
38	12	5.9
38	13	3.0
38	14	135.6
38	15	24.3
38	16	22.7
38	17	68.1
38	18	36.8
38	19	97.5
38	20	8.5
38	21	0.3
38	22	2.1
38	23	8.7
38	24	45.2
39	1	13.4
39	2	0.0
39	3	2.0
39	4	3.1
39	5	1.0
39	6	49.2
39	7	1.6
39	8	12.7
39	9	16.6
39	10	45.1
39	11	8.2
39	12	1.9
39	13	117.0
39	14	25.0
39	15	76.8
39	16	57.7
39	17	39.9
39	18	74.4
39	19	21.6
39	20	10.9
39	21	18.7
39	22	71.4
39	23	61.5
39	24	85.4
40	1	5.3
40	2	6.9
40	3	5.4
40	4	11.2
40	5	7.9
40	6	2.0
40	7	5.1
40	8	10.8
40	9	3.9
40	10	5.6
40	11	1.4
40	12	5.9
40	13	3.0
40	14	135.6
40	15	24.3
40	16	22.7
40	17	68.1
40	18	36.8
40	19	97.5
40	20	8.5
40	21	0.3
40	22	2.1
40	23	8.7
40	24	45.2
41	1	10.0
41	2	19.0
41	3	2.1
41	4	0.1
41	5	5.7
41	6	18.9
41	7	43.2
41	8	69.3
41	9	70.1
41	10	77.0
41	11	20.5
41	12	37.3
41	13	7.6
41	14	19.1
41	15	137.4
41	16	42.0
41	17	12.8
41	18	20.5
41	19	32.8
41	20	19.9
41	21	13.4
41	22	62.7
41	23	74.6
41	24	73.8
42	1	0.0
42	2	0.0
42	3	0.0
42	4	0.0
42	5	0.0
42	6	0.0
42	7	0.0
42	8	0.0
42	9	0.0
42	10	0.1
42	11	16.9
42	12	20.6
42	13	1.7
42	14	5.0
42	15	2.1
42	16	10.6
42	17	55.2
42	18	20.8
42	19	30.8
42	20	26.0
42	21	21.0
42	22	38.3
42	23	122.9
42	24	110.5
43	1	0.0
43	2	0.0
43	3	0.0
43	4	0.0
43	5	0.0
43	6	0.0
43	7	0.0
43	8	0.0
43	9	0.0
43	10	0.1
43	11	16.9
43	12	20.6
43	13	1.7
43	14	5.0
43	15	2.1
43	16	10.6
43	17	55.2
43	18	20.8
43	19	30.8
43	20	26.0
43	21	21.0
43	22	38.3
43	23	122.9
43	24	110.5
44	1	0.0
44	2	0.0
44	3	0.0
44	4	0.0
44	5	0.0
44	6	0.0
44	7	0.0
44	8	0.0
44	9	0.0
44	10	0.1
44	11	16.9
44	12	20.6
44	13	1.7
44	14	5.0
44	15	2.1
44	16	10.6
44	17	55.2
44	18	20.8
44	19	30.8
44	20	26.0
44	21	21.0
44	22	38.3
44	23	122.9
44	24	110.5
45	1	10.0
45	2	19.0
45	3	2.1
45	4	0.1
45	5	5.7
45	6	18.9
45	7	43.2
45	8	69.3
45	9	70.1
45	10	77.0
45	11	20.5
45	12	37.3
45	13	7.6
45	14	19.1
45	15	137.4
45	16	42.0
45	17	12.8
45	18	20.5
45	19	32.8
45	20	19.9
45	21	13.4
45	22	62.7
45	23	74.6
45	24	73.8
46	1	3.0
46	2	25.1
46	3	39.3
46	4	21.7
46	5	39.2
46	6	48.6
46	7	33.1
46	8	6.5
46	9	0.3
46	10	0.1
46	11	26.5
46	12	68.9
46	13	22.5
46	14	0.0
46	15	11.1
46	16	3.6
46	17	127.4
46	18	55.5
46	19	1.1
46	20	0.0
46	21	0.0
46	22	0.0
46	23	19.0
46	24	12.5
47	1	3.0
47	2	25.1
47	3	39.3
47	4	21.7
47	5	39.2
47	6	48.6
47	7	33.1
47	8	6.5
47	9	0.3
47	10	0.1
47	11	26.5
47	12	68.9
47	13	22.5
47	14	0.0
47	15	11.1
47	16	3.6
47	17	127.4
47	18	55.5
47	19	1.1
47	20	0.0
47	21	0.0
47	22	0.0
47	23	19.0
47	24	12.5
48	1	6.0
48	2	2.2
48	3	0.0
48	4	0.0
48	5	0.0
48	6	0.0
48	7	3.9
48	8	32.2
48	9	40.3
48	10	42.3
48	11	258.6
48	12	38.0
48	13	47.5
48	14	17.2
48	15	36.9
48	16	310.8
48	17	48.3
48	18	28.8
48	19	19.5
48	20	82.2
48	21	56.5
48	22	57.0
48	23	21.9
48	24	66.9
49	1	5.3
49	2	6.9
49	3	5.4
49	4	11.2
49	5	7.9
49	6	2.0
49	7	5.1
49	8	10.8
49	9	3.9
49	10	5.6
49	11	1.4
49	12	5.9
49	13	3.0
49	14	135.6
49	15	24.3
49	16	22.7
49	17	68.1
49	18	36.8
49	19	97.5
49	20	8.5
49	21	0.3
49	22	2.1
49	23	8.7
49	24	45.2
50	1	6.0
50	2	2.2
50	3	0.0
50	4	0.0
50	5	0.0
50	6	0.0
50	7	3.9
50	8	32.2
50	9	40.3
50	10	42.3
50	11	258.6
50	12	38.0
50	13	47.5
50	14	17.2
50	15	36.9
50	16	310.8
50	17	48.3
50	18	28.8
50	19	19.5
50	20	82.2
50	21	56.5
50	22	57.0
50	23	21.9
50	24	66.9
51	1	0.0
51	2	0.0
51	3	0.0
51	4	0.0
51	5	0.0
51	6	0.0
51	7	0.0
51	8	0.0
51	9	0.0
51	10	0.1
51	11	16.9
51	12	20.6
51	13	1.7
51	14	5.0
51	15	2.1
51	16	10.6
51	17	55.2
51	18	20.8
51	19	30.8
51	20	26.0
51	21	21.0
51	22	38.3
51	23	122.9
51	24	110.5
52	1	13.4
52	2	0.0
52	3	2.0
52	4	3.1
52	5	1.0
52	6	49.2
52	7	1.6
52	8	12.7
52	9	16.6
52	10	45.1
52	11	8.2
52	12	1.9
52	13	117.0
52	14	25.0
52	15	76.8
52	16	57.7
52	17	39.9
52	18	74.4
52	19	21.6
52	20	10.9
52	21	18.7
52	22	71.4
52	23	61.5
52	24	85.4
53	1	3.0
53	2	25.1
53	3	39.3
53	4	21.7
53	5	39.2
53	6	48.6
53	7	33.1
53	8	6.5
53	9	0.3
53	10	0.1
53	11	26.5
53	12	68.9
53	13	22.5
53	14	0.0
53	15	11.1
53	16	3.6
53	17	127.4
53	18	55.5
53	19	1.1
53	20	0.0
53	21	0.0
53	22	0.0
53	23	19.0
53	24	12.5
54	1	3.0
54	2	25.1
54	3	39.3
54	4	21.7
54	5	39.2
54	6	48.6
54	7	33.1
54	8	6.5
54	9	0.3
54	10	0.1
54	11	26.5
54	12	68.9
54	13	22.5
54	14	0.0
54	15	11.1
54	16	3.6
54	17	127.4
54	18	55.5
54	19	1.1
54	20	0.0
54	21	0.0
54	22	0.0
54	23	19.0
54	24	12.5
55	1	10.0
55	2	19.0
55	3	2.1
55	4	0.1
55	5	5.7
55	6	18.9
55	7	43.2
55	8	69.3
55	9	70.1
55	10	77.0
55	11	20.5
55	12	37.3
55	13	7.6
55	14	19.1
55	15	137.4
55	16	42.0
55	17	12.8
55	18	20.5
55	19	32.8
55	20	19.9
55	21	13.4
55	22	62.7
55	23	74.6
55	24	73.8
56	1	6.0
56	2	2.2
56	3	0.0
56	4	0.0
56	5	0.0
56	6	0.0
56	7	3.9
56	8	32.2
56	9	40.3
56	10	42.3
56	11	258.6
56	12	38.0
56	13	47.5
56	14	17.2
56	15	36.9
56	16	310.8
56	17	48.3
56	18	28.8
56	19	19.5
56	20	82.2
56	21	56.5
56	22	57.0
56	23	21.9
56	24	66.9
57	1	13.4
57	2	0.0
57	3	2.0
57	4	3.1
57	5	1.0
57	6	49.2
57	7	1.6
57	8	12.7
57	9	16.6
57	10	45.1
57	11	8.2
57	12	1.9
57	13	117.0
57	14	25.0
57	15	76.8
57	16	57.7
57	17	39.9
57	18	74.4
57	19	21.6
57	20	10.9
57	21	18.7
57	22	71.4
57	23	61.5
57	24	85.4
58	1	5.3
58	2	6.9
58	3	5.4
58	4	11.2
58	5	7.9
58	6	2.0
58	7	5.1
58	8	10.8
58	9	3.9
58	10	5.6
58	11	1.4
58	12	5.9
58	13	3.0
58	14	135.6
58	15	24.3
58	16	22.7
58	17	68.1
58	18	36.8
58	19	97.5
58	20	8.5
58	21	0.3
58	22	2.1
58	23	8.7
58	24	45.2
59	1	6.0
59	2	2.2
59	3	0.0
59	4	0.0
59	5	0.0
59	6	0.0
59	7	3.9
59	8	32.2
59	9	40.3
59	10	42.3
59	11	258.6
59	12	38.0
59	13	47.5
59	14	17.2
59	15	36.9
59	16	310.8
59	17	48.3
59	18	28.8
59	19	19.5
59	20	82.2
59	21	56.5
59	22	57.0
59	23	21.9
59	24	66.9
60	1	13.4
60	2	0.0
60	3	2.0
60	4	3.1
60	5	1.0
60	6	49.2
60	7	1.6
60	8	12.7
60	9	16.6
60	10	45.1
60	11	8.2
60	12	1.9
60	13	117.0
60	14	25.0
60	15	76.8
60	16	57.7
60	17	39.9
60	18	74.4
60	19	21.6
60	20	10.9
60	21	18.7
60	22	71.4
60	23	61.5
60	24	85.4
61	1	6.0
61	2	2.2
61	3	0.0
61	4	0.0
61	5	0.0
61	6	0.0
61	7	3.9
61	8	32.2
61	9	40.3
61	10	42.3
61	11	258.6
61	12	38.0
61	13	47.5
61	14	17.2
61	15	36.9
61	16	310.8
61	17	48.3
61	18	28.8
61	19	19.5
61	20	82.2
61	21	56.5
61	22	57.0
61	23	21.9
61	24	66.9
62	1	8.8
62	2	10.9
62	3	24.1
62	4	33.0
62	5	11.6
62	6	22.3
62	7	6.6
62	8	0.0
62	9	32.3
62	10	114.6
62	11	34.8
62	12	28.9
62	13	0.5
62	14	15.8
62	15	3.2
62	16	34.0
62	17	78.7
62	18	5.2
62	19	5.8
62	20	7.0
62	21	5.4
62	22	9.2
62	23	11.4
62	24	22.6
63	1	10.0
63	2	19.0
63	3	2.1
63	4	0.1
63	5	5.7
63	6	18.9
63	7	43.2
63	8	69.3
63	9	70.1
63	10	77.0
63	11	20.5
63	12	37.3
63	13	7.6
63	14	19.1
63	15	137.4
63	16	42.0
63	17	12.8
63	18	20.5
63	19	32.8
63	20	19.9
63	21	13.4
63	22	62.7
63	23	74.6
63	24	73.8
64	1	6.0
64	2	2.2
64	3	0.0
64	4	0.0
64	5	0.0
64	6	0.0
64	7	3.9
64	8	32.2
64	9	40.3
64	10	42.3
64	11	258.6
64	12	38.0
64	13	47.5
64	14	17.2
64	15	36.9
64	16	310.8
64	17	48.3
64	18	28.8
64	19	19.5
64	20	82.2
64	21	56.5
64	22	57.0
64	23	21.9
64	24	66.9
65	1	6.0
65	2	2.2
65	3	0.0
65	4	0.0
65	5	0.0
65	6	0.0
65	7	3.9
65	8	32.2
65	9	40.3
65	10	42.3
65	11	258.6
65	12	38.0
65	13	47.5
65	14	17.2
65	15	36.9
65	16	310.8
65	17	48.3
65	18	28.8
65	19	19.5
65	20	82.2
65	21	56.5
65	22	57.0
65	23	21.9
65	24	66.9
66	1	5.3
66	2	6.9
66	3	5.4
66	4	11.2
66	5	7.9
66	6	2.0
66	7	5.1
66	8	10.8
66	9	3.9
66	10	5.6
66	11	1.4
66	12	5.9
66	13	3.0
66	14	135.6
66	15	24.3
66	16	22.7
66	17	68.1
66	18	36.8
66	19	97.5
66	20	8.5
66	21	0.3
66	22	2.1
66	23	8.7
66	24	45.2
67	1	13.4
67	2	0.0
67	3	2.0
67	4	3.1
67	5	1.0
67	6	49.2
67	7	1.6
67	8	12.7
67	9	16.6
67	10	45.1
67	11	8.2
67	12	1.9
67	13	117.0
67	14	25.0
67	15	76.8
67	16	57.7
67	17	39.9
67	18	74.4
67	19	21.6
67	20	10.9
67	21	18.7
67	22	71.4
67	23	61.5
67	24	85.4
68	1	6.0
68	2	2.2
68	3	0.0
68	4	0.0
68	5	0.0
68	6	0.0
68	7	3.9
68	8	32.2
68	9	40.3
68	10	42.3
68	11	258.6
68	12	38.0
68	13	47.5
68	14	17.2
68	15	36.9
68	16	310.8
68	17	48.3
68	18	28.8
68	19	19.5
68	20	82.2
68	21	56.5
68	22	57.0
68	23	21.9
68	24	66.9
69	1	8.8
69	2	10.9
69	3	24.1
69	4	33.0
69	5	11.6
69	6	22.3
69	7	6.6
69	8	0.0
69	9	32.3
69	10	114.6
69	11	34.8
69	12	28.9
69	13	0.5
69	14	15.8
69	15	3.2
69	16	34.0
69	17	78.7
69	18	5.2
69	19	5.8
69	20	7.0
69	21	5.4
69	22	9.2
69	23	11.4
69	24	22.6
70	1	0.0
70	2	0.0
70	3	0.0
70	4	0.0
70	5	0.0
70	6	0.0
70	7	0.0
70	8	0.0
70	9	0.0
70	10	0.1
70	11	16.9
70	12	20.6
70	13	1.7
70	14	5.0
70	15	2.1
70	16	10.6
70	17	55.2
70	18	20.8
70	19	30.8
70	20	26.0
70	21	21.0
70	22	38.3
70	23	122.9
70	24	110.5
71	1	3.0
71	2	25.1
71	3	39.3
71	4	21.7
71	5	39.2
71	6	48.6
71	7	33.1
71	8	6.5
71	9	0.3
71	10	0.1
71	11	26.5
71	12	68.9
71	13	22.5
71	14	0.0
71	15	11.1
71	16	3.6
71	17	127.4
71	18	55.5
71	19	1.1
71	20	0.0
71	21	0.0
71	22	0.0
71	23	19.0
71	24	12.5
72	1	0.0
72	2	0.0
72	3	0.0
72	4	0.0
72	5	0.0
72	6	0.0
72	7	0.0
72	8	0.0
72	9	0.0
72	10	0.1
72	11	16.9
72	12	20.6
72	13	1.7
72	14	5.0
72	15	2.1
72	16	10.6
72	17	55.2
72	18	20.8
72	19	30.8
72	20	26.0
72	21	21.0
72	22	38.3
72	23	122.9
72	24	110.5
73	1	3.0
73	2	25.1
73	3	39.3
73	4	21.7
73	5	39.2
73	6	48.6
73	7	33.1
73	8	6.5
73	9	0.3
73	10	0.1
73	11	26.5
73	12	68.9
73	13	22.5
73	14	0.0
73	15	11.1
73	16	3.6
73	17	127.4
73	18	55.5
73	19	1.1
73	20	0.0
73	21	0.0
73	22	0.0
73	23	19.0
73	24	12.5
74	1	6.0
74	2	2.2
74	3	0.0
74	4	0.0
74	5	0.0
74	6	0.0
74	7	3.9
74	8	32.2
74	9	40.3
74	10	42.3
74	11	258.6
74	12	38.0
74	13	47.5
74	14	17.2
74	15	36.9
74	16	310.8
74	17	48.3
74	18	28.8
74	19	19.5
74	20	82.2
74	21	56.5
74	22	57.0
74	23	21.9
74	24	66.9
75	1	3.0
75	2	25.1
75	3	39.3
75	4	21.7
75	5	39.2
75	6	48.6
75	7	33.1
75	8	6.5
75	9	0.3
75	10	0.1
75	11	26.5
75	12	68.9
75	13	22.5
75	14	0.0
75	15	11.1
75	16	3.6
75	17	127.4
75	18	55.5
75	19	1.1
75	20	0.0
75	21	0.0
75	22	0.0
75	23	19.0
75	24	12.5
76	1	10.0
76	2	19.0
76	3	2.1
76	4	0.1
76	5	5.7
76	6	18.9
76	7	43.2
76	8	69.3
76	9	70.1
76	10	77.0
76	11	20.5
76	12	37.3
76	13	7.6
76	14	19.1
76	15	137.4
76	16	42.0
76	17	12.8
76	18	20.5
76	19	32.8
76	20	19.9
76	21	13.4
76	22	62.7
76	23	74.6
76	24	73.8
77	1	10.0
77	2	19.0
77	3	2.1
77	4	0.1
77	5	5.7
77	6	18.9
77	7	43.2
77	8	69.3
77	9	70.1
77	10	77.0
77	11	20.5
77	12	37.3
77	13	7.6
77	14	19.1
77	15	137.4
77	16	42.0
77	17	12.8
77	18	20.5
77	19	32.8
77	20	19.9
77	21	13.4
77	22	62.7
77	23	74.6
77	24	73.8
78	1	0.0
78	2	0.0
78	3	0.0
78	4	0.0
78	5	0.0
78	6	0.0
78	7	0.0
78	8	0.0
78	9	0.0
78	10	0.1
78	11	16.9
78	12	20.6
78	13	1.7
78	14	5.0
78	15	2.1
78	16	10.6
78	17	55.2
78	18	20.8
78	19	30.8
78	20	26.0
78	21	21.0
78	22	38.3
78	23	122.9
78	24	110.5
79	1	0.0
79	2	0.0
79	3	0.0
79	4	0.0
79	5	0.0
79	6	0.0
79	7	0.0
79	8	0.0
79	9	0.0
79	10	0.1
79	11	16.9
79	12	20.6
79	13	1.7
79	14	5.0
79	15	2.1
79	16	10.6
79	17	55.2
79	18	20.8
79	19	30.8
79	20	26.0
79	21	21.0
79	22	38.3
79	23	122.9
79	24	110.5
80	1	5.3
80	2	6.9
80	3	5.4
80	4	11.2
80	5	7.9
80	6	2.0
80	7	5.1
80	8	10.8
80	9	3.9
80	10	5.6
80	11	1.4
80	12	5.9
80	13	3.0
80	14	135.6
80	15	24.3
80	16	22.7
80	17	68.1
80	18	36.8
80	19	97.5
80	20	8.5
80	21	0.3
80	22	2.1
80	23	8.7
80	24	45.2
81	1	5.3
81	2	6.9
81	3	5.4
81	4	11.2
81	5	7.9
81	6	2.0
81	7	5.1
81	8	10.8
81	9	3.9
81	10	5.6
81	11	1.4
81	12	5.9
81	13	3.0
81	14	135.6
81	15	24.3
81	16	22.7
81	17	68.1
81	18	36.8
81	19	97.5
81	20	8.5
81	21	0.3
81	22	2.1
81	23	8.7
81	24	45.2
82	1	0.0
82	2	0.0
82	3	0.0
82	4	0.0
82	5	0.0
82	6	0.0
82	7	0.0
82	8	0.0
82	9	0.0
82	10	0.1
82	11	16.9
82	12	20.6
82	13	1.7
82	14	5.0
82	15	2.1
82	16	10.6
82	17	55.2
82	18	20.8
82	19	30.8
82	20	26.0
82	21	21.0
82	22	38.3
82	23	122.9
82	24	110.5
83	1	10.0
83	2	19.0
83	3	2.1
83	4	0.1
83	5	5.7
83	6	18.9
83	7	43.2
83	8	69.3
83	9	70.1
83	10	77.0
83	11	20.5
83	12	37.3
83	13	7.6
83	14	19.1
83	15	137.4
83	16	42.0
83	17	12.8
83	18	20.5
83	19	32.8
83	20	19.9
83	21	13.4
83	22	62.7
83	23	74.6
83	24	73.8
84	1	3.0
84	2	25.1
84	3	39.3
84	4	21.7
84	5	39.2
84	6	48.6
84	7	33.1
84	8	6.5
84	9	0.3
84	10	0.1
84	11	26.5
84	12	68.9
84	13	22.5
84	14	0.0
84	15	11.1
84	16	3.6
84	17	127.4
84	18	55.5
84	19	1.1
84	20	0.0
84	21	0.0
84	22	0.0
84	23	19.0
84	24	12.5
85	1	5.3
85	2	6.9
85	3	5.4
85	4	11.2
85	5	7.9
85	6	2.0
85	7	5.1
85	8	10.8
85	9	3.9
85	10	5.6
85	11	1.4
85	12	5.9
85	13	3.0
85	14	135.6
85	15	24.3
85	16	22.7
85	17	68.1
85	18	36.8
85	19	97.5
85	20	8.5
85	21	0.3
85	22	2.1
85	23	8.7
85	24	45.2
86	1	0.0
86	2	0.0
86	3	0.0
86	4	0.0
86	5	0.0
86	6	0.0
86	7	0.0
86	8	0.0
86	9	0.0
86	10	0.1
86	11	16.9
86	12	20.6
86	13	1.7
86	14	5.0
86	15	2.1
86	16	10.6
86	17	55.2
86	18	20.8
86	19	30.8
86	20	26.0
86	21	21.0
86	22	38.3
86	23	122.9
86	24	110.5
87	1	0.0
87	2	0.0
87	3	0.0
87	4	0.0
87	5	0.0
87	6	0.0
87	7	0.0
87	8	0.0
87	9	0.0
87	10	0.1
87	11	16.9
87	12	20.6
87	13	1.7
87	14	5.0
87	15	2.1
87	16	10.6
87	17	55.2
87	18	20.8
87	19	30.8
87	20	26.0
87	21	21.0
87	22	38.3
87	23	122.9
87	24	110.5
88	1	8.8
88	2	10.9
88	3	24.1
88	4	33.0
88	5	11.6
88	6	22.3
88	7	6.6
88	8	0.0
88	9	32.3
88	10	114.6
88	11	34.8
88	12	28.9
88	13	0.5
88	14	15.8
88	15	3.2
88	16	34.0
88	17	78.7
88	18	5.2
88	19	5.8
88	20	7.0
88	21	5.4
88	22	9.2
88	23	11.4
88	24	22.6
89	1	5.3
89	2	6.9
89	3	5.4
89	4	11.2
89	5	7.9
89	6	2.0
89	7	5.1
89	8	10.8
89	9	3.9
89	10	5.6
89	11	1.4
89	12	5.9
89	13	3.0
89	14	135.6
89	15	24.3
89	16	22.7
89	17	68.1
89	18	36.8
89	19	97.5
89	20	8.5
89	21	0.3
89	22	2.1
89	23	8.7
89	24	45.2
90	1	0.0
90	2	0.0
90	3	0.0
90	4	0.0
90	5	0.0
90	6	0.0
90	7	0.0
90	8	0.0
90	9	0.0
90	10	0.1
90	11	16.9
90	12	20.6
90	13	1.7
90	14	5.0
90	15	2.1
90	16	10.6
90	17	55.2
90	18	20.8
90	19	30.8
90	20	26.0
90	21	21.0
90	22	38.3
90	23	122.9
90	24	110.5
91	1	5.3
91	2	6.9
91	3	5.4
91	4	11.2
91	5	7.9
91	6	2.0
91	7	5.1
91	8	10.8
91	9	3.9
91	10	5.6
91	11	1.4
91	12	5.9
91	13	3.0
91	14	135.6
91	15	24.3
91	16	22.7
91	17	68.1
91	18	36.8
91	19	97.5
91	20	8.5
91	21	0.3
91	22	2.1
91	23	8.7
91	24	45.2
92	1	5.3
92	2	6.9
92	3	5.4
92	4	11.2
92	5	7.9
92	6	2.0
92	7	5.1
92	8	10.8
92	9	3.9
92	10	5.6
92	11	1.4
92	12	5.9
92	13	3.0
92	14	135.6
92	15	24.3
92	16	22.7
92	17	68.1
92	18	36.8
92	19	97.5
92	20	8.5
92	21	0.3
92	22	2.1
92	23	8.7
92	24	45.2
93	1	6.0
93	2	2.2
93	3	0.0
93	4	0.0
93	5	0.0
93	6	0.0
93	7	3.9
93	8	32.2
93	9	40.3
93	10	42.3
93	11	258.6
93	12	38.0
93	13	47.5
93	14	17.2
93	15	36.9
93	16	310.8
93	17	48.3
93	18	28.8
93	19	19.5
93	20	82.2
93	21	56.5
93	22	57.0
93	23	21.9
93	24	66.9
94	1	5.3
94	2	6.9
94	3	5.4
94	4	11.2
94	5	7.9
94	6	2.0
94	7	5.1
94	8	10.8
94	9	3.9
94	10	5.6
94	11	1.4
94	12	5.9
94	13	3.0
94	14	135.6
94	15	24.3
94	16	22.7
94	17	68.1
94	18	36.8
94	19	97.5
94	20	8.5
94	21	0.3
94	22	2.1
94	23	8.7
94	24	45.2
95	1	6.0
95	2	2.2
95	3	0.0
95	4	0.0
95	5	0.0
95	6	0.0
95	7	3.9
95	8	32.2
95	9	40.3
95	10	42.3
95	11	258.6
95	12	38.0
95	13	47.5
95	14	17.2
95	15	36.9
95	16	310.8
95	17	48.3
95	18	28.8
95	19	19.5
95	20	82.2
95	21	56.5
95	22	57.0
95	23	21.9
95	24	66.9
96	1	5.3
96	2	6.9
96	3	5.4
96	4	11.2
96	5	7.9
96	6	2.0
96	7	5.1
96	8	10.8
96	9	3.9
96	10	5.6
96	11	1.4
96	12	5.9
96	13	3.0
96	14	135.6
96	15	24.3
96	16	22.7
96	17	68.1
96	18	36.8
96	19	97.5
96	20	8.5
96	21	0.3
96	22	2.1
96	23	8.7
96	24	45.2
97	1	3.0
97	2	25.1
97	3	39.3
97	4	21.7
97	5	39.2
97	6	48.6
97	7	33.1
97	8	6.5
97	9	0.3
97	10	0.1
97	11	26.5
97	12	68.9
97	13	22.5
97	14	0.0
97	15	11.1
97	16	3.6
97	17	127.4
97	18	55.5
97	19	1.1
97	20	0.0
97	21	0.0
97	22	0.0
97	23	19.0
97	24	12.5
98	1	5.3
98	2	6.9
98	3	5.4
98	4	11.2
98	5	7.9
98	6	2.0
98	7	5.1
98	8	10.8
98	9	3.9
98	10	5.6
98	11	1.4
98	12	5.9
98	13	3.0
98	14	135.6
98	15	24.3
98	16	22.7
98	17	68.1
98	18	36.8
98	19	97.5
98	20	8.5
98	21	0.3
98	22	2.1
98	23	8.7
98	24	45.2
99	1	10.0
99	2	19.0
99	3	2.1
99	4	0.1
99	5	5.7
99	6	18.9
99	7	43.2
99	8	69.3
99	9	70.1
99	10	77.0
99	11	20.5
99	12	37.3
99	13	7.6
99	14	19.1
99	15	137.4
99	16	42.0
99	17	12.8
99	18	20.5
99	19	32.8
99	20	19.9
99	21	13.4
99	22	62.7
99	23	74.6
99	24	73.8
100	1	10.0
100	2	19.0
100	3	2.1
100	4	0.1
100	5	5.7
100	6	18.9
100	7	43.2
100	8	69.3
100	9	70.1
100	10	77.0
100	11	20.5
100	12	37.3
100	13	7.6
100	14	19.1
100	15	137.4
100	16	42.0
100	17	12.8
100	18	20.5
100	19	32.8
100	20	19.9
100	21	13.4
100	22	62.7
100	23	74.6
100	24	73.8
101	1	3.0
101	2	25.1
101	3	39.3
101	4	21.7
101	5	39.2
101	6	48.6
101	7	33.1
101	8	6.5
101	9	0.3
101	10	0.1
101	11	26.5
101	12	68.9
101	13	22.5
101	14	0.0
101	15	11.1
101	16	3.6
101	17	127.4
101	18	55.5
101	19	1.1
101	20	0.0
101	21	0.0
101	22	0.0
101	23	19.0
101	24	12.5
102	1	5.3
102	2	6.9
102	3	5.4
102	4	11.2
102	5	7.9
102	6	2.0
102	7	5.1
102	8	10.8
102	9	3.9
102	10	5.6
102	11	1.4
102	12	5.9
102	13	3.0
102	14	135.6
102	15	24.3
102	16	22.7
102	17	68.1
102	18	36.8
102	19	97.5
102	20	8.5
102	21	0.3
102	22	2.1
102	23	8.7
102	24	45.2
103	1	6.0
103	2	2.2
103	3	0.0
103	4	0.0
103	5	0.0
103	6	0.0
103	7	3.9
103	8	32.2
103	9	40.3
103	10	42.3
103	11	258.6
103	12	38.0
103	13	47.5
103	14	17.2
103	15	36.9
103	16	310.8
103	17	48.3
103	18	28.8
103	19	19.5
103	20	82.2
103	21	56.5
103	22	57.0
103	23	21.9
103	24	66.9
104	1	0.0
104	2	0.0
104	3	0.0
104	4	0.0
104	5	0.0
104	6	0.0
104	7	0.0
104	8	0.0
104	9	0.0
104	10	0.1
104	11	16.9
104	12	20.6
104	13	1.7
104	14	5.0
104	15	2.1
104	16	10.6
104	17	55.2
104	18	20.8
104	19	30.8
104	20	26.0
104	21	21.0
104	22	38.3
104	23	122.9
104	24	110.5
105	1	10.0
105	2	19.0
105	3	2.1
105	4	0.1
105	5	5.7
105	6	18.9
105	7	43.2
105	8	69.3
105	9	70.1
105	10	77.0
105	11	20.5
105	12	37.3
105	13	7.6
105	14	19.1
105	15	137.4
105	16	42.0
105	17	12.8
105	18	20.5
105	19	32.8
105	20	19.9
105	21	13.4
105	22	62.7
105	23	74.6
105	24	73.8
106	1	8.8
106	2	10.9
106	3	24.1
106	4	33.0
106	5	11.6
106	6	22.3
106	7	6.6
106	8	0.0
106	9	32.3
106	10	114.6
106	11	34.8
106	12	28.9
106	13	0.5
106	14	15.8
106	15	3.2
106	16	34.0
106	17	78.7
106	18	5.2
106	19	5.8
106	20	7.0
106	21	5.4
106	22	9.2
106	23	11.4
106	24	22.6
107	1	5.3
107	2	6.9
107	3	5.4
107	4	11.2
107	5	7.9
107	6	2.0
107	7	5.1
107	8	10.8
107	9	3.9
107	10	5.6
107	11	1.4
107	12	5.9
107	13	3.0
107	14	135.6
107	15	24.3
107	16	22.7
107	17	68.1
107	18	36.8
107	19	97.5
107	20	8.5
107	21	0.3
107	22	2.1
107	23	8.7
107	24	45.2
108	1	6.0
108	2	2.2
108	3	0.0
108	4	0.0
108	5	0.0
108	6	0.0
108	7	3.9
108	8	32.2
108	9	40.3
108	10	42.3
108	11	258.6
108	12	38.0
108	13	47.5
108	14	17.2
108	15	36.9
108	16	310.8
108	17	48.3
108	18	28.8
108	19	19.5
108	20	82.2
108	21	56.5
108	22	57.0
108	23	21.9
108	24	66.9
109	1	0.0
109	2	0.0
109	3	0.0
109	4	0.0
109	5	0.0
109	6	0.0
109	7	0.0
109	8	0.0
109	9	0.0
109	10	0.1
109	11	16.9
109	12	20.6
109	13	1.7
109	14	5.0
109	15	2.1
109	16	10.6
109	17	55.2
109	18	20.8
109	19	30.8
109	20	26.0
109	21	21.0
109	22	38.3
109	23	122.9
109	24	110.5
110	1	10.0
110	2	19.0
110	3	2.1
110	4	0.1
110	5	5.7
110	6	18.9
110	7	43.2
110	8	69.3
110	9	70.1
110	10	77.0
110	11	20.5
110	12	37.3
110	13	7.6
110	14	19.1
110	15	137.4
110	16	42.0
110	17	12.8
110	18	20.5
110	19	32.8
110	20	19.9
110	21	13.4
110	22	62.7
110	23	74.6
110	24	73.8
111	1	5.3
111	2	6.9
111	3	5.4
111	4	11.2
111	5	7.9
111	6	2.0
111	7	5.1
111	8	10.8
111	9	3.9
111	10	5.6
111	11	1.4
111	12	5.9
111	13	3.0
111	14	135.6
111	15	24.3
111	16	22.7
111	17	68.1
111	18	36.8
111	19	97.5
111	20	8.5
111	21	0.3
111	22	2.1
111	23	8.7
111	24	45.2
112	1	0.0
112	2	0.0
112	3	0.0
112	4	0.0
112	5	0.0
112	6	0.0
112	7	0.0
112	8	0.0
112	9	0.0
112	10	0.1
112	11	16.9
112	12	20.6
112	13	1.7
112	14	5.0
112	15	2.1
112	16	10.6
112	17	55.2
112	18	20.8
112	19	30.8
112	20	26.0
112	21	21.0
112	22	38.3
112	23	122.9
112	24	110.5
