Node	Time	Res_CapacityDownVolume
1	1	378.0
1	2	378.0
1	3	378.0
1	4	378.0
1	5	378.0
1	6	378.0
1	7	250.0
1	8	250.0
1	9	250.0
1	10	250.0
1	11	300.0
1	12	378.0
1	13	378.0
1	14	378.0
1	15	378.0
1	16	200.0
1	17	200.0
1	18	200.0
1	19	300.0
1	20	300.0
1	21	300.0
1	22	300.0
1	23	350.0
1	24	300.0
2	1	0.0
2	2	0.0
2	3	0.0
2	4	0.0
2	5	0.0
2	6	0.0
2	7	0.0
2	8	0.0
2	9	0.0
2	10	0.0
2	11	0.0
2	12	0.0
2	13	0.0
2	14	0.0
2	15	0.0
2	16	0.0
2	17	0.0
2	18	0.0
2	19	0.0
2	20	0.0
2	21	0.0
2	22	0.0
2	23	0.0
2	24	0.0
3	1	50.0
3	2	50.0
3	3	90.0
3	4	90.0
3	5	87.0
3	6	87.0
3	7	90.0
3	8	90.0
3	9	90.0
3	10	90.0
3	11	90.0
3	12	90.0
3	13	90.0
3	14	90.0
3	15	90.0
3	16	90.0
3	17	90.0
3	18	90.0
3	19	50.0
3	20	50.0
3	21	50.0
3	22	50.0
3	23	50.0
3	24	50.0
4	1	140.0
4	2	140.0
4	3	140.0
4	4	140.0
4	5	140.0
4	6	140.0
4	7	140.0
4	8	140.0
4	9	140.0
4	10	140.0
4	11	140.0
4	12	140.0
4	13	140.0
4	14	140.0
4	15	140.0
4	16	110.0
4	17	140.0
4	18	140.0
4	19	140.0
4	20	140.0
4	21	140.0
4	22	140.0
4	23	140.0
4	24	140.0
5	1	301.0
5	2	301.0
5	3	301.0
5	4	301.0
5	5	301.0
5	6	301.0
5	7	291.0
5	8	291.0
5	9	291.0
5	10	291.0
5	11	291.0
5	12	351.0
5	13	351.0
5	14	351.0
5	15	301.0
5	16	241.0
5	17	241.0
5	18	200.0
5	19	241.0
5	20	240.0
5	21	241.0
5	22	301.0
5	23	301.0
5	24	301.0
6	1	225.0
6	2	225.0
6	3	225.0
6	4	225.0
6	5	225.0
6	6	225.0
6	7	201.0
6	8	207.0
6	9	208.0
6	10	209.0
6	11	275.0
6	12	275.0
6	13	275.0
6	14	275.0
6	15	225.0
6	16	200.0
6	17	187.0
6	18	184.0
6	19	225.0
6	20	225.0
6	21	225.0
6	22	225.0
6	23	225.0
6	24	237.0
7	1	307.0
7	2	307.0
7	3	307.0
7	4	307.0
7	5	307.0
7	6	307.0
7	7	250.0
7	8	250.0
7	9	250.0
7	10	250.0
7	11	307.0
7	12	307.0
7	13	307.0
7	14	307.0
7	15	307.0
7	16	250.0
7	17	200.0
7	18	200.0
7	19	300.0
7	20	300.0
7	21	300.0
7	22	300.0
7	23	307.0
7	24	147.0
8	1	339.0
8	2	339.0
8	3	339.0
8	4	339.0
8	5	339.0
8	6	339.0
8	7	304.0
8	8	300.0
8	9	332.0
8	10	339.0
8	11	339.0
8	12	452.0
8	13	452.0
8	14	452.0
8	15	452.0
8	16	439.0
8	17	232.0
8	18	200.0
8	19	250.0
8	20	250.0
8	21	300.0
8	22	339.0
8	23	339.0
8	24	213.0
9	1	50.0
9	2	50.0
9	3	50.0
9	4	50.0
9	5	50.0
9	6	50.0
9	7	50.0
9	8	78.0
9	9	50.0
9	10	50.0
9	11	50.0
9	12	0.0
9	13	0.0
9	14	0.0
9	15	0.0
9	16	31.0
9	17	78.0
9	18	50.0
9	19	50.0
9	20	50.0
9	21	50.0
9	22	50.0
9	23	0.0
9	24	0.0
10	1	520.0
10	2	475.0
10	3	475.0
10	4	520.0
10	5	520.0
10	6	400.0
10	7	250.0
10	8	250.0
10	9	250.0
10	10	250.0
10	11	320.0
10	12	500.0
10	13	533.0
10	14	533.0
10	15	520.0
10	16	220.0
10	17	200.0
10	18	200.0
10	19	300.0
10	20	300.0
10	21	300.0
10	22	300.0
10	23	350.0
10	24	470.0
11	1	450.0
11	2	450.0
11	3	450.0
11	4	450.0
11	5	450.0
11	6	398.0
11	7	250.0
11	8	250.0
11	9	250.0
11	10	250.0
11	11	300.0
11	12	350.0
11	13	398.0
11	14	265.0
11	15	295.0
11	16	129.0
11	17	200.0
11	18	200.0
11	19	300.0
11	20	300.0
11	21	300.0
11	22	300.0
11	23	344.0
11	24	362.0
12	1	362.0
12	2	362.0
12	3	362.0
12	4	362.0
12	5	362.0
12	6	362.0
12	7	250.0
12	8	169.0
12	9	250.0
12	10	169.0
12	11	269.0
12	12	274.0
12	13	285.0
12	14	303.0
12	15	273.0
12	16	169.0
12	17	119.0
12	18	119.0
12	19	219.0
12	20	219.0
12	21	300.0
12	22	274.0
12	23	350.0
12	24	300.0
13	1	0.0
13	2	0.0
13	3	50.0
13	4	50.0
13	5	100.0
13	6	100.0
13	7	100.0
13	8	150.0
13	9	96.0
13	10	96.0
13	11	96.0
13	12	100.0
13	13	100.0
13	14	100.0
13	15	100.0
13	16	146.0
13	17	146.0
13	18	96.0
13	19	50.0
13	20	50.0
13	21	50.0
13	22	50.0
13	23	50.0
13	24	50.0
14	1	140.0
14	2	140.0
14	3	140.0
14	4	140.0
14	5	140.0
14	6	140.0
14	7	140.0
14	8	140.0
14	9	140.0
14	10	133.0
14	11	140.0
14	12	140.0
14	13	140.0
14	14	140.0
14	15	140.0
14	16	140.0
14	17	135.0
14	18	140.0
14	19	140.0
14	20	140.0
14	21	140.0
14	22	140.0
14	23	140.0
14	24	140.0
15	1	569.0
15	2	569.0
15	3	569.0
15	4	569.0
15	5	569.0
15	6	569.0
15	7	555.0
15	8	509.0
15	9	511.0
15	10	468.0
15	11	569.0
15	12	569.0
15	13	569.0
15	14	569.0
15	15	569.0
15	16	358.0
15	17	286.0
15	18	285.0
15	19	250.0
15	20	247.0
15	21	297.0
15	22	347.0
15	23	347.0
15	24	409.0
16	1	660.0
16	2	669.0
16	3	669.0
16	4	669.0
16	5	592.0
16	6	589.0
16	7	440.0
16	8	454.0
16	9	602.0
16	10	569.0
16	11	649.0
16	12	669.0
16	13	669.0
16	14	669.0
16	15	669.0
16	16	537.0
16	17	502.0
16	18	263.0
16	19	250.0
16	20	250.0
16	21	300.0
16	22	350.0
16	23	350.0
16	24	569.0
17	1	270.0
17	2	270.0
17	3	270.0
17	4	270.0
17	5	290.0
17	6	250.0
17	7	250.0
17	8	250.0
17	9	250.0
17	10	270.0
17	11	270.0
17	12	270.0
17	13	270.0
17	14	270.0
17	15	216.0
17	16	200.0
17	17	200.0
17	18	290.0
17	19	290.0
17	20	290.0
17	21	290.0
17	22	270.0
17	23	270.0
17	24	280.0
18	1	140.0
18	2	140.0
18	3	140.0
18	4	140.0
18	5	140.0
18	6	140.0
18	7	140.0
18	8	140.0
18	9	140.0
18	10	133.0
18	11	140.0
18	12	140.0
18	13	140.0
18	14	140.0
18	15	140.0
18	16	140.0
18	17	135.0
18	18	140.0
18	19	140.0
18	20	140.0
18	21	140.0
18	22	140.0
18	23	140.0
18	24	140.0
19	1	307.0
19	2	307.0
19	3	307.0
19	4	307.0
19	5	307.0
19	6	307.0
19	7	250.0
19	8	250.0
19	9	250.0
19	10	250.0
19	11	307.0
19	12	307.0
19	13	307.0
19	14	307.0
19	15	307.0
19	16	250.0
19	17	200.0
19	18	200.0
19	19	300.0
19	20	300.0
19	21	300.0
19	22	300.0
19	23	307.0
19	24	147.0
20	1	225.0
20	2	225.0
20	3	225.0
20	4	225.0
20	5	225.0
20	6	225.0
20	7	201.0
20	8	207.0
20	9	208.0
20	10	209.0
20	11	275.0
20	12	275.0
20	13	275.0
20	14	275.0
20	15	225.0
20	16	200.0
20	17	187.0
20	18	184.0
20	19	225.0
20	20	225.0
20	21	225.0
20	22	225.0
20	23	225.0
20	24	237.0
21	1	346.0
21	2	346.0
21	3	346.0
21	4	346.0
21	5	346.0
21	6	346.0
21	7	250.0
21	8	250.0
21	9	250.0
21	10	250.0
21	11	285.0
21	12	335.0
21	13	385.0
21	14	385.0
21	15	346.0
21	16	185.0
21	17	185.0
21	18	185.0
21	19	285.0
21	20	285.0
21	21	275.0
21	22	288.0
21	23	337.0
21	24	352.0
22	1	398.0
22	2	398.0
22	3	398.0
22	4	398.0
22	5	398.0
22	6	320.0
22	7	155.0
22	8	155.0
22	9	155.0
22	10	170.0
22	11	202.0
22	12	248.0
22	13	248.0
22	14	248.0
22	15	398.0
22	16	200.0
22	17	120.0
22	18	55.0
22	19	155.0
22	20	155.0
22	21	248.0
22	22	155.0
22	23	270.0
22	24	450.0
23	1	147.0
23	2	147.0
23	3	147.0
23	4	147.0
23	5	147.0
23	6	147.0
23	7	147.0
23	8	147.0
23	9	147.0
23	10	147.0
23	11	147.0
23	12	147.0
23	13	147.0
23	14	147.0
23	15	147.0
23	16	147.0
23	17	147.0
23	18	147.0
23	19	147.0
23	20	147.0
23	21	147.0
23	22	147.0
23	23	147.0
23	24	426.0
24	1	420.0
24	2	420.0
24	3	420.0
24	4	420.0
24	5	420.0
24	6	420.0
24	7	420.0
24	8	420.0
24	9	420.0
24	10	420.0
24	11	420.0
24	12	420.0
24	13	420.0
24	14	420.0
24	15	420.0
24	16	420.0
24	17	420.0
24	18	218.0
24	19	233.0
24	20	250.0
24	21	300.0
24	22	350.0
24	23	350.0
24	24	420.0
25	1	450.0
25	2	550.0
25	3	550.0
25	4	476.0
25	5	450.0
25	6	400.0
25	7	250.0
25	8	250.0
25	9	250.0
25	10	250.0
25	11	300.0
25	12	550.0
25	13	594.0
25	14	594.0
25	15	550.0
25	16	200.0
25	17	200.0
25	18	200.0
25	19	300.0
25	20	300.0
25	21	300.0
25	22	300.0
25	23	350.0
25	24	441.0
26	1	347.0
26	2	347.0
26	3	347.0
26	4	347.0
26	5	347.0
26	6	347.0
26	7	250.0
26	8	250.0
26	9	250.0
26	10	250.0
26	11	300.0
26	12	350.0
26	13	417.0
26	14	417.0
26	15	410.0
26	16	200.0
26	17	200.0
26	18	200.0
26	19	300.0
26	20	300.0
26	21	300.0
26	22	300.0
26	23	347.0
26	24	355.0
27	1	420.0
27	2	420.0
27	3	420.0
27	4	420.0
27	5	383.0
27	6	400.0
27	7	250.0
27	8	250.0
27	9	250.0
27	10	250.0
27	11	298.0
27	12	523.0
27	13	523.0
27	14	523.0
27	15	443.0
27	16	224.0
27	17	200.0
27	18	200.0
27	19	300.0
27	20	300.0
27	21	300.0
27	22	300.0
27	23	340.0
27	24	399.0
28	1	0.0
28	2	0.0
28	3	30.0
28	4	30.0
28	5	30.0
28	6	30.0
28	7	100.0
28	8	100.0
28	9	42.0
28	10	30.0
28	11	30.0
28	12	30.0
28	13	30.0
28	14	30.0
28	15	30.0
28	16	30.0
28	17	98.0
28	18	98.0
28	19	50.0
28	20	50.0
28	21	50.0
28	22	50.0
28	23	50.0
28	24	50.0
29	1	450.0
29	2	500.0
29	3	500.0
29	4	500.0
29	5	450.0
29	6	400.0
29	7	250.0
29	8	250.0
29	9	250.0
29	10	250.0
29	11	300.0
29	12	500.0
29	13	534.0
29	14	534.0
29	15	500.0
29	16	200.0
29	17	200.0
29	18	200.0
29	19	300.0
29	20	300.0
29	21	300.0
29	22	300.0
29	23	350.0
29	24	450.0
30	1	254.0
30	2	254.0
30	3	254.0
30	4	254.0
30	5	200.0
30	6	140.0
30	7	190.0
30	8	190.0
30	9	190.0
30	10	244.0
30	11	183.0
30	12	304.0
30	13	304.0
30	14	304.0
30	15	254.0
30	16	140.0
30	17	140.0
30	18	140.0
30	19	140.0
30	20	140.0
30	21	140.0
30	22	254.0
30	23	254.0
30	24	271.0
31	1	33.0
31	2	33.0
31	3	83.0
31	4	83.0
31	5	83.0
31	6	83.0
31	7	83.0
31	8	133.0
31	9	83.0
31	10	83.0
31	11	83.0
31	12	100.0
31	13	100.0
31	14	100.0
31	15	100.0
31	16	133.0
31	17	133.0
31	18	83.0
31	19	33.0
31	20	33.0
31	21	33.0
31	22	33.0
31	23	50.0
31	24	50.0
32	1	307.0
32	2	307.0
32	3	307.0
32	4	307.0
32	5	307.0
32	6	307.0
32	7	250.0
32	8	250.0
32	9	250.0
32	10	250.0
32	11	307.0
32	12	307.0
32	13	307.0
32	14	307.0
32	15	307.0
32	16	250.0
32	17	200.0
32	18	200.0
32	19	300.0
32	20	300.0
32	21	300.0
32	22	300.0
32	23	307.0
32	24	147.0
33	1	450.0
33	2	450.0
33	3	450.0
33	4	450.0
33	5	450.0
33	6	450.0
33	7	300.0
33	8	327.0
33	9	363.0
33	10	365.0
33	11	407.0
33	12	407.0
33	13	458.0
33	14	458.0
33	15	394.0
33	16	327.0
33	17	309.0
33	18	200.0
33	19	250.0
33	20	250.0
33	21	300.0
33	22	350.0
33	23	350.0
33	24	450.0
34	1	0.0
34	2	0.0
34	3	35.0
34	4	35.0
34	5	35.0
34	6	35.0
34	7	35.0
34	8	69.0
34	9	35.0
34	10	35.0
34	11	35.0
34	12	35.0
34	13	35.0
34	14	35.0
34	15	35.0
34	16	35.0
34	17	35.0
34	18	35.0
34	19	35.0
34	20	35.0
34	21	35.0
34	22	35.0
34	23	35.0
34	24	0.0
35	1	276.0
35	2	307.0
35	3	299.0
35	4	273.0
35	5	307.0
35	6	307.0
35	7	250.0
35	8	250.0
35	9	250.0
35	10	200.0
35	11	300.0
35	12	280.0
35	13	307.0
35	14	307.0
35	15	307.0
35	16	200.0
35	17	200.0
35	18	200.0
35	19	300.0
35	20	300.0
35	21	300.0
35	22	280.0
35	23	280.0
35	24	264.0
36	1	447.0
36	2	469.0
36	3	469.0
36	4	450.0
36	5	469.0
36	6	319.0
36	7	169.0
36	8	169.0
36	9	222.0
36	10	203.0
36	11	269.0
36	12	452.0
36	13	469.0
36	14	469.0
36	15	469.0
36	16	169.0
36	17	200.0
36	18	167.0
36	19	300.0
36	20	300.0
36	21	300.0
36	22	300.0
36	23	350.0
36	24	400.0
37	1	520.0
37	2	566.0
37	3	580.0
37	4	570.0
37	5	500.0
37	6	400.0
37	7	250.0
37	8	250.0
37	9	250.0
37	10	250.0
37	11	300.0
37	12	540.0
37	13	676.0
37	14	676.0
37	15	620.0
37	16	220.0
37	17	200.0
37	18	200.0
37	19	300.0
37	20	300.0
37	21	300.0
37	22	300.0
37	23	350.0
37	24	450.0
38	1	450.0
38	2	450.0
38	3	450.0
38	4	445.0
38	5	440.0
38	6	393.0
38	7	250.0
38	8	250.0
38	9	250.0
38	10	250.0
38	11	350.0
38	12	354.0
38	13	402.0
38	14	469.0
38	15	400.0
38	16	200.0
38	17	200.0
38	18	200.0
38	19	300.0
38	20	300.0
38	21	300.0
38	22	300.0
38	23	350.0
38	24	359.0
39	1	366.0
39	2	366.0
39	3	366.0
39	4	366.0
39	5	366.0
39	6	306.0
39	7	250.0
39	8	250.0
39	9	250.0
39	10	250.0
39	11	300.0
39	12	386.0
39	13	386.0
39	14	386.0
39	15	386.0
39	16	250.0
39	17	200.0
39	18	200.0
39	19	300.0
39	20	300.0
39	21	300.0
39	22	300.0
39	23	350.0
39	24	366.0
40	1	523.0
40	2	533.0
40	3	533.0
40	4	523.0
40	5	522.0
40	6	523.0
40	7	533.0
40	8	533.0
40	9	398.0
40	10	348.0
40	11	348.0
40	12	395.0
40	13	390.0
40	14	390.0
40	15	485.0
40	16	523.0
40	17	480.0
40	18	218.0
40	19	250.0
40	20	250.0
40	21	300.0
40	22	350.0
40	23	350.0
40	24	450.0
41	1	280.0
41	2	280.0
41	3	280.0
41	4	280.0
41	5	280.0
41	6	280.0
41	7	250.0
41	8	250.0
41	9	250.0
41	10	250.0
41	11	280.0
41	12	280.0
41	13	280.0
41	14	280.0
41	15	280.0
41	16	250.0
41	17	200.0
41	18	200.0
41	19	280.0
41	20	280.0
41	21	280.0
41	22	280.0
41	23	280.0
41	24	320.0
42	1	343.0
42	2	343.0
42	3	343.0
42	4	343.0
42	5	303.0
42	6	273.0
42	7	200.0
42	8	200.0
42	9	200.0
42	10	150.0
42	11	300.0
42	12	273.0
42	13	343.0
42	14	343.0
42	15	343.0
42	16	200.0
42	17	110.0
42	18	110.0
42	19	250.0
42	20	200.0
42	21	200.0
42	22	250.0
42	23	207.0
42	24	348.0
43	1	470.0
43	2	570.0
43	3	570.0
43	4	520.0
43	5	500.0
43	6	400.0
43	7	250.0
43	8	250.0
43	9	250.0
43	10	250.0
43	11	350.0
43	12	570.0
43	13	676.0
43	14	676.0
43	15	576.0
43	16	250.0
43	17	200.0
43	18	200.0
43	19	300.0
43	20	300.0
43	21	300.0
43	22	300.0
43	23	350.0
43	24	450.0
44	1	299.0
44	2	299.0
44	3	286.0
44	4	270.0
44	5	299.0
44	6	299.0
44	7	299.0
44	8	299.0
44	9	299.0
44	10	296.0
44	11	299.0
44	12	299.0
44	13	299.0
44	14	299.0
44	15	299.0
44	16	254.0
44	17	255.0
44	18	276.0
44	19	250.0
44	20	250.0
44	21	299.0
44	22	299.0
44	23	299.0
44	24	307.0
45	1	348.0
45	2	348.0
45	3	348.0
45	4	348.0
45	5	348.0
45	6	348.0
45	7	250.0
45	8	250.0
45	9	250.0
45	10	250.0
45	11	350.0
45	12	368.0
45	13	368.0
45	14	368.0
45	15	368.0
45	16	210.0
45	17	200.0
45	18	200.0
45	19	288.0
45	20	300.0
45	21	300.0
45	22	300.0
45	23	348.0
45	24	404.0
46	1	660.0
46	2	669.0
46	3	669.0
46	4	669.0
46	5	592.0
46	6	589.0
46	7	440.0
46	8	454.0
46	9	602.0
46	10	569.0
46	11	649.0
46	12	669.0
46	13	669.0
46	14	669.0
46	15	669.0
46	16	537.0
46	17	502.0
46	18	263.0
46	19	250.0
46	20	250.0
46	21	300.0
46	22	350.0
46	23	350.0
46	24	569.0
47	1	350.0
47	2	350.0
47	3	350.0
47	4	350.0
47	5	397.0
47	6	330.0
47	7	175.0
47	8	175.0
47	9	175.0
47	10	175.0
47	11	275.0
47	12	383.0
47	13	397.0
47	14	512.0
47	15	397.0
47	16	175.0
47	17	200.0
47	18	200.0
47	19	300.0
47	20	300.0
47	21	300.0
47	22	300.0
47	23	350.0
47	24	450.0
48	1	220.0
48	2	220.0
48	3	220.0
48	4	220.0
48	5	220.0
48	6	220.0
48	7	220.0
48	8	220.0
48	9	220.0
48	10	220.0
48	11	220.0
48	12	220.0
48	13	220.0
48	14	220.0
48	15	220.0
48	16	211.0
48	17	200.0
48	18	200.0
48	19	220.0
48	20	220.0
48	21	220.0
48	22	220.0
48	23	220.0
48	24	370.0
49	1	450.0
49	2	450.0
49	3	450.0
49	4	450.0
49	5	450.0
49	6	450.0
49	7	415.0
49	8	490.0
49	9	473.0
49	10	473.0
49	11	493.0
49	12	493.0
49	13	493.0
49	14	493.0
49	15	493.0
49	16	470.0
49	17	453.0
49	18	300.0
49	19	250.0
49	20	250.0
49	21	300.0
49	22	337.0
49	23	350.0
49	24	450.0
50	1	213.0
50	2	213.0
50	3	213.0
50	4	213.0
50	5	213.0
50	6	155.0
50	7	205.0
50	8	205.0
50	9	205.0
50	10	205.0
50	11	205.0
50	12	205.0
50	13	205.0
50	14	205.0
50	15	155.0
50	16	155.0
50	17	155.0
50	18	155.0
50	19	155.0
50	20	155.0
50	21	155.0
50	22	213.0
50	23	213.0
50	24	225.0
51	1	50.0
51	2	50.0
51	3	90.0
51	4	90.0
51	5	100.0
51	6	100.0
51	7	100.0
51	8	150.0
51	9	100.0
51	10	100.0
51	11	90.0
51	12	90.0
51	13	100.0
51	14	100.0
51	15	100.0
51	16	128.0
51	17	150.0
51	18	100.0
51	19	50.0
51	20	50.0
51	21	50.0
51	22	50.0
51	23	50.0
51	24	50.0
52	1	33.0
52	2	33.0
52	3	83.0
52	4	83.0
52	5	83.0
52	6	83.0
52	7	83.0
52	8	133.0
52	9	83.0
52	10	83.0
52	11	83.0
52	12	100.0
52	13	100.0
52	14	100.0
52	15	100.0
52	16	133.0
52	17	133.0
52	18	83.0
52	19	33.0
52	20	33.0
52	21	33.0
52	22	33.0
52	23	50.0
52	24	50.0
53	1	359.0
53	2	359.0
53	3	359.0
53	4	359.0
53	5	359.0
53	6	359.0
53	7	250.0
53	8	250.0
53	9	250.0
53	10	250.0
53	11	310.0
53	12	426.0
53	13	439.0
53	14	439.0
53	15	359.0
53	16	210.0
53	17	200.0
53	18	200.0
53	19	300.0
53	20	300.0
53	21	300.0
53	22	300.0
53	23	350.0
53	24	450.0
54	1	369.0
54	2	369.0
54	3	369.0
54	4	369.0
54	5	369.0
54	6	369.0
54	7	369.0
54	8	369.0
54	9	369.0
54	10	369.0
54	11	369.0
54	12	369.0
54	13	369.0
54	14	369.0
54	15	369.0
54	16	369.0
54	17	369.0
54	18	260.0
54	19	250.0
54	20	250.0
54	21	300.0
54	22	350.0
54	23	350.0
54	24	299.0
55	1	218.0
55	2	218.0
55	3	218.0
55	4	218.0
55	5	218.0
55	6	218.0
55	7	218.0
55	8	218.0
55	9	218.0
55	10	218.0
55	11	218.0
55	12	218.0
55	13	218.0
55	14	218.0
55	15	218.0
55	16	200.0
55	17	200.0
55	18	200.0
55	19	218.0
55	20	218.0
55	21	218.0
55	22	218.0
55	23	218.0
55	24	233.0
56	1	35.0
56	2	0.0
56	3	35.0
56	4	30.0
56	5	35.0
56	6	35.0
56	7	35.0
56	8	35.0
56	9	35.0
56	10	35.0
56	11	35.0
56	12	35.0
56	13	35.0
56	14	35.0
56	15	35.0
56	16	35.0
56	17	35.0
56	18	35.0
56	19	0.0
56	20	0.0
56	21	0.0
56	22	0.0
56	23	35.0
56	24	0.0
57	1	320.0
57	2	320.0
57	3	320.0
57	4	320.0
57	5	320.0
57	6	320.0
57	7	320.0
57	8	320.0
57	9	320.0
57	10	250.0
57	11	320.0
57	12	320.0
57	13	320.0
57	14	320.0
57	15	320.0
57	16	275.0
57	17	215.0
57	18	265.0
57	19	250.0
57	20	250.0
57	21	300.0
57	22	320.0
57	23	320.0
57	24	220.0
58	1	380.0
58	2	380.0
58	3	380.0
58	4	343.0
58	5	380.0
58	6	380.0
58	7	380.0
58	8	250.0
58	9	244.0
58	10	250.0
58	11	210.0
58	12	310.0
58	13	380.0
58	14	380.0
58	15	380.0
58	16	380.0
58	17	210.0
58	18	200.0
58	19	160.0
58	20	279.0
58	21	260.0
58	22	260.0
58	23	300.0
58	24	350.0
59	1	300.0
59	2	300.0
59	3	300.0
59	4	290.0
59	5	350.0
59	6	290.0
59	7	250.0
59	8	250.0
59	9	250.0
59	10	250.0
59	11	310.0
59	12	410.0
59	13	410.0
59	14	410.0
59	15	350.0
59	16	210.0
59	17	160.0
59	18	160.0
59	19	260.0
59	20	290.0
59	21	290.0
59	22	290.0
59	23	350.0
59	24	400.0
60	1	284.0
60	2	284.0
60	3	284.0
60	4	284.0
60	5	284.0
60	6	284.0
60	7	270.0
60	8	241.0
60	9	250.0
60	10	245.0
60	11	191.0
60	12	173.0
60	13	173.0
60	14	173.0
60	15	173.0
60	16	115.0
60	17	115.0
60	18	125.0
60	19	125.0
60	20	175.0
60	21	200.0
60	22	198.0
60	23	250.0
60	24	270.0
61	1	295.0
61	2	289.0
61	3	289.0
61	4	289.0
61	5	289.0
61	6	270.0
61	7	252.0
61	8	141.0
61	9	55.0
61	10	55.0
61	11	55.0
61	12	55.0
61	13	139.0
61	14	139.0
61	15	139.0
61	16	119.0
61	17	35.0
61	18	35.0
61	19	0.0
61	20	141.0
61	21	87.0
61	22	200.0
61	23	250.0
61	24	295.0
62	1	268.0
62	2	268.0
62	3	268.0
62	4	258.0
62	5	268.0
62	6	268.0
62	7	268.0
62	8	120.0
62	9	258.0
62	10	268.0
62	11	248.0
62	12	268.0
62	13	258.0
62	14	268.0
62	15	268.0
62	16	268.0
62	17	200.0
62	18	200.0
62	19	200.0
62	20	250.0
62	21	250.0
62	22	268.0
62	23	268.0
62	24	168.0
63	1	175.0
63	2	175.0
63	3	175.0
63	4	175.0
63	5	175.0
63	6	175.0
63	7	149.0
63	8	152.0
63	9	147.0
63	10	137.0
63	11	188.0
63	12	182.0
63	13	188.0
63	14	188.0
63	15	147.0
63	16	150.0
63	17	150.0
63	18	150.0
63	19	155.0
63	20	155.0
63	21	155.0
63	22	236.0
63	23	147.0
63	24	175.0
64	1	0.0
64	2	0.0
64	3	0.0
64	4	0.0
64	5	0.0
64	6	0.0
64	7	0.0
64	8	54.0
64	9	79.0
64	10	44.0
64	11	44.0
64	12	44.0
64	13	79.0
64	14	79.0
64	15	50.0
64	16	50.0
64	17	79.0
64	18	79.0
64	19	79.0
64	20	50.0
64	21	50.0
64	22	50.0
64	23	50.0
64	24	79.0
65	1	295.0
65	2	289.0
65	3	289.0
65	4	289.0
65	5	289.0
65	6	270.0
65	7	252.0
65	8	141.0
65	9	55.0
65	10	55.0
65	11	55.0
65	12	55.0
65	13	139.0
65	14	139.0
65	15	139.0
65	16	119.0
65	17	35.0
65	18	35.0
65	19	0.0
65	20	141.0
65	21	87.0
65	22	200.0
65	23	250.0
65	24	295.0
66	1	341.0
66	2	341.0
66	3	341.0
66	4	341.0
66	5	341.0
66	6	341.0
66	7	341.0
66	8	300.0
66	9	300.0
66	10	300.0
66	11	307.0
66	12	307.0
66	13	307.0
66	14	307.0
66	15	307.0
66	16	307.0
66	17	227.0
66	18	227.0
66	19	227.0
66	20	227.0
66	21	227.0
66	22	227.0
66	23	227.0
66	24	227.0
67	1	251.0
67	2	251.0
67	3	251.0
67	4	251.0
67	5	251.0
67	6	251.0
67	7	251.0
67	8	120.0
67	9	120.0
67	10	120.0
67	11	114.0
67	12	177.0
67	13	222.0
67	14	222.0
67	15	222.0
67	16	222.0
67	17	80.0
67	18	80.0
67	19	80.0
67	20	80.0
67	21	80.0
67	22	122.0
67	23	170.0
67	24	170.0
68	1	366.0
68	2	366.0
68	3	366.0
68	4	366.0
68	5	279.0
68	6	35.0
68	7	35.0
68	8	35.0
68	9	0.0
68	10	0.0
68	11	0.0
68	12	0.0
68	13	0.0
68	14	0.0
68	15	0.0
68	16	0.0
68	17	0.0
68	18	35.0
68	19	35.0
68	20	35.0
68	21	35.0
68	22	250.0
68	23	312.0
68	24	307.0
69	1	445.0
69	2	435.0
69	3	435.0
69	4	435.0
69	5	435.0
69	6	445.0
69	7	400.0
69	8	250.0
69	9	250.0
69	10	250.0
69	11	250.0
69	12	350.0
69	13	445.0
69	14	480.0
69	15	480.0
69	16	445.0
69	17	230.0
69	18	200.0
69	19	200.0
69	20	300.0
69	21	300.0
69	22	300.0
69	23	300.0
69	24	350.0
70	1	209.0
70	2	209.0
70	3	209.0
70	4	209.0
70	5	209.0
70	6	209.0
70	7	151.0
70	8	151.0
70	9	139.0
70	10	95.0
70	11	95.0
70	12	73.0
70	13	70.0
70	14	79.0
70	15	45.0
70	16	20.0
70	17	0.0
70	18	0.0
70	19	68.0
70	20	68.0
70	21	95.0
70	22	128.0
70	23	128.0
70	24	175.0
71	1	387.0
71	2	387.0
71	3	387.0
71	4	387.0
71	5	387.0
71	6	360.0
71	7	250.0
71	8	250.0
71	9	200.0
71	10	250.0
71	11	300.0
71	12	353.0
71	13	353.0
71	14	353.0
71	15	273.0
71	16	200.0
71	17	200.0
71	18	200.0
71	19	260.0
71	20	260.0
71	21	273.0
71	22	300.0
71	23	327.0
71	24	417.0
72	1	0.0
72	2	0.0
72	3	0.0
72	4	10.0
72	5	10.0
72	6	10.0
72	7	10.0
72	8	10.0
72	9	20.0
72	10	10.0
72	11	10.0
72	12	10.0
72	13	10.0
72	14	10.0
72	15	10.0
72	16	10.0
72	17	20.0
72	18	10.0
72	19	10.0
72	20	0.0
72	21	10.0
72	22	0.0
72	23	0.0
72	24	0.0
73	1	256.0
73	2	281.0
73	3	281.0
73	4	281.0
73	5	281.0
73	6	281.0
73	7	281.0
73	8	250.0
73	9	235.0
73	10	224.0
73	11	237.0
73	12	281.0
73	13	281.0
73	14	281.0
73	15	281.0
73	16	281.0
73	17	200.0
73	18	156.0
73	19	200.0
73	20	256.0
73	21	256.0
73	22	256.0
73	23	256.0
73	24	237.0
74	1	277.0
74	2	267.0
74	3	267.0
74	4	267.0
74	5	267.0
74	6	267.0
74	7	220.0
74	8	210.0
74	9	195.0
74	10	90.0
74	11	115.0
74	12	161.0
74	13	210.0
74	14	220.0
74	15	220.0
74	16	220.0
74	17	190.0
74	18	181.0
74	19	25.0
74	20	190.0
74	21	146.0
74	22	201.0
74	23	220.0
74	24	182.0
75	1	365.0
75	2	365.0
75	3	365.0
75	4	365.0
75	5	365.0
75	6	365.0
75	7	365.0
75	8	253.0
75	9	253.0
75	10	250.0
75	11	253.0
75	12	253.0
75	13	253.0
75	14	253.0
75	15	253.0
75	16	170.0
75	17	192.0
75	18	170.0
75	19	210.0
75	20	210.0
75	21	210.0
75	22	210.0
75	23	210.0
75	24	355.0
76	1	340.0
76	2	340.0
76	3	340.0
76	4	340.0
76	5	340.0
76	6	340.0
76	7	340.0
76	8	303.0
76	9	300.0
76	10	290.0
76	11	350.0
76	12	404.0
76	13	404.0
76	14	404.0
76	15	404.0
76	16	350.0
76	17	340.0
76	18	260.0
76	19	250.0
76	20	250.0
76	21	300.0
76	22	350.0
76	23	350.0
76	24	380.0
77	1	0.0
77	2	0.0
77	3	0.0
77	4	31.0
77	5	31.0
77	6	31.0
77	7	31.0
77	8	31.0
77	9	31.0
77	10	31.0
77	11	31.0
77	12	31.0
77	13	31.0
77	14	31.0
77	15	31.0
77	16	31.0
77	17	31.0
77	18	31.0
77	19	31.0
77	20	0.0
77	21	0.0
77	22	0.0
77	23	0.0
77	24	0.0
78	1	384.0
78	2	434.0
78	3	434.0
78	4	384.0
78	5	384.0
78	6	384.0
78	7	250.0
78	8	250.0
78	9	250.0
78	10	250.0
78	11	273.0
78	12	384.0
78	13	434.0
78	14	434.0
78	15	384.0
78	16	200.0
78	17	200.0
78	18	200.0
78	19	300.0
78	20	300.0
78	21	300.0
78	22	300.0
78	23	350.0
78	24	299.0
79	1	50.0
79	2	50.0
79	3	50.0
79	4	50.0
79	5	50.0
79	6	50.0
79	7	50.0
79	8	50.0
79	9	50.0
79	10	50.0
79	11	50.0
79	12	330.0
79	13	328.0
79	14	330.0
79	15	330.0
79	16	50.0
79	17	50.0
79	18	50.0
79	19	50.0
79	20	50.0
79	21	50.0
79	22	50.0
79	23	50.0
79	24	260.0
80	1	344.0
80	2	344.0
80	3	344.0
80	4	344.0
80	5	344.0
80	6	344.0
80	7	344.0
80	8	230.0
80	9	250.0
80	10	250.0
80	11	250.0
80	12	300.0
80	13	424.0
80	14	424.0
80	15	424.0
80	16	424.0
80	17	200.0
80	18	200.0
80	19	195.0
80	20	260.0
80	21	284.0
80	22	300.0
80	23	300.0
80	24	344.0
81	1	246.0
81	2	271.0
81	3	271.0
81	4	271.0
81	5	271.0
81	6	271.0
81	7	231.0
81	8	206.0
81	9	188.0
81	10	172.0
81	11	206.0
81	12	206.0
81	13	246.0
81	14	246.0
81	15	246.0
81	16	246.0
81	17	200.0
81	18	200.0
81	19	174.0
81	20	206.0
81	21	206.0
81	22	206.0
81	23	206.0
81	24	231.0
82	1	384.0
82	2	434.0
82	3	434.0
82	4	384.0
82	5	384.0
82	6	384.0
82	7	250.0
82	8	250.0
82	9	250.0
82	10	250.0
82	11	273.0
82	12	384.0
82	13	434.0
82	14	434.0
82	15	384.0
82	16	200.0
82	17	200.0
82	18	200.0
82	19	300.0
82	20	300.0
82	21	300.0
82	22	300.0
82	23	350.0
82	24	299.0
83	1	31.0
83	2	0.0
83	3	0.0
83	4	0.0
83	5	0.0
83	6	30.0
83	7	25.0
83	8	31.0
83	9	31.0
83	10	31.0
83	11	0.0
83	12	0.0
83	13	0.0
83	14	0.0
83	15	0.0
83	16	0.0
83	17	31.0
83	18	31.0
83	19	31.0
83	20	25.0
83	21	25.0
83	22	25.0
83	23	25.0
83	24	31.0
84	1	209.0
84	2	209.0
84	3	209.0
84	4	209.0
84	5	209.0
84	6	209.0
84	7	90.0
84	8	121.0
84	9	145.0
84	10	95.0
84	11	95.0
84	12	95.0
84	13	95.0
84	14	95.0
84	15	45.0
84	16	45.0
84	17	45.0
84	18	45.0
84	19	95.0
84	20	95.0
84	21	95.0
84	22	145.0
84	23	168.0
84	24	209.0
85	1	25.0
85	2	31.0
85	3	31.0
85	4	31.0
85	5	31.0
85	6	31.0
85	7	31.0
85	8	31.0
85	9	31.0
85	10	31.0
85	11	31.0
85	12	31.0
85	13	31.0
85	14	31.0
85	15	31.0
85	16	31.0
85	17	31.0
85	18	31.0
85	19	31.0
85	20	25.0
85	21	25.0
85	22	25.0
85	23	25.0
85	24	25.0
86	1	31.0
86	2	31.0
86	3	31.0
86	4	31.0
86	5	31.0
86	6	31.0
86	7	31.0
86	8	31.0
86	9	31.0
86	10	31.0
86	11	31.0
86	12	31.0
86	13	31.0
86	14	31.0
86	15	31.0
86	16	31.0
86	17	31.0
86	18	31.0
86	19	31.0
86	20	31.0
86	21	31.0
86	22	31.0
86	23	31.0
86	24	31.0
87	1	378.0
87	2	378.0
87	3	378.0
87	4	378.0
87	5	378.0
87	6	378.0
87	7	350.0
87	8	250.0
87	9	250.0
87	10	250.0
87	11	250.0
87	12	240.0
87	13	343.0
87	14	408.0
87	15	418.0
87	16	378.0
87	17	200.0
87	18	200.0
87	19	200.0
87	20	300.0
87	21	300.0
87	22	300.0
87	23	290.0
87	24	331.0
88	1	353.0
88	2	353.0
88	3	353.0
88	4	353.0
88	5	353.0
88	6	353.0
88	7	353.0
88	8	353.0
88	9	353.0
88	10	353.0
88	11	353.0
88	12	353.0
88	13	353.0
88	14	353.0
88	15	293.0
88	16	293.0
88	17	293.0
88	18	243.0
88	19	210.0
88	20	250.0
88	21	293.0
88	22	293.0
88	23	293.0
88	24	340.0
89	1	25.0
89	2	25.0
89	3	25.0
89	4	31.0
89	5	31.0
89	6	31.0
89	7	31.0
89	8	31.0
89	9	31.0
89	10	31.0
89	11	31.0
89	12	31.0
89	13	31.0
89	14	31.0
89	15	31.0
89	16	31.0
89	17	31.0
89	18	31.0
89	19	31.0
89	20	25.0
89	21	25.0
89	22	25.0
89	23	25.0
89	24	31.0
90	1	206.0
90	2	231.0
90	3	231.0
90	4	231.0
90	5	231.0
90	6	231.0
90	7	231.0
90	8	231.0
90	9	231.0
90	10	153.0
90	11	154.0
90	12	203.0
90	13	231.0
90	14	231.0
90	15	231.0
90	16	231.0
90	17	150.0
90	18	103.0
90	19	115.0
90	20	206.0
90	21	206.0
90	22	206.0
90	23	206.0
90	24	231.0
91	1	251.0
91	2	251.0
91	3	251.0
91	4	251.0
91	5	251.0
91	6	251.0
91	7	220.0
91	8	70.0
91	9	70.0
91	10	67.0
91	11	52.0
91	12	97.0
91	13	153.0
91	14	231.0
91	15	231.0
91	16	212.0
91	17	30.0
91	18	30.0
91	19	30.0
91	20	108.0
91	21	108.0
91	22	117.0
91	23	117.0
91	24	172.0
92	1	290.0
92	2	380.0
92	3	380.0
92	4	340.0
92	5	259.0
92	6	285.0
92	7	200.0
92	8	200.0
92	9	200.0
92	10	152.0
92	11	150.0
92	12	167.0
92	13	167.0
92	14	150.0
92	15	100.0
92	16	120.0
92	17	120.0
92	18	115.0
92	19	165.0
92	20	157.0
92	21	172.0
92	22	222.0
92	23	285.0
92	24	416.0
93	1	0.0
93	2	0.0
93	3	0.0
93	4	31.0
93	5	31.0
93	6	31.0
93	7	25.0
93	8	31.0
93	9	51.0
93	10	12.0
93	11	25.0
93	12	31.0
93	13	31.0
93	14	31.0
93	15	12.0
93	16	10.0
93	17	31.0
93	18	31.0
93	19	31.0
93	20	0.0
93	21	0.0
93	22	0.0
93	23	0.0
93	24	10.0
94	1	307.0
94	2	307.0
94	3	307.0
94	4	307.0
94	5	274.0
94	6	70.0
94	7	70.0
94	8	70.0
94	9	70.0
94	10	70.0
94	11	35.0
94	12	50.0
94	13	50.0
94	14	35.0
94	15	0.0
94	16	70.0
94	17	70.0
94	18	70.0
94	19	70.0
94	20	70.0
94	21	70.0
94	22	103.0
94	23	103.0
94	24	369.0
95	1	450.0
95	2	438.0
95	3	438.0
95	4	438.0
95	5	438.0
95	6	450.0
95	7	400.0
95	8	230.0
95	9	230.0
95	10	230.0
95	11	230.0
95	12	310.0
95	13	470.0
95	14	470.0
95	15	470.0
95	16	470.0
95	17	210.0
95	18	200.0
95	19	200.0
95	20	180.0
95	21	200.0
95	22	220.0
95	23	230.0
95	24	350.0
96	1	252.0
96	2	252.0
96	3	252.0
96	4	252.0
96	5	252.0
96	6	220.0
96	7	175.0
96	8	194.0
96	9	194.0
96	10	194.0
96	11	194.0
96	12	194.0
96	13	194.0
96	14	194.0
96	15	150.0
96	16	150.0
96	17	150.0
96	18	150.0
96	19	164.0
96	20	164.0
96	21	164.0
96	22	205.0
96	23	197.0
96	24	209.0
97	1	0.0
97	2	0.0
97	3	0.0
97	4	0.0
97	5	0.0
97	6	0.0
97	7	0.0
97	8	41.0
97	9	31.0
97	10	0.0
97	11	0.0
97	12	0.0
97	13	0.0
97	14	0.0
97	15	0.0
97	16	0.0
97	17	13.0
97	18	31.0
97	19	31.0
97	20	0.0
97	21	0.0
97	22	0.0
97	23	0.0
97	24	0.0
98	1	341.0
98	2	341.0
98	3	341.0
98	4	341.0
98	5	341.0
98	6	341.0
98	7	341.0
98	8	300.0
98	9	300.0
98	10	300.0
98	11	307.0
98	12	307.0
98	13	307.0
98	14	307.0
98	15	307.0
98	16	307.0
98	17	227.0
98	18	227.0
98	19	227.0
98	20	227.0
98	21	227.0
98	22	227.0
98	23	227.0
98	24	227.0
99	1	247.0
99	2	247.0
99	3	247.0
99	4	247.0
99	5	235.0
99	6	247.0
99	7	190.0
99	8	98.0
99	9	98.0
99	10	82.0
99	11	32.0
99	12	32.0
99	13	20.0
99	14	20.0
99	15	22.0
99	16	0.0
99	17	0.0
99	18	0.0
99	19	0.0
99	20	40.0
99	21	20.0
99	22	20.0
99	23	70.0
99	24	172.0
100	1	259.0
100	2	259.0
100	3	259.0
100	4	259.0
100	5	259.0
100	6	259.0
100	7	147.0
100	8	121.0
100	9	104.0
100	10	105.0
100	11	147.0
100	12	147.0
100	13	201.0
100	14	201.0
100	15	201.0
100	16	201.0
100	17	191.0
100	18	147.0
100	19	147.0
100	20	147.0
100	21	147.0
100	22	147.0
100	23	147.0
100	24	147.0
101	1	399.0
101	2	399.0
101	3	399.0
101	4	399.0
101	5	399.0
101	6	399.0
101	7	399.0
101	8	250.0
101	9	250.0
101	10	250.0
101	11	250.0
101	12	300.0
101	13	479.0
101	14	479.0
101	15	479.0
101	16	479.0
101	17	250.0
101	18	200.0
101	19	160.0
101	20	260.0
101	21	300.0
101	22	300.0
101	23	300.0
101	24	350.0
102	1	260.0
102	2	254.0
102	3	261.0
102	4	261.0
102	5	261.0
102	6	260.0
102	7	260.0
102	8	193.0
102	9	195.0
102	10	195.0
102	11	194.0
102	12	201.0
102	13	211.0
102	14	211.0
102	15	211.0
102	16	211.0
102	17	158.0
102	18	144.0
102	19	201.0
102	20	175.0
102	21	144.0
102	22	144.0
102	23	162.0
102	24	162.0
103	1	31.0
103	2	31.0
103	3	31.0
103	4	31.0
103	5	31.0
103	6	31.0
103	7	31.0
103	8	31.0
103	9	31.0
103	10	31.0
103	11	31.0
103	12	31.0
103	13	31.0
103	14	31.0
103	15	31.0
103	16	31.0
103	17	31.0
103	18	31.0
103	19	31.0
103	20	31.0
103	21	31.0
103	22	31.0
103	23	31.0
103	24	31.0
104	1	0.0
104	2	0.0
104	3	0.0
104	4	10.0
104	5	10.0
104	6	10.0
104	7	10.0
104	8	10.0
104	9	20.0
104	10	10.0
104	11	10.0
104	12	10.0
104	13	10.0
104	14	10.0
104	15	10.0
104	16	10.0
104	17	20.0
104	18	10.0
104	19	10.0
104	20	0.0
104	21	10.0
104	22	0.0
104	23	0.0
104	24	0.0
105	1	25.0
105	2	25.0
105	3	25.0
105	4	31.0
105	5	41.0
105	6	34.0
105	7	34.0
105	8	34.0
105	9	41.0
105	10	34.0
105	11	34.0
105	12	34.0
105	13	34.0
105	14	34.0
105	15	34.0
105	16	34.0
105	17	41.0
105	18	41.0
105	19	34.0
105	20	25.0
105	21	25.0
105	22	25.0
105	23	25.0
105	24	25.0
106	1	445.0
106	2	435.0
106	3	435.0
106	4	435.0
106	5	435.0
106	6	445.0
106	7	400.0
106	8	250.0
106	9	250.0
106	10	250.0
106	11	250.0
106	12	350.0
106	13	445.0
106	14	480.0
106	15	480.0
106	16	445.0
106	17	230.0
106	18	200.0
106	19	200.0
106	20	300.0
106	21	300.0
106	22	300.0
106	23	300.0
106	24	350.0
107	1	252.0
107	2	252.0
107	3	252.0
107	4	252.0
107	5	252.0
107	6	220.0
107	7	175.0
107	8	194.0
107	9	194.0
107	10	194.0
107	11	194.0
107	12	194.0
107	13	194.0
107	14	194.0
107	15	150.0
107	16	150.0
107	17	150.0
107	18	150.0
107	19	164.0
107	20	164.0
107	21	164.0
107	22	205.0
107	23	197.0
107	24	209.0
108	1	0.0
108	2	31.0
108	3	31.0
108	4	31.0
108	5	31.0
108	6	31.0
108	7	31.0
108	8	30.0
108	9	31.0
108	10	31.0
108	11	31.0
108	12	31.0
108	13	31.0
108	14	31.0
108	15	31.0
108	16	31.0
108	17	31.0
108	18	31.0
108	19	30.0
108	20	30.0
108	21	30.0
108	22	0.0
108	23	0.0
108	24	0.0
109	1	230.0
109	2	230.0
109	3	230.0
109	4	230.0
109	5	230.0
109	6	230.0
109	7	100.0
109	8	100.0
109	9	160.0
109	10	120.0
109	11	90.0
109	12	160.0
109	13	217.0
109	14	217.0
109	15	217.0
109	16	217.0
109	17	157.0
109	18	141.0
109	19	141.0
109	20	157.0
109	21	157.0
109	22	157.0
109	23	157.0
109	24	157.0
110	1	175.0
110	2	175.0
110	3	175.0
110	4	175.0
110	5	175.0
110	6	175.0
110	7	149.0
110	8	152.0
110	9	147.0
110	10	137.0
110	11	188.0
110	12	182.0
110	13	188.0
110	14	188.0
110	15	147.0
110	16	150.0
110	17	150.0
110	18	150.0
110	19	155.0
110	20	155.0
110	21	155.0
110	22	236.0
110	23	147.0
110	24	175.0
111	1	50.0
111	2	50.0
111	3	50.0
111	4	50.0
111	5	50.0
111	6	79.0
111	7	50.0
111	8	50.0
111	9	79.0
111	10	50.0
111	11	79.0
111	12	79.0
111	13	53.0
111	14	50.0
111	15	50.0
111	16	50.0
111	17	79.0
111	18	79.0
111	19	50.0
111	20	50.0
111	21	50.0
111	22	50.0
111	23	50.0
111	24	50.0
112	1	31.0
112	2	31.0
112	3	31.0
112	4	31.0
112	5	31.0
112	6	31.0
112	7	31.0
112	8	31.0
112	9	31.0
112	10	31.0
112	11	31.0
112	12	31.0
112	13	31.0
112	14	31.0
112	15	31.0
112	16	31.0
112	17	31.0
112	18	31.0
112	19	31.0
112	20	31.0
112	21	31.0
112	22	31.0
112	23	31.0
112	24	31.0
