Node	Time	Intraday_Price
3	1	40.18518581355817
3	2	63.80725204848296
3	3	39.02366018450286
3	4	66.08362493523676
3	5	48.768558743049425
3	6	71.98902390250166
3	7	81.25936654238751
3	8	60.9765877304965
3	9	68.06928072219945
3	10	35.703246486413946
3	11	47.182330260542386
3	12	32.226290519847666
3	13	28.69285374716271
3	14	20.864592661689485
3	15	50.5325444397704
3	16	31.318721071143077
3	17	50.846300895234855
3	18	71.6934083338942
3	19	82.01941352543541
3	20	74.04174808194739
3	21	61.728216620448435
3	22	92.60914252684638
3	23	74.0885198578363
3	24	73.23569838684314
4	1	62.61912630506721
4	2	24.187154887277128
4	3	33.5606530831604
4	4	56.0186756006789
4	5	44.338709260278875
4	6	39.97329221628173
4	7	29.75385238785583
4	8	15.148092449923384
4	9	3.855569419288493
4	10	3.3716481200925736
4	11	5.905084040360279
4	12	2.4847946677780555
4	13	1.4711174122988302
4	14	0.4183988735072387
4	15	0.758146788551724
4	16	4.0562599735361236
4	17	4.954094266859205
4	18	28.81299391757004
4	19	25.178763772257852
4	20	42.765622811959815
4	21	32.410130792766644
4	22	28.509834443980942
4	23	16.694851201807772
4	24	20.769811713448984
5	1	4.912677950624068
5	2	5.340817923362281
5	3	4.026240303884944
5	4	6.214269267774506
5	5	4.5944901883424745
5	6	5.211557249380044
5	7	7.6006044146252485
5	8	7.69852640466128
5	9	10.410667523566728
5	10	10.592926220177565
5	11	7.003990114575354
5	12	4.920524454476621
5	13	1.238874519905702
5	14	2.8593548647782367
5	15	5.0062903902870834
5	16	13.647168007304499
5	17	10.69653255024078
5	18	11.915881756621022
5	19	9.533725768495035
5	20	6.327672337444856
5	21	5.351701078914359
5	22	4.83095051638428
5	23	3.5908377681805046
5	24	5.088830948237343
6	1	14.783957863641902
6	2	17.59413137505334
6	3	19.857036467752703
6	4	20.26289000586689
6	5	18.75774563749734
6	6	22.35249219824967
6	7	53.966961414829775
6	8	44.08012364328804
6	9	51.499350050210474
6	10	83.64131542450313
6	11	58.912501023252915
6	12	60.26703830064983
6	13	23.83455858463757
6	14	29.792507172617853
6	15	28.35185860401621
6	16	18.761419814866986
6	17	42.224353096795525
6	18	74.1541280315112
6	19	18.631338009004633
6	20	16.550957502161815
6	21	25.776161653928366
6	22	23.757843087271656
6	23	13.11134759554228
6	24	11.261401118116448
7	1	18.972145098777453
7	2	29.825081461587583
7	3	7.209889428040424
7	4	18.940428992637916
7	5	25.87993219477776
7	6	36.99938242220178
7	7	43.37766919761257
7	8	21.008081465449987
7	9	19.474424393261867
7	10	0.194859977693083
7	11	-1.594635460734672
7	12	-2.8080124278130043
7	13	-4.228807560662302
7	14	-3.589363026396519
7	15	-3.0470389727114555
7	16	-0.08245266726962874
7	17	3.118702167960159
7	18	27.37222676060791
7	19	41.062490274486045
7	20	37.00248179523335
7	21	25.87182024514717
7	22	27.03342866646873
7	23	19.121918406082834
7	24	29.146281033626096
8	1	10.494473147275773
8	2	8.6367277204491
8	3	8.804918766032884
8	4	9.667680573917034
8	5	7.470302946069013
8	6	6.380541333174382
8	7	14.24453275522207
8	8	15.219796730509776
8	9	11.30895184751978
8	10	11.008475892202567
8	11	3.0240698643391126
8	12	0.21166497989061292
8	13	0.2962827632113769
8	14	1.5051474412523036
8	15	9.057700966995066
8	16	10.099280962153765
8	17	32.671239885359384
8	18	26.584656974712868
8	19	57.946700758334984
8	20	91.54291305774804
8	21	30.75879014015525
8	22	52.8568746836114
8	23	71.8265387986131
8	24	12.236946977941988
9	1	40.08936068987052
9	2	54.067846221038366
9	3	39.99476635297735
9	4	55.17316625069424
9	5	54.34951321146969
9	6	41.69536846420124
9	7	48.85664577173615
9	8	91.2591531883001
9	9	75.60655762633974
9	10	42.48548076128091
9	11	34.88400964083167
9	12	22.65540324944494
9	13	7.053048882595505
9	14	1.0152083027832122
9	15	0.6367308913340811
9	16	34.27242142914035
9	17	41.5220738534457
9	18	57.91077356811439
9	19	43.7769565082567
9	20	46.10720296304042
9	21	55.07306673334837
9	22	40.611626749904424
9	23	45.107459784727745
9	24	33.403088748328415
10	1	7.480382193723584
10	2	9.283690321194072
10	3	14.014383133524857
10	4	11.623327664779392
10	5	16.78770722647767
10	6	22.05698935960359
10	7	23.969500818582947
10	8	22.94693223138802
10	9	28.87598007928069
10	10	19.394618499275097
10	11	12.78696580046214
10	12	17.43753373778702
10	13	13.847247692292576
10	14	12.388471234130515
10	15	12.8122703930921
10	16	17.02144487535473
10	17	18.430699415034805
10	18	20.137567417352525
10	19	27.658647979130198
10	20	18.3992365140373
10	21	16.5548820461475
10	22	12.652976582943761
10	23	14.345691118016859
10	24	5.173083472259407
11	1	27.507059880281343
11	2	38.47065857552758
11	3	44.23414436054263
11	4	47.14152824262199
11	5	37.4939756234985
11	6	29.50995784898931
11	7	49.50167388169209
11	8	33.14831188023607
11	9	47.75732428891395
11	10	49.98717997904891
11	11	28.435203277488274
11	12	31.578209300180646
11	13	30.71824512111527
11	14	33.57423033647852
11	15	37.94273046073513
11	16	9.958918513958544
11	17	38.17351326154347
11	18	31.442444324363734
11	19	36.4556113097868
11	20	31.67986468499146
11	21	56.88077718499361
11	22	55.57251196850158
11	23	51.55939965021513
11	24	47.080414699713096
12	1	52.91461095151485
12	2	22.16621458904972
12	3	41.0956191524163
12	4	36.65604889763715
12	5	29.025130932557463
12	6	36.79590667353842
12	7	31.96344077939171
12	8	46.58908192159226
12	9	41.09170370175193
12	10	47.424381828776
12	11	38.22594682360321
12	12	28.725280964423522
12	13	35.320252041258975
12	14	26.69035626177884
12	15	44.23865636522007
12	16	56.35199243565345
12	17	40.26916030547068
12	18	52.762703201477024
12	19	25.43278877078424
12	20	26.671709954820646
12	21	26.220971135809208
12	22	25.391710600674447
12	23	38.517465552850155
12	24	36.919712819348995
13	1	54.46948138122175
13	2	47.34146340190087
13	3	87.09178751243684
13	4	48.139046053152214
13	5	56.375572025991254
13	6	62.05878328171313
13	7	89.65182332986576
13	8	121.9533932154367
13	9	89.12768588494458
13	10	107.18821783390112
13	11	80.55259717079795
13	12	61.53942365373964
13	13	82.73098604863371
13	14	61.63451430193188
13	15	92.46706977229681
13	16	80.49146937499167
13	17	67.12465053816516
13	18	74.38323892615205
13	19	77.17440559568965
13	20	64.02503041350883
13	21	89.23969364874176
13	22	110.83559643117314
13	23	87.07692874433587
13	24	114.55624159882626
14	1	11.052745804898807
14	2	8.756592424425188
14	3	10.695364777093362
14	4	9.846533092783035
14	5	25.92368394596589
14	6	32.86970354284965
14	7	67.33908575959774
14	8	55.64437839624362
14	9	29.51823422883335
14	10	22.382291310178726
14	11	10.84704954930477
14	12	4.693852438206219
14	13	0.06959012825258581
14	14	1.370326697387735
14	15	6.079524034614108
14	16	20.752345340051217
14	17	33.657991295133186
14	18	35.263666666484
14	19	27.369122371388496
14	20	63.26179749431
14	21	45.08322748970682
14	22	41.701716545205905
14	23	31.485368951218895
14	24	20.305478275498764
15	1	11.59935967625526
15	2	6.953372703128356
15	3	2.7078498603779333
15	4	2.6440121341756297
15	5	2.1014277336394587
15	6	3.3196428245424823
15	7	1.021758707199542
15	8	-0.01835428486877299
15	9	-0.7601711200415877
15	10	-0.6831802821847218
15	11	-0.8588623123066521
15	12	-0.9334657145027012
15	13	-0.7973747466330058
15	14	-0.09325334447410057
15	15	0.0
15	16	5.003230900034689
15	17	22.24479048017121
15	18	24.5081735990997
15	19	47.7372620045414
15	20	44.775455045637784
15	21	29.671880265690035
15	22	32.48521750133854
15	23	39.85366912999288
15	24	18.941442670303328
16	1	22.233775577894463
16	2	37.31015625295317
16	3	38.65975692057111
16	4	32.72040477923641
16	5	8.180480354209742
16	6	2.2381010111161572
16	7	0.2327938556011287
16	8	0.0
16	9	-0.041749988782254575
16	10	-0.03998444669551365
16	11	-0.05735658949169751
16	12	-0.2400274474301593
16	13	-0.7156254255604444
16	14	-1.0846702827276156
16	15	-0.01596354657220889
16	16	1.3739791774497847
16	17	10.887974931084601
16	18	10.880635011017176
16	19	53.54940896033718
16	20	30.206321899251748
16	21	36.10027436831712
16	22	45.297878073931884
16	23	36.370652328197934
16	24	27.558383249364017
17	1	36.62841205750643
17	2	41.44734544379897
17	3	35.329383779091984
17	4	38.160385360464
17	5	27.82792159806443
17	6	45.9148411949689
17	7	52.510298143045716
17	8	30.01492847582368
17	9	33.19312397301076
17	10	35.6138571670137
17	11	27.69680098425735
17	12	34.97699662709546
17	13	20.149855070624138
17	14	30.643596244179847
17	15	44.05820487731883
17	16	40.03298021259903
17	17	41.75496991100374
17	18	47.4029236493666
17	19	35.89963410551242
17	20	37.92458636114241
17	21	36.22300615160257
17	22	29.377565895788322
17	23	25.29064926205991
17	24	28.55228716271924
18	1	11.052745804898807
18	2	8.756592424425188
18	3	10.695364777093362
18	4	9.846533092783035
18	5	25.92368394596589
18	6	32.86970354284965
18	7	67.33908575959774
18	8	55.64437839624362
18	9	29.51823422883335
18	10	22.382291310178726
18	11	10.84704954930477
18	12	4.693852438206219
18	13	0.06959012825258581
18	14	1.370326697387735
18	15	6.079524034614108
18	16	20.752345340051217
18	17	33.657991295133186
18	18	35.263666666484
18	19	27.369122371388496
18	20	63.26179749431
18	21	45.08322748970682
18	22	41.701716545205905
18	23	31.485368951218895
18	24	20.305478275498764
19	1	18.972145098777453
19	2	29.825081461587583
19	3	7.209889428040424
19	4	18.940428992637916
19	5	25.87993219477776
19	6	36.99938242220178
19	7	43.37766919761257
19	8	21.008081465449987
19	9	19.474424393261867
19	10	0.194859977693083
19	11	-1.594635460734672
19	12	-2.8080124278130043
19	13	-4.228807560662302
19	14	-3.589363026396519
19	15	-3.0470389727114555
19	16	-0.08245266726962874
19	17	3.118702167960159
19	18	27.37222676060791
19	19	41.062490274486045
19	20	37.00248179523335
19	21	25.87182024514717
19	22	27.03342866646873
19	23	19.121918406082834
19	24	29.146281033626096
20	1	14.783957863641902
20	2	17.59413137505334
20	3	19.857036467752703
20	4	20.26289000586689
20	5	18.75774563749734
20	6	22.35249219824967
20	7	53.966961414829775
20	8	44.08012364328804
20	9	51.499350050210474
20	10	83.64131542450313
20	11	58.912501023252915
20	12	60.26703830064983
20	13	23.83455858463757
20	14	29.792507172617853
20	15	28.35185860401621
20	16	18.761419814866986
20	17	42.224353096795525
20	18	74.1541280315112
20	19	18.631338009004633
20	20	16.550957502161815
20	21	25.776161653928366
20	22	23.757843087271656
20	23	13.11134759554228
20	24	11.261401118116448
21	1	3.366445795515208
21	2	6.179754957542574
21	3	3.9151713029359114
21	4	5.687466906901394
21	5	5.3603245236143975
21	6	6.89657851595591
21	7	56.452327032781454
21	8	103.01582247707314
21	9	88.69899393050964
21	10	35.730328149818774
21	11	11.018717822602236
21	12	6.8255703757827115
21	13	11.037068666353909
21	14	10.388713082776357
21	15	7.670303940519614
21	16	9.709175970350941
21	17	12.989068511006895
21	18	12.840345358821748
21	19	7.704263053938833
21	20	4.032458772974296
21	21	7.521002601066878
21	22	4.700988527536775
21	23	3.2327017041000983
21	24	5.06462501030391
22	1	52.62183711078565
22	2	28.510571839471094
22	3	23.46744080929248
22	4	50.497008457345785
22	5	41.35592808822089
22	6	107.89321264479108
22	7	139.65573965678664
22	8	123.54138991389792
22	9	97.03480023232939
22	10	68.99495466209054
22	11	93.34994970342896
22	12	66.1132293346108
22	13	54.03412361536251
22	14	55.689608922609
22	15	60.94410547771653
22	16	74.04017619496116
22	17	70.96980811063963
22	18	73.47587535567294
22	19	87.17657269967216
22	20	69.15855633667753
22	21	63.74230193269824
22	22	99.15164461205043
22	23	76.4896090108127
22	24	51.4304606309079
23	1	32.95354109262376
23	2	31.03248978149901
23	3	40.794172020150626
23	4	22.517426251835285
23	5	31.611129280083667
23	6	33.233037066668054
23	7	44.46214615908031
23	8	33.05160632813512
23	9	14.64975183423959
23	10	11.688860147032205
23	11	6.004972000158506
23	12	0.6927044791219025
23	13	-0.011733641260295267
23	14	-0.16430167967508388
23	15	0.558084793842688
23	16	8.077027938194227
23	17	14.027558542195658
23	18	18.442107857325375
23	19	36.05477740306203
23	20	43.36954267821088
23	21	37.50580219035284
23	22	32.75528711436805
23	23	36.69380721678546
23	24	21.966157085537493
24	1	17.42158683337948
24	2	11.819279729786986
24	3	30.697621116323692
24	4	18.71551802338301
24	5	19.765392141043534
24	6	22.35481278134993
24	7	19.767490590779683
24	8	25.97333894767834
24	9	30.41981451675629
24	10	25.47181702906736
24	11	0.6532824982458934
24	12	-0.016965903858944975
24	13	-1.5427863498179433
24	14	-2.773227128803701
24	15	-0.015255198514591131
24	16	20.44494725014199
24	17	20.075959683775544
24	18	20.37877575742371
24	19	20.0267880209326
24	20	23.171633003483542
24	21	28.517038113962062
24	22	18.758446054265608
24	23	17.564829269452325
24	24	34.0496540768053
25	1	15.626304058337608
25	2	18.51338037844353
25	3	23.484979058004747
25	4	7.013409804234707
25	5	25.410005802604424
25	6	17.868149535073044
25	7	23.645568554074874
25	8	21.12448977513132
25	9	21.67804928433144
25	10	24.57064193614907
25	11	16.009075213164376
25	12	18.38801876102638
25	13	8.322943028142955
25	14	6.415948312810704
25	15	8.926464733858824
25	16	17.909996057762488
25	17	26.50659325604589
25	18	31.25480081332718
25	19	24.328721957583124
25	20	34.416873126112606
25	21	20.334073096873198
25	22	15.015589286522253
25	23	18.329434030045487
25	24	23.59539414712786
26	1	5.454651698054789
26	2	6.687607610871149
26	3	5.453117748052827
26	4	2.1709660530889727
26	5	5.9593254997891645
26	6	7.185956178476925
26	7	11.689725742667246
26	8	10.383540686544317
26	9	10.469234086260922
26	10	10.894352181660448
26	11	10.083183252520104
26	12	10.988677082658157
26	13	9.035938432834087
26	14	6.165162201244927
26	15	9.085422771426332
26	16	8.488041646637791
26	17	13.808447053371255
26	18	11.860949913820447
26	19	24.59594311788572
26	20	9.58861731106099
26	21	12.776155915945575
26	22	8.885477647445157
26	23	10.83086526538176
26	24	5.055790998304944
27	1	22.143852964061207
27	2	26.43846621068583
27	3	21.10704302876368
27	4	23.300136042289882
27	5	27.73577501582617
27	6	13.47037462392357
27	7	34.16660876933155
27	8	40.47653432082959
27	9	39.68533654962426
27	10	37.04564890814214
27	11	7.020631032521016
27	12	0.7212041186283338
27	13	-0.02011060083754783
27	14	-0.8121199641118695
27	15	-1.1195609194125473
27	16	1.5203356325262316
27	17	21.12392893210919
27	18	24.32329175019187
27	19	32.89585917946161
27	20	23.275821005067954
27	21	43.56635538714079
27	22	13.439526566677355
27	23	30.201005515529303
27	24	19.472271509041878
28	1	38.72348288686342
28	2	23.115513508080948
28	3	11.273899902669417
28	4	15.304768913257863
28	5	23.75474948706208
28	6	48.11612815651096
28	7	49.2173191627088
28	8	31.34395294794684
28	9	46.5050301816346
28	10	33.681319485176964
28	11	50.7477391981783
28	12	50.59844584702136
28	13	40.0955837425727
28	14	35.96587348974353
28	15	36.75527785545813
28	16	28.12733429043012
28	17	42.42179477886122
28	18	32.84358611891158
28	19	28.659125843210553
28	20	51.38091813740603
28	21	66.88930690024398
28	22	77.24571107234688
28	23	64.76036503435685
28	24	51.30838921805806
29	1	26.671823215399886
29	2	30.25726270630469
29	3	14.075872304626142
29	4	8.810927899102165
29	5	14.957012777918756
29	6	25.217773988596417
29	7	24.055098071869647
29	8	27.769475063867056
29	9	29.231817617084197
29	10	15.890649314215036
29	11	19.103067308132086
29	12	17.3298682602697
29	13	23.81964749394944
29	14	16.433308697935136
29	15	18.742617731283552
29	16	26.200655258337864
29	17	19.97678095421163
29	18	21.36040738923201
29	19	4.4079385800487785
29	20	8.543906705035196
29	21	35.93406018750084
29	22	20.98525449133155
29	23	42.78446778989734
29	24	21.348925312303862
30	1	16.413013700457924
30	2	20.922235881529545
30	3	16.343119990709415
30	4	15.120814395513948
30	5	16.469205925666223
30	6	29.203184435758267
30	7	16.39472168453501
30	8	47.01317365367335
30	9	48.76434654759715
30	10	14.83963688002807
30	11	21.600323222876195
30	12	4.6136410895521935
30	13	3.439329549003342
30	14	2.297257816197438
30	15	3.67039732364381
30	16	12.863573992768156
30	17	25.421716777483024
30	18	44.115117463224685
30	19	37.47091515792386
30	20	29.329740831548204
30	21	27.24442101609444
30	22	36.549491415361175
30	23	23.353748713188143
30	24	15.760374170216517
31	1	55.855399172201594
31	2	27.591299281903545
31	3	50.092633775592724
31	4	28.107263103247853
31	5	69.51326084418376
31	6	86.30855971461305
31	7	65.62341074094803
31	8	62.7244934993562
31	9	84.76054665840131
31	10	73.90054717100502
31	11	55.182286776560346
31	12	52.140387766019764
31	13	40.2558082757536
31	14	55.63946866361613
31	15	43.809283460429754
31	16	45.024544401210406
31	17	61.80852596245511
31	18	47.74549111979194
31	19	70.16380661861236
31	20	38.886864011083304
31	21	73.14467840238214
31	22	33.509208098506825
31	23	45.95315919502694
31	24	33.45156272856336
32	1	18.972145098777453
32	2	29.825081461587583
32	3	7.209889428040424
32	4	18.940428992637916
32	5	25.87993219477776
32	6	36.99938242220178
32	7	43.37766919761257
32	8	21.008081465449987
32	9	19.474424393261867
32	10	0.194859977693083
32	11	-1.594635460734672
32	12	-2.8080124278130043
32	13	-4.228807560662302
32	14	-3.589363026396519
32	15	-3.0470389727114555
32	16	-0.08245266726962874
32	17	3.118702167960159
32	18	27.37222676060791
32	19	41.062490274486045
32	20	37.00248179523335
32	21	25.87182024514717
32	22	27.03342866646873
32	23	19.121918406082834
32	24	29.146281033626096
33	1	-0.021692480129113494
33	2	-0.39722815695515884
33	3	-1.1833425662843708
33	4	-0.9664412626933453
33	5	-0.43116792415398053
33	6	-0.027892354353460158
33	7	-0.010291496249855418
33	8	-0.07400757355435209
33	9	-1.4710481740400314
33	10	-7.190120702843657
33	11	-10.240334149533485
33	12	-20.447139468237047
33	13	-18.180079527064073
33	14	-19.711541359116758
33	15	-10.648192838335172
33	16	-0.056912215718075566
33	17	0.9590140256246275
33	18	1.0434510085490427
33	19	0.7495361645320117
33	20	1.5811113806966475
33	21	1.4111504699530377
33	22	0.9050914248039785
33	23	1.605958233637247
33	24	1.1162574575371227
34	1	52.98117015736901
34	2	56.9917533710201
34	3	35.765010930813446
34	4	40.196498855176486
34	5	58.53233752086022
34	6	73.81505534323883
34	7	71.85174606746773
34	8	68.27126256389342
34	9	76.25790761046284
34	10	43.65796254614448
34	11	43.47951233423273
34	12	43.13723239071553
34	13	32.58771845459001
34	14	24.476829404714017
34	15	27.832197048259914
34	16	42.50489358206597
34	17	45.395357134640996
34	18	49.93566252267139
34	19	45.49602960742956
34	20	50.549544332020375
34	21	36.670021149540396
34	22	48.89503136085077
34	23	27.80451245802596
34	24	21.042630437729567
35	1	17.52224366026273
35	2	23.77179152804612
35	3	37.47418580767702
35	4	24.667919030123972
35	5	34.517294494734166
35	6	48.59645249838673
35	7	44.47242638962852
35	8	29.699351436087223
35	9	36.5805051890602
35	10	34.86573901228939
35	11	26.802212404154115
35	12	39.180671323062626
35	13	41.972125944465574
35	14	39.76191551942847
35	15	30.940049073485007
35	16	58.50737592495043
35	17	54.8906684464243
35	18	26.16988817423497
35	19	55.70701130124173
35	20	36.07923694120095
35	21	55.7044409713157
35	22	47.370689405453874
35	23	39.88127096830584
35	24	36.819410318477516
36	1	41.69817804939944
36	2	20.440485013076625
36	3	25.94698872820498
36	4	49.10484519367306
36	5	24.31486330105337
36	6	35.625396091072304
36	7	21.782862059563094
36	8	32.511687857375534
36	9	26.845133110604756
36	10	30.795457148119958
36	11	35.86031499547037
36	12	30.62219551725465
36	13	42.713984503876326
36	14	36.980124094323344
36	15	47.655370272739304
36	16	34.98210791086013
36	17	46.362905907335445
36	18	30.32064269490731
36	19	42.631513376512174
36	20	23.685709323289366
36	21	43.26166618767898
36	22	28.988784609472987
36	23	22.889098533080528
36	24	29.323263823763437
37	1	18.243487902157973
37	2	13.894183601528466
37	3	12.811812837824677
37	4	18.437161584522638
37	5	14.484723391940495
37	6	8.674000473210775
37	7	18.25892493839385
37	8	18.65868290854721
37	9	12.126199479232822
37	10	20.05543541950344
37	11	15.277258291095762
37	12	12.4815144562713
37	13	8.95696759406638
37	14	13.628074203589165
37	15	13.463111543289957
37	16	12.429524336327896
37	17	8.54968129184891
37	18	13.544416865532591
37	19	18.54319440142454
37	20	23.627313946072185
37	21	22.61776331676135
37	22	18.450564808027366
37	23	16.745540664864475
37	24	7.530420114518427
38	1	-0.04301362114148334
38	2	-0.06055393143654317
38	3	-0.10361151710173123
38	4	-0.04413594185948797
38	5	0.0410824541967806
38	6	2.29411179879404
38	7	4.051422273358061
38	8	4.308430801980711
38	9	5.173061662265239
38	10	4.847749340250271
38	11	3.0884167552820676
38	12	3.3047820569996413
38	13	1.0761624521735347
38	14	2.4213871798698627
38	15	2.703179994889972
38	16	2.98106272789874
38	17	4.32416180336489
38	18	5.177206590708114
38	19	4.030571726423086
38	20	3.718789337883137
38	21	3.098331044409409
38	22	1.369935784439239
38	23	0.10332035633472537
38	24	-0.03249863194445536
39	1	14.727005851207734
39	2	27.603076436234833
39	3	28.866022570760045
39	4	13.867903687679094
39	5	22.373834295478318
39	6	23.972752001824364
39	7	46.7222501177829
39	8	37.823385583523915
39	9	47.42125962162081
39	10	24.1628460437379
39	11	27.906230184301542
39	12	34.94850627599361
39	13	46.33133241435324
39	14	35.234498980666224
39	15	32.84433081198593
39	16	16.750762960063465
39	17	27.28568994369108
39	18	15.066836088106497
39	19	20.603694234489943
39	20	31.915213083781506
39	21	32.7863350049804
39	22	38.19117057360118
39	23	29.87454238217813
39	24	21.82798367213555
40	1	36.60836678688487
40	2	44.49695969084373
40	3	49.59562356658372
40	4	31.83872456347127
40	5	36.90219718771109
40	6	38.67540647291671
40	7	29.532606760413476
40	8	30.25983850402027
40	9	11.656256742482572
40	10	5.018885745290383
40	11	0.8594283273237615
40	12	0.8499974092960536
40	13	0.47820854999870166
40	14	0.055870376035026245
40	15	1.305497557312015
40	16	16.164788715825367
40	17	35.502732168183435
40	18	30.052553347624883
40	19	41.09017019624832
40	20	33.937378754474516
40	21	33.766389336387284
40	22	30.713806727859538
40	23	35.42329391057902
40	24	38.38397143383976
41	1	31.797816799193782
41	2	16.670260953002625
41	3	21.276285558362858
41	4	25.784085675780855
41	5	22.229603502319186
41	6	28.839798653676027
41	7	21.56179631372575
41	8	86.700016778657
41	9	57.42472971052615
41	10	34.26354591412798
41	11	33.91110706448297
41	12	46.156718783432304
41	13	24.871266286734315
41	14	37.622182107687344
41	15	26.285677065187013
41	16	27.973790173413263
41	17	27.630355473634108
41	18	29.712755341126236
41	19	28.64596940626007
41	20	28.870162881920304
41	21	26.996812162429677
41	22	36.1822335144676
41	23	31.22129743062664
41	24	19.437074628709816
42	1	32.44455046942121
42	2	19.371881613069853
42	3	38.84748588973096
42	4	32.050683978504104
42	5	29.35601119581806
42	6	19.202315045639207
42	7	85.46356347920262
42	8	64.13464160601553
42	9	84.29296928856827
42	10	86.28610025840008
42	11	81.39209169041877
42	12	39.59597241638698
42	13	31.19515315135311
42	14	42.69831008999728
42	15	27.87954315462675
42	16	35.36334235137611
42	17	27.31897106625839
42	18	43.6424094571487
42	19	37.350371611972825
42	20	31.45784527087329
42	21	40.690437217614644
42	22	35.270582736231006
42	23	30.16473902084301
42	24	29.269427430517446
43	1	8.60350018082967
43	2	5.952496416001326
43	3	6.546932522088001
43	4	4.41703362007746
43	5	10.050950902705678
43	6	16.461917252400543
43	7	42.76738403051519
43	8	154.4493350711345
43	9	113.59831113676152
43	10	67.97705916361288
43	11	47.571098056687354
43	12	34.488589441983436
43	13	40.79871782819121
43	14	46.867703203390974
43	15	16.750562863707945
43	16	33.25073590083003
43	17	55.330765199870406
43	18	23.424844814759794
43	19	30.89264564192213
43	20	53.92345106617544
43	21	21.71550088852598
43	22	26.20783673892407
43	23	11.575333143343164
43	24	18.073875863568915
44	1	28.891836331326353
44	2	15.393882765145982
44	3	7.020094149572379
44	4	5.791960772003976
44	5	1.2360715760320844
44	6	5.67174810824879
44	7	2.412294054079829
44	8	-0.07209429811334574
44	9	-2.657902044693416
44	10	-3.7529213922739864
44	11	-17.72854189222192
44	12	-39.79710021841682
44	13	-36.77064213328499
44	14	-49.23351905632396
44	15	-20.680407251548697
44	16	-4.755510142718423
44	17	13.192037566194497
44	18	24.385437402893288
44	19	37.07171582610454
44	20	44.76125905168977
44	21	50.12979338030396
44	22	31.927202905461137
44	23	17.601968773321634
44	24	45.25632788891357
45	1	6.990961136017766
45	2	0.3723177611430342
45	3	0.0
45	4	-0.25197281219167117
45	5	-0.03906102216769439
45	6	4.592687104241944
45	7	13.399949870430062
45	8	24.419236263409626
45	9	12.443712877849295
45	10	12.198708548148904
45	11	9.656440604665784
45	12	5.223484795618952
45	13	8.029451241712662
45	14	10.861928001045534
45	15	16.327477589029378
45	16	8.548523673670697
45	17	19.139459567780527
45	18	25.455742274603107
45	19	21.200554033346236
45	20	16.17875974322018
45	21	17.169696867052807
45	22	22.946695063265313
45	23	29.286290362335805
45	24	14.63462045449895
46	1	22.233775577894463
46	2	37.31015625295317
46	3	38.65975692057111
46	4	32.72040477923641
46	5	8.180480354209742
46	6	2.2381010111161572
46	7	0.2327938556011287
46	8	0.0
46	9	-0.041749988782254575
46	10	-0.03998444669551365
46	11	-0.05735658949169751
46	12	-0.2400274474301593
46	13	-0.7156254255604444
46	14	-1.0846702827276156
46	15	-0.01596354657220889
46	16	1.3739791774497847
46	17	10.887974931084601
46	18	10.880635011017176
46	19	53.54940896033718
46	20	30.206321899251748
46	21	36.10027436831712
46	22	45.297878073931884
46	23	36.370652328197934
46	24	27.558383249364017
47	1	0.5075267053520006
47	2	0.4787692066186673
47	3	0.44876125740306133
47	4	0.696181219744924
47	5	0.3507225040622679
47	6	1.2915525238423708
47	7	1.6342694619600417
47	8	1.546493462000389
47	9	2.680696514843553
47	10	3.7199239365324694
47	11	4.207283083829179
47	12	3.943507247559043
47	13	3.466409538981241
47	14	3.7123919186108525
47	15	2.754926965765889
47	16	4.403651005485303
47	17	2.5874906512750733
47	18	2.431150552800936
47	19	3.1040144608021287
47	20	1.741743025451929
47	21	1.6986490545034578
47	22	2.722971971223835
47	23	1.0857874900826032
47	24	0.0
48	1	18.353996070014954
48	2	21.334337591313226
48	3	17.446216101846062
48	4	24.60562952589965
48	5	11.983038272083615
48	6	15.337283296099889
48	7	23.314678782829468
48	8	10.689654250314154
48	9	1.7467885085643182
48	10	0.0
48	11	-0.054851182438577444
48	12	-1.395492292712426
48	13	-4.923501649182213
48	14	-6.800470071683121
48	15	-0.505727830509453
48	16	22.212194390095167
48	17	35.3824820759298
48	18	30.938004895385244
48	19	34.6678138540963
48	20	32.13997930044168
48	21	25.123166503760277
48	22	29.4440942385447
48	23	15.75066916746024
48	24	28.135288620194746
49	1	6.693450404382477
49	2	3.5707378636002614
49	3	4.342118193266531
49	4	3.5187431667871927
49	5	5.1960606913534235
49	6	7.985937145906879
49	7	5.950542955139863
49	8	12.928817817878208
49	9	13.163998804875089
49	10	14.083238346475714
49	11	11.502608694011382
49	12	5.431131002751436
49	13	3.7468316218593447
49	14	8.92072187706557
49	15	9.962335965830748
49	16	20.727206588508654
49	17	9.784387970606558
49	18	15.236141472000467
49	19	8.456553439532733
49	20	9.707097239566378
49	21	16.31404303725621
49	22	18.604350059867155
49	23	13.473466364186965
49	24	17.541441985815595
50	1	12.847825154699603
50	2	12.005054421794503
50	3	8.08008783313066
50	4	13.349659414361044
50	5	14.219996180962104
50	6	10.945463101529425
50	7	53.677257864579495
50	8	82.4074108746852
50	9	73.96212365703526
50	10	64.34978277474653
50	11	57.83512139046136
50	12	53.47928506655991
50	13	54.01101629432633
50	14	47.77385845544459
50	15	42.58750726967915
50	16	56.62601310279902
50	17	72.5739539680715
50	18	61.628966988407186
50	19	46.20109025503966
50	20	30.59871547939089
50	21	29.196652952511975
50	22	18.858113040579227
50	23	13.373459797040672
50	24	23.061565033167795
51	1	19.25812220177639
51	2	7.376436322291559
51	3	6.686854242469136
51	4	19.100897599462005
51	5	42.87894686904588
51	6	56.23670712554698
51	7	46.12972383992378
51	8	74.30248390056583
51	9	58.160829152652745
51	10	60.748460607515014
51	11	47.22347625983727
51	12	45.0741415349703
51	13	53.20294887370736
51	14	53.04003023968132
51	15	43.779319617139656
51	16	59.84203469029011
51	17	60.15522388485844
51	18	62.51493930056986
51	19	39.29421778348484
51	20	57.46875762001194
51	21	55.91194630932266
51	22	68.04448559534347
51	23	61.93961530351872
51	24	74.82485842920707
52	1	55.855399172201594
52	2	27.591299281903545
52	3	50.092633775592724
52	4	28.107263103247853
52	5	69.51326084418376
52	6	86.30855971461305
52	7	65.62341074094803
52	8	62.7244934993562
52	9	84.76054665840131
52	10	73.90054717100502
52	11	55.182286776560346
52	12	52.140387766019764
52	13	40.2558082757536
52	14	55.63946866361613
52	15	43.809283460429754
52	16	45.024544401210406
52	17	61.80852596245511
52	18	47.74549111979194
52	19	70.16380661861236
52	20	38.886864011083304
52	21	73.14467840238214
52	22	33.509208098506825
52	23	45.95315919502694
52	24	33.45156272856336
53	1	-0.08446330194810113
53	2	-0.09106136358333496
53	3	-0.1687058338517869
53	4	-0.10502482043089821
53	5	0.0
53	6	1.5732007655512292
53	7	4.219542312978117
53	8	4.351396066005395
53	9	5.969938507942581
53	10	4.196744057603339
53	11	4.733297720358549
53	12	3.697180203499643
53	13	3.371770176349389
53	14	4.102593927086239
53	15	6.039483454184406
53	16	6.413828246147272
53	17	7.066283706815873
53	18	8.777526254396442
53	19	7.109670014698989
53	20	3.4979346582948283
53	21	5.681992985971526
53	22	2.895314431536119
53	23	2.2877409361872423
53	24	0.98008145007753
54	1	32.46287451687994
54	2	41.06907112630443
54	3	36.30477805100095
54	4	36.095182891888655
54	5	43.46778686770613
54	6	43.2258312211678
54	7	40.02124350881975
54	8	39.59087549610691
54	9	13.694164921298505
54	10	1.2971926927626625
54	11	-1.3519610991393198
54	12	-6.7894618544738625
54	13	-10.37263534928612
54	14	-14.367437043634197
54	15	-10.595902211051717
54	16	-2.678288075517241
54	17	12.771119166801387
54	18	24.213888273223407
54	19	24.701432273876854
54	20	18.037542081159256
54	21	28.600867537380534
54	22	35.2399274364738
54	23	21.846591942199304
54	24	18.696344225255363
55	1	12.161203348606103
55	2	20.702529168384526
55	3	15.216585017449344
55	4	12.698749917605841
55	5	16.801475529564538
55	6	18.585658398314536
55	7	24.168428718587357
55	8	16.356907483940574
55	9	23.229270057392476
55	10	15.19979117862928
55	11	26.214553275747
55	12	17.563738383450318
55	13	19.559830801146973
55	14	22.550546172532936
55	15	27.807216471212886
55	16	26.396828710110032
55	17	16.844870456373897
55	18	27.36307730140789
55	19	21.781778514348225
55	20	23.423957845553865
55	21	20.897002189899748
55	22	16.632495813358553
55	23	11.580488293891499
55	24	10.49963873918201
56	1	48.63070166823769
56	2	15.12465481346725
56	3	4.330419901061366
56	4	5.373085831531051
56	5	27.18732750050319
56	6	46.92028365515978
56	7	63.84883527682024
56	8	57.00908833305891
56	9	22.408166533484188
56	10	35.343376337748005
56	11	36.1183122632028
56	12	53.551738548621756
56	13	21.249037372123283
56	14	41.632371711129394
56	15	41.09157969006708
56	16	56.39029259388336
56	17	72.61215898236097
56	18	52.7130518346225
56	19	42.518741077107144
56	20	54.31956001743567
56	21	54.91663289869247
56	22	60.866261837216655
56	23	56.41554773838512
56	24	81.86985948965034
57	1	18.086468348247923
57	2	42.046002193830404
57	3	38.27215776554607
57	4	23.738200944416132
57	5	17.665569116281045
57	6	39.46316310346966
57	7	20.890488556260944
57	8	27.45922161262134
57	9	15.092969608780676
57	10	35.7087769474488
57	11	15.619899839893273
57	12	3.3809301636101505
57	13	0.05060772489771503
57	14	0.0
57	15	1.189066088500088
57	16	15.902749821937356
57	17	39.40964676403984
57	18	26.258940668444517
57	19	32.22629661623514
57	20	19.561697771677384
57	21	30.080124018544815
57	22	36.505201807346964
57	23	13.292576421315811
57	24	20.80842590492095
58	1	30.24068213147104
58	2	26.32626694918844
58	3	29.322505622519607
58	4	32.36369402219859
58	5	27.368021698596703
58	6	32.25673874133506
58	7	38.26504053493486
58	8	41.46675186887436
58	9	31.294588853837652
58	10	42.01740631514748
58	11	32.57261249283725
58	12	30.568139447473246
58	13	41.9974103752472
58	14	44.195086326244926
58	15	32.79444936414101
58	16	32.02269193401642
58	17	28.627527494093467
58	18	35.46053235943566
58	19	36.226464330599605
58	20	29.63063050266194
58	21	36.12323646280109
58	22	33.268587265311
58	23	24.74440448348529
58	24	38.402725598362586
59	1	25.017047717021317
59	2	52.47787362726742
59	3	44.208540452826476
59	4	42.661039652724575
59	5	41.32801502026776
59	6	62.338502491845425
59	7	64.9748408954274
59	8	68.4435061330783
59	9	95.94906818480412
59	10	51.79052649841634
59	11	56.463026904451
59	12	59.240175629092704
59	13	31.207393886568347
59	14	53.44068705475174
59	15	43.1205367827975
59	16	41.91492440377331
59	17	48.27798384037545
59	18	41.94851371634607
59	19	25.539876370702434
59	20	38.9909053750444
59	21	28.299098967725453
59	22	33.39145366067171
59	23	42.09995910663011
59	24	37.38085968101733
60	1	24.386973655852056
60	2	24.939875058258032
60	3	34.88534263998583
60	4	28.444506329503163
60	5	18.09581455463096
60	6	32.45107463312911
60	7	35.738427942955
60	8	31.248612124018003
60	9	41.72830553093766
60	10	42.49251779335329
60	11	34.20925472871971
60	12	20.528086903175996
60	13	47.214206756680944
60	14	34.41425607105557
60	15	21.035123748518526
60	16	34.24742265038351
60	17	39.377068817494525
60	18	25.86211454865861
60	19	38.47729221393344
60	20	37.96677804772987
60	21	38.298542146635825
60	22	27.08703117821168
60	23	23.42782414309926
60	24	37.98368867807397
61	1	54.28810669766636
61	2	69.88298846005006
61	3	62.6011899542613
61	4	59.86826179561721
61	5	54.24971885013893
61	6	45.07778176262648
61	7	77.10017037514528
61	8	139.16886154804732
61	9	98.05711099182554
61	10	250.4227457056409
61	11	200.2604128863282
61	12	191.51445488313885
61	13	121.67167469529203
61	14	112.82886703228374
61	15	103.86194168069134
61	16	231.55401391651563
61	17	226.52276289566763
61	18	200.9045466920195
61	19	153.06186991475474
61	20	133.32967649276762
61	21	76.23618113552273
61	22	71.5490171180688
61	23	77.83039678907355
61	24	31.03769806019248
62	1	29.95171231507292
62	2	32.06013529450719
62	3	56.113873774403025
62	4	43.25886342985703
62	5	51.32106889156596
62	6	37.664126343159836
62	7	37.344720994774406
62	8	36.00834540740709
62	9	50.811823140788015
62	10	44.749428626299085
62	11	50.939747067281026
62	12	39.792037935794795
62	13	52.57975432641442
62	14	30.80342680815255
62	15	58.99733248672554
62	16	61.01056014360608
62	17	65.29182612100084
62	18	66.45306886493111
62	19	33.903276681923366
62	20	88.4676876869913
62	21	63.55613069039503
62	22	66.95441899686318
62	23	70.0534360735989
62	24	47.50825066760059
63	1	36.33862901300935
63	2	49.85368689740465
63	3	34.660026086413524
63	4	28.31499894318398
63	5	22.19197557649419
63	6	17.553278570981742
63	7	17.729181422530207
63	8	35.74547865765861
63	9	31.669525789335196
63	10	36.041896960710766
63	11	54.19019773156561
63	12	42.706147597090165
63	13	55.31550316009686
63	14	96.85289126740967
63	15	63.01573912774365
63	16	28.64466651507627
63	17	81.77398236324926
63	18	78.73097953120092
63	19	60.133399965882916
63	20	92.83432617354079
63	21	60.338147010709775
63	22	42.39540198052852
63	23	70.07959980203519
63	24	14.327374252737412
64	1	41.84229924707361
64	2	35.73939401891428
64	3	44.363206163661204
64	4	35.08652370801226
64	5	30.02465706179972
64	6	28.761752837474564
64	7	26.463021549884846
64	8	37.627218650052605
64	9	27.825837678211034
64	10	15.32491870809538
64	11	45.78704334048981
64	12	38.86815609466177
64	13	63.843713640846886
64	14	20.429555992157418
64	15	51.86806315781324
64	16	55.831846123040144
64	17	18.086348573431966
64	18	49.99473530628866
64	19	54.084829549220274
64	20	74.84388443414824
64	21	75.19292528284466
64	22	76.7270939475731
64	23	48.52666232185587
64	24	48.71981292234939
65	1	54.28810669766636
65	2	69.88298846005006
65	3	62.6011899542613
65	4	59.86826179561721
65	5	54.24971885013893
65	6	45.07778176262648
65	7	77.10017037514528
65	8	139.16886154804732
65	9	98.05711099182554
65	10	250.4227457056409
65	11	200.2604128863282
65	12	191.51445488313885
65	13	121.67167469529203
65	14	112.82886703228374
65	15	103.86194168069134
65	16	231.55401391651563
65	17	226.52276289566763
65	18	200.9045466920195
65	19	153.06186991475474
65	20	133.32967649276762
65	21	76.23618113552273
65	22	71.5490171180688
65	23	77.83039678907355
65	24	31.03769806019248
66	1	2.311206327663646
66	2	1.4405547302106023
66	3	1.1419811552294032
66	4	1.41786003941658
66	5	1.3601811256942609
66	6	0.6414468417247103
66	7	1.1638313469987813
66	8	4.48580796414712
66	9	3.842610103019702
66	10	6.190036837808522
66	11	6.608886982365803
66	12	3.6354724420824795
66	13	4.97148543771532
66	14	3.0534038948665967
66	15	5.4278110263442185
66	16	4.243210080320556
66	17	5.505167473164301
66	18	5.545465529028272
66	19	9.753191851074988
66	20	9.120172735950813
66	21	4.703577965551797
66	22	3.151395033221639
66	23	20.008994877255347
66	24	14.455608392951868
67	1	27.387406096010338
67	2	43.32438281170846
67	3	40.93577273043331
67	4	23.99364099570348
67	5	36.41307418253945
67	6	26.114047737666283
67	7	31.212928911473483
67	8	26.98579963199568
67	9	40.91830042461555
67	10	56.59525408719211
67	11	38.74988641957456
67	12	39.343522817575696
67	13	35.99756867258357
67	14	44.498992702491186
67	15	34.738661176014055
67	16	39.656623538140416
67	17	44.96992243034903
67	18	35.99857918317771
67	19	30.204505616793302
67	20	24.088810456078917
67	21	39.59478143360258
67	22	34.817251838797894
67	23	50.44037082048114
67	24	59.103805190060385
68	1	74.72369404109175
68	2	46.21811681453368
68	3	75.69895522330629
68	4	68.16502790261204
68	5	58.34340530378048
68	6	59.58816165951616
68	7	51.23571494028606
68	8	56.14944646115241
68	9	35.44880449620968
68	10	65.66338049482478
68	11	51.36613145565076
68	12	56.40204004977713
68	13	38.87618730357037
68	14	51.36465083729393
68	15	53.78258612059631
68	16	53.590797502610975
68	17	72.68343205949135
68	18	69.45702118436309
68	19	63.60330647322538
68	20	85.02415399046845
68	21	35.82291541723001
68	22	67.95189545692688
68	23	61.416750474151314
68	24	52.4528310475453
69	1	1.4852652576262335
69	2	0.9884137940365799
69	3	0.6476042529098721
69	4	0.7256183829623335
69	5	0.5838560153755518
69	6	1.0134603254051364
69	7	2.421408021847094
69	8	2.3651064396717483
69	9	3.2477259072658757
69	10	2.6727645223565264
69	11	1.8487667682808877
69	12	2.63203351962394
69	13	1.9852846412657035
69	14	1.870892709480193
69	15	1.8878404578462666
69	16	2.5599174161004394
69	17	4.171956208616682
69	18	9.8714433990812
69	19	14.837870079735083
69	20	11.046572020641776
69	21	6.185342573734075
69	22	1.612738193421534
69	23	1.5420584925953469
69	24	1.878171530992906
70	1	99.0542661485436
70	2	76.44561384948376
70	3	100.07664603108931
70	4	55.273688839867084
70	5	59.06468711557739
70	6	79.90856810979031
70	7	117.02576597169846
70	8	116.59272646011796
70	9	145.0297527238952
70	10	119.6247005834072
70	11	132.14061457701175
70	12	95.47903286972033
70	13	84.56724194756156
70	14	98.77996958036805
70	15	65.29085132775683
70	16	44.173882158970784
70	17	146.4315236937715
70	18	117.7431381385566
70	19	106.47718854387354
70	20	86.86386884271728
70	21	81.18708272890129
70	22	85.79204265473058
70	23	54.961886017610105
70	24	73.34138492003112
71	1	32.93170029881355
71	2	43.38116989127666
71	3	35.82424951897075
71	4	49.26041029389095
71	5	29.996840977277145
71	6	38.92628732662195
71	7	51.69221127129308
71	8	76.18168646968013
71	9	57.73175273114904
71	10	63.91158460518005
71	11	26.37393415967678
71	12	31.910743773959897
71	13	34.32440558357812
71	14	18.70187136975373
71	15	41.7218565024885
71	16	42.99174948843664
71	17	52.60380800967958
71	18	72.34702031869196
71	19	33.525854186902826
71	20	70.46775855886708
71	21	41.00677613816471
71	22	48.01988149445441
71	23	55.04580615384189
71	24	41.97585405367802
72	1	65.65755379150046
72	2	25.484271479041315
72	3	56.398170845446
72	4	50.87430814827322
72	5	59.975000675470184
72	6	71.7138043507157
72	7	54.9906834528441
72	8	79.99478716175288
72	9	75.74070968159907
72	10	25.523297677663457
72	11	97.6298023206485
72	12	57.70659350177092
72	13	60.13164643949462
72	14	36.093301788159806
72	15	78.1879311272574
72	16	103.17596176073367
72	17	60.50362508252327
72	18	84.49411825815224
72	19	97.02482817782199
72	20	112.09301893113292
72	21	69.90022762459645
72	22	58.0362803593494
72	23	65.5640832228089
72	24	59.24005353169569
73	1	42.784849515429485
73	2	32.535287504773976
73	3	44.18237875018524
73	4	22.147134370306205
73	5	37.675789586506774
73	6	30.526654665862903
73	7	64.64434902686855
73	8	40.836900865169774
73	9	63.57529571783654
73	10	39.01902409993122
73	11	44.49828058079625
73	12	41.787950267408654
73	13	37.52752280022869
73	14	40.8751485543169
73	15	11.170872022150004
73	16	46.12553649298089
73	17	43.45944896664515
73	18	34.20830051159736
73	19	22.670147305692467
73	20	58.11082646616681
73	21	45.51066792707675
73	22	47.520996015541066
73	23	35.40216619489651
73	24	45.38789431716092
74	1	86.25786267572799
74	2	56.63898190863325
74	3	86.11183593509236
74	4	46.28520461364112
74	5	55.85640139850411
74	6	80.78587442672874
74	7	101.46950008089077
74	8	160.95802543207867
74	9	104.0107210926499
74	10	122.58386624522481
74	11	107.31876908141794
74	12	68.81167369148564
74	13	105.06944550275195
74	14	25.24268682455806
74	15	86.80037965335666
74	16	98.55278092807934
74	17	85.41027452921969
74	18	80.30421599422634
74	19	129.77892520718387
74	20	73.54114496778604
74	21	87.1087157470664
74	22	59.81843563645673
74	23	88.83891378919216
74	24	36.1835116229415
75	1	42.52703201970814
75	2	49.245887973593895
75	3	39.299540803254665
75	4	40.216520674893204
75	5	39.09526114325143
75	6	30.268530973613036
75	7	49.26151932801567
75	8	70.46740400286495
75	9	110.98202764990673
75	10	98.06841051486462
75	11	81.09813835683528
75	12	79.88001804706761
75	13	94.32433008466137
75	14	66.02131804342652
75	15	97.44530927409892
75	16	158.0405171141483
75	17	113.99496245457362
75	18	89.6726824913015
75	19	92.36247237558094
75	20	118.6315880817154
75	21	88.82879929158581
75	22	110.12370500226302
75	23	69.30380212021305
75	24	95.96875623119487
76	1	42.40094616684403
76	2	39.39519110946086
76	3	28.146808940819703
76	4	35.57956006148347
76	5	41.599812114678016
76	6	21.379014583674312
76	7	49.97544923576728
76	8	48.73493343917977
76	9	44.104865120892335
76	10	41.88469087969659
76	11	28.04447134714081
76	12	31.034630957332777
76	13	26.211840834678338
76	14	32.439627134262594
76	15	46.61865949251499
76	16	42.73990983857617
76	17	37.99029692290413
76	18	29.351698257438166
76	19	52.65924557780995
76	20	45.755777819442855
76	21	53.29601366154263
76	22	21.162403486442866
76	23	46.010993177217536
76	24	34.27771316530912
77	1	34.33181435557197
77	2	49.973096968216915
77	3	55.59987893660327
77	4	49.8442062447625
77	5	44.91048424499103
77	6	51.790503858482936
77	7	59.165611990254035
77	8	49.93651782344848
77	9	47.66309966894555
77	10	44.81171642358177
77	11	55.18691819025911
77	12	47.23375608517247
77	13	47.198354072058414
77	14	69.84891777918327
77	15	60.71101987911785
77	16	36.797496479356
77	17	65.54654756291994
77	18	40.36106411534786
77	19	67.92982834979179
77	20	46.30538247865384
77	21	69.48939509246873
77	22	37.80490534037363
77	23	33.53187584829492
77	24	62.518069427785164
78	1	42.47607822822887
78	2	24.483679932262675
78	3	29.24811478045715
78	4	29.005556645176195
78	5	28.37607982307177
78	6	33.13178819580709
78	7	36.98277686191513
78	8	26.684202218115516
78	9	29.48653834107403
78	10	29.501688086355983
78	11	23.293109988447295
78	12	19.298790495625965
78	13	30.40084209876003
78	14	21.77402600406918
78	15	36.15229428127751
78	16	20.714724743031
78	17	46.42312997639045
78	18	31.83484945122022
78	19	25.602547013781166
78	20	32.91948528207809
78	21	50.0448429574641
78	22	23.487627040731294
78	23	49.686817149548716
78	24	19.63476795065292
79	1	-0.010403823055362891
79	2	-0.06445280239741775
79	3	-0.30338217492438524
79	4	-0.18437246115473224
79	5	-0.07136159769059432
79	6	-0.008804533963029715
79	7	1.144074719274315
79	8	15.61491109109994
79	9	12.828378564557843
79	10	6.422169937168384
79	11	7.793181957945709
79	12	2.1966886995833814
79	13	7.9309409854508885
79	14	7.455440658874015
79	15	12.437029486795419
79	16	22.83947283993159
79	17	28.68404732919844
79	18	43.034915528220864
79	19	48.71243876155135
79	20	36.172275591383396
79	21	30.10372678341575
79	22	45.69448779392947
79	23	45.16752728887087
79	24	42.5535046768159
80	1	37.09489345194838
80	2	34.40455120956996
80	3	29.039471919994366
80	4	34.19554490350956
80	5	21.101352894463595
80	6	38.931563472097054
80	7	30.31967004687671
80	8	37.28014189744549
80	9	45.56195370430917
80	10	43.9257638904529
80	11	39.39206452653682
80	12	47.8150680307438
80	13	42.69369958994252
80	14	39.50704159332574
80	15	23.496895012073878
80	16	32.194842489949075
80	17	31.68886479492649
80	18	30.84625365964068
80	19	41.17993831980544
80	20	37.064284753815656
80	21	29.77143691690458
80	22	56.72014580474035
80	23	26.857634613227013
80	24	33.55984601468025
81	1	12.491534109515282
81	2	10.803973821615472
81	3	7.707454231051101
81	4	9.270243994867279
81	5	8.835838276276728
81	6	10.638448290918964
81	7	30.346385715261743
81	8	34.075556354078834
81	9	46.74394314097395
81	10	47.9117674289909
81	11	45.35225965403359
81	12	44.73658080019325
81	13	31.280497639049987
81	14	37.06313813188126
81	15	45.57916271598493
81	16	52.57852061710249
81	17	40.62730185039332
81	18	57.772830527658556
81	19	47.625651056813865
81	20	46.65821346321834
81	21	36.527670218241425
81	22	35.02099027222992
81	23	49.121705158595525
81	24	51.15976263679987
82	1	42.47607822822887
82	2	24.483679932262675
82	3	29.24811478045715
82	4	29.005556645176195
82	5	28.37607982307177
82	6	33.13178819580709
82	7	36.98277686191513
82	8	26.684202218115516
82	9	29.48653834107403
82	10	29.501688086355983
82	11	23.293109988447295
82	12	19.298790495625965
82	13	30.40084209876003
82	14	21.77402600406918
82	15	36.15229428127751
82	16	20.714724743031
82	17	46.42312997639045
82	18	31.83484945122022
82	19	25.602547013781166
82	20	32.91948528207809
82	21	50.0448429574641
82	22	23.487627040731294
82	23	49.686817149548716
82	24	19.63476795065292
83	1	51.463926946692766
83	2	40.66989448013267
83	3	49.143643097375545
83	4	67.31832464964344
83	5	69.21761161590206
83	6	26.616598734502322
83	7	76.14330905137514
83	8	12.662843384799977
83	9	75.74404734974561
83	10	38.87375102895141
83	11	45.457270329080565
83	12	37.37267247966955
83	13	32.79768457549862
83	14	37.37642968751816
83	15	49.10532398932301
83	16	37.83205942996182
83	17	61.967162459948796
83	18	67.96754624845322
83	19	52.55001722688454
83	20	66.1476260063386
83	21	54.50875310134236
83	22	44.7178523759567
83	23	57.58471628678641
83	24	41.97243856265252
84	1	85.24630859523268
84	2	111.81876090621006
84	3	94.70295173283661
84	4	106.27078106440837
84	5	84.07210669655203
84	6	68.03451252421485
84	7	64.48282964373871
84	8	88.83136282901005
84	9	120.03405804010322
84	10	92.37036033419442
84	11	94.36104946673291
84	12	95.3099205227894
84	13	80.59981684715413
84	14	109.9257432414036
84	15	125.82047859302162
84	16	110.43842923781718
84	17	60.37643626422558
84	18	106.01930086422126
84	19	94.69926972093151
84	20	103.17326358713694
84	21	112.07045276127896
84	22	87.36628788617335
84	23	91.38238729689616
84	24	81.82314986413728
85	1	56.415522196024426
85	2	42.78483808095698
85	3	75.47583663181045
85	4	23.99172488218978
85	5	76.12496284788405
85	6	42.18487823159479
85	7	57.771369034201676
85	8	78.99283117252648
85	9	70.93464375247078
85	10	79.84902838892948
85	11	64.06289311315149
85	12	58.36916925966114
85	13	59.342612200733925
85	14	48.58564017847034
85	15	74.99828099413926
85	16	53.18268343802608
85	17	75.25850617706516
85	18	58.54074175157199
85	19	48.03807481200663
85	20	76.8344526813272
85	21	46.646613454033044
85	22	51.717480608007754
85	23	37.75772280880688
85	24	52.78123981523306
86	1	54.50202838539336
86	2	69.75207971354062
86	3	87.59008639201733
86	4	35.98440264415962
86	5	65.84961810454294
86	6	69.1913585610778
86	7	76.55976107059527
86	8	83.56604598286373
86	9	63.948665311329584
86	10	77.85728824963769
86	11	63.98066943585617
86	12	49.196706986164706
86	13	61.313632116492805
86	14	79.86307919127088
86	15	64.04974910648657
86	16	43.619257331749985
86	17	34.03025058537315
86	18	60.41816454423257
86	19	63.43705829569958
86	20	65.857450311447
86	21	89.60352819968706
86	22	67.42977787032815
86	23	33.29069016197112
86	24	76.20461722208638
87	1	3.4249817365677098
87	2	3.0297993253857025
87	3	4.973518722887676
87	4	5.661165651427247
87	5	8.461882796898204
87	6	5.727299396471137
87	7	21.25893167824678
87	8	23.13945918048804
87	9	9.929561401019994
87	10	23.268771549961517
87	11	21.551937189638508
87	12	10.615047501849327
87	13	12.580370871287784
87	14	11.598426902270107
87	15	9.386431011693793
87	16	11.728228584220984
87	17	11.294865169517093
87	18	8.361508911564997
87	19	10.25246618557588
87	20	4.40041570421434
87	21	5.211106625694093
87	22	4.303882633896425
87	23	2.778986051733263
87	24	5.505892712872684
88	1	46.67097820973746
88	2	44.6808201269978
88	3	35.03129362071799
88	4	49.41084735783367
88	5	42.86503993545512
88	6	48.094408131132184
88	7	37.63020205822478
88	8	53.603341546701536
88	9	41.36778526864273
88	10	33.69734708490911
88	11	35.7584382702624
88	12	46.27895011283308
88	13	28.911074379143013
88	14	53.09960702856717
88	15	36.029852181206984
88	16	52.805934761606636
88	17	36.95572977585009
88	18	38.956579324682345
88	19	39.245920516986935
88	20	32.286575612542535
88	21	38.56902705535454
88	22	47.275915184730124
88	23	52.40522982733626
88	24	41.399787716614874
89	1	38.372899308983186
89	2	63.69956295403716
89	3	39.621512312735376
89	4	41.7941339648486
89	5	45.406462031829655
89	6	33.17084054174217
89	7	58.51401038505049
89	8	39.404225121258015
89	9	64.13754050475976
89	10	49.174683371934925
89	11	50.42648168237116
89	12	47.63829003821782
89	13	42.877802428554276
89	14	65.89162189170015
89	15	50.959635115223435
89	16	57.31371067003447
89	17	42.68671734536814
89	18	72.20591241386795
89	19	70.91931353580188
89	20	68.68100739358037
89	21	61.25898171811299
89	22	71.77139449306624
89	23	47.251127483482264
89	24	43.52565330988795
90	1	41.48738259313009
90	2	47.63401735454351
90	3	45.05693477921323
90	4	54.607046893816815
90	5	57.91684256070876
90	6	43.89418212092045
90	7	45.06699437824843
90	8	68.63622439079172
90	9	51.26863369152258
90	10	47.39929450226709
90	11	66.60464604944579
90	12	72.0859147353682
90	13	100.78901688034307
90	14	112.80784441632832
90	15	51.42556547627416
90	16	81.10387235145151
90	17	70.46323792702695
90	18	118.80368900456477
90	19	77.73541770368554
90	20	104.508979586685
90	21	64.8341750639585
90	22	63.28965457608249
90	23	55.082917379700575
90	24	62.54188303486458
91	1	42.05975878536339
91	2	24.14081200914636
91	3	18.079576108344366
91	4	23.46306817086219
91	5	26.9845445650179
91	6	39.20094074001869
91	7	34.18360925329841
91	8	68.19593449417977
91	9	55.246212492100604
91	10	52.187155600697814
91	11	38.86915837539624
91	12	25.87695521341343
91	13	49.561014082378904
91	14	51.667990730527066
91	15	54.65077223157809
91	16	32.301099699639956
91	17	47.806152603250304
91	18	49.99503021159462
91	19	54.52469059030385
91	20	52.67040406489514
91	21	24.81361689511586
91	22	32.99795980206009
91	23	53.416267766411984
91	24	40.85625874417955
92	1	48.12390106369648
92	2	57.5852389955111
92	3	41.24296624672574
92	4	20.00960887352217
92	5	44.545980341903196
92	6	45.581544366168245
92	7	70.22921459175397
92	8	38.58303604649953
92	9	58.1976500825412
92	10	41.05459115900128
92	11	85.82863581842292
92	12	63.30215017669173
92	13	42.01417812595819
92	14	70.83705242236195
92	15	68.98705454846495
92	16	73.61170194994507
92	17	89.4839241492723
92	18	63.12260712562624
92	19	61.53074656233324
92	20	84.01136901426825
92	21	89.06876126976361
92	22	74.76968568858422
92	23	44.724605530834715
92	24	53.73812993528467
93	1	76.52693014504781
93	2	42.17785603945773
93	3	49.47039520190347
93	4	33.902874271912154
93	5	55.95421733855887
93	6	32.853212622935175
93	7	62.30652406753928
93	8	28.379707155239355
93	9	64.30657209952206
93	10	83.83621232970937
93	11	50.17127355207191
93	12	68.65853292216144
93	13	65.36830659641112
93	14	72.69250632118526
93	15	66.292003928475
93	16	79.55830039225388
93	17	49.53098517114454
93	18	62.517057924503085
93	19	103.91939158275996
93	20	77.16235087810709
93	21	76.12062700677893
93	22	42.53314700969337
93	23	52.541795504303245
93	24	29.49387095106078
94	1	45.661837685199856
94	2	66.41319683638214
94	3	50.41018950071237
94	4	34.919349526599156
94	5	14.088319069112739
94	6	20.54980497539082
94	7	32.591133260611514
94	8	36.80081879131455
94	9	54.53169473086239
94	10	84.70214055287732
94	11	44.18739204829695
94	12	68.51097716755419
94	13	53.85429938710738
94	14	74.74712741819754
94	15	74.39162790479678
94	16	84.84051495065678
94	17	83.29341896457227
94	18	63.731071454062274
94	19	81.95287935954515
94	20	47.71678640821182
94	21	64.54922720873871
94	22	52.956633445137115
94	23	59.546901998274436
94	24	54.76920655261927
95	1	8.645892951174416
95	2	6.759178318191026
95	3	7.94925499950172
95	4	33.11872033305068
95	5	24.540327256768514
95	6	26.49623708235624
95	7	43.95574367630495
95	8	102.59998690349325
95	9	51.168727995530986
95	10	84.010346490925
95	11	35.22001710193426
95	12	37.84095690111065
95	13	36.90873035464875
95	14	7.062606465250289
95	15	34.481756500741255
95	16	39.14684263563636
95	17	46.421754897064964
95	18	91.62378475592104
95	19	67.47901638835717
95	20	111.79503994273584
95	21	47.15140315608433
95	22	41.86941885924542
95	23	32.55039805516623
95	24	20.688863119484992
96	1	78.96718314983693
96	2	83.81395382398146
96	3	46.16844518402662
96	4	113.01091377036163
96	5	99.1283890726454
96	6	63.39456161814619
96	7	87.51257112757577
96	8	68.45211947472527
96	9	79.70238539721241
96	10	47.58029998068228
96	11	108.64825203252138
96	12	114.25079345521314
96	13	92.49783963267843
96	14	96.93554011671613
96	15	41.926326094574165
96	16	86.73137515595884
96	17	40.01262889569527
96	18	122.37472691009336
96	19	108.65057740317424
96	20	112.18927572355773
96	21	41.45817452480898
96	22	130.9385117811858
96	23	73.62382132573522
96	24	69.03297773396227
97	1	50.50358963132786
97	2	69.74940683415765
97	3	37.33632902154722
97	4	32.28390329291503
97	5	45.18028618877707
97	6	54.76805736545984
97	7	38.779774882045224
97	8	47.797460787281125
97	9	39.61540332399219
97	10	56.616850170162216
97	11	69.57647540304669
97	12	60.414574505880644
97	13	50.57685976287806
97	14	59.456644294930896
97	15	53.04139217096156
97	16	59.763197833459536
97	17	58.246514915190225
97	18	60.32930767872873
97	19	105.39657228604267
97	20	70.81777460527258
97	21	61.34892371264942
97	22	54.49739231049885
97	23	48.10650156037896
97	24	63.62101874502515
98	1	2.311206327663646
98	2	1.4405547302106023
98	3	1.1419811552294032
98	4	1.41786003941658
98	5	1.3601811256942609
98	6	0.6414468417247103
98	7	1.1638313469987813
98	8	4.48580796414712
98	9	3.842610103019702
98	10	6.190036837808522
98	11	6.608886982365803
98	12	3.6354724420824795
98	13	4.97148543771532
98	14	3.0534038948665967
98	15	5.4278110263442185
98	16	4.243210080320556
98	17	5.505167473164301
98	18	5.545465529028272
98	19	9.753191851074988
98	20	9.120172735950813
98	21	4.703577965551797
98	22	3.151395033221639
98	23	20.008994877255347
98	24	14.455608392951868
99	1	25.687777308877372
99	2	21.648533650021992
99	3	16.745040767936697
99	4	15.212893026430184
99	5	21.777600517599442
99	6	32.039506747231094
99	7	28.929075472774276
99	8	43.788356601101746
99	9	47.986188615810406
99	10	27.4807062864351
99	11	51.53918812135115
99	12	51.797654414267356
99	13	25.19763574722131
99	14	38.72053874643265
99	15	53.0134033124809
99	16	67.31589695567597
99	17	59.45302542746368
99	18	113.03819704674675
99	19	81.17677358831816
99	20	46.049014836926865
99	21	45.68102759676669
99	22	43.67377313574793
99	23	46.11824666956143
99	24	32.83271654016393
100	1	53.415833404943555
100	2	32.53583182601362
100	3	38.12631741089123
100	4	33.15030399673716
100	5	16.346145380275534
100	6	47.0948997698575
100	7	38.088835353962565
100	8	85.29066515510576
100	9	31.92201144407133
100	10	78.03860837213794
100	11	75.77031017575104
100	12	68.04684566825294
100	13	44.731101786322945
100	14	23.27869312564333
100	15	34.66608897459821
100	16	65.48599749213707
100	17	43.97765827838341
100	18	31.29995189229724
100	19	42.665065446716284
100	20	37.80602662680255
100	21	29.590725822609603
100	22	37.60156676922896
100	23	43.75379749624204
100	24	39.030085957944685
101	1	29.116610431165395
101	2	34.4235884181483
101	3	31.976580112164992
101	4	39.307249319131486
101	5	37.75799472299613
101	6	39.628286604062076
101	7	20.381517022401283
101	8	53.200439078012664
101	9	41.768828844097435
101	10	56.59158143591573
101	11	61.384096509510044
101	12	39.90278568176855
101	13	31.793358564854667
101	14	31.869157712346507
101	15	38.040667276409366
101	16	28.325554756448167
101	17	37.626370844237215
101	18	36.21205745347741
101	19	29.34069780286292
101	20	58.171286312254246
101	21	41.94635467686224
101	22	33.69656522946449
101	23	35.14667502052593
101	24	32.31698556204936
102	1	27.634890457495427
102	2	26.16955172409028
102	3	18.989447046041857
102	4	40.74530381296824
102	5	39.174540843705195
102	6	27.70777370361105
102	7	29.494819251009172
102	8	38.64844505528688
102	9	41.083376821297115
102	10	25.355309456313087
102	11	26.89725994310299
102	12	27.195960689284796
102	13	32.92467914793021
102	14	31.382245591034877
102	15	40.78159827136088
102	16	41.70952424882792
102	17	32.59236063956524
102	18	44.0814007663444
102	19	32.83517491844508
102	20	49.42674162155909
102	21	46.50694128775573
102	22	39.13942503952659
102	23	31.351516712509
102	24	30.141829384851917
103	1	58.99996786841831
103	2	82.4278495938894
103	3	67.40202516506714
103	4	67.58763748925706
103	5	60.88404819890757
103	6	67.297167573397
103	7	93.28943611223109
103	8	108.63697772460874
103	9	130.12005621578328
103	10	89.66769069255521
103	11	86.96499853114477
103	12	63.30290067409833
103	13	58.12813295798246
103	14	64.61036677561128
103	15	48.41641232671989
103	16	76.09109307718685
103	17	35.84536975478438
103	18	97.35249264506692
103	19	161.51287811946045
103	20	103.47399737386303
103	21	57.699890490871454
103	22	44.5258925766862
103	23	73.44426104468751
103	24	52.64172844787175
104	1	65.65755379150046
104	2	25.484271479041315
104	3	56.398170845446
104	4	50.87430814827322
104	5	59.975000675470184
104	6	71.7138043507157
104	7	54.9906834528441
104	8	79.99478716175288
104	9	75.74070968159907
104	10	25.523297677663457
104	11	97.6298023206485
104	12	57.70659350177092
104	13	60.13164643949462
104	14	36.093301788159806
104	15	78.1879311272574
104	16	103.17596176073367
104	17	60.50362508252327
104	18	84.49411825815224
104	19	97.02482817782199
104	20	112.09301893113292
104	21	69.90022762459645
104	22	58.0362803593494
104	23	65.5640832228089
104	24	59.24005353169569
105	1	70.67788059201281
105	2	63.00683373685727
105	3	39.98325156001824
105	4	44.31944643853072
105	5	70.57608950815595
105	6	82.5684234316996
105	7	55.97053269339224
105	8	61.40100636346529
105	9	42.47511897696
105	10	81.94159216209756
105	11	64.69606898958521
105	12	62.374759729761344
105	13	88.29235058816258
105	14	62.104631557601614
105	15	66.88632268673872
105	16	118.30198620419587
105	17	82.67062596178778
105	18	72.13250440094694
105	19	84.79959211535012
105	20	77.74477660252458
105	21	83.07781052953116
105	22	41.58059205244024
105	23	67.8080864838999
105	24	57.54304196319811
106	1	1.4852652576262335
106	2	0.9884137940365799
106	3	0.6476042529098721
106	4	0.7256183829623335
106	5	0.5838560153755518
106	6	1.0134603254051364
106	7	2.421408021847094
106	8	2.3651064396717483
106	9	3.2477259072658757
106	10	2.6727645223565264
106	11	1.8487667682808877
106	12	2.63203351962394
106	13	1.9852846412657035
106	14	1.870892709480193
106	15	1.8878404578462666
106	16	2.5599174161004394
106	17	4.171956208616682
106	18	9.8714433990812
106	19	14.837870079735083
106	20	11.046572020641776
106	21	6.185342573734075
106	22	1.612738193421534
106	23	1.5420584925953469
106	24	1.878171530992906
107	1	78.96718314983693
107	2	83.81395382398146
107	3	46.16844518402662
107	4	113.01091377036163
107	5	99.1283890726454
107	6	63.39456161814619
107	7	87.51257112757577
107	8	68.45211947472527
107	9	79.70238539721241
107	10	47.58029998068228
107	11	108.64825203252138
107	12	114.25079345521314
107	13	92.49783963267843
107	14	96.93554011671613
107	15	41.926326094574165
107	16	86.73137515595884
107	17	40.01262889569527
107	18	122.37472691009336
107	19	108.65057740317424
107	20	112.18927572355773
107	21	41.45817452480898
107	22	130.9385117811858
107	23	73.62382132573522
107	24	69.03297773396227
108	1	56.32308608557849
108	2	45.61195702199835
108	3	42.083178687719936
108	4	41.36402199696515
108	5	52.85170842837203
108	6	70.46043930496742
108	7	70.10393935257939
108	8	45.37802142130422
108	9	55.195212700430965
108	10	57.27345017202416
108	11	53.34866190477123
108	12	68.89819159336344
108	13	30.879885577534562
108	14	28.025588317332378
108	15	52.87531650085028
108	16	44.320225818531654
108	17	63.36235362304793
108	18	59.081541026245546
108	19	58.605856356179785
108	20	88.71716833408829
108	21	76.02906899301958
108	22	60.65993036714378
108	23	77.21936783135885
108	24	60.53302515979662
109	1	40.34406073111799
109	2	34.17215689110503
109	3	32.99878697935252
109	4	49.25555354567845
109	5	62.95777593826917
109	6	42.7790779024285
109	7	57.184315840113584
109	8	74.06673032686365
109	9	175.85683863078964
109	10	109.32268473690486
109	11	90.25373559583983
109	12	47.20152086026721
109	13	90.76357968225138
109	14	62.47975618929812
109	15	82.43926952825294
109	16	63.11681656154671
109	17	55.42983488062171
109	18	77.7496137548142
109	19	187.14670603047122
109	20	137.20869757040535
109	21	108.39389594754567
109	22	130.55874045692104
109	23	125.80033293723059
109	24	100.70763593078223
110	1	36.33862901300935
110	2	49.85368689740465
110	3	34.660026086413524
110	4	28.31499894318398
110	5	22.19197557649419
110	6	17.553278570981742
110	7	17.729181422530207
110	8	35.74547865765861
110	9	31.669525789335196
110	10	36.041896960710766
110	11	54.19019773156561
110	12	42.706147597090165
110	13	55.31550316009686
110	14	96.85289126740967
110	15	63.01573912774365
110	16	28.64466651507627
110	17	81.77398236324926
110	18	78.73097953120092
110	19	60.133399965882916
110	20	92.83432617354079
110	21	60.338147010709775
110	22	42.39540198052852
110	23	70.07959980203519
110	24	14.327374252737412
111	1	70.1148466908821
111	2	74.51898852601295
111	3	87.04237161911604
111	4	72.27786362379896
111	5	75.51028083238627
111	6	63.19813489406206
111	7	101.13844407686112
111	8	135.55246876332302
111	9	124.19558602170261
111	10	51.46384991697487
111	11	71.36843290101035
111	12	64.36244451213129
111	13	55.63273382779808
111	14	67.14661840148756
111	15	65.12715337419185
111	16	95.20230391379111
111	17	69.5910746710081
111	18	68.99205672716853
111	19	161.68081922243977
111	20	90.31557640560607
111	21	105.06536730470559
111	22	68.12121826772807
111	23	54.30718840115708
111	24	102.06432978456631
112	1	54.50202838539336
112	2	69.75207971354062
112	3	87.59008639201733
112	4	35.98440264415962
112	5	65.84961810454294
112	6	69.1913585610778
112	7	76.55976107059527
112	8	83.56604598286373
112	9	63.948665311329584
112	10	77.85728824963769
112	11	63.98066943585617
112	12	49.196706986164706
112	13	61.313632116492805
112	14	79.86307919127088
112	15	64.04974910648657
112	16	43.619257331749985
112	17	34.03025058537315
112	18	60.41816454423257
112	19	63.43705829569958
112	20	65.857450311447
112	21	89.60352819968706
112	22	67.42977787032815
112	23	33.29069016197112
112	24	76.20461722208638
