Node	Time	ID_Capacity_Buy_Volume
1	1	0.0
1	2	0.0
1	3	0.0
1	4	0.0
1	5	0.0
1	6	0.0
1	7	0.0
1	8	0.0
1	9	0.0
1	10	0.1
1	11	16.9
1	12	4.4
1	13	1.7
1	14	5.0
1	15	2.1
1	16	10.5
1	17	12.3
1	18	4.6
1	19	17.8
1	20	11.5
1	21	5.5
1	22	16.9
1	23	14.6
1	24	11.0
2	1	0.4
2	2	15.0
2	3	23.2
2	4	12.1
2	5	54.2
2	6	61.1
2	7	75.5
2	8	20.7
2	9	0.3
2	10	10.8
2	11	28.0
2	12	67.2
2	13	33.4
2	14	0.0
2	15	11.2
2	16	0.0
2	17	166.6
2	18	75.8
2	19	4.5
2	20	0.0
2	21	0.0
2	22	0.0
2	23	6.9
2	24	13.3
3	1	6.4
3	2	2.2
3	3	0.0
3	4	0.0
3	5	0.0
3	6	0.0
3	7	1.9
3	8	56.7
3	9	41.1
3	10	42.8
3	11	247.2
3	12	36.3
3	13	88.8
3	14	23.7
3	15	113.5
3	16	455.4
3	17	144.6
3	18	130.0
3	19	65.1
3	20	95.4
3	21	59.1
3	22	67.1
3	23	88.8
3	24	107.0
4	1	0.4
4	2	15.0
4	3	23.2
4	4	12.1
4	5	54.2
4	6	61.1
4	7	75.5
4	8	20.7
4	9	0.3
4	10	10.8
4	11	28.0
4	12	67.2
4	13	33.4
4	14	0.0
4	15	11.2
4	16	0.0
4	17	166.6
4	18	75.8
4	19	4.5
4	20	0.0
4	21	0.0
4	22	0.0
4	23	6.9
4	24	13.3
5	1	0.0
5	2	0.0
5	3	0.0
5	4	0.0
5	5	0.0
5	6	0.0
5	7	0.0
5	8	0.0
5	9	0.0
5	10	0.1
5	11	16.9
5	12	4.4
5	13	1.7
5	14	5.0
5	15	2.1
5	16	10.5
5	17	12.3
5	18	4.6
5	19	17.8
5	20	11.5
5	21	5.5
5	22	16.9
5	23	14.6
5	24	11.0
6	1	10.2
6	2	42.5
6	3	50.0
6	4	44.6
6	5	32.9
6	6	5.0
6	7	8.8
6	8	31.8
6	9	20.9
6	10	2.0
6	11	0.0
6	12	9.1
6	13	14.6
6	14	31.2
6	15	25.3
6	16	16.0
6	17	45.7
6	18	12.4
6	19	46.0
6	20	9.5
6	21	0.5
6	22	4.2
6	23	27.9
6	24	56.5
7	1	21.7
7	2	13.6
7	3	18.7
7	4	32.9
7	5	9.1
7	6	19.8
7	7	7.0
7	8	0.0
7	9	37.3
7	10	47.4
7	11	37.0
7	12	7.3
7	13	2.4
7	14	9.9
7	15	5.5
7	16	41.2
7	17	76.6
7	18	4.1
7	19	10.2
7	20	10.1
7	21	9.9
7	22	7.8
7	23	20.4
7	24	21.4
8	1	8.9
8	2	1.7
8	3	2.5
8	4	1.5
8	5	0.9
8	6	36.1
8	7	3.1
8	8	7.7
8	9	13.2
8	10	30.8
8	11	5.1
8	12	12.9
8	13	119.5
8	14	18.0
8	15	87.8
8	16	23.1
8	17	23.8
8	18	34.2
8	19	5.4
8	20	10.1
8	21	10.3
8	22	35.1
8	23	25.6
8	24	13.8
9	1	10.2
9	2	42.5
9	3	50.0
9	4	44.6
9	5	32.9
9	6	5.0
9	7	8.8
9	8	31.8
9	9	20.9
9	10	2.0
9	11	0.0
9	12	9.1
9	13	14.6
9	14	31.2
9	15	25.3
9	16	16.0
9	17	45.7
9	18	12.4
9	19	46.0
9	20	9.5
9	21	0.5
9	22	4.2
9	23	27.9
9	24	56.5
10	1	6.4
10	2	2.2
10	3	0.0
10	4	0.0
10	5	0.0
10	6	0.0
10	7	1.9
10	8	56.7
10	9	41.1
10	10	42.8
10	11	247.2
10	12	36.3
10	13	88.8
10	14	23.7
10	15	113.5
10	16	455.4
10	17	144.6
10	18	130.0
10	19	65.1
10	20	95.4
10	21	59.1
10	22	67.1
10	23	88.8
10	24	107.0
11	1	10.2
11	2	42.5
11	3	50.0
11	4	44.6
11	5	32.9
11	6	5.0
11	7	8.8
11	8	31.8
11	9	20.9
11	10	2.0
11	11	0.0
11	12	9.1
11	13	14.6
11	14	31.2
11	15	25.3
11	16	16.0
11	17	45.7
11	18	12.4
11	19	46.0
11	20	9.5
11	21	0.5
11	22	4.2
11	23	27.9
11	24	56.5
12	1	0.4
12	2	15.0
12	3	23.2
12	4	12.1
12	5	54.2
12	6	61.1
12	7	75.5
12	8	20.7
12	9	0.3
12	10	10.8
12	11	28.0
12	12	67.2
12	13	33.4
12	14	0.0
12	15	11.2
12	16	0.0
12	17	166.6
12	18	75.8
12	19	4.5
12	20	0.0
12	21	0.0
12	22	0.0
12	23	6.9
12	24	13.3
13	1	0.4
13	2	15.0
13	3	23.2
13	4	12.1
13	5	54.2
13	6	61.1
13	7	75.5
13	8	20.7
13	9	0.3
13	10	10.8
13	11	28.0
13	12	67.2
13	13	33.4
13	14	0.0
13	15	11.2
13	16	0.0
13	17	166.6
13	18	75.8
13	19	4.5
13	20	0.0
13	21	0.0
13	22	0.0
13	23	6.9
13	24	13.3
14	1	10.2
14	2	42.5
14	3	50.0
14	4	44.6
14	5	32.9
14	6	5.0
14	7	8.8
14	8	31.8
14	9	20.9
14	10	2.0
14	11	0.0
14	12	9.1
14	13	14.6
14	14	31.2
14	15	25.3
14	16	16.0
14	17	45.7
14	18	12.4
14	19	46.0
14	20	9.5
14	21	0.5
14	22	4.2
14	23	27.9
14	24	56.5
15	1	10.2
15	2	42.5
15	3	50.0
15	4	44.6
15	5	32.9
15	6	5.0
15	7	8.8
15	8	31.8
15	9	20.9
15	10	2.0
15	11	0.0
15	12	9.1
15	13	14.6
15	14	31.2
15	15	25.3
15	16	16.0
15	17	45.7
15	18	12.4
15	19	46.0
15	20	9.5
15	21	0.5
15	22	4.2
15	23	27.9
15	24	56.5
16	1	0.4
16	2	15.0
16	3	23.2
16	4	12.1
16	5	54.2
16	6	61.1
16	7	75.5
16	8	20.7
16	9	0.3
16	10	10.8
16	11	28.0
16	12	67.2
16	13	33.4
16	14	0.0
16	15	11.2
16	16	0.0
16	17	166.6
16	18	75.8
16	19	4.5
16	20	0.0
16	21	0.0
16	22	0.0
16	23	6.9
16	24	13.3
17	1	21.7
17	2	13.6
17	3	18.7
17	4	32.9
17	5	9.1
17	6	19.8
17	7	7.0
17	8	0.0
17	9	37.3
17	10	47.4
17	11	37.0
17	12	7.3
17	13	2.4
17	14	9.9
17	15	5.5
17	16	41.2
17	17	76.6
17	18	4.1
17	19	10.2
17	20	10.1
17	21	9.9
17	22	7.8
17	23	20.4
17	24	21.4
18	1	10.2
18	2	42.5
18	3	50.0
18	4	44.6
18	5	32.9
18	6	5.0
18	7	8.8
18	8	31.8
18	9	20.9
18	10	2.0
18	11	0.0
18	12	9.1
18	13	14.6
18	14	31.2
18	15	25.3
18	16	16.0
18	17	45.7
18	18	12.4
18	19	46.0
18	20	9.5
18	21	0.5
18	22	4.2
18	23	27.9
18	24	56.5
19	1	21.7
19	2	13.6
19	3	18.7
19	4	32.9
19	5	9.1
19	6	19.8
19	7	7.0
19	8	0.0
19	9	37.3
19	10	47.4
19	11	37.0
19	12	7.3
19	13	2.4
19	14	9.9
19	15	5.5
19	16	41.2
19	17	76.6
19	18	4.1
19	19	10.2
19	20	10.1
19	21	9.9
19	22	7.8
19	23	20.4
19	24	21.4
20	1	10.2
20	2	42.5
20	3	50.0
20	4	44.6
20	5	32.9
20	6	5.0
20	7	8.8
20	8	31.8
20	9	20.9
20	10	2.0
20	11	0.0
20	12	9.1
20	13	14.6
20	14	31.2
20	15	25.3
20	16	16.0
20	17	45.7
20	18	12.4
20	19	46.0
20	20	9.5
20	21	0.5
20	22	4.2
20	23	27.9
20	24	56.5
21	1	0.4
21	2	15.0
21	3	23.2
21	4	12.1
21	5	54.2
21	6	61.1
21	7	75.5
21	8	20.7
21	9	0.3
21	10	10.8
21	11	28.0
21	12	67.2
21	13	33.4
21	14	0.0
21	15	11.2
21	16	0.0
21	17	166.6
21	18	75.8
21	19	4.5
21	20	0.0
21	21	0.0
21	22	0.0
21	23	6.9
21	24	13.3
22	1	6.4
22	2	2.2
22	3	0.0
22	4	0.0
22	5	0.0
22	6	0.0
22	7	1.9
22	8	56.7
22	9	41.1
22	10	42.8
22	11	247.2
22	12	36.3
22	13	88.8
22	14	23.7
22	15	113.5
22	16	455.4
22	17	144.6
22	18	130.0
22	19	65.1
22	20	95.4
22	21	59.1
22	22	67.1
22	23	88.8
22	24	107.0
23	1	0.0
23	2	5.0
23	3	2.0
23	4	0.0
23	5	2.1
23	6	7.3
23	7	17.3
23	8	7.4
23	9	6.4
23	10	25.8
23	11	12.3
23	12	33.8
23	13	12.8
23	14	92.7
23	15	211.7
23	16	113.2
23	17	78.7
23	18	74.8
23	19	65.6
23	20	73.9
23	21	47.9
23	22	84.6
23	23	32.7
23	24	30.3
24	1	10.2
24	2	42.5
24	3	50.0
24	4	44.6
24	5	32.9
24	6	5.0
24	7	8.8
24	8	31.8
24	9	20.9
24	10	2.0
24	11	0.0
24	12	9.1
24	13	14.6
24	14	31.2
24	15	25.3
24	16	16.0
24	17	45.7
24	18	12.4
24	19	46.0
24	20	9.5
24	21	0.5
24	22	4.2
24	23	27.9
24	24	56.5
25	1	0.0
25	2	0.0
25	3	0.0
25	4	0.0
25	5	0.0
25	6	0.0
25	7	0.0
25	8	0.0
25	9	0.0
25	10	0.1
25	11	16.9
25	12	4.4
25	13	1.7
25	14	5.0
25	15	2.1
25	16	10.5
25	17	12.3
25	18	4.6
25	19	17.8
25	20	11.5
25	21	5.5
25	22	16.9
25	23	14.6
25	24	11.0
26	1	0.4
26	2	15.0
26	3	23.2
26	4	12.1
26	5	54.2
26	6	61.1
26	7	75.5
26	8	20.7
26	9	0.3
26	10	10.8
26	11	28.0
26	12	67.2
26	13	33.4
26	14	0.0
26	15	11.2
26	16	0.0
26	17	166.6
26	18	75.8
26	19	4.5
26	20	0.0
26	21	0.0
26	22	0.0
26	23	6.9
26	24	13.3
27	1	21.7
27	2	13.6
27	3	18.7
27	4	32.9
27	5	9.1
27	6	19.8
27	7	7.0
27	8	0.0
27	9	37.3
27	10	47.4
27	11	37.0
27	12	7.3
27	13	2.4
27	14	9.9
27	15	5.5
27	16	41.2
27	17	76.6
27	18	4.1
27	19	10.2
27	20	10.1
27	21	9.9
27	22	7.8
27	23	20.4
27	24	21.4
28	1	6.4
28	2	2.2
28	3	0.0
28	4	0.0
28	5	0.0
28	6	0.0
28	7	1.9
28	8	56.7
28	9	41.1
28	10	42.8
28	11	247.2
28	12	36.3
28	13	88.8
28	14	23.7
28	15	113.5
28	16	455.4
28	17	144.6
28	18	130.0
28	19	65.1
28	20	95.4
28	21	59.1
28	22	67.1
28	23	88.8
28	24	107.0
29	1	0.4
29	2	15.0
29	3	23.2
29	4	12.1
29	5	54.2
29	6	61.1
29	7	75.5
29	8	20.7
29	9	0.3
29	10	10.8
29	11	28.0
29	12	67.2
29	13	33.4
29	14	0.0
29	15	11.2
29	16	0.0
29	17	166.6
29	18	75.8
29	19	4.5
29	20	0.0
29	21	0.0
29	22	0.0
29	23	6.9
29	24	13.3
30	1	10.2
30	2	42.5
30	3	50.0
30	4	44.6
30	5	32.9
30	6	5.0
30	7	8.8
30	8	31.8
30	9	20.9
30	10	2.0
30	11	0.0
30	12	9.1
30	13	14.6
30	14	31.2
30	15	25.3
30	16	16.0
30	17	45.7
30	18	12.4
30	19	46.0
30	20	9.5
30	21	0.5
30	22	4.2
30	23	27.9
30	24	56.5
31	1	8.9
31	2	1.7
31	3	2.5
31	4	1.5
31	5	0.9
31	6	36.1
31	7	3.1
31	8	7.7
31	9	13.2
31	10	30.8
31	11	5.1
31	12	12.9
31	13	119.5
31	14	18.0
31	15	87.8
31	16	23.1
31	17	23.8
31	18	34.2
31	19	5.4
31	20	10.1
31	21	10.3
31	22	35.1
31	23	25.6
31	24	13.8
32	1	21.7
32	2	13.6
32	3	18.7
32	4	32.9
32	5	9.1
32	6	19.8
32	7	7.0
32	8	0.0
32	9	37.3
32	10	47.4
32	11	37.0
32	12	7.3
32	13	2.4
32	14	9.9
32	15	5.5
32	16	41.2
32	17	76.6
32	18	4.1
32	19	10.2
32	20	10.1
32	21	9.9
32	22	7.8
32	23	20.4
32	24	21.4
33	1	10.2
33	2	42.5
33	3	50.0
33	4	44.6
33	5	32.9
33	6	5.0
33	7	8.8
33	8	31.8
33	9	20.9
33	10	2.0
33	11	0.0
33	12	9.1
33	13	14.6
33	14	31.2
33	15	25.3
33	16	16.0
33	17	45.7
33	18	12.4
33	19	46.0
33	20	9.5
33	21	0.5
33	22	4.2
33	23	27.9
33	24	56.5
34	1	0.0
34	2	5.0
34	3	2.0
34	4	0.0
34	5	2.1
34	6	7.3
34	7	17.3
34	8	7.4
34	9	6.4
34	10	25.8
34	11	12.3
34	12	33.8
34	13	12.8
34	14	92.7
34	15	211.7
34	16	113.2
34	17	78.7
34	18	74.8
34	19	65.6
34	20	73.9
34	21	47.9
34	22	84.6
34	23	32.7
34	24	30.3
35	1	21.7
35	2	13.6
35	3	18.7
35	4	32.9
35	5	9.1
35	6	19.8
35	7	7.0
35	8	0.0
35	9	37.3
35	10	47.4
35	11	37.0
35	12	7.3
35	13	2.4
35	14	9.9
35	15	5.5
35	16	41.2
35	17	76.6
35	18	4.1
35	19	10.2
35	20	10.1
35	21	9.9
35	22	7.8
35	23	20.4
35	24	21.4
36	1	0.4
36	2	15.0
36	3	23.2
36	4	12.1
36	5	54.2
36	6	61.1
36	7	75.5
36	8	20.7
36	9	0.3
36	10	10.8
36	11	28.0
36	12	67.2
36	13	33.4
36	14	0.0
36	15	11.2
36	16	0.0
36	17	166.6
36	18	75.8
36	19	4.5
36	20	0.0
36	21	0.0
36	22	0.0
36	23	6.9
36	24	13.3
37	1	8.9
37	2	1.7
37	3	2.5
37	4	1.5
37	5	0.9
37	6	36.1
37	7	3.1
37	8	7.7
37	9	13.2
37	10	30.8
37	11	5.1
37	12	12.9
37	13	119.5
37	14	18.0
37	15	87.8
37	16	23.1
37	17	23.8
37	18	34.2
37	19	5.4
37	20	10.1
37	21	10.3
37	22	35.1
37	23	25.6
37	24	13.8
38	1	10.2
38	2	42.5
38	3	50.0
38	4	44.6
38	5	32.9
38	6	5.0
38	7	8.8
38	8	31.8
38	9	20.9
38	10	2.0
38	11	0.0
38	12	9.1
38	13	14.6
38	14	31.2
38	15	25.3
38	16	16.0
38	17	45.7
38	18	12.4
38	19	46.0
38	20	9.5
38	21	0.5
38	22	4.2
38	23	27.9
38	24	56.5
39	1	8.9
39	2	1.7
39	3	2.5
39	4	1.5
39	5	0.9
39	6	36.1
39	7	3.1
39	8	7.7
39	9	13.2
39	10	30.8
39	11	5.1
39	12	12.9
39	13	119.5
39	14	18.0
39	15	87.8
39	16	23.1
39	17	23.8
39	18	34.2
39	19	5.4
39	20	10.1
39	21	10.3
39	22	35.1
39	23	25.6
39	24	13.8
40	1	10.2
40	2	42.5
40	3	50.0
40	4	44.6
40	5	32.9
40	6	5.0
40	7	8.8
40	8	31.8
40	9	20.9
40	10	2.0
40	11	0.0
40	12	9.1
40	13	14.6
40	14	31.2
40	15	25.3
40	16	16.0
40	17	45.7
40	18	12.4
40	19	46.0
40	20	9.5
40	21	0.5
40	22	4.2
40	23	27.9
40	24	56.5
41	1	0.0
41	2	5.0
41	3	2.0
41	4	0.0
41	5	2.1
41	6	7.3
41	7	17.3
41	8	7.4
41	9	6.4
41	10	25.8
41	11	12.3
41	12	33.8
41	13	12.8
41	14	92.7
41	15	211.7
41	16	113.2
41	17	78.7
41	18	74.8
41	19	65.6
41	20	73.9
41	21	47.9
41	22	84.6
41	23	32.7
41	24	30.3
42	1	0.0
42	2	0.0
42	3	0.0
42	4	0.0
42	5	0.0
42	6	0.0
42	7	0.0
42	8	0.0
42	9	0.0
42	10	0.1
42	11	16.9
42	12	4.4
42	13	1.7
42	14	5.0
42	15	2.1
42	16	10.5
42	17	12.3
42	18	4.6
42	19	17.8
42	20	11.5
42	21	5.5
42	22	16.9
42	23	14.6
42	24	11.0
43	1	0.0
43	2	0.0
43	3	0.0
43	4	0.0
43	5	0.0
43	6	0.0
43	7	0.0
43	8	0.0
43	9	0.0
43	10	0.1
43	11	16.9
43	12	4.4
43	13	1.7
43	14	5.0
43	15	2.1
43	16	10.5
43	17	12.3
43	18	4.6
43	19	17.8
43	20	11.5
43	21	5.5
43	22	16.9
43	23	14.6
43	24	11.0
44	1	0.0
44	2	0.0
44	3	0.0
44	4	0.0
44	5	0.0
44	6	0.0
44	7	0.0
44	8	0.0
44	9	0.0
44	10	0.1
44	11	16.9
44	12	4.4
44	13	1.7
44	14	5.0
44	15	2.1
44	16	10.5
44	17	12.3
44	18	4.6
44	19	17.8
44	20	11.5
44	21	5.5
44	22	16.9
44	23	14.6
44	24	11.0
45	1	0.0
45	2	5.0
45	3	2.0
45	4	0.0
45	5	2.1
45	6	7.3
45	7	17.3
45	8	7.4
45	9	6.4
45	10	25.8
45	11	12.3
45	12	33.8
45	13	12.8
45	14	92.7
45	15	211.7
45	16	113.2
45	17	78.7
45	18	74.8
45	19	65.6
45	20	73.9
45	21	47.9
45	22	84.6
45	23	32.7
45	24	30.3
46	1	0.4
46	2	15.0
46	3	23.2
46	4	12.1
46	5	54.2
46	6	61.1
46	7	75.5
46	8	20.7
46	9	0.3
46	10	10.8
46	11	28.0
46	12	67.2
46	13	33.4
46	14	0.0
46	15	11.2
46	16	0.0
46	17	166.6
46	18	75.8
46	19	4.5
46	20	0.0
46	21	0.0
46	22	0.0
46	23	6.9
46	24	13.3
47	1	0.4
47	2	15.0
47	3	23.2
47	4	12.1
47	5	54.2
47	6	61.1
47	7	75.5
47	8	20.7
47	9	0.3
47	10	10.8
47	11	28.0
47	12	67.2
47	13	33.4
47	14	0.0
47	15	11.2
47	16	0.0
47	17	166.6
47	18	75.8
47	19	4.5
47	20	0.0
47	21	0.0
47	22	0.0
47	23	6.9
47	24	13.3
48	1	6.4
48	2	2.2
48	3	0.0
48	4	0.0
48	5	0.0
48	6	0.0
48	7	1.9
48	8	56.7
48	9	41.1
48	10	42.8
48	11	247.2
48	12	36.3
48	13	88.8
48	14	23.7
48	15	113.5
48	16	455.4
48	17	144.6
48	18	130.0
48	19	65.1
48	20	95.4
48	21	59.1
48	22	67.1
48	23	88.8
48	24	107.0
49	1	10.2
49	2	42.5
49	3	50.0
49	4	44.6
49	5	32.9
49	6	5.0
49	7	8.8
49	8	31.8
49	9	20.9
49	10	2.0
49	11	0.0
49	12	9.1
49	13	14.6
49	14	31.2
49	15	25.3
49	16	16.0
49	17	45.7
49	18	12.4
49	19	46.0
49	20	9.5
49	21	0.5
49	22	4.2
49	23	27.9
49	24	56.5
50	1	6.4
50	2	2.2
50	3	0.0
50	4	0.0
50	5	0.0
50	6	0.0
50	7	1.9
50	8	56.7
50	9	41.1
50	10	42.8
50	11	247.2
50	12	36.3
50	13	88.8
50	14	23.7
50	15	113.5
50	16	455.4
50	17	144.6
50	18	130.0
50	19	65.1
50	20	95.4
50	21	59.1
50	22	67.1
50	23	88.8
50	24	107.0
51	1	0.0
51	2	0.0
51	3	0.0
51	4	0.0
51	5	0.0
51	6	0.0
51	7	0.0
51	8	0.0
51	9	0.0
51	10	0.1
51	11	16.9
51	12	4.4
51	13	1.7
51	14	5.0
51	15	2.1
51	16	10.5
51	17	12.3
51	18	4.6
51	19	17.8
51	20	11.5
51	21	5.5
51	22	16.9
51	23	14.6
51	24	11.0
52	1	8.9
52	2	1.7
52	3	2.5
52	4	1.5
52	5	0.9
52	6	36.1
52	7	3.1
52	8	7.7
52	9	13.2
52	10	30.8
52	11	5.1
52	12	12.9
52	13	119.5
52	14	18.0
52	15	87.8
52	16	23.1
52	17	23.8
52	18	34.2
52	19	5.4
52	20	10.1
52	21	10.3
52	22	35.1
52	23	25.6
52	24	13.8
53	1	0.4
53	2	15.0
53	3	23.2
53	4	12.1
53	5	54.2
53	6	61.1
53	7	75.5
53	8	20.7
53	9	0.3
53	10	10.8
53	11	28.0
53	12	67.2
53	13	33.4
53	14	0.0
53	15	11.2
53	16	0.0
53	17	166.6
53	18	75.8
53	19	4.5
53	20	0.0
53	21	0.0
53	22	0.0
53	23	6.9
53	24	13.3
54	1	0.4
54	2	15.0
54	3	23.2
54	4	12.1
54	5	54.2
54	6	61.1
54	7	75.5
54	8	20.7
54	9	0.3
54	10	10.8
54	11	28.0
54	12	67.2
54	13	33.4
54	14	0.0
54	15	11.2
54	16	0.0
54	17	166.6
54	18	75.8
54	19	4.5
54	20	0.0
54	21	0.0
54	22	0.0
54	23	6.9
54	24	13.3
55	1	0.0
55	2	5.0
55	3	2.0
55	4	0.0
55	5	2.1
55	6	7.3
55	7	17.3
55	8	7.4
55	9	6.4
55	10	25.8
55	11	12.3
55	12	33.8
55	13	12.8
55	14	92.7
55	15	211.7
55	16	113.2
55	17	78.7
55	18	74.8
55	19	65.6
55	20	73.9
55	21	47.9
55	22	84.6
55	23	32.7
55	24	30.3
56	1	6.4
56	2	2.2
56	3	0.0
56	4	0.0
56	5	0.0
56	6	0.0
56	7	1.9
56	8	56.7
56	9	41.1
56	10	42.8
56	11	247.2
56	12	36.3
56	13	88.8
56	14	23.7
56	15	113.5
56	16	455.4
56	17	144.6
56	18	130.0
56	19	65.1
56	20	95.4
56	21	59.1
56	22	67.1
56	23	88.8
56	24	107.0
57	1	8.9
57	2	1.7
57	3	2.5
57	4	1.5
57	5	0.9
57	6	36.1
57	7	3.1
57	8	7.7
57	9	13.2
57	10	30.8
57	11	5.1
57	12	12.9
57	13	119.5
57	14	18.0
57	15	87.8
57	16	23.1
57	17	23.8
57	18	34.2
57	19	5.4
57	20	10.1
57	21	10.3
57	22	35.1
57	23	25.6
57	24	13.8
58	1	10.2
58	2	42.5
58	3	50.0
58	4	44.6
58	5	32.9
58	6	5.0
58	7	8.8
58	8	31.8
58	9	20.9
58	10	2.0
58	11	0.0
58	12	9.1
58	13	14.6
58	14	31.2
58	15	25.3
58	16	16.0
58	17	45.7
58	18	12.4
58	19	46.0
58	20	9.5
58	21	0.5
58	22	4.2
58	23	27.9
58	24	56.5
59	1	6.4
59	2	2.2
59	3	0.0
59	4	0.0
59	5	0.0
59	6	0.0
59	7	1.9
59	8	56.7
59	9	41.1
59	10	42.8
59	11	247.2
59	12	36.3
59	13	88.8
59	14	23.7
59	15	113.5
59	16	455.4
59	17	144.6
59	18	130.0
59	19	65.1
59	20	95.4
59	21	59.1
59	22	67.1
59	23	88.8
59	24	107.0
60	1	8.9
60	2	1.7
60	3	2.5
60	4	1.5
60	5	0.9
60	6	36.1
60	7	3.1
60	8	7.7
60	9	13.2
60	10	30.8
60	11	5.1
60	12	12.9
60	13	119.5
60	14	18.0
60	15	87.8
60	16	23.1
60	17	23.8
60	18	34.2
60	19	5.4
60	20	10.1
60	21	10.3
60	22	35.1
60	23	25.6
60	24	13.8
61	1	6.4
61	2	2.2
61	3	0.0
61	4	0.0
61	5	0.0
61	6	0.0
61	7	1.9
61	8	56.7
61	9	41.1
61	10	42.8
61	11	247.2
61	12	36.3
61	13	88.8
61	14	23.7
61	15	113.5
61	16	455.4
61	17	144.6
61	18	130.0
61	19	65.1
61	20	95.4
61	21	59.1
61	22	67.1
61	23	88.8
61	24	107.0
62	1	21.7
62	2	13.6
62	3	18.7
62	4	32.9
62	5	9.1
62	6	19.8
62	7	7.0
62	8	0.0
62	9	37.3
62	10	47.4
62	11	37.0
62	12	7.3
62	13	2.4
62	14	9.9
62	15	5.5
62	16	41.2
62	17	76.6
62	18	4.1
62	19	10.2
62	20	10.1
62	21	9.9
62	22	7.8
62	23	20.4
62	24	21.4
63	1	0.0
63	2	5.0
63	3	2.0
63	4	0.0
63	5	2.1
63	6	7.3
63	7	17.3
63	8	7.4
63	9	6.4
63	10	25.8
63	11	12.3
63	12	33.8
63	13	12.8
63	14	92.7
63	15	211.7
63	16	113.2
63	17	78.7
63	18	74.8
63	19	65.6
63	20	73.9
63	21	47.9
63	22	84.6
63	23	32.7
63	24	30.3
64	1	6.4
64	2	2.2
64	3	0.0
64	4	0.0
64	5	0.0
64	6	0.0
64	7	1.9
64	8	56.7
64	9	41.1
64	10	42.8
64	11	247.2
64	12	36.3
64	13	88.8
64	14	23.7
64	15	113.5
64	16	455.4
64	17	144.6
64	18	130.0
64	19	65.1
64	20	95.4
64	21	59.1
64	22	67.1
64	23	88.8
64	24	107.0
65	1	6.4
65	2	2.2
65	3	0.0
65	4	0.0
65	5	0.0
65	6	0.0
65	7	1.9
65	8	56.7
65	9	41.1
65	10	42.8
65	11	247.2
65	12	36.3
65	13	88.8
65	14	23.7
65	15	113.5
65	16	455.4
65	17	144.6
65	18	130.0
65	19	65.1
65	20	95.4
65	21	59.1
65	22	67.1
65	23	88.8
65	24	107.0
66	1	10.2
66	2	42.5
66	3	50.0
66	4	44.6
66	5	32.9
66	6	5.0
66	7	8.8
66	8	31.8
66	9	20.9
66	10	2.0
66	11	0.0
66	12	9.1
66	13	14.6
66	14	31.2
66	15	25.3
66	16	16.0
66	17	45.7
66	18	12.4
66	19	46.0
66	20	9.5
66	21	0.5
66	22	4.2
66	23	27.9
66	24	56.5
67	1	8.9
67	2	1.7
67	3	2.5
67	4	1.5
67	5	0.9
67	6	36.1
67	7	3.1
67	8	7.7
67	9	13.2
67	10	30.8
67	11	5.1
67	12	12.9
67	13	119.5
67	14	18.0
67	15	87.8
67	16	23.1
67	17	23.8
67	18	34.2
67	19	5.4
67	20	10.1
67	21	10.3
67	22	35.1
67	23	25.6
67	24	13.8
68	1	6.4
68	2	2.2
68	3	0.0
68	4	0.0
68	5	0.0
68	6	0.0
68	7	1.9
68	8	56.7
68	9	41.1
68	10	42.8
68	11	247.2
68	12	36.3
68	13	88.8
68	14	23.7
68	15	113.5
68	16	455.4
68	17	144.6
68	18	130.0
68	19	65.1
68	20	95.4
68	21	59.1
68	22	67.1
68	23	88.8
68	24	107.0
69	1	21.7
69	2	13.6
69	3	18.7
69	4	32.9
69	5	9.1
69	6	19.8
69	7	7.0
69	8	0.0
69	9	37.3
69	10	47.4
69	11	37.0
69	12	7.3
69	13	2.4
69	14	9.9
69	15	5.5
69	16	41.2
69	17	76.6
69	18	4.1
69	19	10.2
69	20	10.1
69	21	9.9
69	22	7.8
69	23	20.4
69	24	21.4
70	1	0.0
70	2	0.0
70	3	0.0
70	4	0.0
70	5	0.0
70	6	0.0
70	7	0.0
70	8	0.0
70	9	0.0
70	10	0.1
70	11	16.9
70	12	4.4
70	13	1.7
70	14	5.0
70	15	2.1
70	16	10.5
70	17	12.3
70	18	4.6
70	19	17.8
70	20	11.5
70	21	5.5
70	22	16.9
70	23	14.6
70	24	11.0
71	1	0.4
71	2	15.0
71	3	23.2
71	4	12.1
71	5	54.2
71	6	61.1
71	7	75.5
71	8	20.7
71	9	0.3
71	10	10.8
71	11	28.0
71	12	67.2
71	13	33.4
71	14	0.0
71	15	11.2
71	16	0.0
71	17	166.6
71	18	75.8
71	19	4.5
71	20	0.0
71	21	0.0
71	22	0.0
71	23	6.9
71	24	13.3
72	1	0.0
72	2	0.0
72	3	0.0
72	4	0.0
72	5	0.0
72	6	0.0
72	7	0.0
72	8	0.0
72	9	0.0
72	10	0.1
72	11	16.9
72	12	4.4
72	13	1.7
72	14	5.0
72	15	2.1
72	16	10.5
72	17	12.3
72	18	4.6
72	19	17.8
72	20	11.5
72	21	5.5
72	22	16.9
72	23	14.6
72	24	11.0
73	1	0.4
73	2	15.0
73	3	23.2
73	4	12.1
73	5	54.2
73	6	61.1
73	7	75.5
73	8	20.7
73	9	0.3
73	10	10.8
73	11	28.0
73	12	67.2
73	13	33.4
73	14	0.0
73	15	11.2
73	16	0.0
73	17	166.6
73	18	75.8
73	19	4.5
73	20	0.0
73	21	0.0
73	22	0.0
73	23	6.9
73	24	13.3
74	1	6.4
74	2	2.2
74	3	0.0
74	4	0.0
74	5	0.0
74	6	0.0
74	7	1.9
74	8	56.7
74	9	41.1
74	10	42.8
74	11	247.2
74	12	36.3
74	13	88.8
74	14	23.7
74	15	113.5
74	16	455.4
74	17	144.6
74	18	130.0
74	19	65.1
74	20	95.4
74	21	59.1
74	22	67.1
74	23	88.8
74	24	107.0
75	1	0.4
75	2	15.0
75	3	23.2
75	4	12.1
75	5	54.2
75	6	61.1
75	7	75.5
75	8	20.7
75	9	0.3
75	10	10.8
75	11	28.0
75	12	67.2
75	13	33.4
75	14	0.0
75	15	11.2
75	16	0.0
75	17	166.6
75	18	75.8
75	19	4.5
75	20	0.0
75	21	0.0
75	22	0.0
75	23	6.9
75	24	13.3
76	1	0.0
76	2	5.0
76	3	2.0
76	4	0.0
76	5	2.1
76	6	7.3
76	7	17.3
76	8	7.4
76	9	6.4
76	10	25.8
76	11	12.3
76	12	33.8
76	13	12.8
76	14	92.7
76	15	211.7
76	16	113.2
76	17	78.7
76	18	74.8
76	19	65.6
76	20	73.9
76	21	47.9
76	22	84.6
76	23	32.7
76	24	30.3
77	1	0.0
77	2	5.0
77	3	2.0
77	4	0.0
77	5	2.1
77	6	7.3
77	7	17.3
77	8	7.4
77	9	6.4
77	10	25.8
77	11	12.3
77	12	33.8
77	13	12.8
77	14	92.7
77	15	211.7
77	16	113.2
77	17	78.7
77	18	74.8
77	19	65.6
77	20	73.9
77	21	47.9
77	22	84.6
77	23	32.7
77	24	30.3
78	1	0.0
78	2	0.0
78	3	0.0
78	4	0.0
78	5	0.0
78	6	0.0
78	7	0.0
78	8	0.0
78	9	0.0
78	10	0.1
78	11	16.9
78	12	4.4
78	13	1.7
78	14	5.0
78	15	2.1
78	16	10.5
78	17	12.3
78	18	4.6
78	19	17.8
78	20	11.5
78	21	5.5
78	22	16.9
78	23	14.6
78	24	11.0
79	1	0.0
79	2	0.0
79	3	0.0
79	4	0.0
79	5	0.0
79	6	0.0
79	7	0.0
79	8	0.0
79	9	0.0
79	10	0.1
79	11	16.9
79	12	4.4
79	13	1.7
79	14	5.0
79	15	2.1
79	16	10.5
79	17	12.3
79	18	4.6
79	19	17.8
79	20	11.5
79	21	5.5
79	22	16.9
79	23	14.6
79	24	11.0
80	1	10.2
80	2	42.5
80	3	50.0
80	4	44.6
80	5	32.9
80	6	5.0
80	7	8.8
80	8	31.8
80	9	20.9
80	10	2.0
80	11	0.0
80	12	9.1
80	13	14.6
80	14	31.2
80	15	25.3
80	16	16.0
80	17	45.7
80	18	12.4
80	19	46.0
80	20	9.5
80	21	0.5
80	22	4.2
80	23	27.9
80	24	56.5
81	1	10.2
81	2	42.5
81	3	50.0
81	4	44.6
81	5	32.9
81	6	5.0
81	7	8.8
81	8	31.8
81	9	20.9
81	10	2.0
81	11	0.0
81	12	9.1
81	13	14.6
81	14	31.2
81	15	25.3
81	16	16.0
81	17	45.7
81	18	12.4
81	19	46.0
81	20	9.5
81	21	0.5
81	22	4.2
81	23	27.9
81	24	56.5
82	1	0.0
82	2	0.0
82	3	0.0
82	4	0.0
82	5	0.0
82	6	0.0
82	7	0.0
82	8	0.0
82	9	0.0
82	10	0.1
82	11	16.9
82	12	4.4
82	13	1.7
82	14	5.0
82	15	2.1
82	16	10.5
82	17	12.3
82	18	4.6
82	19	17.8
82	20	11.5
82	21	5.5
82	22	16.9
82	23	14.6
82	24	11.0
83	1	0.0
83	2	5.0
83	3	2.0
83	4	0.0
83	5	2.1
83	6	7.3
83	7	17.3
83	8	7.4
83	9	6.4
83	10	25.8
83	11	12.3
83	12	33.8
83	13	12.8
83	14	92.7
83	15	211.7
83	16	113.2
83	17	78.7
83	18	74.8
83	19	65.6
83	20	73.9
83	21	47.9
83	22	84.6
83	23	32.7
83	24	30.3
84	1	0.4
84	2	15.0
84	3	23.2
84	4	12.1
84	5	54.2
84	6	61.1
84	7	75.5
84	8	20.7
84	9	0.3
84	10	10.8
84	11	28.0
84	12	67.2
84	13	33.4
84	14	0.0
84	15	11.2
84	16	0.0
84	17	166.6
84	18	75.8
84	19	4.5
84	20	0.0
84	21	0.0
84	22	0.0
84	23	6.9
84	24	13.3
85	1	10.2
85	2	42.5
85	3	50.0
85	4	44.6
85	5	32.9
85	6	5.0
85	7	8.8
85	8	31.8
85	9	20.9
85	10	2.0
85	11	0.0
85	12	9.1
85	13	14.6
85	14	31.2
85	15	25.3
85	16	16.0
85	17	45.7
85	18	12.4
85	19	46.0
85	20	9.5
85	21	0.5
85	22	4.2
85	23	27.9
85	24	56.5
86	1	0.0
86	2	0.0
86	3	0.0
86	4	0.0
86	5	0.0
86	6	0.0
86	7	0.0
86	8	0.0
86	9	0.0
86	10	0.1
86	11	16.9
86	12	4.4
86	13	1.7
86	14	5.0
86	15	2.1
86	16	10.5
86	17	12.3
86	18	4.6
86	19	17.8
86	20	11.5
86	21	5.5
86	22	16.9
86	23	14.6
86	24	11.0
87	1	0.0
87	2	0.0
87	3	0.0
87	4	0.0
87	5	0.0
87	6	0.0
87	7	0.0
87	8	0.0
87	9	0.0
87	10	0.1
87	11	16.9
87	12	4.4
87	13	1.7
87	14	5.0
87	15	2.1
87	16	10.5
87	17	12.3
87	18	4.6
87	19	17.8
87	20	11.5
87	21	5.5
87	22	16.9
87	23	14.6
87	24	11.0
88	1	21.7
88	2	13.6
88	3	18.7
88	4	32.9
88	5	9.1
88	6	19.8
88	7	7.0
88	8	0.0
88	9	37.3
88	10	47.4
88	11	37.0
88	12	7.3
88	13	2.4
88	14	9.9
88	15	5.5
88	16	41.2
88	17	76.6
88	18	4.1
88	19	10.2
88	20	10.1
88	21	9.9
88	22	7.8
88	23	20.4
88	24	21.4
89	1	10.2
89	2	42.5
89	3	50.0
89	4	44.6
89	5	32.9
89	6	5.0
89	7	8.8
89	8	31.8
89	9	20.9
89	10	2.0
89	11	0.0
89	12	9.1
89	13	14.6
89	14	31.2
89	15	25.3
89	16	16.0
89	17	45.7
89	18	12.4
89	19	46.0
89	20	9.5
89	21	0.5
89	22	4.2
89	23	27.9
89	24	56.5
90	1	0.0
90	2	0.0
90	3	0.0
90	4	0.0
90	5	0.0
90	6	0.0
90	7	0.0
90	8	0.0
90	9	0.0
90	10	0.1
90	11	16.9
90	12	4.4
90	13	1.7
90	14	5.0
90	15	2.1
90	16	10.5
90	17	12.3
90	18	4.6
90	19	17.8
90	20	11.5
90	21	5.5
90	22	16.9
90	23	14.6
90	24	11.0
91	1	10.2
91	2	42.5
91	3	50.0
91	4	44.6
91	5	32.9
91	6	5.0
91	7	8.8
91	8	31.8
91	9	20.9
91	10	2.0
91	11	0.0
91	12	9.1
91	13	14.6
91	14	31.2
91	15	25.3
91	16	16.0
91	17	45.7
91	18	12.4
91	19	46.0
91	20	9.5
91	21	0.5
91	22	4.2
91	23	27.9
91	24	56.5
92	1	10.2
92	2	42.5
92	3	50.0
92	4	44.6
92	5	32.9
92	6	5.0
92	7	8.8
92	8	31.8
92	9	20.9
92	10	2.0
92	11	0.0
92	12	9.1
92	13	14.6
92	14	31.2
92	15	25.3
92	16	16.0
92	17	45.7
92	18	12.4
92	19	46.0
92	20	9.5
92	21	0.5
92	22	4.2
92	23	27.9
92	24	56.5
93	1	6.4
93	2	2.2
93	3	0.0
93	4	0.0
93	5	0.0
93	6	0.0
93	7	1.9
93	8	56.7
93	9	41.1
93	10	42.8
93	11	247.2
93	12	36.3
93	13	88.8
93	14	23.7
93	15	113.5
93	16	455.4
93	17	144.6
93	18	130.0
93	19	65.1
93	20	95.4
93	21	59.1
93	22	67.1
93	23	88.8
93	24	107.0
94	1	10.2
94	2	42.5
94	3	50.0
94	4	44.6
94	5	32.9
94	6	5.0
94	7	8.8
94	8	31.8
94	9	20.9
94	10	2.0
94	11	0.0
94	12	9.1
94	13	14.6
94	14	31.2
94	15	25.3
94	16	16.0
94	17	45.7
94	18	12.4
94	19	46.0
94	20	9.5
94	21	0.5
94	22	4.2
94	23	27.9
94	24	56.5
95	1	6.4
95	2	2.2
95	3	0.0
95	4	0.0
95	5	0.0
95	6	0.0
95	7	1.9
95	8	56.7
95	9	41.1
95	10	42.8
95	11	247.2
95	12	36.3
95	13	88.8
95	14	23.7
95	15	113.5
95	16	455.4
95	17	144.6
95	18	130.0
95	19	65.1
95	20	95.4
95	21	59.1
95	22	67.1
95	23	88.8
95	24	107.0
96	1	10.2
96	2	42.5
96	3	50.0
96	4	44.6
96	5	32.9
96	6	5.0
96	7	8.8
96	8	31.8
96	9	20.9
96	10	2.0
96	11	0.0
96	12	9.1
96	13	14.6
96	14	31.2
96	15	25.3
96	16	16.0
96	17	45.7
96	18	12.4
96	19	46.0
96	20	9.5
96	21	0.5
96	22	4.2
96	23	27.9
96	24	56.5
97	1	0.4
97	2	15.0
97	3	23.2
97	4	12.1
97	5	54.2
97	6	61.1
97	7	75.5
97	8	20.7
97	9	0.3
97	10	10.8
97	11	28.0
97	12	67.2
97	13	33.4
97	14	0.0
97	15	11.2
97	16	0.0
97	17	166.6
97	18	75.8
97	19	4.5
97	20	0.0
97	21	0.0
97	22	0.0
97	23	6.9
97	24	13.3
98	1	10.2
98	2	42.5
98	3	50.0
98	4	44.6
98	5	32.9
98	6	5.0
98	7	8.8
98	8	31.8
98	9	20.9
98	10	2.0
98	11	0.0
98	12	9.1
98	13	14.6
98	14	31.2
98	15	25.3
98	16	16.0
98	17	45.7
98	18	12.4
98	19	46.0
98	20	9.5
98	21	0.5
98	22	4.2
98	23	27.9
98	24	56.5
99	1	0.0
99	2	5.0
99	3	2.0
99	4	0.0
99	5	2.1
99	6	7.3
99	7	17.3
99	8	7.4
99	9	6.4
99	10	25.8
99	11	12.3
99	12	33.8
99	13	12.8
99	14	92.7
99	15	211.7
99	16	113.2
99	17	78.7
99	18	74.8
99	19	65.6
99	20	73.9
99	21	47.9
99	22	84.6
99	23	32.7
99	24	30.3
100	1	0.0
100	2	5.0
100	3	2.0
100	4	0.0
100	5	2.1
100	6	7.3
100	7	17.3
100	8	7.4
100	9	6.4
100	10	25.8
100	11	12.3
100	12	33.8
100	13	12.8
100	14	92.7
100	15	211.7
100	16	113.2
100	17	78.7
100	18	74.8
100	19	65.6
100	20	73.9
100	21	47.9
100	22	84.6
100	23	32.7
100	24	30.3
101	1	0.4
101	2	15.0
101	3	23.2
101	4	12.1
101	5	54.2
101	6	61.1
101	7	75.5
101	8	20.7
101	9	0.3
101	10	10.8
101	11	28.0
101	12	67.2
101	13	33.4
101	14	0.0
101	15	11.2
101	16	0.0
101	17	166.6
101	18	75.8
101	19	4.5
101	20	0.0
101	21	0.0
101	22	0.0
101	23	6.9
101	24	13.3
102	1	10.2
102	2	42.5
102	3	50.0
102	4	44.6
102	5	32.9
102	6	5.0
102	7	8.8
102	8	31.8
102	9	20.9
102	10	2.0
102	11	0.0
102	12	9.1
102	13	14.6
102	14	31.2
102	15	25.3
102	16	16.0
102	17	45.7
102	18	12.4
102	19	46.0
102	20	9.5
102	21	0.5
102	22	4.2
102	23	27.9
102	24	56.5
103	1	6.4
103	2	2.2
103	3	0.0
103	4	0.0
103	5	0.0
103	6	0.0
103	7	1.9
103	8	56.7
103	9	41.1
103	10	42.8
103	11	247.2
103	12	36.3
103	13	88.8
103	14	23.7
103	15	113.5
103	16	455.4
103	17	144.6
103	18	130.0
103	19	65.1
103	20	95.4
103	21	59.1
103	22	67.1
103	23	88.8
103	24	107.0
104	1	0.0
104	2	0.0
104	3	0.0
104	4	0.0
104	5	0.0
104	6	0.0
104	7	0.0
104	8	0.0
104	9	0.0
104	10	0.1
104	11	16.9
104	12	4.4
104	13	1.7
104	14	5.0
104	15	2.1
104	16	10.5
104	17	12.3
104	18	4.6
104	19	17.8
104	20	11.5
104	21	5.5
104	22	16.9
104	23	14.6
104	24	11.0
105	1	0.0
105	2	5.0
105	3	2.0
105	4	0.0
105	5	2.1
105	6	7.3
105	7	17.3
105	8	7.4
105	9	6.4
105	10	25.8
105	11	12.3
105	12	33.8
105	13	12.8
105	14	92.7
105	15	211.7
105	16	113.2
105	17	78.7
105	18	74.8
105	19	65.6
105	20	73.9
105	21	47.9
105	22	84.6
105	23	32.7
105	24	30.3
106	1	21.7
106	2	13.6
106	3	18.7
106	4	32.9
106	5	9.1
106	6	19.8
106	7	7.0
106	8	0.0
106	9	37.3
106	10	47.4
106	11	37.0
106	12	7.3
106	13	2.4
106	14	9.9
106	15	5.5
106	16	41.2
106	17	76.6
106	18	4.1
106	19	10.2
106	20	10.1
106	21	9.9
106	22	7.8
106	23	20.4
106	24	21.4
107	1	10.2
107	2	42.5
107	3	50.0
107	4	44.6
107	5	32.9
107	6	5.0
107	7	8.8
107	8	31.8
107	9	20.9
107	10	2.0
107	11	0.0
107	12	9.1
107	13	14.6
107	14	31.2
107	15	25.3
107	16	16.0
107	17	45.7
107	18	12.4
107	19	46.0
107	20	9.5
107	21	0.5
107	22	4.2
107	23	27.9
107	24	56.5
108	1	6.4
108	2	2.2
108	3	0.0
108	4	0.0
108	5	0.0
108	6	0.0
108	7	1.9
108	8	56.7
108	9	41.1
108	10	42.8
108	11	247.2
108	12	36.3
108	13	88.8
108	14	23.7
108	15	113.5
108	16	455.4
108	17	144.6
108	18	130.0
108	19	65.1
108	20	95.4
108	21	59.1
108	22	67.1
108	23	88.8
108	24	107.0
109	1	0.0
109	2	0.0
109	3	0.0
109	4	0.0
109	5	0.0
109	6	0.0
109	7	0.0
109	8	0.0
109	9	0.0
109	10	0.1
109	11	16.9
109	12	4.4
109	13	1.7
109	14	5.0
109	15	2.1
109	16	10.5
109	17	12.3
109	18	4.6
109	19	17.8
109	20	11.5
109	21	5.5
109	22	16.9
109	23	14.6
109	24	11.0
110	1	0.0
110	2	5.0
110	3	2.0
110	4	0.0
110	5	2.1
110	6	7.3
110	7	17.3
110	8	7.4
110	9	6.4
110	10	25.8
110	11	12.3
110	12	33.8
110	13	12.8
110	14	92.7
110	15	211.7
110	16	113.2
110	17	78.7
110	18	74.8
110	19	65.6
110	20	73.9
110	21	47.9
110	22	84.6
110	23	32.7
110	24	30.3
111	1	10.2
111	2	42.5
111	3	50.0
111	4	44.6
111	5	32.9
111	6	5.0
111	7	8.8
111	8	31.8
111	9	20.9
111	10	2.0
111	11	0.0
111	12	9.1
111	13	14.6
111	14	31.2
111	15	25.3
111	16	16.0
111	17	45.7
111	18	12.4
111	19	46.0
111	20	9.5
111	21	0.5
111	22	4.2
111	23	27.9
111	24	56.5
112	1	0.0
112	2	0.0
112	3	0.0
112	4	0.0
112	5	0.0
112	6	0.0
112	7	0.0
112	8	0.0
112	9	0.0
112	10	0.1
112	11	16.9
112	12	4.4
112	13	1.7
112	14	5.0
112	15	2.1
112	16	10.5
112	17	12.3
112	18	4.6
112	19	17.8
112	20	11.5
112	21	5.5
112	22	16.9
112	23	14.6
112	24	11.0
