Node	Time	ActivationUpPrice
3	1	57.97
3	2	60.0
3	3	62.0
3	4	60.0
3	5	60.88
3	6	61.93
3	7	61.81
3	8	60.7
3	9	58.16
3	10	52.85
3	11	40.65
3	12	34.47
3	13	29.8
3	14	28.76
3	15	42.11
3	16	51.4
3	17	56.13
3	18	63.0
3	19	68.0
3	20	73.0
3	21	74.0
3	22	73.0
3	23	69.5
3	24	68.0
4	1	47.28
4	2	47.29
4	3	42.63
4	4	43.09
4	5	40.78
4	6	38.29
4	7	40.0
4	8	14.99
4	9	25.0
4	10	14.0
4	11	4.17
4	12	2.29
4	13	1.5
4	14	0.44
4	15	0.66
4	16	3.29
4	17	4.37
4	18	40.0
4	19	48.0
4	20	48.0
4	21	48.0
4	22	48.0
4	23	22.65
4	24	14.99
5	1	5.15
5	2	5.12
5	3	5.15
5	4	5.17
5	5	5.19
5	6	5.21
5	7	8.0
5	8	17.5
5	9	18.0
5	10	18.0
5	11	7.56
5	12	5.27
5	13	1.24
5	14	3.1
5	15	5.75
5	16	14.0
5	17	18.0
5	18	23.0
5	19	23.0
5	20	7.97
5	21	7.55
5	22	6.41
5	23	5.87
5	24	5.19
6	1	18.7
6	2	18.38
6	3	18.07
6	4	17.94
6	5	18.19
6	6	19.67
6	7	51.41
6	8	56.74
6	9	54.42
6	10	56.14
6	11	56.81
6	12	60.5
6	13	60.5
6	14	60.0
6	15	28.33
6	16	30.3
6	17	50.35
6	18	54.51
6	19	21.96
6	20	19.9
6	21	19.71
6	22	18.79
6	23	17.92
6	24	15.52
7	1	46.0
7	2	46.0
7	3	46.0
7	4	46.0
7	5	46.0
7	6	47.0
7	7	50.0
7	8	50.0
7	9	40.0
7	10	0.33
7	11	-1.46
7	12	-3.0
7	13	-3.72
7	14	-4.99
7	15	2.31
7	16	6.702
7	17	4.21
7	18	45.0
7	19	46.0
7	20	42.5
7	21	42.5
7	22	32.42
7	23	26.85
7	24	29.62
8	1	9.17
8	2	8.91
8	3	8.83
8	4	8.79
8	5	11.24
8	6	11.24
8	7	11.75
8	8	14.99
8	9	26.0
8	10	26.0
8	11	4.82
8	12	0.23
8	13	0.23
8	14	1.6
8	15	8.34
8	16	17.83
8	17	34.92
8	18	35.92
8	19	54.23
8	20	54.76
8	21	54.22
8	22	52.22
8	23	48.19
8	24	13.5
9	1	43.57
9	2	42.0
9	3	40.82
9	4	39.98
9	5	40.0
9	6	41.29
9	7	54.0
9	8	64.09
9	9	61.87
9	10	42.16
9	11	25.74
9	12	20.09
9	13	4.98
9	14	0.81
9	15	0.43
9	16	27.32
9	17	39.4
9	18	43.54
9	19	45.55
9	20	48.09
9	21	49.0
9	22	49.0
9	23	49.0
9	24	50.0
10	1	11.47
10	2	11.23
10	3	11.9
10	4	13.0
10	5	15.8
10	6	17.27
10	7	19.73
10	8	25.26
10	9	23.86
10	10	19.16
10	11	17.7
10	12	15.24
10	13	11.77
10	14	11.92
10	15	13.94
10	16	17.42
10	17	17.62
10	18	23.0
10	19	19.58
10	20	16.85
10	21	15.03
10	22	13.52
10	23	11.47
10	24	7.53
11	1	35.17
11	2	35.0
11	3	34.82
11	4	34.79
11	5	34.98
11	6	35.69
11	7	37.16
11	8	37.95
11	9	37.91
11	10	37.0
11	11	37.0
11	12	35.33
11	13	40.0
11	14	40.0
11	15	37.0
11	16	37.0
11	17	35.15
11	18	35.09
11	19	35.82
11	20	37.54
11	21	36.98
11	22	37.76
11	23	36.18
11	24	36.12
12	1	35.0
12	2	34.79
12	3	35.2
12	4	35.19
12	5	35.27
12	6	36.38
12	7	201.11
12	8	59.5
12	9	57.0
12	10	39.31
12	11	39.12
12	12	38.0
12	13	38.5
12	14	37.95
12	15	37.49
12	16	37.93
12	17	37.6
12	18	37.15
12	19	40.0
12	20	45.0
12	21	45.0
12	22	39.0
12	23	37.33
12	24	37.59
13	1	70.59
13	2	70.17
13	3	69.16
13	4	68.45
13	5	69.65
13	6	70.98
13	7	92.72
13	8	104.0
13	9	81.0
13	10	77.37
13	11	73.16
13	12	70.98
13	13	69.65
13	14	69.45
13	15	68.21
13	16	69.39
13	17	68.96
13	18	70.37
13	19	71.56
13	20	80.5
13	21	120.0
13	22	120.0
13	23	96.0
13	24	73.21
14	1	11.27
14	2	10.3
14	3	8.05
14	4	12.16
14	5	30.42
14	6	39.82
14	7	49.63
14	8	46.9
14	9	31.45
14	10	20.32
14	11	8.69
14	12	4.97
14	13	0.08
14	14	1.51
14	15	6.55
14	16	22.02
14	17	34.92
14	18	39.05
14	19	41.92
14	20	41.99
14	21	41.92
14	22	37.87
14	23	33.93
14	24	29.78
15	1	10.36
15	2	4.92
15	3	2.92
15	4	2.19
15	5	2.53
15	6	2.95
15	7	0.69
15	8	-0.02
15	9	-0.8
15	10	-0.58
15	11	-0.59
15	12	-0.89
15	13	-0.8
15	14	-0.11
15	15	0.0
15	16	6.7
15	17	26.34
15	18	35.07
15	19	40.0
15	20	40.0
15	21	40.0
15	22	40.0
15	23	36.26
15	24	35.39
16	1	38.0
16	2	39.0
16	3	38.0
16	4	38.0
16	5	29.0
16	6	22.0
16	7	22.5
16	8	18.0
16	9	-0.05
16	10	-0.03
16	11	-0.05
16	12	-0.22
16	13	-0.64
16	14	-0.95
16	15	4.42
16	16	4.42
16	17	9.47
16	18	20.51
16	19	33.02
16	20	36.33
16	21	36.09
16	22	35.83
16	23	35.47
16	24	25.7
17	1	32.02
17	2	32.02
17	3	32.01
17	4	32.02
17	5	32.24
17	6	32.46
17	7	38.5
17	8	42.0
17	9	37.5
17	10	33.03
17	11	32.51
17	12	32.24
17	13	32.02
17	14	32.02
17	15	43.5
17	16	43.0
17	17	34.18
17	18	33.34
17	19	44.0
17	20	45.0
17	21	55.0
17	22	34.18
17	23	33.63
17	24	32.22
18	1	11.27
18	2	10.3
18	3	8.05
18	4	12.16
18	5	30.42
18	6	39.82
18	7	49.63
18	8	46.9
18	9	31.45
18	10	20.32
18	11	8.69
18	12	4.97
18	13	0.08
18	14	1.51
18	15	6.55
18	16	22.02
18	17	34.92
18	18	39.05
18	19	41.92
18	20	41.99
18	21	41.92
18	22	37.87
18	23	33.93
18	24	29.78
19	1	46.0
19	2	46.0
19	3	46.0
19	4	46.0
19	5	46.0
19	6	47.0
19	7	50.0
19	8	50.0
19	9	40.0
19	10	0.33
19	11	-1.46
19	12	-3.0
19	13	-3.72
19	14	-4.99
19	15	2.31
19	16	6.702
19	17	4.21
19	18	45.0
19	19	46.0
19	20	42.5
19	21	42.5
19	22	32.42
19	23	26.85
19	24	29.62
20	1	18.7
20	2	18.38
20	3	18.07
20	4	17.94
20	5	18.19
20	6	19.67
20	7	51.41
20	8	56.74
20	9	54.42
20	10	56.14
20	11	56.81
20	12	60.5
20	13	60.5
20	14	60.0
20	15	28.33
20	16	30.3
20	17	50.35
20	18	54.51
20	19	21.96
20	20	19.9
20	21	19.71
20	22	18.79
20	23	17.92
20	24	15.52
21	1	5.0
21	2	5.0
21	3	5.0
21	4	8.58
21	5	9.5
21	6	18.0
21	7	50.0
21	8	89.89
21	9	51.9
21	10	50.3
21	11	11.33
21	12	9.97
21	13	11.07
21	14	9.33
21	15	9.31
21	16	9.99
21	17	14.0
21	18	15.0
21	19	18.0
21	20	18.0
21	21	18.0
21	22	15.0
21	23	12.0
21	24	8.4
22	1	52.23
22	2	50.87
22	3	50.43
22	4	52.26
22	5	53.06
22	6	79.5
22	7	115.51
22	8	106.71
22	9	89.55
22	10	82.75
22	11	77.02
22	12	63.95
22	13	59.95
22	14	60.11
22	15	80.0
22	16	80.0
22	17	72.69
22	18	79.91
22	19	98.43
22	20	83.95
22	21	85.0
22	22	72.45
22	23	70.94
22	24	69.0
23	1	31.34
23	2	29.64
23	3	29.62
23	4	28.97
23	5	26.88
23	6	34.37
23	7	38.0
23	8	39.0
23	9	37.0
23	10	30.0
23	11	5.65
23	12	0.85
23	13	-0.01
23	14	-0.19
23	15	0.83
23	16	7.0
23	17	18.81
23	18	28.92
23	19	34.37
23	20	36.08
23	21	34.19
23	22	34.38
23	23	32.02
23	24	20.39
24	1	22.83
24	2	21.54
24	3	21.07
24	4	21.0
24	5	20.82
24	6	20.09
24	7	20.84
24	8	23.16
24	9	28.07
24	10	21.49
24	11	0.74
24	12	-0.02
24	13	-1.26
24	14	10.5
24	15	10.5
24	16	18.85
24	17	21.95
24	18	42.5
24	19	42.5
24	20	42.5
24	21	42.5
24	22	42.5
24	23	32.0
24	24	26.09
25	1	21.87
25	2	20.98
25	3	20.94
25	4	20.91
25	5	20.58
25	6	22.04
25	7	22.96
25	8	24.0
25	9	24.59
25	10	24.95
25	11	26.18
25	12	25.11
25	13	5.17
25	14	5.68
25	15	15.29
25	16	25.0
25	17	24.78
25	18	25.68
25	19	25.92
25	20	24.99
25	21	24.19
25	22	23.62
25	23	25.0
25	24	24.0
26	1	6.64
26	2	6.5
26	3	6.27
26	4	6.31
26	5	6.64
26	6	6.57
26	7	21.0
26	8	21.0
26	9	9.89
26	10	9.98
26	11	10.0
26	12	9.84
26	13	9.64
26	14	9.93
26	15	9.92
26	16	9.97
26	17	12.06
26	18	22.9
26	19	28.0
26	20	23.5
26	21	11.9
26	22	9.91
26	23	8.24
26	24	4.22
27	1	34.0
27	2	30.45
27	3	28.56
27	4	27.53
27	5	27.13
27	6	29.9
27	7	40.0
27	8	40.0
27	9	40.0
27	10	40.0
27	11	4.39
27	12	1.19
27	13	7.2
27	14	5.0
27	15	4.42
27	16	1.0
27	17	25.41
27	18	31.17
27	19	32.78
27	20	40.0
27	21	40.0
27	22	29.92
27	23	37.0
27	24	37.0
28	1	35.75
28	2	24.46
28	3	12.49
28	4	12.49
28	5	20.6
28	6	50.0
28	7	50.0
28	8	50.0
28	9	45.0
28	10	38.91
28	11	39.09
28	12	38.78
28	13	39.02
28	14	39.68
28	15	41.47
28	16	42.44
28	17	45.61
28	18	47.54
28	19	48.93
28	20	58.6
28	21	59.81
28	22	58.6
28	23	54.52
28	24	45.54
29	1	24.95
29	2	23.79
29	3	23.72
29	4	27.0
29	5	27.0
29	6	26.0
29	7	23.93
29	8	24.51
29	9	24.12
29	10	23.73
29	11	23.44
29	12	23.43
29	13	23.35
29	14	23.4
29	15	23.22
29	16	22.9
29	17	23.52
29	18	23.99
29	19	24.46
29	20	23.72
29	21	23.39
29	22	25.27
29	23	23.83
29	24	22.92
30	1	15.24
30	2	14.45
30	3	13.91
30	4	14.61
30	5	15.24
30	6	20.91
30	7	42.98
30	8	49.99
30	9	39.86
30	10	36.63
30	11	18.17
30	12	4.32
30	13	3.24
30	14	3.03
30	15	3.96
30	16	12.78
30	17	26.79
30	18	42.73
30	19	29.89
30	20	28.88
30	21	28.19
30	22	26.84
30	23	24.74
30	24	14.3
31	1	57.38
31	2	50.53
31	3	48.25
31	4	46.91
31	5	49.08
31	6	58.08
31	7	63.08
31	8	63.99
31	9	67.0
31	10	61.27
31	11	57.28
31	12	52.16
31	13	48.67
31	14	54.0
31	15	54.0
31	16	50.91
31	17	56.95
31	18	60.04
31	19	61.86
31	20	62.2
31	21	62.08
31	22	62.09
31	23	61.19
31	24	60.24
32	1	46.0
32	2	46.0
32	3	46.0
32	4	46.0
32	5	46.0
32	6	47.0
32	7	50.0
32	8	50.0
32	9	40.0
32	10	0.33
32	11	-1.46
32	12	-3.0
32	13	-3.72
32	14	-4.99
32	15	2.31
32	16	6.702
32	17	4.21
32	18	45.0
32	19	46.0
32	20	42.5
32	21	42.5
32	22	32.42
32	23	26.85
32	24	29.62
33	1	-0.02
33	2	-0.33
33	3	-1.0
33	4	-0.92
33	5	-0.43
33	6	-0.05
33	7	-0.01
33	8	-0.06
33	9	1.0
33	10	1.0
33	11	1.0
33	12	-15.5
33	13	-20.01
33	14	-19.83
33	15	-10.15
33	16	2.0
33	17	1.0
33	18	1.01
33	19	1.01
33	20	1.15
33	21	5.0
33	22	5.0
33	23	0.99
33	24	1.0
34	1	50.27
34	2	49.96
34	3	49.56
34	4	49.36
34	5	49.82
34	6	55.36
34	7	85.93
34	8	77.31
34	9	65.78
34	10	50.48
34	11	45.07
34	12	37.53
34	13	30.04
34	14	26.93
34	15	50.0
34	16	55.0
34	17	55.0
34	18	57.0
34	19	58.5
34	20	55.0
34	21	48.22
34	22	45.48
34	23	37.87
34	24	21.21
35	1	35.11
35	2	34.42
35	3	34.83
35	4	33.29
35	5	34.19
35	6	45.0
35	7	44.23
35	8	45.0
35	9	47.0
35	10	50.0
35	11	50.0
35	12	47.0
35	13	39.18
35	14	38.84
35	15	39.16
35	16	42.0
35	17	42.86
35	18	50.69
35	19	57.0
35	20	57.5
35	21	55.93
35	22	47.0
35	23	44.4
35	24	36.69
36	1	30.48
36	2	29.91
36	3	29.98
36	4	29.93
36	5	29.92
36	6	31.29
36	7	39.0
36	8	39.0
36	9	42.0
36	10	42.0
36	11	33.8
36	12	32.9
36	13	32.64
36	14	32.57
36	15	43.0
36	16	46.58
36	17	48.0
36	18	48.0
36	19	50.0
36	20	51.5
36	21	51.5
36	22	48.42
36	23	40.0
36	24	40.0
37	1	14.94
37	2	13.55
37	3	12.88
37	4	12.83
37	5	13.56
37	6	17.37
37	7	28.92
37	8	29.22
37	9	19.99
37	10	18.29
37	11	17.94
37	12	13.8
37	13	12.3
37	14	12.53
37	15	14.14
37	16	18.0
37	17	18.66
37	18	19.33
37	19	19.78
37	20	17.49
37	21	17.24
37	22	14.97
37	23	13.58
37	24	12.47
38	1	-0.03
38	2	-0.06
38	3	-0.07
38	4	-0.05
38	5	0.09
38	6	1.95
38	7	3.68
38	8	6.05
38	9	9.97
38	10	4.41
38	11	4.1
38	12	3.96
38	13	1.18
38	14	2.28
38	15	3.08
38	16	3.6
38	17	4.18
38	18	4.58
38	19	4.21
38	20	3.31
38	21	2.52
38	22	1.11
38	23	0.15
38	24	-0.04
39	1	26.0
39	2	26.0
39	3	25.39
39	4	25.62
39	5	25.29
39	6	25.59
39	7	27.83
39	8	27.82
39	9	28.66
39	10	28.49
39	11	29.11
39	12	28.47
39	13	30.8
39	14	32.16
39	15	29.82
39	16	26.42
39	17	27.82
39	18	27.82
39	19	26.68
39	20	25.97
39	21	25.58
39	22	28.0
39	23	27.61
39	24	26.46
40	1	39.3
40	2	39.19
40	3	39.03
40	4	38.9
40	5	38.69
40	6	38.57
40	7	36.15
40	8	29.97
40	9	9.94
40	10	4.07
40	11	18.0
40	12	7.0
40	13	0.44
40	14	0.09
40	15	1.74
40	16	14.05
40	17	35.46
40	18	39.19
40	19	39.27
40	20	39.35
40	21	39.19
40	22	39.09
40	23	38.83
40	24	38.68
41	1	31.91
41	2	31.52
41	3	31.52
41	4	61.0
41	5	61.0
41	6	64.0
41	7	82.0
41	8	82.0
41	9	82.0
41	10	82.0
41	11	93.0
41	12	93.0
41	13	82.0
41	14	34.45
41	15	75.0
41	16	75.0
41	17	75.0
41	18	32.02
41	19	32.01
41	20	31.32
41	21	32.01
41	22	32.25
41	23	31.52
41	24	30.34
42	1	34.51
42	2	34.24
42	3	34.18
42	4	34.1
42	5	33.96
42	6	36.0
42	7	71.72
42	8	77.0
42	9	77.0
42	10	74.68
42	11	70.0
42	12	63.0
42	13	47.01
42	14	37.16
42	15	35.03
42	16	35.3
42	17	35.16
42	18	35.61
42	19	35.96
42	20	35.15
42	21	35.86
42	22	35.23
42	23	33.7
42	24	33.58
43	1	14.0
43	2	14.0
43	3	8.81
43	4	9.98
43	5	12.18
43	6	13.92
43	7	51.08
43	8	124.47
43	9	85.93
43	10	50.1
43	11	41.69
43	12	42.31
43	13	40.14
43	14	59.0
43	15	59.0
43	16	59.0
43	17	45.74
43	18	55.5
43	19	60.0
43	20	60.0
43	21	59.0
43	22	49.5
43	23	14.02
43	24	15.97
44	1	27.48
44	2	17.02
44	3	9.11
44	4	4.09
44	5	1.87
44	6	4.73
44	7	15.0
44	8	-0.08
44	9	-2.01
44	10	-7.6
44	11	3.75
44	12	3.75
44	13	3.75
44	14	3.75
44	15	-28.68
44	16	4.42
44	17	15.91
44	18	26.57
44	19	35.97
44	20	38.14
44	21	39.58
44	22	40.0
44	23	39.09
44	24	37.15
45	1	19.68
45	2	0.67
45	3	0.0
45	4	-0.2
45	5	-0.03
45	6	19.0
45	7	25.0
45	8	23.9
45	9	19.19
45	10	12.01
45	11	20.0
45	12	9.92
45	13	10.94
45	14	14.83
45	15	20.5
45	16	20.95
45	17	21.89
45	18	21.89
45	19	21.83
45	20	21.38
45	21	20.99
45	22	20.45
45	23	20.76
45	24	20.45
46	1	38.0
46	2	39.0
46	3	38.0
46	4	38.0
46	5	29.0
46	6	22.0
46	7	22.5
46	8	18.0
46	9	-0.05
46	10	-0.03
46	11	-0.05
46	12	-0.22
46	13	-0.64
46	14	-0.95
46	15	4.42
46	16	4.42
46	17	9.47
46	18	20.51
46	19	33.02
46	20	36.33
46	21	36.09
46	22	35.83
46	23	35.47
46	24	25.7
47	1	0.85
47	2	0.43
47	3	0.49
47	4	0.45
47	5	0.39
47	6	0.95
47	7	7.0
47	8	7.0
47	9	2.11
47	10	3.38
47	11	3.26
47	12	3.19
47	13	2.8
47	14	2.94
47	15	2.93
47	16	3.47
47	17	3.47
47	18	2.03
47	19	2.33
47	20	2.05
47	21	3.5
47	22	2.8
47	23	1.27
47	24	0.0
48	1	23.01
48	2	22.98
48	3	22.51
48	4	22.51
48	5	20.17
48	6	18.12
48	7	20.17
48	8	12.02
48	9	1.25
48	10	0.0
48	11	-0.09
48	12	3.0
48	13	1.0
48	14	-5.1
48	15	-0.38
48	16	19.65
48	17	25.86
48	18	25.15
48	19	25.75
48	20	26.46
48	21	27.43
48	22	28.02
48	23	26.97
48	24	26.52
49	1	4.94
49	2	4.66
49	3	4.45
49	4	4.34
49	5	4.37
49	6	10.01
49	7	10.01
49	8	12.53
49	9	23.0
49	10	23.0
49	11	10.15
49	12	5.04
49	13	4.28
49	14	12.0
49	15	10.01
49	16	15.72
49	17	25.0
49	18	25.0
49	19	21.0
49	20	21.0
49	21	16.29
49	22	15.71
49	23	14.95
49	24	15.57
50	1	13.5
50	2	13.5
50	3	10.47
50	4	11.71
50	5	25.0
50	6	66.0
50	7	66.0
50	8	90.0
50	9	67.0
50	10	66.0
50	11	55.86
50	12	55.03
50	13	54.62
50	14	54.43
50	15	64.0
50	16	64.0
50	17	69.5
50	18	70.0
50	19	67.0
50	20	65.0
50	21	60.0
50	22	31.5
50	23	25.0
50	24	19.22
51	1	17.79
51	2	6.65
51	3	5.49
51	4	29.0
51	5	36.22
51	6	54.0
51	7	53.29
51	8	59.02
51	9	56.36
51	10	52.05
51	11	46.15
51	12	42.96
51	13	42.37
51	14	57.0
51	15	57.0
51	16	51.67
51	17	55.0
51	18	57.83
51	19	57.1
51	20	56.78
51	21	56.72
51	22	54.24
51	23	52.35
51	24	57.36
52	1	57.38
52	2	50.53
52	3	48.25
52	4	46.91
52	5	49.08
52	6	58.08
52	7	63.08
52	8	63.99
52	9	67.0
52	10	61.27
52	11	57.28
52	12	52.16
52	13	48.67
52	14	54.0
52	15	54.0
52	16	50.91
52	17	56.95
52	18	60.04
52	19	61.86
52	20	62.2
52	21	62.08
52	22	62.09
52	23	61.19
52	24	60.24
53	1	-0.07
53	2	-0.09
53	3	-0.13
53	4	-0.1
53	5	0.0
53	6	1.63
53	7	13.45
53	8	13.88
53	9	13.63
53	10	13.61
53	11	12.0
53	12	12.0
53	13	4.1
53	14	4.02
53	15	4.0
53	16	4.97
53	17	7.59
53	18	8.09
53	19	7.67
53	20	6.37
53	21	5.0
53	22	3.79
53	23	2.51
53	24	1.15
54	1	38.18
54	2	37.76
54	3	35.6
54	4	33.15
54	5	31.95
54	6	34.16
54	7	35.35
54	8	29.47
54	9	22.26
54	10	1.51
54	11	-2.2
54	12	-6.0
54	13	-14.29
54	14	-15.07
54	15	4.42
54	16	4.42
54	17	30.82
54	18	31.99
54	19	34.23
54	20	32.57
54	21	31.73
54	22	35.0
54	23	35.0
54	24	32.64
55	1	15.78
55	2	15.98
55	3	26.0
55	4	26.0
55	5	26.0
55	6	35.0
55	7	38.0
55	8	38.01
55	9	30.0
55	10	30.0
55	11	20.47
55	12	18.4
55	13	17.93
55	14	18.72
55	15	21.19
55	16	23.31
55	17	23.34
55	18	29.0
55	19	29.0
55	20	29.0
55	21	29.0
55	22	18.4
55	23	14.96
55	24	17.3
56	1	37.36
56	2	17.0
56	3	7.79
56	4	6.39
56	5	32.42
56	6	57.0
56	7	60.0
56	8	66.5
56	9	66.5
56	10	55.0
56	11	55.0
56	12	58.21
56	13	58.0
56	14	58.0
56	15	55.0
56	16	55.0
56	17	55.0
56	18	64.0
56	19	60.0
56	20	60.0
56	21	66.0
56	22	64.0
56	23	58.0
56	24	58.0
57	1	29.88
57	2	30.0
57	3	30.0
57	4	28.9
57	5	28.18
57	6	27.03
57	7	30.0
57	8	33.41
57	9	40.0
57	10	36.0
57	11	23.0
57	12	3.24
57	13	11.67
57	14	11.67
57	15	1.05
57	16	32.0
57	17	30.0
57	18	30.0
57	19	28.89
57	20	28.42
57	21	29.67
57	22	30.15
57	23	28.9
57	24	24.1
58	1	29.12
58	2	29.17
58	3	29.47
58	4	28.96
58	5	29.14
58	6	30.68
58	7	32.48
58	8	36.91
58	9	37.23
58	10	38.91
58	11	48.0
58	12	50.0
58	13	48.5
58	14	51.0
58	15	51.0
58	16	51.0
58	17	51.0
58	18	52.0
58	19	47.0
58	20	42.0
58	21	34.35
58	22	34.35
58	23	32.09
58	24	31.58
59	1	40.54
59	2	40.39
59	3	40.37
59	4	40.33
59	5	40.84
59	6	42.0
59	7	47.94
59	8	68.85
59	9	82.37
59	10	51.45
59	11	47.8
59	12	42.96
59	13	42.0
59	14	41.99
59	15	42.03
59	16	42.9
59	17	42.06
59	18	42.52
59	19	42.99
59	20	42.58
59	21	42.0
59	22	41.71
59	23	41.13
59	24	40.27
60	1	36.0
60	2	35.0
60	3	34.0
60	4	33.0
60	5	28.0
60	6	29.35
60	7	31.52
60	8	34.07
60	9	36.63
60	10	36.67
60	11	36.99
60	12	37.05
60	13	37.08
60	14	37.22
60	15	40.0
60	16	41.0
60	17	44.0
60	18	44.0
60	19	44.0
60	20	44.0
60	21	43.5
60	22	39.5
60	23	39.5
60	24	39.5
61	1	61.84
61	2	60.0
61	3	60.0
61	4	60.0
61	5	55.93
61	6	64.13
61	7	86.06
61	8	117.0
61	9	134.23
61	10	162.35
61	11	159.25
61	12	162.09
61	13	151.5
61	14	160.92
61	15	168.91
61	16	183.47
61	17	187.78
61	18	162.76
61	19	140.11
61	20	130.0
61	21	130.0
61	22	88.3
61	23	84.5
61	24	80.0
62	1	50.0
62	2	47.0
62	3	43.57
62	4	42.64
62	5	41.19
62	6	39.41
62	7	40.24
62	8	42.4
62	9	45.18
62	10	44.71
62	11	44.93
62	12	45.59
62	13	45.94
62	14	46.21
62	15	50.0
62	16	50.0
62	17	50.81
62	18	52.42
62	19	60.0
62	20	60.0
62	21	54.0
62	22	53.0
62	23	48.46
62	24	43.71
63	1	53.79
63	2	53.87
63	3	53.87
63	4	24.48
63	5	36.0
63	6	36.0
63	7	40.11
63	8	44.0
63	9	44.0
63	10	44.0
63	11	48.0
63	12	52.51
63	13	60.0
63	14	60.0
63	15	71.0
63	16	71.0
63	17	71.0
63	18	73.0
63	19	73.0
63	20	70.0
63	21	62.15
63	22	58.27
63	23	52.58
63	24	44.03
64	1	36.26
64	2	33.87
64	3	33.37
64	4	33.54
64	5	35.16
64	6	36.34
64	7	33.17
64	8	37.23
64	9	41.92
64	10	45.09
64	11	46.25
64	12	48.23
64	13	48.23
64	14	49.75
64	15	50.51
64	16	51.99
64	17	54.9
64	18	59.4
64	19	67.4
64	20	72.73
64	21	64.96
64	22	62.9
64	23	62.41
64	24	61.15
65	1	61.84
65	2	60.0
65	3	60.0
65	4	60.0
65	5	55.93
65	6	64.13
65	7	86.06
65	8	117.0
65	9	134.23
65	10	162.35
65	11	159.25
65	12	162.09
65	13	151.5
65	14	160.92
65	15	168.91
65	16	183.47
65	17	187.78
65	18	162.76
65	19	140.11
65	20	130.0
65	21	130.0
65	22	88.3
65	23	84.5
65	24	80.0
66	1	7.0
66	2	7.0
66	3	7.0
66	4	1.0
66	5	1.0
66	6	1.0
66	7	1.0
66	8	3.75
66	9	4.45
66	10	4.92
66	11	5.0
66	12	4.94
66	13	4.38
66	14	4.47
66	15	4.58
66	16	4.51
66	17	4.8
66	18	7.0
66	19	10.96
66	20	10.2
66	21	6.71
66	22	4.78
66	23	17.67
66	24	16.42
67	1	39.46
67	2	38.9
67	3	38.98
67	4	37.86
67	5	35.57
67	6	35.15
67	7	35.77
67	8	38.4
67	9	39.06
67	10	39.74
67	11	39.79
67	12	40.38
67	13	40.48
67	14	40.95
67	15	40.62
67	16	41.08
67	17	41.87
67	18	41.81
67	19	41.61
67	20	41.35
67	21	41.15
67	22	40.56
67	23	40.1
67	24	39.42
68	1	61.48
68	2	59.04
68	3	64.0
68	4	65.0
68	5	63.0
68	6	53.64
68	7	60.0
68	8	60.0
68	9	63.0
68	10	63.5
68	11	63.0
68	12	65.0
68	13	69.0
68	14	69.0
68	15	58.02
68	16	64.0
68	17	65.0
68	18	71.0
68	19	71.0
68	20	68.5
68	21	63.5
68	22	56.7
68	23	56.06
68	24	55.03
69	1	1.71
69	2	1.36
69	3	1.02
69	4	0.9
69	5	3.5
69	6	0.99
69	7	3.5
69	8	3.0
69	9	3.24
69	10	2.51
69	11	2.33
69	12	1.97
69	13	1.95
69	14	1.91
69	15	1.95
69	16	2.35
69	17	12.0
69	18	18.0
69	19	20.0
69	20	7.82
69	21	8.39
69	22	1.98
69	23	7.0
69	24	6.0
70	1	98.0
70	2	84.32
70	3	81.82
70	4	87.0
70	5	87.0
70	6	82.1
70	7	133.0
70	8	499.12
70	9	1206.14
70	10	1205.86
70	11	499.12
70	12	293.0
70	13	133.0
70	14	94.88
70	15	102.46
70	16	110.64
70	17	128.0
70	18	132.31
70	19	130.01
70	20	129.0
70	21	129.0
70	22	129.0
70	23	132.0
70	24	110.0
71	1	41.89
71	2	41.45
71	3	41.35
71	4	41.35
71	5	42.42
71	6	49.03
71	7	71.09
71	8	74.29
71	9	64.97
71	10	51.06
71	11	49.15
71	12	45.13
71	13	35.58
71	14	39.6
71	15	48.1
71	16	49.32
71	17	51.09
71	18	58.83
71	19	60.0
71	20	65.55
71	21	53.0
71	22	49.88
71	23	46.11
71	24	44.96
72	1	64.38
72	2	63.22
72	3	61.1
72	4	58.96
72	5	58.82
72	6	60.88
72	7	64.23
72	8	78.0
72	9	87.0
72	10	72.79
72	11	75.0
72	12	73.0
72	13	69.0
72	14	60.26
72	15	63.1
72	16	68.65
72	17	75.78
72	18	92.06
72	19	96.78
72	20	88.21
72	21	75.71
72	22	69.78
72	23	66.2
72	24	63.07
73	1	36.44
73	2	36.49
73	3	34.73
73	4	35.22
73	5	35.48
73	6	35.32
73	7	41.01
73	8	42.8
73	9	44.31
73	10	43.78
73	11	43.01
73	12	42.51
73	13	42.52
73	14	42.67
73	15	43.45
73	16	45.06
73	17	45.65
73	18	46.09
73	19	46.18
73	20	45.87
73	21	45.49
73	22	45.71
73	23	44.89
73	24	44.79
74	1	110.0
74	2	75.0
74	3	68.0
74	4	68.0
74	5	71.0
74	6	71.0
74	7	114.0
74	8	122.44
74	9	131.14
74	10	129.89
74	11	132.0
74	12	114.0
74	13	104.0
74	14	94.5
74	15	85.63
74	16	69.56
74	17	72.47
74	18	78.77
74	19	109.25
74	20	127.0
74	21	90.0
74	22	96.5
74	23	132.0
74	24	73.0
75	1	54.5
75	2	51.0
75	3	44.94
75	4	48.66
75	5	50.74
75	6	53.13
75	7	59.39
75	8	66.05
75	9	89.02
75	10	85.25
75	11	81.35
75	12	76.22
75	13	72.63
75	14	75.44
75	15	79.56
75	16	89.1
75	17	81.53
75	18	119.56
75	19	111.96
75	20	95.73
75	21	88.24
75	22	83.64
75	23	77.93
75	24	72.83
76	1	37.97
76	2	37.92
76	3	37.62
76	4	37.5
76	5	37.73
76	6	37.93
76	7	39.11
76	8	37.81
76	9	37.97
76	10	37.14
76	11	32.5
76	12	32.5
76	13	26.22
76	14	28.76
76	15	33.71
76	16	38.03
76	17	38.82
76	18	44.96
76	19	46.99
76	20	43.95
76	21	41.32
76	22	40.63
76	23	39.98
76	24	36.58
77	1	57.5
77	2	55.0
77	3	52.0
77	4	47.26
77	5	45.21
77	6	48.35
77	7	51.3
77	8	60.0
77	9	59.0
77	10	55.64
77	11	53.25
77	12	51.45
77	13	55.0
77	14	60.0
77	15	51.29
77	16	52.8
77	17	53.42
77	18	58.03
77	19	64.51
77	20	64.5
77	21	61.5
77	22	58.75
77	23	56.8
77	24	54.51
78	1	30.7
78	2	30.9
78	3	30.89
78	4	30.78
78	5	31.23
78	6	43.5
78	7	43.5
78	8	43.5
78	9	37.0
78	10	40.0
78	11	40.0
78	12	33.08
78	13	31.18
78	14	29.88
78	15	30.81
78	16	32.85
78	17	40.0
78	18	40.0
78	19	35.54
78	20	35.51
78	21	35.23
78	22	34.29
78	23	32.28
78	24	30.06
79	1	25.0
79	2	25.0
79	3	-0.37
79	4	-0.51
79	5	-0.09
79	6	-0.01
79	7	30.0
79	8	36.0
79	9	31.5
79	10	5.06
79	11	17.02
79	12	17.02
79	13	17.0
79	14	19.0
79	15	19.0
79	16	25.44
79	17	31.21
79	18	34.97
79	19	47.0
79	20	47.0
79	21	47.0
79	22	38.4
79	23	36.81
79	24	38.4
80	1	44.0
80	2	44.0
80	3	42.0
80	4	40.0
80	5	40.0
80	6	33.0
80	7	31.58
80	8	45.0
80	9	54.0
80	10	50.0
80	11	50.0
80	12	45.0
80	13	45.0
80	14	45.0
80	15	53.0
80	16	55.0
80	17	57.0
80	18	70.0
80	19	46.0
80	20	45.0
80	21	45.0
80	22	43.0
80	23	43.0
80	24	40.0
81	1	11.04
81	2	9.07
81	3	6.76
81	4	7.54
81	5	9.13
81	6	14.19
81	7	33.0
81	8	40.94
81	9	44.99
81	10	44.88
81	11	42.43
81	12	41.48
81	13	42.11
81	14	43.76
81	15	43.77
81	16	43.6
81	17	43.84
81	18	44.55
81	19	43.77
81	20	43.59
81	21	42.64
81	22	42.56
81	23	42.07
81	24	41.61
82	1	30.7
82	2	30.9
82	3	30.89
82	4	30.78
82	5	31.23
82	6	43.5
82	7	43.5
82	8	43.5
82	9	37.0
82	10	40.0
82	11	40.0
82	12	33.08
82	13	31.18
82	14	29.88
82	15	30.81
82	16	32.85
82	17	40.0
82	18	40.0
82	19	35.54
82	20	35.51
82	21	35.23
82	22	34.29
82	23	32.28
82	24	30.06
83	1	53.97
83	2	53.52
83	3	53.48
83	4	53.43
83	5	53.49
83	6	53.92
83	7	53.95
83	8	54.61
83	9	54.69
83	10	61.0
83	11	59.0
83	12	55.0
83	13	52.0
83	14	50.0
83	15	46.28
83	16	49.14
83	17	51.7
83	18	56.58
83	19	72.83
83	20	58.98
83	21	56.03
83	22	54.99
83	23	53.22
83	24	51.85
84	1	100.0
84	2	100.0
84	3	96.0
84	4	92.0
84	5	92.0
84	6	92.0
84	7	92.0
84	8	90.0
84	9	85.0
84	10	90.0
84	11	102.0
84	12	102.0
84	13	100.0
84	14	100.0
84	15	100.0
84	16	100.0
84	17	100.0
84	18	201.11
84	19	260.0
84	20	179.0
84	21	114.0
84	22	114.0
84	23	114.0
84	24	113.0
85	1	55.83
85	2	55.65
85	3	55.51
85	4	55.05
85	5	54.96
85	6	55.68
85	7	60.12
85	8	92.67
85	9	92.81
85	10	78.3
85	11	76.0
85	12	76.0
85	13	73.0
85	14	60.0
85	15	60.0
85	16	65.0
85	17	65.0
85	18	65.0
85	19	61.0
85	20	60.5
85	21	56.13
85	22	56.81
85	23	56.05
85	24	55.18
86	1	61.0
86	2	61.0
86	3	55.5
86	4	55.5
86	5	57.0
86	6	65.0
86	7	69.0
86	8	73.777
86	9	73.0
86	10	62.85
86	11	61.9
86	12	60.44
86	13	58.9
86	14	58.92
86	15	58.72
86	16	59.95
86	17	61.61
86	18	74.0
86	19	80.0
86	20	90.0
86	21	90.0
86	22	90.0
86	23	80.0
86	24	75.0
87	1	3.32
87	2	3.45
87	3	4.09
87	4	4.72
87	5	5.25
87	6	6.25
87	7	23.27
87	8	25.07
87	9	24.06
87	10	20.36
87	11	20.44
87	12	20.25
87	13	20.14
87	14	18.17
87	15	16.31
87	16	14.0
87	17	9.61
87	18	12.0
87	19	12.0
87	20	9.01
87	21	7.89
87	22	5.59
87	23	4.48
87	24	3.49
88	1	39.72
88	2	39.56
88	3	39.37
88	4	39.28
88	5	39.54
88	6	40.12
88	7	40.19
88	8	41.01
88	9	41.97
88	10	43.0
88	11	43.0
88	12	42.63
88	13	39.23
88	14	41.25
88	15	41.0
88	16	41.24
88	17	41.17
88	18	44.1
88	19	42.33
88	20	40.97
88	21	40.49
88	22	39.64
88	23	39.47
88	24	38.97
89	1	57.44
89	2	53.44
89	3	51.39
89	4	50.32
89	5	49.37
89	6	48.92
89	7	48.0
89	8	48.97
89	9	47.28
89	10	52.0
89	11	52.0
89	12	53.0
89	13	55.0
89	14	58.0
89	15	57.5
89	16	51.78
89	17	53.63
89	18	65.59
89	19	71.38
89	20	68.4
89	21	62.64
89	22	57.81
89	23	55.59
89	24	52.44
90	1	42.82
90	2	42.34
90	3	42.49
90	4	42.5
90	5	43.39
90	6	44.34
90	7	48.1
90	8	67.21
90	9	71.77
90	10	70.18
90	11	72.32
90	12	72.19
90	13	73.34
90	14	68.65
90	15	66.22
90	16	68.69
90	17	73.15
90	18	102.41
90	19	103.47
90	20	93.16
90	21	71.74
90	22	65.81
90	23	61.08
90	24	46.31
91	1	39.0
91	2	39.0
91	3	37.0
91	4	37.0
91	5	34.5
91	6	34.0
91	7	40.5
91	8	47.0
91	9	47.0
91	10	47.0
91	11	47.0
91	12	53.0
91	13	53.0
91	14	53.0
91	15	55.5
91	16	60.5
91	17	60.5
91	18	60.5
91	19	53.0
91	20	50.0
91	21	49.0
91	22	48.0
91	23	48.0
91	24	45.5
92	1	57.92
92	2	56.39
92	3	54.28
92	4	51.78
92	5	50.88
92	6	51.99
92	7	52.83
92	8	55.97
92	9	56.97
92	10	68.5
92	11	75.5
92	12	77.0
92	13	77.5
92	14	77.5
92	15	70.0
92	16	70.0
92	17	68.04
92	18	76.07
92	19	92.5
92	20	92.5
92	21	92.5
92	22	79.0
92	23	85.0
92	24	80.5
93	1	51.41
93	2	49.99
93	3	50.3
93	4	51.36
93	5	52.88
93	6	53.76
93	7	54.14
93	8	55.6
93	9	58.93
93	10	61.33
93	11	60.09
93	12	58.81
93	13	56.45
93	14	54.76
93	15	56.45
93	16	59.07
93	17	59.78
93	18	63.69
93	19	102.3
93	20	86.65
93	21	77.59
93	22	67.01
93	23	61.19
93	24	59.11
94	1	50.35
94	2	49.95
94	3	46.02
94	4	28.85
94	5	18.6
94	6	20.63
94	7	48.88
94	8	59.84
94	9	62.97
94	10	61.14
94	11	62.92
94	12	61.45
94	13	59.82
94	14	58.54
94	15	60.09
94	16	61.39
94	17	61.78
94	18	63.69
94	19	62.85
94	20	61.83
94	21	61.38
94	22	60.22
94	23	57.56
94	24	52.01
95	1	11.55
95	2	12.3
95	3	11.84
95	4	26.23
95	5	27.05
95	6	28.41
95	7	31.72
95	8	144.0
95	9	142.0
95	10	80.34
95	11	40.23
95	12	36.47
95	13	35.91
95	14	55.0
95	15	50.5
95	16	50.5
95	17	43.97
95	18	72.65
95	19	60.41
95	20	90.2
95	21	54.19
95	22	38.95
95	23	35.43
95	24	29.33
96	1	103.47
96	2	95.0
96	3	94.33
96	4	93.0
96	5	92.7
96	6	86.5
96	7	86.5
96	8	87.43
96	9	90.87
96	10	94.98
96	11	100.41
96	12	105.0
96	13	104.0
96	14	98.0
96	15	96.0
96	16	98.5
96	17	110.0
96	18	120.0
96	19	119.0
96	20	119.0
96	21	104.0
96	22	92.0
96	23	89.34
96	24	82.8
97	1	58.0
97	2	60.0
97	3	55.0
97	4	54.75
97	5	54.79
97	6	55.06
97	7	54.93
97	8	54.25
97	9	51.4
97	10	49.7
97	11	48.15
97	12	47.28
97	13	45.98
97	14	48.91
97	15	51.65
97	16	54.32
97	17	65.5
97	18	74.0
97	19	92.0
97	20	85.56
97	21	61.02
97	22	60.0
97	23	63.0
97	24	63.0
98	1	7.0
98	2	7.0
98	3	7.0
98	4	1.0
98	5	1.0
98	6	1.0
98	7	1.0
98	8	3.75
98	9	4.45
98	10	4.92
98	11	5.0
98	12	4.94
98	13	4.38
98	14	4.47
98	15	4.58
98	16	4.51
98	17	4.8
98	18	7.0
98	19	10.96
98	20	10.2
98	21	6.71
98	22	4.78
98	23	17.67
98	24	16.42
99	1	26.0
99	2	26.0
99	3	25.5
99	4	21.45
99	5	22.32
99	6	26.5
99	7	36.0
99	8	38.5
99	9	42.0
99	10	46.0
99	11	46.0
99	12	43.0
99	13	39.43
99	14	41.66
99	15	59.0
99	16	70.0
99	17	64.0
99	18	85.87
99	19	61.42
99	20	56.52
99	21	69.53
99	22	55.0
99	23	48.0
99	24	44.0
100	1	60.5
100	2	60.5
100	3	60.5
100	4	60.5
100	5	60.5
100	6	60.0
100	7	58.0
100	8	73.0
100	9	73.0
100	10	68.0
100	11	62.0
100	12	60.5
100	13	60.5
100	14	61.0
100	15	61.0
100	16	46.49
100	17	48.8
100	18	48.74
100	19	44.18
100	20	43.62
100	21	42.71
100	22	42.39
100	23	42.27
100	24	41.25
101	1	28.85
101	2	28.58
101	3	28.47
101	4	29.21
101	5	28.6
101	6	29.08
101	7	30.29
101	8	46.0
101	9	48.0
101	10	48.0
101	11	47.0
101	12	45.0
101	13	45.0
101	14	34.36
101	15	33.16
101	16	46.0
101	17	46.0
101	18	32.48
101	19	48.0
101	20	45.5
101	21	32.58
101	22	44.0
101	23	44.0
101	24	30.32
102	1	40.0
102	2	40.0
102	3	31.96
102	4	31.8
102	5	32.42
102	6	32.23
102	7	32.11
102	8	35.02
102	9	37.8
102	10	39.64
102	11	40.67
102	12	40.54
102	13	40.36
102	14	40.32
102	15	40.32
102	16	40.44
102	17	41.05
102	18	41.75
102	19	41.18
102	20	40.44
102	21	40.03
102	22	39.26
102	23	39.23
102	24	39.56
103	1	64.02
103	2	62.77
103	3	62.17
103	4	62.74
103	5	64.92
103	6	68.58
103	7	83.5
103	8	106.0
103	9	107.0
103	10	87.0
103	11	73.39
103	12	69.67
103	13	67.32
103	14	67.21
103	15	68.38
103	16	69.96
103	17	77.24
103	18	96.9
103	19	115.87
103	20	115.55
103	21	91.0
103	22	77.67
103	23	77.2
103	24	70.5
104	1	64.38
104	2	63.22
104	3	61.1
104	4	58.96
104	5	58.82
104	6	60.88
104	7	64.23
104	8	78.0
104	9	87.0
104	10	72.79
104	11	75.0
104	12	73.0
104	13	69.0
104	14	60.26
104	15	63.1
104	16	68.65
104	17	75.78
104	18	92.06
104	19	96.78
104	20	88.21
104	21	75.71
104	22	69.78
104	23	66.2
104	24	63.07
105	1	59.92
105	2	59.36
105	3	58.55
105	4	58.4
105	5	59.51
105	6	61.07
105	7	61.9
105	8	79.04
105	9	80.1
105	10	76.17
105	11	72.03
105	12	67.79
105	13	67.41
105	14	67.5
105	15	67.75
105	16	72.88
105	17	76.45
105	18	82.01
105	19	82.01
105	20	72.55
105	21	66.73
105	22	61.29
105	23	63.0
105	24	58.01
106	1	1.71
106	2	1.36
106	3	1.02
106	4	0.9
106	5	3.5
106	6	0.99
106	7	3.5
106	8	3.0
106	9	3.24
106	10	2.51
106	11	2.33
106	12	1.97
106	13	1.95
106	14	1.91
106	15	1.95
106	16	2.35
106	17	12.0
106	18	18.0
106	19	20.0
106	20	7.82
106	21	8.39
106	22	1.98
106	23	7.0
106	24	6.0
107	1	103.47
107	2	95.0
107	3	94.33
107	4	93.0
107	5	92.7
107	6	86.5
107	7	86.5
107	8	87.43
107	9	90.87
107	10	94.98
107	11	100.41
107	12	105.0
107	13	104.0
107	14	98.0
107	15	96.0
107	16	98.5
107	17	110.0
107	18	120.0
107	19	119.0
107	20	119.0
107	21	104.0
107	22	92.0
107	23	89.34
107	24	82.8
108	1	49.32
108	2	47.97
108	3	46.94
108	4	45.26
108	5	45.51
108	6	47.82
108	7	51.73
108	8	58.0
108	9	61.0
108	10	61.0
108	11	57.0
108	12	48.54
108	13	47.4
108	14	47.54
108	15	49.33
108	16	51.53
108	17	53.31
108	18	55.61
108	19	56.79
108	20	55.54
108	21	54.27
108	22	53.25
108	23	51.66
108	24	50.75
109	1	49.0
109	2	41.11
109	3	40.78
109	4	40.78
109	5	41.25
109	6	44.78
109	7	62.0
109	8	64.0
109	9	120.0
109	10	90.3
109	11	75.53
109	12	71.37
109	13	67.58
109	14	101.24
109	15	180.0
109	16	200.0
109	17	75.0
109	18	75.9
109	19	144.25
109	20	136.33
109	21	114.54
109	22	104.53
109	23	103.66
109	24	95.77
110	1	53.79
110	2	53.87
110	3	53.87
110	4	24.48
110	5	36.0
110	6	36.0
110	7	40.11
110	8	44.0
110	9	44.0
110	10	44.0
110	11	48.0
110	12	52.51
110	13	60.0
110	14	60.0
110	15	71.0
110	16	71.0
110	17	71.0
110	18	73.0
110	19	73.0
110	20	70.0
110	21	62.15
110	22	58.27
110	23	52.58
110	24	44.03
111	1	60.7
111	2	60.49
111	3	60.67
111	4	62.51
111	5	64.88
111	6	74.18
111	7	85.46
111	8	110.57
111	9	96.79
111	10	75.19
111	11	68.02
111	12	65.5
111	13	63.0
111	14	61.26
111	15	62.65
111	16	71.52
111	17	76.96
111	18	101.96
111	19	160.12
111	20	142.56
111	21	99.55
111	22	68.97
111	23	72.73
111	24	68.95
112	1	61.0
112	2	61.0
112	3	55.5
112	4	55.5
112	5	57.0
112	6	65.0
112	7	69.0
112	8	73.777
112	9	73.0
112	10	62.85
112	11	61.9
112	12	60.44
112	13	58.9
112	14	58.92
112	15	58.72
112	16	59.95
112	17	61.61
112	18	74.0
112	19	80.0
112	20	90.0
112	21	90.0
112	22	90.0
112	23	80.0
112	24	75.0
