Node	Time	EnergyCarrier	ReferenceDemand
3	1	Electricity	344.86115476278917
3	2	Electricity	352.39992356219466
3	3	Electricity	359.55623332966525
3	4	Electricity	355.17867936528705
3	5	Electricity	345.8497240047145
3	6	Electricity	341.13622516706204
3	7	Electricity	344.42958136823626
3	8	Electricity	354.89035578683075
3	9	Electricity	348.47427174792745
3	10	Electricity	351.7603555718902
3	11	Electricity	351.9897559152062
3	12	Electricity	355.3774779137286
3	13	Electricity	350.5229918012504
3	14	Electricity	370.9223067802063
3	15	Electricity	357.80429739701776
3	16	Electricity	361.030749438935
3	17	Electricity	345.89721432416434
3	18	Electricity	352.85005306809234
3	19	Electricity	354.90049452274076
3	20	Electricity	351.66158108120766
3	21	Electricity	342.59955834725406
3	22	Electricity	345.2041974630126
3	23	Electricity	346.9657060902499
3	24	Electricity	347.0366304132557
3	1	LT	0.35632226346416584
3	2	LT	0.4008625463971865
3	3	LT	0.4008625463971865
3	4	LT	0.4008625463971865
3	5	LT	0.4008625463971865
3	6	LT	0.5166672820230405
3	7	LT	0.5968397913024778
3	8	LT	0.5968397913024778
3	9	LT	0.5968397913024778
3	10	LT	0.6413800742354985
3	11	LT	0.6948284137551233
3	12	LT	0.801725092794373
3	13	LT	0.801725092794373
3	14	LT	0.801725092794373
3	15	LT	0.801725092794373
3	16	LT	0.801725092794373
3	17	LT	0.801725092794373
3	18	LT	0.801725092794373
3	19	LT	0.801725092794373
3	20	LT	0.6681042439953109
3	21	LT	0.5344833951962488
3	22	LT	0.4008625463971865
3	23	LT	0.4008625463971865
3	24	LT	0.4008625463971865
3	1	MT	0.35632226346416584
3	2	MT	0.4008625463971865
3	3	MT	0.4008625463971865
3	4	MT	0.4008625463971865
3	5	MT	0.4008625463971865
3	6	MT	0.5166672820230405
3	7	MT	0.5968397913024778
3	8	MT	0.5968397913024778
3	9	MT	0.5968397913024778
3	10	MT	0.6413800742354985
3	11	MT	0.6948284137551233
3	12	MT	0.801725092794373
3	13	MT	0.801725092794373
3	14	MT	0.801725092794373
3	15	MT	0.801725092794373
3	16	MT	0.801725092794373
3	17	MT	0.801725092794373
3	18	MT	0.801725092794373
3	19	MT	0.801725092794373
3	20	MT	0.6681042439953109
3	21	MT	0.5344833951962488
3	22	MT	0.4008625463971865
3	23	MT	0.4008625463971865
3	24	MT	0.4008625463971865
3	1	H2	0.0
3	2	H2	0.0
3	3	H2	0.0
3	4	H2	0.0
3	5	H2	0.0
3	6	H2	0.0
3	7	H2	0.0
3	8	H2	0.0
3	9	H2	0.0
3	10	H2	0.0
3	11	H2	0.0
3	12	H2	0.0
3	13	H2	0.0
3	14	H2	0.0
3	15	H2	0.0
3	16	H2	0.0
3	17	H2	0.0
3	18	H2	0.0
3	19	H2	0.0
3	20	H2	0.0
3	21	H2	0.0
3	22	H2	0.0
3	23	H2	0.0
3	24	H2	0.0
3	1	CH4	13.899673094607003
3	2	CH4	15.637132231432874
3	3	CH4	15.637132231432874
3	4	CH4	15.637132231432874
3	5	CH4	15.637132231432874
3	6	CH4	20.154525987180154
3	7	CH4	23.281952433466728
3	8	CH4	23.281952433466728
3	9	CH4	23.281952433466728
3	10	CH4	25.0194115702926
3	11	CH4	27.104362534483652
3	12	CH4	31.274264462865748
3	13	CH4	31.274264462865748
3	14	CH4	31.274264462865748
3	15	CH4	31.274264462865748
3	16	CH4	31.274264462865748
3	17	CH4	31.274264462865748
3	18	CH4	31.274264462865748
3	19	CH4	31.274264462865748
3	20	CH4	26.061887052388126
3	21	CH4	20.849509641910505
3	22	CH4	15.637132231432874
3	23	CH4	15.637132231432874
3	24	CH4	15.637132231432874
3	1	Biogas	0.0
3	2	Biogas	0.0
3	3	Biogas	0.0
3	4	Biogas	0.0
3	5	Biogas	0.0
3	6	Biogas	0.0
3	7	Biogas	0.0
3	8	Biogas	0.0
3	9	Biogas	0.0
3	10	Biogas	0.0
3	11	Biogas	0.0
3	12	Biogas	0.0
3	13	Biogas	0.0
3	14	Biogas	0.0
3	15	Biogas	0.0
3	16	Biogas	0.0
3	17	Biogas	0.0
3	18	Biogas	0.0
3	19	Biogas	0.0
3	20	Biogas	0.0
3	21	Biogas	0.0
3	22	Biogas	0.0
3	23	Biogas	0.0
3	24	Biogas	0.0
3	1	CH4_H2_Mix	0.0
3	2	CH4_H2_Mix	0.0
3	3	CH4_H2_Mix	0.0
3	4	CH4_H2_Mix	0.0
3	5	CH4_H2_Mix	0.0
3	6	CH4_H2_Mix	0.0
3	7	CH4_H2_Mix	0.0
3	8	CH4_H2_Mix	0.0
3	9	CH4_H2_Mix	0.0
3	10	CH4_H2_Mix	0.0
3	11	CH4_H2_Mix	0.0
3	12	CH4_H2_Mix	0.0
3	13	CH4_H2_Mix	0.0
3	14	CH4_H2_Mix	0.0
3	15	CH4_H2_Mix	0.0
3	16	CH4_H2_Mix	0.0
3	17	CH4_H2_Mix	0.0
3	18	CH4_H2_Mix	0.0
3	19	CH4_H2_Mix	0.0
3	20	CH4_H2_Mix	0.0
3	21	CH4_H2_Mix	0.0
3	22	CH4_H2_Mix	0.0
3	23	CH4_H2_Mix	0.0
3	24	CH4_H2_Mix	0.0
3	1	DummyFuel	0.0
3	2	DummyFuel	0.0
3	3	DummyFuel	0.0
3	4	DummyFuel	0.0
3	5	DummyFuel	0.0
3	6	DummyFuel	0.0
3	7	DummyFuel	0.0
3	8	DummyFuel	0.0
3	9	DummyFuel	0.0
3	10	DummyFuel	0.0
3	11	DummyFuel	0.0
3	12	DummyFuel	0.0
3	13	DummyFuel	0.0
3	14	DummyFuel	0.0
3	15	DummyFuel	0.0
3	16	DummyFuel	0.0
3	17	DummyFuel	0.0
3	18	DummyFuel	0.0
3	19	DummyFuel	0.0
3	20	DummyFuel	0.0
3	21	DummyFuel	0.0
3	22	DummyFuel	0.0
3	23	DummyFuel	0.0
3	24	DummyFuel	0.0
4	1	Electricity	356.28697030272997
4	2	Electricity	365.86783315207737
4	3	Electricity	351.2317916961286
4	4	Electricity	342.32220548386016
4	5	Electricity	368.2247065286218
4	6	Electricity	352.2943099602225
4	7	Electricity	342.3272217719854
4	8	Electricity	352.3221516667415
4	9	Electricity	350.8035082756604
4	10	Electricity	360.16822400696566
4	11	Electricity	358.9399659804136
4	12	Electricity	348.52283630794284
4	13	Electricity	354.8709427854582
4	14	Electricity	340.02638679576387
4	15	Electricity	355.75833879770266
4	16	Electricity	349.5904400968107
4	17	Electricity	361.06143371699613
4	18	Electricity	352.1284787177461
4	19	Electricity	353.3419878849871
4	20	Electricity	350.2987776463288
4	21	Electricity	346.89593374386067
4	22	Electricity	353.304424189686
4	23	Electricity	349.7913187847417
4	24	Electricity	351.52609203903023
4	1	LT	0.23147121706188445
4	2	LT	0.26040511919462
4	3	LT	0.26040511919462
4	4	LT	0.26040511919462
4	5	LT	0.26040511919462
4	6	LT	0.33563326473973243
4	7	LT	0.3877142885786565
4	8	LT	0.3877142885786565
4	9	LT	0.3877142885786565
4	10	LT	0.41664819071139203
4	11	LT	0.45136887327067465
4	12	LT	0.52081023838924
4	13	LT	0.52081023838924
4	14	LT	0.52081023838924
4	15	LT	0.52081023838924
4	16	LT	0.52081023838924
4	17	LT	0.52081023838924
4	18	LT	0.52081023838924
4	19	LT	0.52081023838924
4	20	LT	0.43400853199103334
4	21	LT	0.3472068255928267
4	22	LT	0.26040511919462
4	23	LT	0.26040511919462
4	24	LT	0.26040511919462
4	1	MT	0.23147121706188445
4	2	MT	0.26040511919462
4	3	MT	0.26040511919462
4	4	MT	0.26040511919462
4	5	MT	0.26040511919462
4	6	MT	0.33563326473973243
4	7	MT	0.3877142885786565
4	8	MT	0.3877142885786565
4	9	MT	0.3877142885786565
4	10	MT	0.41664819071139203
4	11	MT	0.45136887327067465
4	12	MT	0.52081023838924
4	13	MT	0.52081023838924
4	14	MT	0.52081023838924
4	15	MT	0.52081023838924
4	16	MT	0.52081023838924
4	17	MT	0.52081023838924
4	18	MT	0.52081023838924
4	19	MT	0.52081023838924
4	20	MT	0.43400853199103334
4	21	MT	0.3472068255928267
4	22	MT	0.26040511919462
4	23	MT	0.26040511919462
4	24	MT	0.26040511919462
4	1	H2	0.0
4	2	H2	0.0
4	3	H2	0.0
4	4	H2	0.0
4	5	H2	0.0
4	6	H2	0.0
4	7	H2	0.0
4	8	H2	0.0
4	9	H2	0.0
4	10	H2	0.0
4	11	H2	0.0
4	12	H2	0.0
4	13	H2	0.0
4	14	H2	0.0
4	15	H2	0.0
4	16	H2	0.0
4	17	H2	0.0
4	18	H2	0.0
4	19	H2	0.0
4	20	H2	0.0
4	21	H2	0.0
4	22	H2	0.0
4	23	H2	0.0
4	24	H2	0.0
4	1	CH4	12.994622238235976
4	2	CH4	14.618950018015472
4	3	CH4	14.618950018015472
4	4	CH4	14.618950018015472
4	5	CH4	14.618950018015472
4	6	CH4	18.842202245442163
4	7	CH4	21.765992249045265
4	8	CH4	21.765992249045265
4	9	CH4	21.765992249045265
4	10	CH4	23.390320028824757
4	11	CH4	25.339513364560155
4	12	CH4	29.237900036030943
4	13	CH4	29.237900036030943
4	14	CH4	29.237900036030943
4	15	CH4	29.237900036030943
4	16	CH4	29.237900036030943
4	17	CH4	29.237900036030943
4	18	CH4	29.237900036030943
4	19	CH4	29.237900036030943
4	20	CH4	24.36491669669246
4	21	CH4	19.491933357353965
4	22	CH4	14.618950018015472
4	23	CH4	14.618950018015472
4	24	CH4	14.618950018015472
4	1	Biogas	0.0
4	2	Biogas	0.0
4	3	Biogas	0.0
4	4	Biogas	0.0
4	5	Biogas	0.0
4	6	Biogas	0.0
4	7	Biogas	0.0
4	8	Biogas	0.0
4	9	Biogas	0.0
4	10	Biogas	0.0
4	11	Biogas	0.0
4	12	Biogas	0.0
4	13	Biogas	0.0
4	14	Biogas	0.0
4	15	Biogas	0.0
4	16	Biogas	0.0
4	17	Biogas	0.0
4	18	Biogas	0.0
4	19	Biogas	0.0
4	20	Biogas	0.0
4	21	Biogas	0.0
4	22	Biogas	0.0
4	23	Biogas	0.0
4	24	Biogas	0.0
4	1	CH4_H2_Mix	0.0
4	2	CH4_H2_Mix	0.0
4	3	CH4_H2_Mix	0.0
4	4	CH4_H2_Mix	0.0
4	5	CH4_H2_Mix	0.0
4	6	CH4_H2_Mix	0.0
4	7	CH4_H2_Mix	0.0
4	8	CH4_H2_Mix	0.0
4	9	CH4_H2_Mix	0.0
4	10	CH4_H2_Mix	0.0
4	11	CH4_H2_Mix	0.0
4	12	CH4_H2_Mix	0.0
4	13	CH4_H2_Mix	0.0
4	14	CH4_H2_Mix	0.0
4	15	CH4_H2_Mix	0.0
4	16	CH4_H2_Mix	0.0
4	17	CH4_H2_Mix	0.0
4	18	CH4_H2_Mix	0.0
4	19	CH4_H2_Mix	0.0
4	20	CH4_H2_Mix	0.0
4	21	CH4_H2_Mix	0.0
4	22	CH4_H2_Mix	0.0
4	23	CH4_H2_Mix	0.0
4	24	CH4_H2_Mix	0.0
4	1	DummyFuel	0.0
4	2	DummyFuel	0.0
4	3	DummyFuel	0.0
4	4	DummyFuel	0.0
4	5	DummyFuel	0.0
4	6	DummyFuel	0.0
4	7	DummyFuel	0.0
4	8	DummyFuel	0.0
4	9	DummyFuel	0.0
4	10	DummyFuel	0.0
4	11	DummyFuel	0.0
4	12	DummyFuel	0.0
4	13	DummyFuel	0.0
4	14	DummyFuel	0.0
4	15	DummyFuel	0.0
4	16	DummyFuel	0.0
4	17	DummyFuel	0.0
4	18	DummyFuel	0.0
4	19	DummyFuel	0.0
4	20	DummyFuel	0.0
4	21	DummyFuel	0.0
4	22	DummyFuel	0.0
4	23	DummyFuel	0.0
4	24	DummyFuel	0.0
5	1	Electricity	350.4563350298046
5	2	Electricity	357.9590249133785
5	3	Electricity	344.9438042992857
5	4	Electricity	344.42436603666783
5	5	Electricity	366.170646823057
5	6	Electricity	359.524497088161
5	7	Electricity	354.21231346630435
5	8	Electricity	360.3812337627886
5	9	Electricity	361.118322546849
5	10	Electricity	358.5624999517284
5	11	Electricity	350.9490908634893
5	12	Electricity	346.555756694566
5	13	Electricity	349.53955862650395
5	14	Electricity	346.32653514336715
5	15	Electricity	342.65633421861764
5	16	Electricity	345.28452041500964
5	17	Electricity	363.5948349638633
5	18	Electricity	354.4328826371427
5	19	Electricity	352.6238288490686
5	20	Electricity	357.09056692129144
5	21	Electricity	351.5193403660809
5	22	Electricity	353.6040568635675
5	23	Electricity	357.8513369700339
5	24	Electricity	346.5249140498491
5	1	LT	2.2020376147652527
5	2	LT	2.2020376147652527
5	3	LT	2.2020376147652527
5	4	LT	2.2020376147652527
5	5	LT	2.2020376147652527
5	6	LT	2.838181814586326
5	7	LT	3.2785893375393775
5	8	LT	3.2785893375393775
5	9	LT	3.2785893375393775
5	10	LT	3.523260183624405
5	11	LT	3.8168651989264393
5	12	LT	4.4040752295305055
5	13	LT	4.4040752295305055
5	14	LT	4.4040752295305055
5	15	LT	4.4040752295305055
5	16	LT	4.4040752295305055
5	17	LT	4.4040752295305055
5	18	LT	4.4040752295305055
5	19	LT	4.4040752295305055
5	20	LT	3.670062691275422
5	21	LT	2.936050153020338
5	22	LT	2.2020376147652527
5	23	LT	2.2020376147652527
5	24	LT	2.2020376147652527
5	1	MT	2.2020376147652527
5	2	MT	2.2020376147652527
5	3	MT	2.2020376147652527
5	4	MT	2.2020376147652527
5	5	MT	2.2020376147652527
5	6	MT	2.838181814586326
5	7	MT	3.2785893375393775
5	8	MT	3.2785893375393775
5	9	MT	3.2785893375393775
5	10	MT	3.523260183624405
5	11	MT	3.8168651989264393
5	12	MT	4.4040752295305055
5	13	MT	4.4040752295305055
5	14	MT	4.4040752295305055
5	15	MT	4.4040752295305055
5	16	MT	4.4040752295305055
5	17	MT	4.4040752295305055
5	18	MT	4.4040752295305055
5	19	MT	4.4040752295305055
5	20	MT	3.670062691275422
5	21	MT	2.936050153020338
5	22	MT	2.2020376147652527
5	23	MT	2.2020376147652527
5	24	MT	2.2020376147652527
5	1	H2	0.0
5	2	H2	0.0
5	3	H2	0.0
5	4	H2	0.0
5	5	H2	0.0
5	6	H2	0.0
5	7	H2	0.0
5	8	H2	0.0
5	9	H2	0.0
5	10	H2	0.0
5	11	H2	0.0
5	12	H2	0.0
5	13	H2	0.0
5	14	H2	0.0
5	15	H2	0.0
5	16	H2	0.0
5	17	H2	0.0
5	18	H2	0.0
5	19	H2	0.0
5	20	H2	0.0
5	21	H2	0.0
5	22	H2	0.0
5	23	H2	0.0
5	24	H2	0.0
5	1	CH4	21.26118359223465
5	2	CH4	21.26118359223465
5	3	CH4	21.26118359223465
5	4	CH4	21.26118359223465
5	5	CH4	21.26118359223465
5	6	CH4	27.403303296657988
5	7	CH4	31.65554001510493
5	8	CH4	31.65554001510493
5	9	CH4	31.65554001510493
5	10	CH4	34.01789374757544
5	11	CH4	36.85271822654006
5	12	CH4	42.5223671844693
5	13	CH4	42.5223671844693
5	14	CH4	42.5223671844693
5	15	CH4	42.5223671844693
5	16	CH4	42.5223671844693
5	17	CH4	42.5223671844693
5	18	CH4	42.5223671844693
5	19	CH4	42.5223671844693
5	20	CH4	35.43530598705776
5	21	CH4	28.348244789646206
5	22	CH4	21.26118359223465
5	23	CH4	21.26118359223465
5	24	CH4	21.26118359223465
5	1	Biogas	0.0
5	2	Biogas	0.0
5	3	Biogas	0.0
5	4	Biogas	0.0
5	5	Biogas	0.0
5	6	Biogas	0.0
5	7	Biogas	0.0
5	8	Biogas	0.0
5	9	Biogas	0.0
5	10	Biogas	0.0
5	11	Biogas	0.0
5	12	Biogas	0.0
5	13	Biogas	0.0
5	14	Biogas	0.0
5	15	Biogas	0.0
5	16	Biogas	0.0
5	17	Biogas	0.0
5	18	Biogas	0.0
5	19	Biogas	0.0
5	20	Biogas	0.0
5	21	Biogas	0.0
5	22	Biogas	0.0
5	23	Biogas	0.0
5	24	Biogas	0.0
5	1	CH4_H2_Mix	0.0
5	2	CH4_H2_Mix	0.0
5	3	CH4_H2_Mix	0.0
5	4	CH4_H2_Mix	0.0
5	5	CH4_H2_Mix	0.0
5	6	CH4_H2_Mix	0.0
5	7	CH4_H2_Mix	0.0
5	8	CH4_H2_Mix	0.0
5	9	CH4_H2_Mix	0.0
5	10	CH4_H2_Mix	0.0
5	11	CH4_H2_Mix	0.0
5	12	CH4_H2_Mix	0.0
5	13	CH4_H2_Mix	0.0
5	14	CH4_H2_Mix	0.0
5	15	CH4_H2_Mix	0.0
5	16	CH4_H2_Mix	0.0
5	17	CH4_H2_Mix	0.0
5	18	CH4_H2_Mix	0.0
5	19	CH4_H2_Mix	0.0
5	20	CH4_H2_Mix	0.0
5	21	CH4_H2_Mix	0.0
5	22	CH4_H2_Mix	0.0
5	23	CH4_H2_Mix	0.0
5	24	CH4_H2_Mix	0.0
5	1	DummyFuel	0.0
5	2	DummyFuel	0.0
5	3	DummyFuel	0.0
5	4	DummyFuel	0.0
5	5	DummyFuel	0.0
5	6	DummyFuel	0.0
5	7	DummyFuel	0.0
5	8	DummyFuel	0.0
5	9	DummyFuel	0.0
5	10	DummyFuel	0.0
5	11	DummyFuel	0.0
5	12	DummyFuel	0.0
5	13	DummyFuel	0.0
5	14	DummyFuel	0.0
5	15	DummyFuel	0.0
5	16	DummyFuel	0.0
5	17	DummyFuel	0.0
5	18	DummyFuel	0.0
5	19	DummyFuel	0.0
5	20	DummyFuel	0.0
5	21	DummyFuel	0.0
5	22	DummyFuel	0.0
5	23	DummyFuel	0.0
5	24	DummyFuel	0.0
6	1	Electricity	353.7571079930233
6	2	Electricity	358.37189605133676
6	3	Electricity	347.61563974003303
6	4	Electricity	349.39527380430263
6	5	Electricity	339.1206952660212
6	6	Electricity	337.5807275749373
6	7	Electricity	355.82430741281695
6	8	Electricity	350.227753907815
6	9	Electricity	351.97489606264014
6	10	Electricity	347.5780011079219
6	11	Electricity	356.54632119805603
6	12	Electricity	346.6545837743051
6	13	Electricity	339.58530677325354
6	14	Electricity	346.11320774916487
6	15	Electricity	345.76811391630497
6	16	Electricity	341.3388743809047
6	17	Electricity	348.32769847216775
6	18	Electricity	359.03107616822587
6	19	Electricity	334.262472669463
6	20	Electricity	345.2564520356868
6	21	Electricity	358.7196477069029
6	22	Electricity	364.8634444256947
6	23	Electricity	352.44510233765084
6	24	Electricity	369.32290205921265
6	1	LT	1.4130002096251926
6	2	LT	1.6409034692421591
6	3	LT	1.6409034692421591
6	4	LT	1.6409034692421591
6	5	LT	1.6409034692421591
6	6	LT	2.051129336552699
6	7	LT	2.4157745519398452
6	8	LT	2.871581071173779
6	9	LT	2.871581071173779
6	10	LT	2.871581071173779
6	11	LT	2.871581071173779
6	12	LT	2.871581071173779
6	13	LT	2.871581071173779
6	14	LT	2.871581071173779
6	15	LT	2.871581071173779
6	16	LT	2.552516507710026
6	17	LT	2.5069358557866326
6	18	LT	2.142290640399486
6	19	LT	2.0055486846293062
6	20	LT	1.6864841211655528
6	21	LT	1.4130002096251926
6	22	LT	1.2306776019316195
6	23	LT	1.2306776019316195
6	24	LT	1.2306776019316195
6	1	MT	1.4130002096251926
6	2	MT	1.6409034692421591
6	3	MT	1.6409034692421591
6	4	MT	1.6409034692421591
6	5	MT	1.6409034692421591
6	6	MT	2.051129336552699
6	7	MT	2.4157745519398452
6	8	MT	2.871581071173779
6	9	MT	2.871581071173779
6	10	MT	2.871581071173779
6	11	MT	2.871581071173779
6	12	MT	2.871581071173779
6	13	MT	2.871581071173779
6	14	MT	2.871581071173779
6	15	MT	2.871581071173779
6	16	MT	2.552516507710026
6	17	MT	2.5069358557866326
6	18	MT	2.142290640399486
6	19	MT	2.0055486846293062
6	20	MT	1.6864841211655528
6	21	MT	1.4130002096251926
6	22	MT	1.2306776019316195
6	23	MT	1.2306776019316195
6	24	MT	1.2306776019316195
6	1	H2	0.0
6	2	H2	0.0
6	3	H2	0.0
6	4	H2	0.0
6	5	H2	0.0
6	6	H2	0.0
6	7	H2	0.0
6	8	H2	0.0
6	9	H2	0.0
6	10	H2	0.0
6	11	H2	0.0
6	12	H2	0.0
6	13	H2	0.0
6	14	H2	0.0
6	15	H2	0.0
6	16	H2	0.0
6	17	H2	0.0
6	18	H2	0.0
6	19	H2	0.0
6	20	H2	0.0
6	21	H2	0.0
6	22	H2	0.0
6	23	H2	0.0
6	24	H2	0.0
6	1	CH4	15.882684975545043
6	2	CH4	18.444408358697473
6	3	CH4	18.444408358697473
6	4	CH4	18.444408358697473
6	5	CH4	18.444408358697473
6	6	CH4	23.055510448371837
6	7	CH4	27.154267861415725
6	8	CH4	32.27771462772058
6	9	CH4	32.27771462772058
6	10	CH4	32.27771462772058
6	11	CH4	32.27771462772058
6	12	CH4	32.27771462772058
6	13	CH4	32.27771462772058
6	14	CH4	32.27771462772058
6	15	CH4	32.27771462772058
6	16	CH4	28.691301891307184
6	17	CH4	28.178957214676693
6	18	CH4	24.080199801632812
6	19	CH4	22.543165771741357
6	20	CH4	18.95675303532796
6	21	CH4	15.882684975545043
6	22	CH4	13.833306269023105
6	23	CH4	13.833306269023105
6	24	CH4	13.833306269023105
6	1	Biogas	0.0
6	2	Biogas	0.0
6	3	Biogas	0.0
6	4	Biogas	0.0
6	5	Biogas	0.0
6	6	Biogas	0.0
6	7	Biogas	0.0
6	8	Biogas	0.0
6	9	Biogas	0.0
6	10	Biogas	0.0
6	11	Biogas	0.0
6	12	Biogas	0.0
6	13	Biogas	0.0
6	14	Biogas	0.0
6	15	Biogas	0.0
6	16	Biogas	0.0
6	17	Biogas	0.0
6	18	Biogas	0.0
6	19	Biogas	0.0
6	20	Biogas	0.0
6	21	Biogas	0.0
6	22	Biogas	0.0
6	23	Biogas	0.0
6	24	Biogas	0.0
6	1	CH4_H2_Mix	0.0
6	2	CH4_H2_Mix	0.0
6	3	CH4_H2_Mix	0.0
6	4	CH4_H2_Mix	0.0
6	5	CH4_H2_Mix	0.0
6	6	CH4_H2_Mix	0.0
6	7	CH4_H2_Mix	0.0
6	8	CH4_H2_Mix	0.0
6	9	CH4_H2_Mix	0.0
6	10	CH4_H2_Mix	0.0
6	11	CH4_H2_Mix	0.0
6	12	CH4_H2_Mix	0.0
6	13	CH4_H2_Mix	0.0
6	14	CH4_H2_Mix	0.0
6	15	CH4_H2_Mix	0.0
6	16	CH4_H2_Mix	0.0
6	17	CH4_H2_Mix	0.0
6	18	CH4_H2_Mix	0.0
6	19	CH4_H2_Mix	0.0
6	20	CH4_H2_Mix	0.0
6	21	CH4_H2_Mix	0.0
6	22	CH4_H2_Mix	0.0
6	23	CH4_H2_Mix	0.0
6	24	CH4_H2_Mix	0.0
6	1	DummyFuel	0.0
6	2	DummyFuel	0.0
6	3	DummyFuel	0.0
6	4	DummyFuel	0.0
6	5	DummyFuel	0.0
6	6	DummyFuel	0.0
6	7	DummyFuel	0.0
6	8	DummyFuel	0.0
6	9	DummyFuel	0.0
6	10	DummyFuel	0.0
6	11	DummyFuel	0.0
6	12	DummyFuel	0.0
6	13	DummyFuel	0.0
6	14	DummyFuel	0.0
6	15	DummyFuel	0.0
6	16	DummyFuel	0.0
6	17	DummyFuel	0.0
6	18	DummyFuel	0.0
6	19	DummyFuel	0.0
6	20	DummyFuel	0.0
6	21	DummyFuel	0.0
6	22	DummyFuel	0.0
6	23	DummyFuel	0.0
6	24	DummyFuel	0.0
7	1	Electricity	351.76116048471323
7	2	Electricity	337.39490495419
7	3	Electricity	352.1905545542783
7	4	Electricity	347.5045672570197
7	5	Electricity	361.56816084306905
7	6	Electricity	341.4333190103275
7	7	Electricity	351.4441147145387
7	8	Electricity	349.2624560437922
7	9	Electricity	338.6582692171523
7	10	Electricity	344.3125366636008
7	11	Electricity	344.8142522661212
7	12	Electricity	351.58549954667046
7	13	Electricity	345.86630416656607
7	14	Electricity	333.4913198548974
7	15	Electricity	358.95888857215846
7	16	Electricity	343.40060831224656
7	17	Electricity	363.724212470859
7	18	Electricity	339.41089913467744
7	19	Electricity	354.2292503838813
7	20	Electricity	358.4057059140939
7	21	Electricity	353.6762722238022
7	22	Electricity	353.91519950009695
7	23	Electricity	348.86165001519106
7	24	Electricity	344.66992173527103
7	1	LT	0.23503094280547351
7	2	LT	0.26440981065615765
7	3	LT	0.26440981065615765
7	4	LT	0.26440981065615765
7	5	LT	0.26440981065615765
7	6	LT	0.3407948670679366
7	7	LT	0.3936768291991682
7	8	LT	0.3936768291991682
7	9	LT	0.3936768291991682
7	10	LT	0.4230556970498523
7	11	LT	0.4583103384706733
7	12	LT	0.5288196213123153
7	13	LT	0.5288196213123153
7	14	LT	0.5288196213123153
7	15	LT	0.5288196213123153
7	16	LT	0.5288196213123153
7	17	LT	0.5288196213123153
7	18	LT	0.5288196213123153
7	19	LT	0.5288196213123153
7	20	LT	0.4406830177602628
7	21	LT	0.3525464142082103
7	22	LT	0.26440981065615765
7	23	LT	0.26440981065615765
7	24	LT	0.26440981065615765
7	1	MT	0.23503094280547351
7	2	MT	0.26440981065615765
7	3	MT	0.26440981065615765
7	4	MT	0.26440981065615765
7	5	MT	0.26440981065615765
7	6	MT	0.3407948670679366
7	7	MT	0.3936768291991682
7	8	MT	0.3936768291991682
7	9	MT	0.3936768291991682
7	10	MT	0.4230556970498523
7	11	MT	0.4583103384706733
7	12	MT	0.5288196213123153
7	13	MT	0.5288196213123153
7	14	MT	0.5288196213123153
7	15	MT	0.5288196213123153
7	16	MT	0.5288196213123153
7	17	MT	0.5288196213123153
7	18	MT	0.5288196213123153
7	19	MT	0.5288196213123153
7	20	MT	0.4406830177602628
7	21	MT	0.3525464142082103
7	22	MT	0.26440981065615765
7	23	MT	0.26440981065615765
7	24	MT	0.26440981065615765
7	1	H2	0.0
7	2	H2	0.0
7	3	H2	0.0
7	4	H2	0.0
7	5	H2	0.0
7	6	H2	0.0
7	7	H2	0.0
7	8	H2	0.0
7	9	H2	0.0
7	10	H2	0.0
7	11	H2	0.0
7	12	H2	0.0
7	13	H2	0.0
7	14	H2	0.0
7	15	H2	0.0
7	16	H2	0.0
7	17	H2	0.0
7	18	H2	0.0
7	19	H2	0.0
7	20	H2	0.0
7	21	H2	0.0
7	22	H2	0.0
7	23	H2	0.0
7	24	H2	0.0
7	1	CH4	13.026047748631738
7	2	CH4	14.654303717210702
7	3	CH4	14.654303717210702
7	4	CH4	14.654303717210702
7	5	CH4	14.654303717210702
7	6	CH4	18.887769235516014
7	7	CH4	21.818629978958164
7	8	CH4	21.818629978958164
7	9	CH4	21.818629978958164
7	10	CH4	23.446885947537126
7	11	CH4	25.400793109831884
7	12	CH4	29.308607434421404
7	13	CH4	29.308607434421404
7	14	CH4	29.308607434421404
7	15	CH4	29.308607434421404
7	16	CH4	29.308607434421404
7	17	CH4	29.308607434421404
7	18	CH4	29.308607434421404
7	19	CH4	29.308607434421404
7	20	CH4	24.423839528684503
7	21	CH4	19.539071622947606
7	22	CH4	14.654303717210702
7	23	CH4	14.654303717210702
7	24	CH4	14.654303717210702
7	1	Biogas	0.0
7	2	Biogas	0.0
7	3	Biogas	0.0
7	4	Biogas	0.0
7	5	Biogas	0.0
7	6	Biogas	0.0
7	7	Biogas	0.0
7	8	Biogas	0.0
7	9	Biogas	0.0
7	10	Biogas	0.0
7	11	Biogas	0.0
7	12	Biogas	0.0
7	13	Biogas	0.0
7	14	Biogas	0.0
7	15	Biogas	0.0
7	16	Biogas	0.0
7	17	Biogas	0.0
7	18	Biogas	0.0
7	19	Biogas	0.0
7	20	Biogas	0.0
7	21	Biogas	0.0
7	22	Biogas	0.0
7	23	Biogas	0.0
7	24	Biogas	0.0
7	1	CH4_H2_Mix	0.0
7	2	CH4_H2_Mix	0.0
7	3	CH4_H2_Mix	0.0
7	4	CH4_H2_Mix	0.0
7	5	CH4_H2_Mix	0.0
7	6	CH4_H2_Mix	0.0
7	7	CH4_H2_Mix	0.0
7	8	CH4_H2_Mix	0.0
7	9	CH4_H2_Mix	0.0
7	10	CH4_H2_Mix	0.0
7	11	CH4_H2_Mix	0.0
7	12	CH4_H2_Mix	0.0
7	13	CH4_H2_Mix	0.0
7	14	CH4_H2_Mix	0.0
7	15	CH4_H2_Mix	0.0
7	16	CH4_H2_Mix	0.0
7	17	CH4_H2_Mix	0.0
7	18	CH4_H2_Mix	0.0
7	19	CH4_H2_Mix	0.0
7	20	CH4_H2_Mix	0.0
7	21	CH4_H2_Mix	0.0
7	22	CH4_H2_Mix	0.0
7	23	CH4_H2_Mix	0.0
7	24	CH4_H2_Mix	0.0
7	1	DummyFuel	0.0
7	2	DummyFuel	0.0
7	3	DummyFuel	0.0
7	4	DummyFuel	0.0
7	5	DummyFuel	0.0
7	6	DummyFuel	0.0
7	7	DummyFuel	0.0
7	8	DummyFuel	0.0
7	9	DummyFuel	0.0
7	10	DummyFuel	0.0
7	11	DummyFuel	0.0
7	12	DummyFuel	0.0
7	13	DummyFuel	0.0
7	14	DummyFuel	0.0
7	15	DummyFuel	0.0
7	16	DummyFuel	0.0
7	17	DummyFuel	0.0
7	18	DummyFuel	0.0
7	19	DummyFuel	0.0
7	20	DummyFuel	0.0
7	21	DummyFuel	0.0
7	22	DummyFuel	0.0
7	23	DummyFuel	0.0
7	24	DummyFuel	0.0
8	1	Electricity	354.4099622314736
8	2	Electricity	346.02417476457225
8	3	Electricity	348.84639855499296
8	4	Electricity	360.1530605561698
8	5	Electricity	350.33641216816346
8	6	Electricity	357.49049607395915
8	7	Electricity	360.01707169979517
8	8	Electricity	354.94053968078526
8	9	Electricity	351.7600683514902
8	10	Electricity	346.9407002754541
8	11	Electricity	354.50160879967217
8	12	Electricity	358.90971959258235
8	13	Electricity	355.9065271638806
8	14	Electricity	342.3602684668437
8	15	Electricity	351.22733915558905
8	16	Electricity	347.5669809130204
8	17	Electricity	354.54981361119036
8	18	Electricity	354.98538685974955
8	19	Electricity	352.30504525690054
8	20	Electricity	354.1713561274185
8	21	Electricity	346.03279394732925
8	22	Electricity	348.5018683525901
8	23	Electricity	358.8114801119875
8	24	Electricity	347.84751583104537
8	1	LT	1.7110530440079406
8	2	LT	1.987029341428576
8	3	LT	1.987029341428576
8	4	LT	1.987029341428576
8	5	LT	1.987029341428576
8	6	LT	2.48378667678572
8	7	LT	2.925348752658737
8	8	LT	3.4773013475000085
8	9	LT	3.4773013475000085
8	10	LT	3.4773013475000085
8	11	LT	3.4773013475000085
8	12	LT	3.4773013475000085
8	13	LT	3.4773013475000085
8	14	LT	3.4773013475000085
8	15	LT	3.4773013475000085
8	16	LT	3.0909345311111185
8	17	LT	3.0357392716269915
8	18	LT	2.5941771957539745
8	19	LT	2.4285914173015932
8	20	LT	2.042224600912703
8	21	LT	1.7110530440079406
8	22	LT	1.4902720060714323
8	23	LT	1.4902720060714323
8	24	LT	1.4902720060714323
8	1	MT	1.7110530440079406
8	2	MT	1.987029341428576
8	3	MT	1.987029341428576
8	4	MT	1.987029341428576
8	5	MT	1.987029341428576
8	6	MT	2.48378667678572
8	7	MT	2.925348752658737
8	8	MT	3.4773013475000085
8	9	MT	3.4773013475000085
8	10	MT	3.4773013475000085
8	11	MT	3.4773013475000085
8	12	MT	3.4773013475000085
8	13	MT	3.4773013475000085
8	14	MT	3.4773013475000085
8	15	MT	3.4773013475000085
8	16	MT	3.0909345311111185
8	17	MT	3.0357392716269915
8	18	MT	2.5941771957539745
8	19	MT	2.4285914173015932
8	20	MT	2.042224600912703
8	21	MT	1.7110530440079406
8	22	MT	1.4902720060714323
8	23	MT	1.4902720060714323
8	24	MT	1.4902720060714323
8	1	H2	0.0
8	2	H2	0.0
8	3	H2	0.0
8	4	H2	0.0
8	5	H2	0.0
8	6	H2	0.0
8	7	H2	0.0
8	8	H2	0.0
8	9	H2	0.0
8	10	H2	0.0
8	11	H2	0.0
8	12	H2	0.0
8	13	H2	0.0
8	14	H2	0.0
8	15	H2	0.0
8	16	H2	0.0
8	17	H2	0.0
8	18	H2	0.0
8	19	H2	0.0
8	20	H2	0.0
8	21	H2	0.0
8	22	H2	0.0
8	23	H2	0.0
8	24	H2	0.0
8	1	CH4	17.891677851210325
8	2	CH4	20.77743234334102
8	3	CH4	20.77743234334102
8	4	CH4	20.77743234334102
8	5	CH4	20.77743234334102
8	6	CH4	25.971790429176274
8	7	CH4	30.58899761658539
8	8	CH4	36.36050660084678
8	9	CH4	36.36050660084678
8	10	CH4	36.36050660084678
8	11	CH4	36.36050660084678
8	12	CH4	36.36050660084678
8	13	CH4	36.36050660084678
8	14	CH4	36.36050660084678
8	15	CH4	36.36050660084678
8	16	CH4	32.32045031186381
8	17	CH4	31.743299413437672
8	18	CH4	27.126092226028558
8	19	CH4	25.394639530750137
8	20	CH4	21.354583241767163
8	21	CH4	17.891677851210325
8	22	CH4	15.583074257505768
8	23	CH4	15.583074257505768
8	24	CH4	15.583074257505768
8	1	Biogas	0.0
8	2	Biogas	0.0
8	3	Biogas	0.0
8	4	Biogas	0.0
8	5	Biogas	0.0
8	6	Biogas	0.0
8	7	Biogas	0.0
8	8	Biogas	0.0
8	9	Biogas	0.0
8	10	Biogas	0.0
8	11	Biogas	0.0
8	12	Biogas	0.0
8	13	Biogas	0.0
8	14	Biogas	0.0
8	15	Biogas	0.0
8	16	Biogas	0.0
8	17	Biogas	0.0
8	18	Biogas	0.0
8	19	Biogas	0.0
8	20	Biogas	0.0
8	21	Biogas	0.0
8	22	Biogas	0.0
8	23	Biogas	0.0
8	24	Biogas	0.0
8	1	CH4_H2_Mix	0.0
8	2	CH4_H2_Mix	0.0
8	3	CH4_H2_Mix	0.0
8	4	CH4_H2_Mix	0.0
8	5	CH4_H2_Mix	0.0
8	6	CH4_H2_Mix	0.0
8	7	CH4_H2_Mix	0.0
8	8	CH4_H2_Mix	0.0
8	9	CH4_H2_Mix	0.0
8	10	CH4_H2_Mix	0.0
8	11	CH4_H2_Mix	0.0
8	12	CH4_H2_Mix	0.0
8	13	CH4_H2_Mix	0.0
8	14	CH4_H2_Mix	0.0
8	15	CH4_H2_Mix	0.0
8	16	CH4_H2_Mix	0.0
8	17	CH4_H2_Mix	0.0
8	18	CH4_H2_Mix	0.0
8	19	CH4_H2_Mix	0.0
8	20	CH4_H2_Mix	0.0
8	21	CH4_H2_Mix	0.0
8	22	CH4_H2_Mix	0.0
8	23	CH4_H2_Mix	0.0
8	24	CH4_H2_Mix	0.0
8	1	DummyFuel	0.0
8	2	DummyFuel	0.0
8	3	DummyFuel	0.0
8	4	DummyFuel	0.0
8	5	DummyFuel	0.0
8	6	DummyFuel	0.0
8	7	DummyFuel	0.0
8	8	DummyFuel	0.0
8	9	DummyFuel	0.0
8	10	DummyFuel	0.0
8	11	DummyFuel	0.0
8	12	DummyFuel	0.0
8	13	DummyFuel	0.0
8	14	DummyFuel	0.0
8	15	DummyFuel	0.0
8	16	DummyFuel	0.0
8	17	DummyFuel	0.0
8	18	DummyFuel	0.0
8	19	DummyFuel	0.0
8	20	DummyFuel	0.0
8	21	DummyFuel	0.0
8	22	DummyFuel	0.0
8	23	DummyFuel	0.0
8	24	DummyFuel	0.0
9	1	Electricity	359.7330457138787
9	2	Electricity	352.7986145148988
9	3	Electricity	351.40007232809256
9	4	Electricity	356.7279167797469
9	5	Electricity	357.8474204032824
9	6	Electricity	358.8852554617157
9	7	Electricity	360.29717496175385
9	8	Electricity	359.6038540949884
9	9	Electricity	344.45017272700284
9	10	Electricity	337.29065161919414
9	11	Electricity	355.70121265520027
9	12	Electricity	357.3183904493242
9	13	Electricity	352.138379189665
9	14	Electricity	351.7582871201999
9	15	Electricity	344.3640121806147
9	16	Electricity	354.25390504435666
9	17	Electricity	341.8192560515709
9	18	Electricity	349.6674016406578
9	19	Electricity	351.99994799420557
9	20	Electricity	355.15178678490196
9	21	Electricity	348.91720838551333
9	22	Electricity	352.8569123608366
9	23	Electricity	358.92120855146925
9	24	Electricity	352.70878623202015
9	1	LT	0.23503094280547351
9	2	LT	0.26440981065615765
9	3	LT	0.26440981065615765
9	4	LT	0.26440981065615765
9	5	LT	0.26440981065615765
9	6	LT	0.3407948670679366
9	7	LT	0.3936768291991682
9	8	LT	0.3936768291991682
9	9	LT	0.3936768291991682
9	10	LT	0.4230556970498523
9	11	LT	0.4583103384706733
9	12	LT	0.5288196213123153
9	13	LT	0.5288196213123153
9	14	LT	0.5288196213123153
9	15	LT	0.5288196213123153
9	16	LT	0.5288196213123153
9	17	LT	0.5288196213123153
9	18	LT	0.5288196213123153
9	19	LT	0.5288196213123153
9	20	LT	0.4406830177602628
9	21	LT	0.3525464142082103
9	22	LT	0.26440981065615765
9	23	LT	0.26440981065615765
9	24	LT	0.26440981065615765
9	1	MT	0.23503094280547351
9	2	MT	0.26440981065615765
9	3	MT	0.26440981065615765
9	4	MT	0.26440981065615765
9	5	MT	0.26440981065615765
9	6	MT	0.3407948670679366
9	7	MT	0.3936768291991682
9	8	MT	0.3936768291991682
9	9	MT	0.3936768291991682
9	10	MT	0.4230556970498523
9	11	MT	0.4583103384706733
9	12	MT	0.5288196213123153
9	13	MT	0.5288196213123153
9	14	MT	0.5288196213123153
9	15	MT	0.5288196213123153
9	16	MT	0.5288196213123153
9	17	MT	0.5288196213123153
9	18	MT	0.5288196213123153
9	19	MT	0.5288196213123153
9	20	MT	0.4406830177602628
9	21	MT	0.3525464142082103
9	22	MT	0.26440981065615765
9	23	MT	0.26440981065615765
9	24	MT	0.26440981065615765
9	1	H2	0.0
9	2	H2	0.0
9	3	H2	0.0
9	4	H2	0.0
9	5	H2	0.0
9	6	H2	0.0
9	7	H2	0.0
9	8	H2	0.0
9	9	H2	0.0
9	10	H2	0.0
9	11	H2	0.0
9	12	H2	0.0
9	13	H2	0.0
9	14	H2	0.0
9	15	H2	0.0
9	16	H2	0.0
9	17	H2	0.0
9	18	H2	0.0
9	19	H2	0.0
9	20	H2	0.0
9	21	H2	0.0
9	22	H2	0.0
9	23	H2	0.0
9	24	H2	0.0
9	1	CH4	13.026047748631738
9	2	CH4	14.654303717210702
9	3	CH4	14.654303717210702
9	4	CH4	14.654303717210702
9	5	CH4	14.654303717210702
9	6	CH4	18.887769235516014
9	7	CH4	21.818629978958164
9	8	CH4	21.818629978958164
9	9	CH4	21.818629978958164
9	10	CH4	23.446885947537126
9	11	CH4	25.400793109831884
9	12	CH4	29.308607434421404
9	13	CH4	29.308607434421404
9	14	CH4	29.308607434421404
9	15	CH4	29.308607434421404
9	16	CH4	29.308607434421404
9	17	CH4	29.308607434421404
9	18	CH4	29.308607434421404
9	19	CH4	29.308607434421404
9	20	CH4	24.423839528684503
9	21	CH4	19.539071622947606
9	22	CH4	14.654303717210702
9	23	CH4	14.654303717210702
9	24	CH4	14.654303717210702
9	1	Biogas	0.0
9	2	Biogas	0.0
9	3	Biogas	0.0
9	4	Biogas	0.0
9	5	Biogas	0.0
9	6	Biogas	0.0
9	7	Biogas	0.0
9	8	Biogas	0.0
9	9	Biogas	0.0
9	10	Biogas	0.0
9	11	Biogas	0.0
9	12	Biogas	0.0
9	13	Biogas	0.0
9	14	Biogas	0.0
9	15	Biogas	0.0
9	16	Biogas	0.0
9	17	Biogas	0.0
9	18	Biogas	0.0
9	19	Biogas	0.0
9	20	Biogas	0.0
9	21	Biogas	0.0
9	22	Biogas	0.0
9	23	Biogas	0.0
9	24	Biogas	0.0
9	1	CH4_H2_Mix	0.0
9	2	CH4_H2_Mix	0.0
9	3	CH4_H2_Mix	0.0
9	4	CH4_H2_Mix	0.0
9	5	CH4_H2_Mix	0.0
9	6	CH4_H2_Mix	0.0
9	7	CH4_H2_Mix	0.0
9	8	CH4_H2_Mix	0.0
9	9	CH4_H2_Mix	0.0
9	10	CH4_H2_Mix	0.0
9	11	CH4_H2_Mix	0.0
9	12	CH4_H2_Mix	0.0
9	13	CH4_H2_Mix	0.0
9	14	CH4_H2_Mix	0.0
9	15	CH4_H2_Mix	0.0
9	16	CH4_H2_Mix	0.0
9	17	CH4_H2_Mix	0.0
9	18	CH4_H2_Mix	0.0
9	19	CH4_H2_Mix	0.0
9	20	CH4_H2_Mix	0.0
9	21	CH4_H2_Mix	0.0
9	22	CH4_H2_Mix	0.0
9	23	CH4_H2_Mix	0.0
9	24	CH4_H2_Mix	0.0
9	1	DummyFuel	0.0
9	2	DummyFuel	0.0
9	3	DummyFuel	0.0
9	4	DummyFuel	0.0
9	5	DummyFuel	0.0
9	6	DummyFuel	0.0
9	7	DummyFuel	0.0
9	8	DummyFuel	0.0
9	9	DummyFuel	0.0
9	10	DummyFuel	0.0
9	11	DummyFuel	0.0
9	12	DummyFuel	0.0
9	13	DummyFuel	0.0
9	14	DummyFuel	0.0
9	15	DummyFuel	0.0
9	16	DummyFuel	0.0
9	17	DummyFuel	0.0
9	18	DummyFuel	0.0
9	19	DummyFuel	0.0
9	20	DummyFuel	0.0
9	21	DummyFuel	0.0
9	22	DummyFuel	0.0
9	23	DummyFuel	0.0
9	24	DummyFuel	0.0
10	1	Electricity	343.9354286188678
10	2	Electricity	339.51090435511156
10	3	Electricity	357.7078640703794
10	4	Electricity	334.4762773926466
10	5	Electricity	355.8597474665583
10	6	Electricity	354.08343797851546
10	7	Electricity	353.95214744018057
10	8	Electricity	350.41920367296177
10	9	Electricity	352.84894280230867
10	10	Electricity	361.05818516369976
10	11	Electricity	356.2710761092759
10	12	Electricity	357.33102194967444
10	13	Electricity	343.0658307082742
10	14	Electricity	367.6222851317872
10	15	Electricity	360.4247825441478
10	16	Electricity	345.89858957600205
10	17	Electricity	350.34454848097073
10	18	Electricity	342.1976388329364
10	19	Electricity	343.01222710124597
10	20	Electricity	347.6354605657052
10	21	Electricity	340.94939334375937
10	22	Electricity	354.5488050573465
10	23	Electricity	365.9339296736608
10	24	Electricity	359.03898291213505
10	1	LT	0.28327410124319363
10	2	LT	0.28327410124319363
10	3	LT	0.28327410124319363
10	4	LT	0.28327410124319363
10	5	LT	0.28327410124319363
10	6	LT	0.36825633161615173
10	7	LT	0.4107474468026307
10	8	LT	0.42491115186479045
10	9	LT	0.42491115186479045
10	10	LT	0.46032041452018957
10	11	LT	0.48156597211342916
10	12	LT	0.5665482024863873
10	13	LT	0.5665482024863873
10	14	LT	0.5665482024863873
10	15	LT	0.5665482024863873
10	16	LT	0.5665482024863873
10	17	LT	0.5665482024863873
10	18	LT	0.5665482024863873
10	19	LT	0.5665482024863873
10	20	LT	0.47448411958234943
10	21	LT	0.3895018892093912
10	22	LT	0.28327410124319363
10	23	LT	0.28327410124319363
10	24	LT	0.28327410124319363
10	1	MT	0.28327410124319363
10	2	MT	0.28327410124319363
10	3	MT	0.28327410124319363
10	4	MT	0.28327410124319363
10	5	MT	0.28327410124319363
10	6	MT	0.36825633161615173
10	7	MT	0.4107474468026307
10	8	MT	0.42491115186479045
10	9	MT	0.42491115186479045
10	10	MT	0.46032041452018957
10	11	MT	0.48156597211342916
10	12	MT	0.5665482024863873
10	13	MT	0.5665482024863873
10	14	MT	0.5665482024863873
10	15	MT	0.5665482024863873
10	16	MT	0.5665482024863873
10	17	MT	0.5665482024863873
10	18	MT	0.5665482024863873
10	19	MT	0.5665482024863873
10	20	MT	0.47448411958234943
10	21	MT	0.3895018892093912
10	22	MT	0.28327410124319363
10	23	MT	0.28327410124319363
10	24	MT	0.28327410124319363
10	1	H2	0.0
10	2	H2	0.0
10	3	H2	0.0
10	4	H2	0.0
10	5	H2	0.0
10	6	H2	0.0
10	7	H2	0.0
10	8	H2	0.0
10	9	H2	0.0
10	10	H2	0.0
10	11	H2	0.0
10	12	H2	0.0
10	13	H2	0.0
10	14	H2	0.0
10	15	H2	0.0
10	16	H2	0.0
10	17	H2	0.0
10	18	H2	0.0
10	19	H2	0.0
10	20	H2	0.0
10	21	H2	0.0
10	22	H2	0.0
10	23	H2	0.0
10	24	H2	0.0
10	1	CH4	14.770630319507568
10	2	CH4	14.770630319507568
10	3	CH4	14.770630319507568
10	4	CH4	14.770630319507568
10	5	CH4	14.770630319507568
10	6	CH4	19.201819415359836
10	7	CH4	21.417413963285977
10	8	CH4	22.15594547926135
10	9	CH4	22.15594547926135
10	10	CH4	24.0022742691998
10	11	CH4	25.110071543162867
10	12	CH4	29.541260639015135
10	13	CH4	29.541260639015135
10	14	CH4	29.541260639015135
10	15	CH4	29.541260639015135
10	16	CH4	29.541260639015135
10	17	CH4	29.541260639015135
10	18	CH4	29.541260639015135
10	19	CH4	29.541260639015135
10	20	CH4	24.74080578517518
10	21	CH4	20.309616689322905
10	22	CH4	14.770630319507568
10	23	CH4	14.770630319507568
10	24	CH4	14.770630319507568
10	1	Biogas	0.0
10	2	Biogas	0.0
10	3	Biogas	0.0
10	4	Biogas	0.0
10	5	Biogas	0.0
10	6	Biogas	0.0
10	7	Biogas	0.0
10	8	Biogas	0.0
10	9	Biogas	0.0
10	10	Biogas	0.0
10	11	Biogas	0.0
10	12	Biogas	0.0
10	13	Biogas	0.0
10	14	Biogas	0.0
10	15	Biogas	0.0
10	16	Biogas	0.0
10	17	Biogas	0.0
10	18	Biogas	0.0
10	19	Biogas	0.0
10	20	Biogas	0.0
10	21	Biogas	0.0
10	22	Biogas	0.0
10	23	Biogas	0.0
10	24	Biogas	0.0
10	1	CH4_H2_Mix	0.0
10	2	CH4_H2_Mix	0.0
10	3	CH4_H2_Mix	0.0
10	4	CH4_H2_Mix	0.0
10	5	CH4_H2_Mix	0.0
10	6	CH4_H2_Mix	0.0
10	7	CH4_H2_Mix	0.0
10	8	CH4_H2_Mix	0.0
10	9	CH4_H2_Mix	0.0
10	10	CH4_H2_Mix	0.0
10	11	CH4_H2_Mix	0.0
10	12	CH4_H2_Mix	0.0
10	13	CH4_H2_Mix	0.0
10	14	CH4_H2_Mix	0.0
10	15	CH4_H2_Mix	0.0
10	16	CH4_H2_Mix	0.0
10	17	CH4_H2_Mix	0.0
10	18	CH4_H2_Mix	0.0
10	19	CH4_H2_Mix	0.0
10	20	CH4_H2_Mix	0.0
10	21	CH4_H2_Mix	0.0
10	22	CH4_H2_Mix	0.0
10	23	CH4_H2_Mix	0.0
10	24	CH4_H2_Mix	0.0
10	1	DummyFuel	0.0
10	2	DummyFuel	0.0
10	3	DummyFuel	0.0
10	4	DummyFuel	0.0
10	5	DummyFuel	0.0
10	6	DummyFuel	0.0
10	7	DummyFuel	0.0
10	8	DummyFuel	0.0
10	9	DummyFuel	0.0
10	10	DummyFuel	0.0
10	11	DummyFuel	0.0
10	12	DummyFuel	0.0
10	13	DummyFuel	0.0
10	14	DummyFuel	0.0
10	15	DummyFuel	0.0
10	16	DummyFuel	0.0
10	17	DummyFuel	0.0
10	18	DummyFuel	0.0
10	19	DummyFuel	0.0
10	20	DummyFuel	0.0
10	21	DummyFuel	0.0
10	22	DummyFuel	0.0
10	23	DummyFuel	0.0
10	24	DummyFuel	0.0
11	1	Electricity	365.6937120551568
11	2	Electricity	358.4613675095462
11	3	Electricity	345.31988593290527
11	4	Electricity	354.69511707382924
11	5	Electricity	344.621319432474
11	6	Electricity	355.5478177393444
11	7	Electricity	354.26478285849385
11	8	Electricity	362.7867772705798
11	9	Electricity	363.881637149891
11	10	Electricity	353.71530263697827
11	11	Electricity	363.14848719160915
11	12	Electricity	363.482673269769
11	13	Electricity	347.6308602377435
11	14	Electricity	356.16150667884335
11	15	Electricity	357.33962605970015
11	16	Electricity	348.6592037139629
11	17	Electricity	358.4549657599439
11	18	Electricity	357.2388129452062
11	19	Electricity	348.74832509368787
11	20	Electricity	356.05855291173356
11	21	Electricity	344.1757235471253
11	22	Electricity	352.19178973254645
11	23	Electricity	352.30467138908836
11	24	Electricity	344.13317234023714
11	1	LT	1.1129207899399212
11	2	LT	1.1129207899399212
11	3	LT	1.1129207899399212
11	4	LT	1.1129207899399212
11	5	LT	1.1129207899399212
11	6	LT	4.822656756406325
11	7	LT	5.471860550537945
11	8	LT	5.471860550537945
11	9	LT	5.471860550537945
11	10	LT	5.842834147184586
11	11	LT	5.842834147184586
11	12	LT	7.419471932932808
11	13	LT	7.419471932932808
11	14	LT	4.915400155567985
11	15	LT	7.419471932932808
11	16	LT	7.419471932932808
11	17	LT	7.419471932932808
11	18	LT	7.419471932932808
11	19	LT	7.419471932932808
11	20	LT	6.213807743831227
11	21	LT	5.100886953891305
11	22	LT	3.709735966466404
11	23	LT	3.5242491681430836
11	24	LT	3.5242491681430836
11	1	MT	1.1129207899399212
11	2	MT	1.1129207899399212
11	3	MT	1.1129207899399212
11	4	MT	1.1129207899399212
11	5	MT	1.1129207899399212
11	6	MT	4.822656756406325
11	7	MT	5.471860550537945
11	8	MT	5.471860550537945
11	9	MT	5.471860550537945
11	10	MT	5.842834147184586
11	11	MT	5.842834147184586
11	12	MT	7.419471932932808
11	13	MT	7.419471932932808
11	14	MT	4.915400155567985
11	15	MT	7.419471932932808
11	16	MT	7.419471932932808
11	17	MT	7.419471932932808
11	18	MT	7.419471932932808
11	19	MT	7.419471932932808
11	20	MT	6.213807743831227
11	21	MT	5.100886953891305
11	22	MT	3.709735966466404
11	23	MT	3.5242491681430836
11	24	MT	3.5242491681430836
11	1	H2	0.0
11	2	H2	0.0
11	3	H2	0.0
11	4	H2	0.0
11	5	H2	0.0
11	6	H2	0.0
11	7	H2	0.0
11	8	H2	0.0
11	9	H2	0.0
11	10	H2	0.0
11	11	H2	0.0
11	12	H2	0.0
11	13	H2	0.0
11	14	H2	0.0
11	15	H2	0.0
11	16	H2	0.0
11	17	H2	0.0
11	18	H2	0.0
11	19	H2	0.0
11	20	H2	0.0
11	21	H2	0.0
11	22	H2	0.0
11	23	H2	0.0
11	24	H2	0.0
11	1	CH4	8.627086688205052
11	2	CH4	8.627086688205052
11	3	CH4	8.627086688205052
11	4	CH4	8.627086688205052
11	5	CH4	8.627086688205052
11	6	CH4	37.38404231555523
11	7	CH4	42.41650955034151
11	8	CH4	42.41650955034151
11	9	CH4	42.41650955034151
11	10	CH4	45.29220511307652
11	11	CH4	45.29220511307652
11	12	CH4	57.513911254700346
11	13	CH4	57.513911254700346
11	14	CH4	38.10296620623898
11	15	CH4	57.513911254700346
11	16	CH4	57.513911254700346
11	17	CH4	57.513911254700346
11	18	CH4	57.513911254700346
11	19	CH4	57.513911254700346
11	20	CH4	48.16790067581155
11	21	CH4	39.54081398760649
11	22	CH4	28.756955627350173
11	23	CH4	27.319107845982668
11	24	CH4	27.319107845982668
11	1	Biogas	0.0
11	2	Biogas	0.0
11	3	Biogas	0.0
11	4	Biogas	0.0
11	5	Biogas	0.0
11	6	Biogas	0.0
11	7	Biogas	0.0
11	8	Biogas	0.0
11	9	Biogas	0.0
11	10	Biogas	0.0
11	11	Biogas	0.0
11	12	Biogas	0.0
11	13	Biogas	0.0
11	14	Biogas	0.0
11	15	Biogas	0.0
11	16	Biogas	0.0
11	17	Biogas	0.0
11	18	Biogas	0.0
11	19	Biogas	0.0
11	20	Biogas	0.0
11	21	Biogas	0.0
11	22	Biogas	0.0
11	23	Biogas	0.0
11	24	Biogas	0.0
11	1	CH4_H2_Mix	0.0
11	2	CH4_H2_Mix	0.0
11	3	CH4_H2_Mix	0.0
11	4	CH4_H2_Mix	0.0
11	5	CH4_H2_Mix	0.0
11	6	CH4_H2_Mix	0.0
11	7	CH4_H2_Mix	0.0
11	8	CH4_H2_Mix	0.0
11	9	CH4_H2_Mix	0.0
11	10	CH4_H2_Mix	0.0
11	11	CH4_H2_Mix	0.0
11	12	CH4_H2_Mix	0.0
11	13	CH4_H2_Mix	0.0
11	14	CH4_H2_Mix	0.0
11	15	CH4_H2_Mix	0.0
11	16	CH4_H2_Mix	0.0
11	17	CH4_H2_Mix	0.0
11	18	CH4_H2_Mix	0.0
11	19	CH4_H2_Mix	0.0
11	20	CH4_H2_Mix	0.0
11	21	CH4_H2_Mix	0.0
11	22	CH4_H2_Mix	0.0
11	23	CH4_H2_Mix	0.0
11	24	CH4_H2_Mix	0.0
11	1	DummyFuel	0.0
11	2	DummyFuel	0.0
11	3	DummyFuel	0.0
11	4	DummyFuel	0.0
11	5	DummyFuel	0.0
11	6	DummyFuel	0.0
11	7	DummyFuel	0.0
11	8	DummyFuel	0.0
11	9	DummyFuel	0.0
11	10	DummyFuel	0.0
11	11	DummyFuel	0.0
11	12	DummyFuel	0.0
11	13	DummyFuel	0.0
11	14	DummyFuel	0.0
11	15	DummyFuel	0.0
11	16	DummyFuel	0.0
11	17	DummyFuel	0.0
11	18	DummyFuel	0.0
11	19	DummyFuel	0.0
11	20	DummyFuel	0.0
11	21	DummyFuel	0.0
11	22	DummyFuel	0.0
11	23	DummyFuel	0.0
11	24	DummyFuel	0.0
12	1	Electricity	368.8267906478409
12	2	Electricity	351.5749957482306
12	3	Electricity	350.54434281567586
12	4	Electricity	349.4274004066633
12	5	Electricity	355.18763436265397
12	6	Electricity	359.34443031405993
12	7	Electricity	339.37107058881196
12	8	Electricity	354.07415962794636
12	9	Electricity	345.14471739795357
12	10	Electricity	359.71152928808476
12	11	Electricity	350.9967936635665
12	12	Electricity	348.9332611540868
12	13	Electricity	366.4919951090263
12	14	Electricity	353.24577925712265
12	15	Electricity	352.92090460011
12	16	Electricity	352.3935706870956
12	17	Electricity	357.99848156107197
12	18	Electricity	360.09452656366943
12	19	Electricity	354.3615993835249
12	20	Electricity	349.79314785843684
12	21	Electricity	354.0148341996298
12	22	Electricity	356.95444066850604
12	23	Electricity	337.6745135768941
12	24	Electricity	341.55924409413507
12	1	LT	2.552677902733597
12	2	LT	2.8717626405752963
12	3	LT	2.8717626405752963
12	4	LT	2.8717626405752963
12	5	LT	2.8717626405752963
12	6	LT	3.7013829589637157
12	7	LT	4.275735487078776
12	8	LT	4.275735487078776
12	9	LT	4.275735487078776
12	10	LT	4.594820224920475
12	11	LT	4.977721910330513
12	12	LT	5.743525281150593
12	13	LT	5.743525281150593
12	14	LT	5.743525281150593
12	15	LT	5.743525281150593
12	16	LT	5.743525281150593
12	17	LT	5.743525281150593
12	18	LT	5.743525281150593
12	19	LT	5.743525281150593
12	20	LT	4.786271067625493
12	21	LT	3.829016854100395
12	22	LT	2.8717626405752963
12	23	LT	2.8717626405752963
12	24	LT	2.8717626405752963
12	1	MT	2.552677902733597
12	2	MT	2.8717626405752963
12	3	MT	2.8717626405752963
12	4	MT	2.8717626405752963
12	5	MT	2.8717626405752963
12	6	MT	3.7013829589637157
12	7	MT	4.275735487078776
12	8	MT	4.275735487078776
12	9	MT	4.275735487078776
12	10	MT	4.594820224920475
12	11	MT	4.977721910330513
12	12	MT	5.743525281150593
12	13	MT	5.743525281150593
12	14	MT	5.743525281150593
12	15	MT	5.743525281150593
12	16	MT	5.743525281150593
12	17	MT	5.743525281150593
12	18	MT	5.743525281150593
12	19	MT	5.743525281150593
12	20	MT	4.786271067625493
12	21	MT	3.829016854100395
12	22	MT	2.8717626405752963
12	23	MT	2.8717626405752963
12	24	MT	2.8717626405752963
12	1	H2	0.0
12	2	H2	0.0
12	3	H2	0.0
12	4	H2	0.0
12	5	H2	0.0
12	6	H2	0.0
12	7	H2	0.0
12	8	H2	0.0
12	9	H2	0.0
12	10	H2	0.0
12	11	H2	0.0
12	12	H2	0.0
12	13	H2	0.0
12	14	H2	0.0
12	15	H2	0.0
12	16	H2	0.0
12	17	H2	0.0
12	18	H2	0.0
12	19	H2	0.0
12	20	H2	0.0
12	21	H2	0.0
12	22	H2	0.0
12	23	H2	0.0
12	24	H2	0.0
12	1	CH4	21.144115951995666
12	2	CH4	23.787130445995118
12	3	CH4	23.787130445995118
12	4	CH4	23.787130445995118
12	5	CH4	23.787130445995118
12	6	CH4	30.658968130393706
12	7	CH4	35.41639421959273
12	8	CH4	35.41639421959273
12	9	CH4	35.41639421959273
12	10	CH4	38.05940871359219
12	11	CH4	41.23102610639154
12	12	CH4	47.574260891990235
12	13	CH4	47.574260891990235
12	14	CH4	47.574260891990235
12	15	CH4	47.574260891990235
12	16	CH4	47.574260891990235
12	17	CH4	47.574260891990235
12	18	CH4	47.574260891990235
12	19	CH4	47.574260891990235
12	20	CH4	39.645217409991865
12	21	CH4	31.716173927993495
12	22	CH4	23.787130445995118
12	23	CH4	23.787130445995118
12	24	CH4	23.787130445995118
12	1	Biogas	0.0
12	2	Biogas	0.0
12	3	Biogas	0.0
12	4	Biogas	0.0
12	5	Biogas	0.0
12	6	Biogas	0.0
12	7	Biogas	0.0
12	8	Biogas	0.0
12	9	Biogas	0.0
12	10	Biogas	0.0
12	11	Biogas	0.0
12	12	Biogas	0.0
12	13	Biogas	0.0
12	14	Biogas	0.0
12	15	Biogas	0.0
12	16	Biogas	0.0
12	17	Biogas	0.0
12	18	Biogas	0.0
12	19	Biogas	0.0
12	20	Biogas	0.0
12	21	Biogas	0.0
12	22	Biogas	0.0
12	23	Biogas	0.0
12	24	Biogas	0.0
12	1	CH4_H2_Mix	0.0
12	2	CH4_H2_Mix	0.0
12	3	CH4_H2_Mix	0.0
12	4	CH4_H2_Mix	0.0
12	5	CH4_H2_Mix	0.0
12	6	CH4_H2_Mix	0.0
12	7	CH4_H2_Mix	0.0
12	8	CH4_H2_Mix	0.0
12	9	CH4_H2_Mix	0.0
12	10	CH4_H2_Mix	0.0
12	11	CH4_H2_Mix	0.0
12	12	CH4_H2_Mix	0.0
12	13	CH4_H2_Mix	0.0
12	14	CH4_H2_Mix	0.0
12	15	CH4_H2_Mix	0.0
12	16	CH4_H2_Mix	0.0
12	17	CH4_H2_Mix	0.0
12	18	CH4_H2_Mix	0.0
12	19	CH4_H2_Mix	0.0
12	20	CH4_H2_Mix	0.0
12	21	CH4_H2_Mix	0.0
12	22	CH4_H2_Mix	0.0
12	23	CH4_H2_Mix	0.0
12	24	CH4_H2_Mix	0.0
12	1	DummyFuel	0.0
12	2	DummyFuel	0.0
12	3	DummyFuel	0.0
12	4	DummyFuel	0.0
12	5	DummyFuel	0.0
12	6	DummyFuel	0.0
12	7	DummyFuel	0.0
12	8	DummyFuel	0.0
12	9	DummyFuel	0.0
12	10	DummyFuel	0.0
12	11	DummyFuel	0.0
12	12	DummyFuel	0.0
12	13	DummyFuel	0.0
12	14	DummyFuel	0.0
12	15	DummyFuel	0.0
12	16	DummyFuel	0.0
12	17	DummyFuel	0.0
12	18	DummyFuel	0.0
12	19	DummyFuel	0.0
12	20	DummyFuel	0.0
12	21	DummyFuel	0.0
12	22	DummyFuel	0.0
12	23	DummyFuel	0.0
12	24	DummyFuel	0.0
13	1	Electricity	341.1781174640182
13	2	Electricity	348.3247368873241
13	3	Electricity	355.6465036237694
13	4	Electricity	357.1988823938648
13	5	Electricity	346.4313502866012
13	6	Electricity	350.6917178081597
13	7	Electricity	352.2698218017909
13	8	Electricity	352.7126318927618
13	9	Electricity	349.92799446072127
13	10	Electricity	355.88383550836943
13	11	Electricity	349.4357229665632
13	12	Electricity	341.999326332722
13	13	Electricity	340.2299567562222
13	14	Electricity	342.2400216602874
13	15	Electricity	358.4409983613322
13	16	Electricity	344.4872379716673
13	17	Electricity	353.4924135903233
13	18	Electricity	354.16377580501563
13	19	Electricity	341.51342380612164
13	20	Electricity	362.74799878632825
13	21	Electricity	335.55820152238914
13	22	Electricity	370.1292324180114
13	23	Electricity	347.05678075097507
13	24	Electricity	356.6430276216835
13	1	LT	3.9575279669535575
13	2	LT	3.9575279669535575
13	3	LT	3.9575279669535575
13	4	LT	3.9575279669535575
13	5	LT	3.9575279669535575
13	6	LT	5.100813824073475
13	7	LT	6.15615461526109
13	8	LT	6.15615461526109
13	9	LT	6.15615461526109
13	10	LT	6.595879944922596
13	11	LT	6.8597151427195
13	12	LT	7.915055933907115
13	13	LT	7.915055933907115
13	14	LT	7.915055933907115
13	15	LT	7.915055933907115
13	16	LT	6.595879944922596
13	17	LT	6.244099681193392
13	18	LT	6.244099681193392
13	19	LT	6.244099681193392
13	20	LT	6.244099681193392
13	21	LT	4.836978626276571
13	22	LT	1.8468463845783267
13	23	LT	1.8468463845783267
13	24	LT	1.8468463845783267
13	1	MT	3.9575279669535575
13	2	MT	3.9575279669535575
13	3	MT	3.9575279669535575
13	4	MT	3.9575279669535575
13	5	MT	3.9575279669535575
13	6	MT	5.100813824073475
13	7	MT	6.15615461526109
13	8	MT	6.15615461526109
13	9	MT	6.15615461526109
13	10	MT	6.595879944922596
13	11	MT	6.8597151427195
13	12	MT	7.915055933907115
13	13	MT	7.915055933907115
13	14	MT	7.915055933907115
13	15	MT	7.915055933907115
13	16	MT	6.595879944922596
13	17	MT	6.244099681193392
13	18	MT	6.244099681193392
13	19	MT	6.244099681193392
13	20	MT	6.244099681193392
13	21	MT	4.836978626276571
13	22	MT	1.8468463845783267
13	23	MT	1.8468463845783267
13	24	MT	1.8468463845783267
13	1	H2	0.0
13	2	H2	0.0
13	3	H2	0.0
13	4	H2	0.0
13	5	H2	0.0
13	6	H2	0.0
13	7	H2	0.0
13	8	H2	0.0
13	9	H2	0.0
13	10	H2	0.0
13	11	H2	0.0
13	12	H2	0.0
13	13	H2	0.0
13	14	H2	0.0
13	15	H2	0.0
13	16	H2	0.0
13	17	H2	0.0
13	18	H2	0.0
13	19	H2	0.0
13	20	H2	0.0
13	21	H2	0.0
13	22	H2	0.0
13	23	H2	0.0
13	24	H2	0.0
13	1	CH4	29.140047772267472
13	2	CH4	29.140047772267472
13	3	CH4	29.140047772267472
13	4	CH4	29.140047772267472
13	5	CH4	29.140047772267472
13	6	CH4	37.55828379536697
13	7	CH4	45.32896320130496
13	8	CH4	45.32896320130496
13	9	CH4	45.32896320130496
13	10	CH4	48.56674628711245
13	11	CH4	50.509416138596954
13	12	CH4	58.280095544534944
13	13	CH4	58.280095544534944
13	14	CH4	58.280095544534944
13	15	CH4	58.280095544534944
13	16	CH4	48.56674628711245
13	17	CH4	45.97651981846646
13	18	CH4	45.97651981846646
13	19	CH4	45.97651981846646
13	20	CH4	45.97651981846646
13	21	CH4	35.615613943882465
13	22	CH4	13.598688960391488
13	23	CH4	13.598688960391488
13	24	CH4	13.598688960391488
13	1	Biogas	0.0
13	2	Biogas	0.0
13	3	Biogas	0.0
13	4	Biogas	0.0
13	5	Biogas	0.0
13	6	Biogas	0.0
13	7	Biogas	0.0
13	8	Biogas	0.0
13	9	Biogas	0.0
13	10	Biogas	0.0
13	11	Biogas	0.0
13	12	Biogas	0.0
13	13	Biogas	0.0
13	14	Biogas	0.0
13	15	Biogas	0.0
13	16	Biogas	0.0
13	17	Biogas	0.0
13	18	Biogas	0.0
13	19	Biogas	0.0
13	20	Biogas	0.0
13	21	Biogas	0.0
13	22	Biogas	0.0
13	23	Biogas	0.0
13	24	Biogas	0.0
13	1	CH4_H2_Mix	0.0
13	2	CH4_H2_Mix	0.0
13	3	CH4_H2_Mix	0.0
13	4	CH4_H2_Mix	0.0
13	5	CH4_H2_Mix	0.0
13	6	CH4_H2_Mix	0.0
13	7	CH4_H2_Mix	0.0
13	8	CH4_H2_Mix	0.0
13	9	CH4_H2_Mix	0.0
13	10	CH4_H2_Mix	0.0
13	11	CH4_H2_Mix	0.0
13	12	CH4_H2_Mix	0.0
13	13	CH4_H2_Mix	0.0
13	14	CH4_H2_Mix	0.0
13	15	CH4_H2_Mix	0.0
13	16	CH4_H2_Mix	0.0
13	17	CH4_H2_Mix	0.0
13	18	CH4_H2_Mix	0.0
13	19	CH4_H2_Mix	0.0
13	20	CH4_H2_Mix	0.0
13	21	CH4_H2_Mix	0.0
13	22	CH4_H2_Mix	0.0
13	23	CH4_H2_Mix	0.0
13	24	CH4_H2_Mix	0.0
13	1	DummyFuel	0.0
13	2	DummyFuel	0.0
13	3	DummyFuel	0.0
13	4	DummyFuel	0.0
13	5	DummyFuel	0.0
13	6	DummyFuel	0.0
13	7	DummyFuel	0.0
13	8	DummyFuel	0.0
13	9	DummyFuel	0.0
13	10	DummyFuel	0.0
13	11	DummyFuel	0.0
13	12	DummyFuel	0.0
13	13	DummyFuel	0.0
13	14	DummyFuel	0.0
13	15	DummyFuel	0.0
13	16	DummyFuel	0.0
13	17	DummyFuel	0.0
13	18	DummyFuel	0.0
13	19	DummyFuel	0.0
13	20	DummyFuel	0.0
13	21	DummyFuel	0.0
13	22	DummyFuel	0.0
13	23	DummyFuel	0.0
13	24	DummyFuel	0.0
14	1	Electricity	356.49134554415184
14	2	Electricity	351.1835757147376
14	3	Electricity	347.7262035015742
14	4	Electricity	369.3947546717591
14	5	Electricity	360.19925819958763
14	6	Electricity	358.02250567632655
14	7	Electricity	358.9152051085553
14	8	Electricity	354.6283839270192
14	9	Electricity	344.4277319334507
14	10	Electricity	351.96252141402834
14	11	Electricity	351.7375022451601
14	12	Electricity	343.95483536715415
14	13	Electricity	347.10058730073683
14	14	Electricity	354.54145293883687
14	15	Electricity	344.52393912932195
14	16	Electricity	365.917671728814
14	17	Electricity	344.59196763735173
14	18	Electricity	345.94587359832803
14	19	Electricity	367.7991662161035
14	20	Electricity	353.6391423418245
14	21	Electricity	352.6952642301324
14	22	Electricity	352.8283000467041
14	23	Electricity	363.1045774601946
14	24	Electricity	353.01160855466844
14	1	LT	0.4860860697381826
14	2	LT	0.4860860697381826
14	3	LT	0.4860860697381826
14	4	LT	0.4860860697381826
14	5	LT	0.4860860697381826
14	6	LT	2.1063729688654584
14	7	LT	2.389923176212731
14	8	LT	2.389923176212731
14	9	LT	2.389923176212731
14	10	LT	2.551951866125459
14	11	LT	2.551951866125459
14	12	LT	3.2405737982545513
14	13	LT	3.2405737982545513
14	14	LT	2.14688014134364
14	15	LT	3.2405737982545513
14	16	LT	3.2405737982545513
14	17	LT	3.2405737982545513
14	18	LT	3.2405737982545513
14	19	LT	3.2405737982545513
14	20	LT	2.713980556038187
14	21	LT	2.2278944863000034
14	22	LT	1.6202868991272756
14	23	LT	1.5392725541709118
14	24	LT	1.5392725541709118
14	1	MT	0.4860860697381826
14	2	MT	0.4860860697381826
14	3	MT	0.4860860697381826
14	4	MT	0.4860860697381826
14	5	MT	0.4860860697381826
14	6	MT	2.1063729688654584
14	7	MT	2.389923176212731
14	8	MT	2.389923176212731
14	9	MT	2.389923176212731
14	10	MT	2.551951866125459
14	11	MT	2.551951866125459
14	12	MT	3.2405737982545513
14	13	MT	3.2405737982545513
14	14	MT	2.14688014134364
14	15	MT	3.2405737982545513
14	16	MT	3.2405737982545513
14	17	MT	3.2405737982545513
14	18	MT	3.2405737982545513
14	19	MT	3.2405737982545513
14	20	MT	2.713980556038187
14	21	MT	2.2278944863000034
14	22	MT	1.6202868991272756
14	23	MT	1.5392725541709118
14	24	MT	1.5392725541709118
14	1	H2	0.0
14	2	H2	0.0
14	3	H2	0.0
14	4	H2	0.0
14	5	H2	0.0
14	6	H2	0.0
14	7	H2	0.0
14	8	H2	0.0
14	9	H2	0.0
14	10	H2	0.0
14	11	H2	0.0
14	12	H2	0.0
14	13	H2	0.0
14	14	H2	0.0
14	15	H2	0.0
14	16	H2	0.0
14	17	H2	0.0
14	18	H2	0.0
14	19	H2	0.0
14	20	H2	0.0
14	21	H2	0.0
14	22	H2	0.0
14	23	H2	0.0
14	24	H2	0.0
14	1	CH4	6.432111488077105
14	2	CH4	6.432111488077105
14	3	CH4	6.432111488077105
14	4	CH4	6.432111488077105
14	5	CH4	6.432111488077105
14	6	CH4	27.87248311500079
14	7	CH4	31.62454814971243
14	8	CH4	31.62454814971243
14	9	CH4	31.62454814971243
14	10	CH4	33.7685853124048
14	11	CH4	33.7685853124048
14	12	CH4	42.88074325384736
14	13	CH4	42.88074325384736
14	14	CH4	28.40849240567388
14	15	CH4	42.88074325384736
14	16	CH4	42.88074325384736
14	17	CH4	42.88074325384736
14	18	CH4	42.88074325384736
14	19	CH4	42.88074325384736
14	20	CH4	35.912622475097166
14	21	CH4	29.48051098702006
14	22	CH4	21.44037162692368
14	23	CH4	20.3683530455775
14	24	CH4	20.3683530455775
14	1	Biogas	0.0
14	2	Biogas	0.0
14	3	Biogas	0.0
14	4	Biogas	0.0
14	5	Biogas	0.0
14	6	Biogas	0.0
14	7	Biogas	0.0
14	8	Biogas	0.0
14	9	Biogas	0.0
14	10	Biogas	0.0
14	11	Biogas	0.0
14	12	Biogas	0.0
14	13	Biogas	0.0
14	14	Biogas	0.0
14	15	Biogas	0.0
14	16	Biogas	0.0
14	17	Biogas	0.0
14	18	Biogas	0.0
14	19	Biogas	0.0
14	20	Biogas	0.0
14	21	Biogas	0.0
14	22	Biogas	0.0
14	23	Biogas	0.0
14	24	Biogas	0.0
14	1	CH4_H2_Mix	0.0
14	2	CH4_H2_Mix	0.0
14	3	CH4_H2_Mix	0.0
14	4	CH4_H2_Mix	0.0
14	5	CH4_H2_Mix	0.0
14	6	CH4_H2_Mix	0.0
14	7	CH4_H2_Mix	0.0
14	8	CH4_H2_Mix	0.0
14	9	CH4_H2_Mix	0.0
14	10	CH4_H2_Mix	0.0
14	11	CH4_H2_Mix	0.0
14	12	CH4_H2_Mix	0.0
14	13	CH4_H2_Mix	0.0
14	14	CH4_H2_Mix	0.0
14	15	CH4_H2_Mix	0.0
14	16	CH4_H2_Mix	0.0
14	17	CH4_H2_Mix	0.0
14	18	CH4_H2_Mix	0.0
14	19	CH4_H2_Mix	0.0
14	20	CH4_H2_Mix	0.0
14	21	CH4_H2_Mix	0.0
14	22	CH4_H2_Mix	0.0
14	23	CH4_H2_Mix	0.0
14	24	CH4_H2_Mix	0.0
14	1	DummyFuel	0.0
14	2	DummyFuel	0.0
14	3	DummyFuel	0.0
14	4	DummyFuel	0.0
14	5	DummyFuel	0.0
14	6	DummyFuel	0.0
14	7	DummyFuel	0.0
14	8	DummyFuel	0.0
14	9	DummyFuel	0.0
14	10	DummyFuel	0.0
14	11	DummyFuel	0.0
14	12	DummyFuel	0.0
14	13	DummyFuel	0.0
14	14	DummyFuel	0.0
14	15	DummyFuel	0.0
14	16	DummyFuel	0.0
14	17	DummyFuel	0.0
14	18	DummyFuel	0.0
14	19	DummyFuel	0.0
14	20	DummyFuel	0.0
14	21	DummyFuel	0.0
14	22	DummyFuel	0.0
14	23	DummyFuel	0.0
14	24	DummyFuel	0.0
