Node	Time	Intraday_Price
3	1	29.094088349752596
3	2	29.688438434929974
3	3	31.138684011307912
3	4	30.299187200549664
3	5	38.32550773283009
3	6	29.219718026020402
3	7	68.85183970968154
3	8	52.165314867359584
3	9	45.34477271673041
3	10	46.03667278747987
3	11	34.40927016860737
3	12	38.54825672546902
3	13	34.004562930184875
3	14	32.84356005737074
3	15	51.47242498696986
3	16	47.41654269196739
3	17	49.659126957177904
3	18	92.25270140666446
3	19	94.56024427906061
3	20	37.58306905461146
3	21	63.39568297242746
3	22	63.90027815272259
3	23	23.215803045432825
3	24	47.46751889198326
4	1	55.855399172201594
4	2	27.591299281903545
4	3	50.092633775592724
4	4	28.107263103247853
4	5	69.51326084418376
4	6	86.30855971461305
4	7	65.62341074094803
4	8	62.7244934993562
4	9	84.76054665840131
4	10	73.90054717100502
4	11	55.182286776560346
4	12	52.140387766019764
4	13	40.2558082757536
4	14	55.63946866361613
4	15	43.809283460429754
4	16	45.024544401210406
4	17	61.80852596245511
4	18	47.74549111979194
4	19	70.16380661861236
4	20	38.886864011083304
4	21	73.14467840238214
4	22	33.509208098506825
4	23	45.95315919502694
4	24	33.45156272856336
5	1	20.609312653968335
5	2	23.20000535959319
5	3	23.34341147636842
5	4	14.729345310748656
5	5	11.248258436825735
5	6	26.556650969774914
5	7	14.12636823018963
5	8	22.977954051500344
5	9	27.77443859114026
5	10	18.82400574199545
5	11	18.784508497281255
5	12	36.44377508650036
5	13	19.256409075398125
5	14	17.42162607594583
5	15	17.53237219663612
5	16	23.633475815748096
5	17	22.745861932894954
5	18	26.94587616289424
5	19	15.70939403415312
5	20	22.756305397885175
5	21	12.071388867257445
5	22	25.56509003146786
5	23	21.037664792065268
5	24	32.11783476652636
6	1	29.78875298639028
6	2	36.51238327407001
6	3	38.08607780832772
6	4	42.09821261854428
6	5	37.897263743160266
6	6	31.161065044369366
6	7	76.44808676606489
6	8	96.68342929421722
6	9	88.05885676967574
6	10	55.76679912600668
6	11	52.391956682260066
6	12	33.19572351285413
6	13	35.0520588670799
6	14	22.00080402586314
6	15	49.70024013559765
6	16	45.06118975327985
6	17	68.51464434532043
6	18	146.57051903631609
6	19	132.5464459988289
6	20	47.06703401922942
6	21	50.671638936657395
6	22	42.91772670885253
6	23	55.27392253982541
6	24	33.01812591061077
7	1	30.244890861403782
7	2	14.610783812508888
7	3	25.063447631854405
7	4	23.550409661454594
7	5	25.325610970916674
7	6	33.97030260193919
7	7	43.71970048131353
7	8	38.492325081572076
7	9	55.56032059155717
7	10	38.728430517719694
7	11	41.67906848971569
7	12	35.29666124322292
7	13	29.306901811258804
7	14	35.193079818162154
7	15	33.75665666489485
7	16	23.68589977861642
7	17	38.742937412369834
7	18	36.78884889846547
7	19	52.44071715052187
7	20	43.38604639768668
7	21	67.89877465433142
7	22	41.47940267591778
7	23	44.43274034634667
7	24	47.974077685333796
8	1	29.976737467918028
8	2	33.70669056510092
8	3	16.461258589963904
8	4	37.26238983161458
8	5	24.39553231915431
8	6	54.55769462751022
8	7	55.022629970766715
8	8	39.62822632825364
8	9	16.474890391245456
8	10	43.48342231450129
8	11	29.522723863584897
8	12	45.04943500776084
8	13	28.904375204393112
8	14	38.02953594420352
8	15	14.72833390950771
8	16	42.18671538029596
8	17	43.1955983380277
8	18	43.69626527453364
8	19	28.014380818191178
8	20	25.325624574448273
8	21	50.49564430318757
8	22	35.894683321306786
8	23	29.43874899792961
8	24	39.07130069202887
9	1	40.4921916701789
9	2	15.144035926745659
9	3	2.503729507345476
9	4	9.469283698317252
9	5	6.351270269404848
9	6	5.740618539989807
9	7	4.359128998710136
9	8	0.9001525078841557
9	9	0.0
9	10	0.7501164589733436
9	11	0.709358381762871
9	12	-0.0988904560261765
9	13	-3.460186015168902
9	14	-6.0808988228555645
9	15	-5.099066274203242
9	16	-0.07328186881096617
9	17	4.1603133185677885
9	18	35.65395823833138
9	19	44.94296674691305
9	20	26.60746035757718
9	21	32.93198726745225
9	22	19.384015754440576
9	23	36.17840525038633
9	24	37.694392913755024
10	1	32.95354109262376
10	2	31.03248978149901
10	3	40.794172020150626
10	4	22.517426251835285
10	5	31.611129280083667
10	6	33.233037066668054
10	7	44.46214615908031
10	8	33.05160632813512
10	9	14.64975183423959
10	10	11.688860147032205
10	11	6.004972000158506
10	12	0.6927044791219025
10	13	-0.011733641260295267
10	14	-0.16430167967508388
10	15	0.558084793842688
10	16	8.077027938194227
10	17	14.027558542195658
10	18	18.442107857325375
10	19	36.05477740306203
10	20	43.36954267821088
10	21	37.50580219035284
10	22	32.75528711436805
10	23	36.69380721678546
10	24	21.966157085537493
11	1	12.847825154699603
11	2	12.005054421794503
11	3	8.08008783313066
11	4	13.349659414361044
11	5	14.219996180962104
11	6	10.945463101529425
11	7	53.677257864579495
11	8	82.4074108746852
11	9	73.96212365703526
11	10	64.34978277474653
11	11	57.83512139046136
11	12	53.47928506655991
11	13	54.01101629432633
11	14	47.77385845544459
11	15	42.58750726967915
11	16	56.62601310279902
11	17	72.5739539680715
11	18	61.628966988407186
11	19	46.20109025503966
11	20	30.59871547939089
11	21	29.196652952511975
11	22	18.858113040579227
11	23	13.373459797040672
11	24	23.061565033167795
12	1	40.4921916701789
12	2	15.144035926745659
12	3	2.503729507345476
12	4	9.469283698317252
12	5	6.351270269404848
12	6	5.740618539989807
12	7	4.359128998710136
12	8	0.9001525078841557
12	9	0.0
12	10	0.7501164589733436
12	11	0.709358381762871
12	12	-0.0988904560261765
12	13	-3.460186015168902
12	14	-6.0808988228555645
12	15	-5.099066274203242
12	16	-0.07328186881096617
12	17	4.1603133185677885
12	18	35.65395823833138
12	19	44.94296674691305
12	20	26.60746035757718
12	21	32.93198726745225
12	22	19.384015754440576
12	23	36.17840525038633
12	24	37.694392913755024
13	1	48.63070166823769
13	2	15.12465481346725
13	3	4.330419901061366
13	4	5.373085831531051
13	5	27.18732750050319
13	6	46.92028365515978
13	7	63.84883527682024
13	8	57.00908833305891
13	9	22.408166533484188
13	10	35.343376337748005
13	11	36.1183122632028
13	12	53.551738548621756
13	13	21.249037372123283
13	14	41.632371711129394
13	15	41.09157969006708
13	16	56.39029259388336
13	17	72.61215898236097
13	18	52.7130518346225
13	19	42.518741077107144
13	20	54.31956001743567
13	21	54.91663289869247
13	22	60.866261837216655
13	23	56.41554773838512
13	24	81.86985948965034
14	1	8.60350018082967
14	2	5.952496416001326
14	3	6.546932522088001
14	4	4.41703362007746
14	5	10.050950902705678
14	6	16.461917252400543
14	7	42.76738403051519
14	8	154.4493350711345
14	9	113.59831113676152
14	10	67.97705916361288
14	11	47.571098056687354
14	12	34.488589441983436
14	13	40.79871782819121
14	14	46.867703203390974
14	15	16.750562863707945
14	16	33.25073590083003
14	17	55.330765199870406
14	18	23.424844814759794
14	19	30.89264564192213
14	20	53.92345106617544
14	21	21.71550088852598
14	22	26.20783673892407
14	23	11.575333143343164
14	24	18.073875863568915
15	1	27.512981699865662
15	2	24.191480832224602
15	3	28.43567435188493
15	4	19.78161920660248
15	5	15.526061067630078
15	6	22.87919650110599
15	7	26.371846631779643
15	8	25.716334332245985
15	9	20.2098528938536
15	10	18.282891385924902
15	11	22.150792000280394
15	12	11.756449025069944
15	13	5.179886341127099
15	14	4.964480289630995
15	15	26.21392330441342
15	16	26.689636895816072
15	17	29.619563709832583
15	18	22.139560999558437
15	19	25.485840127068116
15	20	24.13456390568728
15	21	19.597320786290943
15	22	15.935410247211134
15	23	16.750818870401968
15	24	18.37344094893809
16	1	36.62841205750643
16	2	41.44734544379897
16	3	35.329383779091984
16	4	38.160385360464
16	5	27.82792159806443
16	6	45.9148411949689
16	7	52.510298143045716
16	8	30.01492847582368
16	9	33.19312397301076
16	10	35.6138571670137
16	11	27.69680098425735
16	12	34.97699662709546
16	13	20.149855070624138
16	14	30.643596244179847
16	15	44.05820487731883
16	16	40.03298021259903
16	17	41.75496991100374
16	18	47.4029236493666
16	19	35.89963410551242
16	20	37.92458636114241
16	21	36.22300615160257
16	22	29.377565895788322
16	23	25.29064926205991
16	24	28.55228716271924
17	1	42.21645872598955
17	2	51.20741003446531
17	3	47.77426234623332
17	4	24.706568661145653
17	5	34.54143784837795
17	6	42.68207750314418
17	7	37.61959855722351
17	8	57.65825437419037
17	9	43.24616093946714
17	10	41.61225925476228
17	11	37.89480696443966
17	12	46.53919633071693
17	13	21.999814257043617
17	14	20.200524479184825
17	15	30.669632392948902
17	16	32.58683836887881
17	17	54.850410037423885
17	18	39.02303235606017
17	19	56.77901474806331
17	20	28.060607251636682
17	21	50.831840466998564
17	22	35.135182476944294
17	23	38.169964286408096
17	24	31.57654887070494
18	1	29.976737467918028
18	2	33.70669056510092
18	3	16.461258589963904
18	4	37.26238983161458
18	5	24.39553231915431
18	6	54.55769462751022
18	7	55.022629970766715
18	8	39.62822632825364
18	9	16.474890391245456
18	10	43.48342231450129
18	11	29.522723863584897
18	12	45.04943500776084
18	13	28.904375204393112
18	14	38.02953594420352
18	15	14.72833390950771
18	16	42.18671538029596
18	17	43.1955983380277
18	18	43.69626527453364
18	19	28.014380818191178
18	20	25.325624574448273
18	21	50.49564430318757
18	22	35.894683321306786
18	23	29.43874899792961
18	24	39.07130069202887
19	1	41.9933049083358
19	2	25.400856718545548
19	3	26.067270978492893
19	4	34.036926199624524
19	5	38.900892807769125
19	6	38.760285724385895
19	7	44.58935980206746
19	8	25.455781604002457
19	9	53.14770695691869
19	10	30.896614576964982
19	11	29.512076626766373
19	12	24.796742203548458
19	13	18.37043541957626
19	14	31.444956397446482
19	15	42.72699218945285
19	16	34.44637854144988
19	17	55.98356049911798
19	18	46.127673417739125
19	19	34.77720117618102
19	20	41.81677754127779
19	21	28.476308763152925
19	22	34.121668630413275
19	23	24.562933041877315
19	24	29.734095344903523
20	1	19.25812220177639
20	2	7.376436322291559
20	3	6.686854242469136
20	4	19.100897599462005
20	5	42.87894686904588
20	6	56.23670712554698
20	7	46.12972383992378
20	8	74.30248390056583
20	9	58.160829152652745
20	10	60.748460607515014
20	11	47.22347625983727
20	12	45.0741415349703
20	13	53.20294887370736
20	14	53.04003023968132
20	15	43.779319617139656
20	16	59.84203469029011
20	17	60.15522388485844
20	18	62.51493930056986
20	19	39.29421778348484
20	20	57.46875762001194
20	21	55.91194630932266
20	22	68.04448559534347
20	23	61.93961530351872
20	24	74.82485842920707
21	1	38.288760076511984
21	2	24.618105191953266
21	3	20.828059755904384
21	4	20.727410731169005
21	5	35.455369861051125
21	6	44.88506577047775
21	7	57.69008154918647
21	8	72.75494393612848
21	9	80.97950718645933
21	10	20.874266477785852
21	11	42.463482363185506
21	12	51.3209279986646
21	13	20.97888431806662
21	14	40.36453471484296
21	15	32.55788916944437
21	16	45.26812265031816
21	17	48.44723984010332
21	18	89.32546038766621
21	19	67.02180797686589
21	20	64.97376288777178
21	21	53.23371983238509
21	22	36.539490342451124
21	23	58.341896425944114
21	24	39.361431954567436
22	1	26.780011021410406
22	2	4.890502857532939
22	3	2.3600060850025155
22	4	2.572357071700705
22	5	3.65841910241309
22	6	21.031722659718362
22	7	21.189559853455556
22	8	24.896666713636243
22	9	23.117142910501283
22	10	5.715509103405186
22	11	0.5192450753489822
22	12	0.40635262875843714
22	13	-0.04276801545981898
22	14	-0.055516099505061256
22	15	12.35954123754076
22	16	34.80061782137162
22	17	22.439898063341566
22	18	48.55153164706014
22	19	35.33069231003213
22	20	23.328850563670287
22	21	37.37661889730842
22	22	40.5516266510213
22	23	37.67289210282502
22	24	44.129246220082614
23	1	52.98117015736901
23	2	56.9917533710201
23	3	35.765010930813446
23	4	40.196498855176486
23	5	58.53233752086022
23	6	73.81505534323883
23	7	71.85174606746773
23	8	68.27126256389342
23	9	76.25790761046284
23	10	43.65796254614448
23	11	43.47951233423273
23	12	43.13723239071553
23	13	32.58771845459001
23	14	24.476829404714017
23	15	27.832197048259914
23	16	42.50489358206597
23	17	45.395357134640996
23	18	49.93566252267139
23	19	45.49602960742956
23	20	50.549544332020375
23	21	36.670021149540396
23	22	48.89503136085077
23	23	27.80451245802596
23	24	21.042630437729567
24	1	27.507059880281343
24	2	38.47065857552758
24	3	44.23414436054263
24	4	47.14152824262199
24	5	37.4939756234985
24	6	29.50995784898931
24	7	49.50167388169209
24	8	33.14831188023607
24	9	47.75732428891395
24	10	49.98717997904891
24	11	28.435203277488274
24	12	31.578209300180646
24	13	30.71824512111527
24	14	33.57423033647852
24	15	37.94273046073513
24	16	9.958918513958544
24	17	38.17351326154347
24	18	31.442444324363734
24	19	36.4556113097868
24	20	31.67986468499146
24	21	56.88077718499361
24	22	55.57251196850158
24	23	51.55939965021513
24	24	47.080414699713096
25	1	22.426131282199865
25	2	26.234285031119356
25	3	19.224518513070205
25	4	8.842814484515106
25	5	9.209249181439132
25	6	33.96507244624469
25	7	29.90948842622781
25	8	27.334745691485335
25	9	22.51388724841663
25	10	2.258658849327171
25	11	0.0
25	12	-0.04161079024003375
25	13	-5.307782579886142
25	14	-17.88899071517391
25	15	-18.467035875952103
25	16	-0.059936166870511356
25	17	1.115191667184548
25	18	11.72963745698606
25	19	34.923517518557134
25	20	35.53186378685916
25	21	42.62008309154088
25	22	33.35042877662053
25	23	42.18842671965206
25	24	30.602596510459897
26	1	8.60350018082967
26	2	5.952496416001326
26	3	6.546932522088001
26	4	4.41703362007746
26	5	10.050950902705678
26	6	16.461917252400543
26	7	42.76738403051519
26	8	154.4493350711345
26	9	113.59831113676152
26	10	67.97705916361288
26	11	47.571098056687354
26	12	34.488589441983436
26	13	40.79871782819121
26	14	46.867703203390974
26	15	16.750562863707945
26	16	33.25073590083003
26	17	55.330765199870406
26	18	23.424844814759794
26	19	30.89264564192213
26	20	53.92345106617544
26	21	21.71550088852598
26	22	26.20783673892407
26	23	11.575333143343164
26	24	18.073875863568915
27	1	38.94445389810803
27	2	72.93084755747061
27	3	59.30770951104149
27	4	38.20646770405737
27	5	42.96183582843448
27	6	47.522367862322795
27	7	71.89280703107725
27	8	56.562509150828106
27	9	67.94784660526595
27	10	54.13848236343291
27	11	46.043614671681034
27	12	34.494420859701926
27	13	51.4633659622354
27	14	31.839570450689138
27	15	46.57795746191192
27	16	23.858248202687786
27	17	27.741842955506453
27	18	34.30533836553507
27	19	36.82735683003707
27	20	55.537221779783984
27	21	48.559579782242004
27	22	36.978777353665734
27	23	27.72689557633665
27	24	15.225608078218631
28	1	14.783957863641902
28	2	17.59413137505334
28	3	19.857036467752703
28	4	20.26289000586689
28	5	18.75774563749734
28	6	22.35249219824967
28	7	53.966961414829775
28	8	44.08012364328804
28	9	51.499350050210474
28	10	83.64131542450313
28	11	58.912501023252915
28	12	60.26703830064983
28	13	23.83455858463757
28	14	29.792507172617853
28	15	28.35185860401621
28	16	18.761419814866986
28	17	42.224353096795525
28	18	74.1541280315112
28	19	18.631338009004633
28	20	16.550957502161815
28	21	25.776161653928366
28	22	23.757843087271656
28	23	13.11134759554228
28	24	11.261401118116448
29	1	31.797816799193782
29	2	16.670260953002625
29	3	21.276285558362858
29	4	25.784085675780855
29	5	22.229603502319186
29	6	28.839798653676027
29	7	21.56179631372575
29	8	86.700016778657
29	9	57.42472971052615
29	10	34.26354591412798
29	11	33.91110706448297
29	12	46.156718783432304
29	13	24.871266286734315
29	14	37.622182107687344
29	15	26.285677065187013
29	16	27.973790173413263
29	17	27.630355473634108
29	18	29.712755341126236
29	19	28.64596940626007
29	20	28.870162881920304
29	21	26.996812162429677
29	22	36.1822335144676
29	23	31.22129743062664
29	24	19.437074628709816
30	1	3.3529040993385446
30	2	4.759910930533327
30	3	3.7184523103800213
30	4	3.9072959504707336
30	5	4.802534053012672
30	6	3.106442221251352
30	7	4.058475590816735
30	8	3.5767249263061722
30	9	6.465874360930175
30	10	6.620319188663473
30	11	3.0192515773678257
30	12	0.030516030704959247
30	13	0.007207836512046448
30	14	0.9258207270040058
30	15	3.7252935855536258
30	16	7.485553331902299
30	17	1.8099944411286124
30	18	4.1622323195041435
30	19	5.111955324340073
30	20	5.498672185532842
30	21	3.3942167300233357
30	22	1.7703380700579452
30	23	1.4532909980158464
30	24	0.3620468546854957
31	1	22.426131282199865
31	2	26.234285031119356
31	3	19.224518513070205
31	4	8.842814484515106
31	5	9.209249181439132
31	6	33.96507244624469
31	7	29.90948842622781
31	8	27.334745691485335
31	9	22.51388724841663
31	10	2.258658849327171
31	11	0.0
31	12	-0.04161079024003375
31	13	-5.307782579886142
31	14	-17.88899071517391
31	15	-18.467035875952103
31	16	-0.059936166870511356
31	17	1.115191667184548
31	18	11.72963745698606
31	19	34.923517518557134
31	20	35.53186378685916
31	21	42.62008309154088
31	22	33.35042877662053
31	23	42.18842671965206
31	24	30.602596510459897
32	1	52.98117015736901
32	2	56.9917533710201
32	3	35.765010930813446
32	4	40.196498855176486
32	5	58.53233752086022
32	6	73.81505534323883
32	7	71.85174606746773
32	8	68.27126256389342
32	9	76.25790761046284
32	10	43.65796254614448
32	11	43.47951233423273
32	12	43.13723239071553
32	13	32.58771845459001
32	14	24.476829404714017
32	15	27.832197048259914
32	16	42.50489358206597
32	17	45.395357134640996
32	18	49.93566252267139
32	19	45.49602960742956
32	20	50.549544332020375
32	21	36.670021149540396
32	22	48.89503136085077
32	23	27.80451245802596
32	24	21.042630437729567
33	1	15.360517735617558
33	2	20.16912904399545
33	3	28.799663555927754
33	4	27.901978279695435
33	5	26.868334723263796
33	6	20.957111580444547
33	7	37.856973536156715
33	8	37.134619444822555
33	9	44.00942164895529
33	10	48.69215078781195
33	11	19.97996277583038
33	12	8.481421713259742
33	13	16.138169015289684
33	14	25.033310262096204
33	15	33.76185823663995
33	16	44.01869207238155
33	17	37.622643656107854
33	18	44.13174177432504
33	19	34.27576314784227
33	20	46.73661065339185
33	21	42.539824241680854
33	22	40.67647173431587
33	23	2.9360200560792475
33	24	26.20636360630514
34	1	27.512981699865662
34	2	24.191480832224602
34	3	28.43567435188493
34	4	19.78161920660248
34	5	15.526061067630078
34	6	22.87919650110599
34	7	26.371846631779643
34	8	25.716334332245985
34	9	20.2098528938536
34	10	18.282891385924902
34	11	22.150792000280394
34	12	11.756449025069944
34	13	5.179886341127099
34	14	4.964480289630995
34	15	26.21392330441342
34	16	26.689636895816072
34	17	29.619563709832583
34	18	22.139560999558437
34	19	25.485840127068116
34	20	24.13456390568728
34	21	19.597320786290943
34	22	15.935410247211134
34	23	16.750818870401968
34	24	18.37344094893809
35	1	36.36863285849484
35	2	42.06095837375042
35	3	41.604085428649576
35	4	35.952269586062236
35	5	42.94594658638084
35	6	53.889422118822665
35	7	40.76315873436792
35	8	35.65610062394538
35	9	36.063257742942554
35	10	13.724635373751632
35	11	3.4592417269439846
35	12	4.443940877180902
35	13	0.08059888388420816
35	14	0.2525382151718499
35	15	3.301378629629708
35	16	17.573715633224307
35	17	51.00584450533545
35	18	37.55396548817533
35	19	28.216957400981006
35	20	35.04423257342436
35	21	53.41889427538094
35	22	28.345514969729763
35	23	32.47583556241318
35	24	38.8504440929636
36	1	16.413013700457924
36	2	20.922235881529545
36	3	16.343119990709415
36	4	15.120814395513948
36	5	16.469205925666223
36	6	29.203184435758267
36	7	16.39472168453501
36	8	47.01317365367335
36	9	48.76434654759715
36	10	14.83963688002807
36	11	21.600323222876195
36	12	4.6136410895521935
36	13	3.439329549003342
36	14	2.297257816197438
36	15	3.67039732364381
36	16	12.863573992768156
36	17	25.421716777483024
36	18	44.115117463224685
36	19	37.47091515792386
36	20	29.329740831548204
36	21	27.24442101609444
36	22	36.549491415361175
36	23	23.353748713188143
36	24	15.760374170216517
37	1	41.9933049083358
37	2	25.400856718545548
37	3	26.067270978492893
37	4	34.036926199624524
37	5	38.900892807769125
37	6	38.760285724385895
37	7	44.58935980206746
37	8	25.455781604002457
37	9	53.14770695691869
37	10	30.896614576964982
37	11	29.512076626766373
37	12	24.796742203548458
37	13	18.37043541957626
37	14	31.444956397446482
37	15	42.72699218945285
37	16	34.44637854144988
37	17	55.98356049911798
37	18	46.127673417739125
37	19	34.77720117618102
37	20	41.81677754127779
37	21	28.476308763152925
37	22	34.121668630413275
37	23	24.562933041877315
37	24	29.734095344903523
38	1	1.1639732737653796
38	2	0.9905746457673105
38	3	0.7602625860230005
38	4	0.865811784167226
38	5	0.8581748849390828
38	6	3.36964142393732
38	7	4.638064379178315
38	8	6.992028195887649
38	9	7.162147525777665
38	10	3.342654959440695
38	11	2.3638116859037943
38	12	0.29106914222067587
38	13	0.0
38	14	-0.07638230519831438
38	15	-0.0073737772044543334
38	16	1.4747589569739297
38	17	4.4211159409668115
38	18	6.502183546971875
38	19	8.463364940244333
38	20	4.1046304141434415
38	21	5.66696314665063
38	22	5.2338758861167385
38	23	4.5586991004450095
38	24	3.4828753750225396
39	1	25.987133439201447
39	2	41.3753093273869
39	3	32.62242954124497
39	4	31.56258452942059
39	5	43.674613195249705
39	6	35.30341433722814
39	7	35.928805925265905
39	8	27.906662300506476
39	9	31.479680405394348
39	10	41.59024638875919
39	11	23.557795598986406
39	12	22.713430433915036
39	13	29.219682000851567
39	14	22.843419201537095
39	15	23.470785345401325
39	16	38.242902258512885
39	17	28.49121953139784
39	18	28.796755389777598
39	19	40.01559076583894
39	20	28.988356449313994
39	21	26.99135737740202
39	22	63.430033751075015
39	23	29.724537649111028
39	24	27.948696451678103
40	1	25.987133439201447
40	2	41.3753093273869
40	3	32.62242954124497
40	4	31.56258452942059
40	5	43.674613195249705
40	6	35.30341433722814
40	7	35.928805925265905
40	8	27.906662300506476
40	9	31.479680405394348
40	10	41.59024638875919
40	11	23.557795598986406
40	12	22.713430433915036
40	13	29.219682000851567
40	14	22.843419201537095
40	15	23.470785345401325
40	16	38.242902258512885
40	17	28.49121953139784
40	18	28.796755389777598
40	19	40.01559076583894
40	20	28.988356449313994
40	21	26.99135737740202
40	22	63.430033751075015
40	23	29.724537649111028
40	24	27.948696451678103
41	1	52.91461095151485
41	2	22.16621458904972
41	3	41.0956191524163
41	4	36.65604889763715
41	5	29.025130932557463
41	6	36.79590667353842
41	7	31.96344077939171
41	8	46.58908192159226
41	9	41.09170370175193
41	10	47.424381828776
41	11	38.22594682360321
41	12	28.725280964423522
41	13	35.320252041258975
41	14	26.69035626177884
41	15	44.23865636522007
41	16	56.35199243565345
41	17	40.26916030547068
41	18	52.762703201477024
41	19	25.43278877078424
41	20	26.671709954820646
41	21	26.220971135809208
41	22	25.391710600674447
41	23	38.517465552850155
41	24	36.919712819348995
42	1	12.815226686883364
42	2	19.48881978368357
42	3	13.252882512596669
42	4	18.35095846359045
42	5	11.688370398989607
42	6	18.05487528533061
42	7	12.352265148655812
42	8	20.723584716120655
42	9	24.60223357766301
42	10	18.429588688403737
42	11	16.631610201857185
42	12	17.224340315887112
42	13	16.530677461234035
42	14	12.210205873075358
42	15	16.001005114229
42	16	18.54981286607809
42	17	17.405253371417686
42	18	22.479441363737575
42	19	18.790241155754583
42	20	11.387305239525677
42	21	9.077218815794891
42	22	21.135491357552482
42	23	13.697495038069125
42	24	11.70407612869036
43	1	2.4511990978947176
43	2	2.1638370538753495
43	3	2.156911583043418
43	4	2.902469417201881
43	5	3.436175785284854
43	6	4.039281779347381
43	7	14.322625706644597
43	8	14.657000913499207
43	9	20.75237136226166
43	10	7.509243366576308
43	11	3.9781182653291554
43	12	1.1115179395724297
43	13	-0.7631794902732502
43	14	-0.06910054036062478
43	15	0.968331804283152
43	16	5.0120887196871315
43	17	7.6286953049529025
43	18	4.78668722535716
43	19	6.648924571120081
43	20	3.531092093373141
43	21	5.568067000338375
43	22	5.830302488064203
43	23	3.0461642727717515
43	24	2.0534606153098793
44	1	55.59482021767728
44	2	47.818685411934695
44	3	46.189225923905056
44	4	49.43541431687569
44	5	74.49866374624344
44	6	55.257566304086055
44	7	70.50483443767301
44	8	61.79993592518297
44	9	64.01591020328864
44	10	55.23516674284376
44	11	45.11249586245422
44	12	54.44165455726919
44	13	65.9147668955923
44	14	49.197161211404776
44	15	40.48717225170437
44	16	43.578370425526266
44	17	47.517773846958065
44	18	39.95449593753187
44	19	28.2292197049424
44	20	48.511608772160315
44	21	54.931267827784836
44	22	42.382943091265986
44	23	28.035399168850372
44	24	66.52841090781394
45	1	37.36953276584981
45	2	47.219533693364696
45	3	49.57034435217273
45	4	63.46339346964984
45	5	47.065587710365236
45	6	39.980301566764396
45	7	60.92588772903713
45	8	62.11296976595642
45	9	41.11063736456058
45	10	47.907993426257114
45	11	32.664708048436346
45	12	0.7602375924514578
45	13	0.5364472327505964
45	14	11.706086264377529
45	15	39.25335125500869
45	16	44.685153818955214
45	17	69.99578620079741
45	18	70.32323463472207
45	19	49.413415157350514
45	20	13.701093513673426
45	21	66.09973316647901
45	22	58.65064307640903
45	23	42.45311976838737
45	24	53.14914843312476
46	1	-0.04589553151049943
46	2	-0.0762425048771688
46	3	-0.09333373938994417
46	4	-0.08823478367720118
46	5	-0.07468656528642542
46	6	0.5765412968047468
46	7	2.9263247600209716
46	8	2.8267175560361384
46	9	2.0423856215604563
46	10	5.176750875846756
46	11	1.7199727266635836
46	12	2.677567407739395
46	13	3.0578374642519877
46	14	3.7175344354540885
46	15	2.2285857072712987
46	16	2.6112567969935716
46	17	4.479983179916986
46	18	4.492010862567516
46	19	5.561403349844923
46	20	3.219922363353833
46	21	3.272827904719691
46	22	3.9445012620893283
46	23	2.0723439133311934
46	24	3.5304488714466866
47	1	18.295187385229255
47	2	15.950644419511962
47	3	16.438925457448033
47	4	27.034716010096904
47	5	19.22127300408367
47	6	32.96434247370538
47	7	33.06026110729526
47	8	9.38662837141921
47	9	26.160974524785406
47	10	16.7068364681709
47	11	5.740840681397087
47	12	0.7888980513309743
47	13	-0.20243364387794438
47	14	-0.14684826453189873
47	15	0.9852563613249659
47	16	13.804882638747076
47	17	15.538690025050004
47	18	17.99907826651092
47	19	31.47772605956632
47	20	22.21887569053579
47	21	22.035108770086502
47	22	12.348729142329015
47	23	36.444026828858114
47	24	13.189000237969402
48	1	22.27644265659559
48	2	21.724117128196326
48	3	25.047815356400562
48	4	26.10610003267548
48	5	14.624609904554953
48	6	18.07250613198615
48	7	22.058313398970775
48	8	20.771014631176964
48	9	18.15531226147965
48	10	19.41132652847853
48	11	24.69498638318028
48	12	28.356194528853695
48	13	21.672246552668327
48	14	9.486318979411706
48	15	9.493518538742732
48	16	19.21302242244643
48	17	23.889959638889735
48	18	11.942918225059568
48	19	15.62312958445238
48	20	15.743071943211945
48	21	30.457249495912897
48	22	22.49739301808138
48	23	18.59986927549468
48	24	20.177623866014457
49	1	55.59482021767728
49	2	47.818685411934695
49	3	46.189225923905056
49	4	49.43541431687569
49	5	74.49866374624344
49	6	55.257566304086055
49	7	70.50483443767301
49	8	61.79993592518297
49	9	64.01591020328864
49	10	55.23516674284376
49	11	45.11249586245422
49	12	54.44165455726919
49	13	65.9147668955923
49	14	49.197161211404776
49	15	40.48717225170437
49	16	43.578370425526266
49	17	47.517773846958065
49	18	39.95449593753187
49	19	28.2292197049424
49	20	48.511608772160315
49	21	54.931267827784836
49	22	42.382943091265986
49	23	28.035399168850372
49	24	66.52841090781394
50	1	31.487473677089447
50	2	33.06375298932251
50	3	23.62352250617115
50	4	31.028877741135073
50	5	41.7134148073646
50	6	18.89119299144935
50	7	24.840319362736007
50	8	24.628141060282914
50	9	26.76093596403165
50	10	4.099245299626834
50	11	0.04444108724252881
50	12	-0.009585025714778634
50	13	-0.8839692500751826
50	14	-0.8950028998585005
50	15	-0.023072115848238896
50	16	0.8988144685493494
50	17	16.753022309085043
50	18	38.44288038254874
50	19	34.90345107390605
50	20	29.81185210037278
50	21	41.626733538549125
50	22	28.84778844691827
50	23	36.92777124754499
50	24	32.730402612320894
51	1	8.989952643398121
51	2	6.657024480035311
51	3	7.948675937417336
51	4	8.343133210479266
51	5	11.23518636167508
51	6	7.507698337424533
51	7	8.715796049717895
51	8	13.239851837875673
51	9	12.074836784429555
51	10	6.3776008943637805
51	11	3.6156096844661407
51	12	1.64280657405071
51	13	2.0666794295703506
51	14	3.567234345004252
51	15	4.1544796164027336
51	16	8.528258081277059
51	17	17.645179405621025
51	18	11.062028603640343
51	19	14.159064167957409
51	20	13.209545825528362
51	21	7.249868377874264
51	22	7.164680289547422
51	23	5.124182038740733
51	24	8.340122388240099
52	1	42.21645872598955
52	2	51.20741003446531
52	3	47.77426234623332
52	4	24.706568661145653
52	5	34.54143784837795
52	6	42.68207750314418
52	7	37.61959855722351
52	8	57.65825437419037
52	9	43.24616093946714
52	10	41.61225925476228
52	11	37.89480696443966
52	12	46.53919633071693
52	13	21.999814257043617
52	14	20.200524479184825
52	15	30.669632392948902
52	16	32.58683836887881
52	17	54.850410037423885
52	18	39.02303235606017
52	19	56.77901474806331
52	20	28.060607251636682
52	21	50.831840466998564
52	22	35.135182476944294
52	23	38.169964286408096
52	24	31.57654887070494
53	1	19.25812220177639
53	2	7.376436322291559
53	3	6.686854242469136
53	4	19.100897599462005
53	5	42.87894686904588
53	6	56.23670712554698
53	7	46.12972383992378
53	8	74.30248390056583
53	9	58.160829152652745
53	10	60.748460607515014
53	11	47.22347625983727
53	12	45.0741415349703
53	13	53.20294887370736
53	14	53.04003023968132
53	15	43.779319617139656
53	16	59.84203469029011
53	17	60.15522388485844
53	18	62.51493930056986
53	19	39.29421778348484
53	20	57.46875762001194
53	21	55.91194630932266
53	22	68.04448559534347
53	23	61.93961530351872
53	24	74.82485842920707
54	1	22.376766264810293
54	2	34.90860537868929
54	3	41.96730530321152
54	4	31.667870174163028
54	5	29.266443782951537
54	6	36.63474253886238
54	7	27.120586034909117
54	8	28.31246969761827
54	9	27.98621141163607
54	10	19.27763176872791
54	11	5.109699169328312
54	12	1.3563338598906471
54	13	0.008833396674481528
54	14	0.02640216815037547
54	15	7.967403845589895
54	16	25.90580635121489
54	17	37.165116961401495
54	18	24.384420693605318
54	19	42.77527654235524
54	20	38.709959709975685
54	21	41.656695636280425
54	22	28.856000799884555
54	23	12.885835266315159
54	24	40.106651335942345
55	1	46.02494442870345
55	2	60.421938768975764
55	3	50.694025026733186
55	4	74.39664511467083
55	5	74.55393662741662
55	6	73.0461316975082
55	7	72.21734400906999
55	8	62.01286789394745
55	9	54.189233878393594
55	10	73.42435408398102
55	11	68.21605028865353
55	12	91.1196528351919
55	13	54.691215789656376
55	14	87.50029677818306
55	15	42.148788659162435
55	16	47.309649490000346
55	17	77.68299886534666
55	18	129.66424285334892
55	19	84.29351096300654
55	20	69.10118759489481
55	21	110.64326456647815
55	22	78.55081849308449
55	23	48.180208801277566
55	24	54.973263687180214
56	1	36.60836678688487
56	2	44.49695969084373
56	3	49.59562356658372
56	4	31.83872456347127
56	5	36.90219718771109
56	6	38.67540647291671
56	7	29.532606760413476
56	8	30.25983850402027
56	9	11.656256742482572
56	10	5.018885745290383
56	11	0.8594283273237615
56	12	0.8499974092960536
56	13	0.47820854999870166
56	14	0.055870376035026245
56	15	1.305497557312015
56	16	16.164788715825367
56	17	35.502732168183435
56	18	30.052553347624883
56	19	41.09017019624832
56	20	33.937378754474516
56	21	33.766389336387284
56	22	30.713806727859538
56	23	35.42329391057902
56	24	38.38397143383976
57	1	32.95354109262376
57	2	31.03248978149901
57	3	40.794172020150626
57	4	22.517426251835285
57	5	31.611129280083667
57	6	33.233037066668054
57	7	44.46214615908031
57	8	33.05160632813512
57	9	14.64975183423959
57	10	11.688860147032205
57	11	6.004972000158506
57	12	0.6927044791219025
57	13	-0.011733641260295267
57	14	-0.16430167967508388
57	15	0.558084793842688
57	16	8.077027938194227
57	17	14.027558542195658
57	18	18.442107857325375
57	19	36.05477740306203
57	20	43.36954267821088
57	21	37.50580219035284
57	22	32.75528711436805
57	23	36.69380721678546
57	24	21.966157085537493
58	1	49.60704679185251
58	2	59.22188658424302
58	3	73.29908902246818
58	4	49.45547862789492
58	5	58.75685510397964
58	6	43.6571215123389
58	7	47.2056484124609
58	8	58.64184437435217
58	9	54.19071309164605
58	10	77.94901578229552
58	11	77.7205980484263
58	12	38.4942453559046
58	13	102.64224858599043
58	14	63.805740097265996
58	15	39.67922591402329
58	16	43.99043967266729
58	17	60.74885222008855
58	18	41.241800495786464
58	19	73.11050852113797
58	20	51.387233761709766
58	21	21.52256267883637
58	22	38.0266097769658
58	23	52.71637454966363
58	24	36.939499596933025
59	1	93.83639793234428
59	2	78.6147249294459
59	3	129.7667437030398
59	4	28.57989888987227
59	5	47.062721764935446
59	6	86.43216499715328
59	7	104.65827316793187
59	8	136.98404425331745
59	9	133.92354577261054
59	10	106.25361930573729
59	11	24.35998579819636
59	12	97.41663120221831
59	13	88.0611277395767
59	14	103.36193712725834
59	15	84.82187083733548
59	16	80.4829485498116
59	17	82.23637981117545
59	18	73.8667371453179
59	19	106.1411555236441
59	20	97.83573263538217
59	21	68.19591757015766
59	22	83.32078508385504
59	23	76.06942230771169
59	24	57.75990060485716
60	1	46.016540015146575
60	2	46.045572893947956
60	3	30.094379536488738
60	4	24.024623008867774
60	5	11.90588638383051
60	6	11.479341635157501
60	7	16.94923248580933
60	8	27.478764658072695
60	9	59.22350261282253
60	10	29.466512255082154
60	11	54.54368817969949
60	12	50.195164269973205
60	13	62.42150011526002
60	14	43.68867852758837
60	15	34.32624415821057
60	16	39.30182241086885
60	17	61.49479182782942
60	18	59.656560247805444
60	19	53.207324489482296
60	20	44.797321578430534
60	21	47.42884529293198
60	22	45.43491777874231
60	23	53.00425906364167
60	24	59.044274279431455
61	1	63.5176542803115
61	2	44.463237405600914
61	3	44.74973189661877
61	4	58.811570291448454
61	5	50.97660231651672
61	6	64.68751086214223
61	7	77.29416218777831
61	8	90.84989545816521
61	9	66.47308840993172
61	10	72.21130284779919
61	11	79.99500229218852
61	12	76.51085710325253
61	13	43.386410920255024
61	14	69.559867586601
61	15	54.20448462579102
61	16	36.028046540413044
61	17	55.66783586433312
61	18	63.52740492584757
61	19	62.23503114713652
61	20	61.80827431695467
61	21	75.50103717660923
61	22	51.84285724300947
61	23	71.03173272701711
61	24	50.74504722237578
62	1	56.17555306176706
62	2	70.7188213147539
62	3	61.37210732512467
62	4	59.29115408503958
62	5	60.61795830214263
62	6	62.7678576552209
62	7	90.22841801804822
62	8	204.26486016431951
62	9	150.88989922904136
62	10	332.9910536393123
62	11	364.21552295551174
62	12	241.80521257031012
62	13	205.00111249640733
62	14	250.06922255574875
62	15	238.80441188379103
62	16	362.9747545841454
62	17	479.9755688492051
62	18	320.733243031723
62	19	222.43786314698417
62	20	204.06418493445864
62	21	138.83682252796004
62	22	117.60992809794557
62	23	81.42584940058079
62	24	82.42147071730386
63	1	44.28798339654486
63	2	22.921280962453828
63	3	44.637697598357015
63	4	34.987956793910605
63	5	46.90053046907911
63	6	51.542001848237035
63	7	41.35373756154187
63	8	16.20135944699734
63	9	54.017266570342564
63	10	30.4765088108874
63	11	54.972964692660696
63	12	68.2191812816675
63	13	32.93094086732171
63	14	17.92761538166815
63	15	50.825574956230604
63	16	44.81302688170785
63	17	41.742330189476405
63	18	52.48702663272827
63	19	40.816844824345004
63	20	64.56126996186113
63	21	43.47577133932479
63	22	63.02324198967632
63	23	35.69415107715971
63	24	19.38456898747173
64	1	28.954866568903622
64	2	35.20146750220618
64	3	51.159706377333166
64	4	23.588372658220344
64	5	39.485000801824654
64	6	79.13907481851122
64	7	59.485290465475174
64	8	148.34393504647656
64	9	86.08173285985302
64	10	69.02665595874241
64	11	36.87092229242056
64	12	58.50777170869099
64	13	56.12597792274381
64	14	39.31976889247735
64	15	36.06422475075361
64	16	45.332019193173295
64	17	75.38747034737446
64	18	63.12536949094096
64	19	52.739996385015715
64	20	53.304886003580066
64	21	33.069569262071134
64	22	27.40052747762303
64	23	37.47867406310375
64	24	40.485832673204534
65	1	1.7112148078281821
65	2	0.23286596827875194
65	3	0.2217041811905449
65	4	0.49390178483653335
65	5	0.49058520560534397
65	6	2.5559544769503217
65	7	17.766601834182865
65	8	23.466805677932925
65	9	24.32575790965025
65	10	30.52119224199776
65	11	27.98817719949122
65	12	25.21349759596516
65	13	32.12263005686191
65	14	25.302886647388323
65	15	25.78615131128685
65	16	23.58512396758509
65	17	33.078866515536696
65	18	27.502371010849398
65	19	21.24138679562339
65	20	25.964079567731112
65	21	26.68185124950954
65	22	22.164590794384978
65	23	28.370087741380384
65	24	8.993574207151305
66	1	29.95171231507292
66	2	32.06013529450719
66	3	56.113873774403025
66	4	43.25886342985703
66	5	51.32106889156596
66	6	37.664126343159836
66	7	37.344720994774406
66	8	36.00834540740709
66	9	50.811823140788015
66	10	44.749428626299085
66	11	50.939747067281026
66	12	39.792037935794795
66	13	52.57975432641442
66	14	30.80342680815255
66	15	58.99733248672554
66	16	61.01056014360608
66	17	65.29182612100084
66	18	66.45306886493111
66	19	33.903276681923366
66	20	88.4676876869913
66	21	63.55613069039503
66	22	66.95441899686318
66	23	70.0534360735989
66	24	47.50825066760059
67	1	55.864573455989394
67	2	67.66629665400978
67	3	91.07534533867074
67	4	49.830363776707706
67	5	48.26978840493998
67	6	41.82773743572032
67	7	96.57977079363314
67	8	46.68443008739684
67	9	86.94661405079864
67	10	86.14069803457492
67	11	90.9435344348751
67	12	79.85075773356569
67	13	73.32796898811978
67	14	71.71228874519139
67	15	61.067459936186225
67	16	78.16182309509298
67	17	95.63037046376034
67	18	74.65841437744447
67	19	64.37790960687393
67	20	96.39446072413483
67	21	36.637506747981114
67	22	57.59186535805377
67	23	56.37036400609246
67	24	77.1906230850834
68	1	21.0376309223264
68	2	15.367768806618534
68	3	9.572084636027986
68	4	15.89564243016603
68	5	11.225689937046452
68	6	27.66043379202586
68	7	23.337542681530355
68	8	139.92936573128893
68	9	80.9027449437702
68	10	149.25089023563194
68	11	150.19811687432812
68	12	102.31739436278663
68	13	85.67345099454731
68	14	50.86190045410966
68	15	36.852014752781514
68	16	21.665524882680938
68	17	22.566332482531102
68	18	27.898664519960672
68	19	11.301945242889467
68	20	15.849706187842145
68	21	15.890483952830879
68	22	25.337075691145614
68	23	19.869173805914038
68	24	22.351612596697173
69	1	32.93170029881355
69	2	43.38116989127666
69	3	35.82424951897075
69	4	49.26041029389095
69	5	29.996840977277145
69	6	38.92628732662195
69	7	51.69221127129308
69	8	76.18168646968013
69	9	57.73175273114904
69	10	63.91158460518005
69	11	26.37393415967678
69	12	31.910743773959897
69	13	34.32440558357812
69	14	18.70187136975373
69	15	41.7218565024885
69	16	42.99174948843664
69	17	52.60380800967958
69	18	72.34702031869196
69	19	33.525854186902826
69	20	70.46775855886708
69	21	41.00677613816471
69	22	48.01988149445441
69	23	55.04580615384189
69	24	41.97585405367802
70	1	35.998766382931926
70	2	22.01682587717492
70	3	19.13953251598287
70	4	34.88529365874703
70	5	37.744316741990005
70	6	50.99907569878282
70	7	47.95633519421997
70	8	39.10533080687134
70	9	58.31217318700238
70	10	41.84636947855831
70	11	27.97111320265733
70	12	36.86002973222629
70	13	12.852690039465523
70	14	28.305952919572466
70	15	45.863058085815474
70	16	46.222283463446715
70	17	43.259504950910156
70	18	33.331205557049344
70	19	31.803496314941718
70	20	44.523430306219716
70	21	41.603943170632995
70	22	37.831989740716004
70	23	20.983149890252662
70	24	39.75185569047479
71	1	36.20095460564779
71	2	44.75684308267455
71	3	37.93429565660942
71	4	40.09851516021489
71	5	40.7482421721661
71	6	34.70569649435559
71	7	24.166683202024473
71	8	45.44031708434119
71	9	44.682471874055985
71	10	46.115633628844584
71	11	39.59049510490079
71	12	35.46756179788069
71	13	23.308919432374278
71	14	20.78488201713241
71	15	31.525427308584174
71	16	49.11177453563259
71	17	37.87815515224417
71	18	41.89063785332341
71	19	33.952737034517924
71	20	36.58182817923612
71	21	50.305075536945616
71	22	30.59056037641237
71	23	48.0018191862611
71	24	18.452513820331358
72	1	45.30849233006154
72	2	38.1503586440646
72	3	66.6833903516004
72	4	59.837447299076835
72	5	65.97268464221962
72	6	85.00516188488359
72	7	70.88138154382453
72	8	72.50506957542189
72	9	60.89903146737729
72	10	44.85846147365665
72	11	47.912227009696224
72	12	47.41388556180163
72	13	27.322449494935398
72	14	43.275520533655275
72	15	28.555386991848643
72	16	54.58733660380148
72	17	44.39738979306404
72	18	71.35384648201422
72	19	59.00331090163461
72	20	57.368329837703214
72	21	83.79167384737893
72	22	35.263953573686976
72	23	20.05393163303119
72	24	41.84645251867045
73	1	77.16106271456762
73	2	113.76556854877605
73	3	76.62097815651448
73	4	104.28944475380477
73	5	82.58834373370183
73	6	78.9310036519886
73	7	28.861221391763298
73	8	127.16319540220645
73	9	172.67623993554358
73	10	194.9613060697522
73	11	118.55188129018673
73	12	109.25739400520092
73	13	122.82876408135328
73	14	140.94760363711893
73	15	77.78462504399185
73	16	134.67673847096268
73	17	131.26163170844237
73	18	168.88498714300468
73	19	65.09900141982521
73	20	144.30353190291936
73	21	127.27005585280243
73	22	86.11781186024774
73	23	72.19705492024062
73	24	98.6048219383309
74	1	42.05975878536339
74	2	24.14081200914636
74	3	18.079576108344366
74	4	23.46306817086219
74	5	26.9845445650179
74	6	39.20094074001869
74	7	34.18360925329841
74	8	68.19593449417977
74	9	55.246212492100604
74	10	52.187155600697814
74	11	38.86915837539624
74	12	25.87695521341343
74	13	49.561014082378904
74	14	51.667990730527066
74	15	54.65077223157809
74	16	32.301099699639956
74	17	47.806152603250304
74	18	49.99503021159462
74	19	54.52469059030385
74	20	52.67040406489514
74	21	24.81361689511586
74	22	32.99795980206009
74	23	53.416267766411984
74	24	40.85625874417955
75	1	85.24630859523268
75	2	111.81876090621006
75	3	94.70295173283661
75	4	106.27078106440837
75	5	84.07210669655203
75	6	68.03451252421485
75	7	64.48282964373871
75	8	88.83136282901005
75	9	120.03405804010322
75	10	92.37036033419442
75	11	94.36104946673291
75	12	95.3099205227894
75	13	80.59981684715413
75	14	109.9257432414036
75	15	125.82047859302162
75	16	110.43842923781718
75	17	60.37643626422558
75	18	106.01930086422126
75	19	94.69926972093151
75	20	103.17326358713694
75	21	112.07045276127896
75	22	87.36628788617335
75	23	91.38238729689616
75	24	81.82314986413728
76	1	42.784849515429485
76	2	32.535287504773976
76	3	44.18237875018524
76	4	22.147134370306205
76	5	37.675789586506774
76	6	30.526654665862903
76	7	64.64434902686855
76	8	40.836900865169774
76	9	63.57529571783654
76	10	39.01902409993122
76	11	44.49828058079625
76	12	41.787950267408654
76	13	37.52752280022869
76	14	40.8751485543169
76	15	11.170872022150004
76	16	46.12553649298089
76	17	43.45944896664515
76	18	34.20830051159736
76	19	22.670147305692467
76	20	58.11082646616681
76	21	45.51066792707675
76	22	47.520996015541066
76	23	35.40216619489651
76	24	45.38789431716092
77	1	24.386973655852056
77	2	24.939875058258032
77	3	34.88534263998583
77	4	28.444506329503163
77	5	18.09581455463096
77	6	32.45107463312911
77	7	35.738427942955
77	8	31.248612124018003
77	9	41.72830553093766
77	10	42.49251779335329
77	11	34.20925472871971
77	12	20.528086903175996
77	13	47.214206756680944
77	14	34.41425607105557
77	15	21.035123748518526
77	16	34.24742265038351
77	17	39.377068817494525
77	18	25.86211454865861
77	19	38.47729221393344
77	20	37.96677804772987
77	21	38.298542146635825
77	22	27.08703117821168
77	23	23.42782414309926
77	24	37.98368867807397
78	1	42.47607822822887
78	2	24.483679932262675
78	3	29.24811478045715
78	4	29.005556645176195
78	5	28.37607982307177
78	6	33.13178819580709
78	7	36.98277686191513
78	8	26.684202218115516
78	9	29.48653834107403
78	10	29.501688086355983
78	11	23.293109988447295
78	12	19.298790495625965
78	13	30.40084209876003
78	14	21.77402600406918
78	15	36.15229428127751
78	16	20.714724743031
78	17	46.42312997639045
78	18	31.83484945122022
78	19	25.602547013781166
78	20	32.91948528207809
78	21	50.0448429574641
78	22	23.487627040731294
78	23	49.686817149548716
78	24	19.63476795065292
79	1	51.463926946692766
79	2	40.66989448013267
79	3	49.143643097375545
79	4	67.31832464964344
79	5	69.21761161590206
79	6	26.616598734502322
79	7	76.14330905137514
79	8	12.662843384799977
79	9	75.74404734974561
79	10	38.87375102895141
79	11	45.457270329080565
79	12	37.37267247966955
79	13	32.79768457549862
79	14	37.37642968751816
79	15	49.10532398932301
79	16	37.83205942996182
79	17	61.967162459948796
79	18	67.96754624845322
79	19	52.55001722688454
79	20	66.1476260063386
79	21	54.50875310134236
79	22	44.7178523759567
79	23	57.58471628678641
79	24	41.97243856265252
80	1	25.261710616424992
80	2	37.40529546308175
80	3	18.486257586826174
80	4	13.245329977453915
80	5	29.290301650051546
80	6	43.77797964508572
80	7	23.383105684589623
80	8	67.11184297828667
80	9	93.21196357352652
80	10	114.19415024034372
80	11	75.55076913326054
80	12	75.61047656734479
80	13	73.93841519191936
80	14	60.03712985048386
80	15	80.81436989648194
80	16	51.90544893892761
80	17	71.06718942369227
80	18	104.69064994200112
80	19	75.96135303159751
80	20	121.9827799304475
80	21	54.69861949748558
80	22	73.28691389529128
80	23	78.16722337316035
80	24	46.142887956279104
81	1	25.913534971787293
81	2	18.84084622327816
81	3	6.7015226114630675
81	4	21.242130800922066
81	5	11.956601291418115
81	6	12.76894526448738
81	7	22.080266945879128
81	8	22.464262945867734
81	9	20.382703542605267
81	10	30.28125175270664
81	11	22.259289846928496
81	12	17.003343744751625
81	13	33.412137046758595
81	14	24.762140163350562
81	15	19.00888313777887
81	16	13.191196715827225
81	17	34.987898969803744
81	18	38.467732787562774
81	19	35.70374934282583
81	20	28.03241861967895
81	21	32.58048064770836
81	22	19.234988192165883
81	23	22.816161898278263
81	24	15.955851556027458
82	1	48.12390106369648
82	2	57.5852389955111
82	3	41.24296624672574
82	4	20.00960887352217
82	5	44.545980341903196
82	6	45.581544366168245
82	7	70.22921459175397
82	8	38.58303604649953
82	9	58.1976500825412
82	10	41.05459115900128
82	11	85.82863581842292
82	12	63.30215017669173
82	13	42.01417812595819
82	14	70.83705242236195
82	15	68.98705454846495
82	16	73.61170194994507
82	17	89.4839241492723
82	18	63.12260712562624
82	19	61.53074656233324
82	20	84.01136901426825
82	21	89.06876126976361
82	22	74.76968568858422
82	23	44.724605530834715
82	24	53.73812993528467
83	1	40.11593613196242
83	2	42.58278304023897
83	3	40.214224117932886
83	4	44.90330139174231
83	5	42.20992430467786
83	6	47.19008074656347
83	7	55.00505493010075
83	8	55.69768689345431
83	9	58.022067448323135
83	10	61.88266261886637
83	11	54.782648723142486
83	12	28.214522873568978
83	13	29.515991699716317
83	14	30.542446041685526
83	15	43.724152890010586
83	16	26.168430687354505
83	17	29.371534285832347
83	18	40.41319925241821
83	19	35.36904765681189
83	20	52.7050979487879
83	21	51.79339566064674
83	22	33.23666397307184
83	23	35.47791789551902
83	24	42.12618323835786
84	1	3.4249817365677098
84	2	3.0297993253857025
84	3	4.973518722887676
84	4	5.661165651427247
84	5	8.461882796898204
84	6	5.727299396471137
84	7	21.25893167824678
84	8	23.13945918048804
84	9	9.929561401019994
84	10	23.268771549961517
84	11	21.551937189638508
84	12	10.615047501849327
84	13	12.580370871287784
84	14	11.598426902270107
84	15	9.386431011693793
84	16	11.728228584220984
84	17	11.294865169517093
84	18	8.361508911564997
84	19	10.25246618557588
84	20	4.40041570421434
84	21	5.211106625694093
84	22	4.303882633896425
84	23	2.778986051733263
84	24	5.505892712872684
85	1	22.286988875388822
85	2	33.704149050150036
85	3	18.940238682840633
85	4	34.66569787616995
85	5	36.00533014984325
85	6	47.29976568481494
85	7	37.49360020221805
85	8	41.065852728418385
85	9	33.91769733401783
85	10	17.7599345571058
85	11	41.8268163646031
85	12	27.01213887675299
85	13	22.256351155440186
85	14	35.80715410309876
85	15	32.25853358853318
85	16	27.8112977329127
85	17	26.005270066185087
85	18	36.67002516458378
85	19	28.688857188922665
85	20	50.026892997488176
85	21	32.54432910455144
85	22	35.80926229819236
85	23	16.845582559127852
85	24	0.0
86	1	41.00952614121892
86	2	30.58778540583393
86	3	12.388308930182417
86	4	30.353011649659834
86	5	58.42585967192369
86	6	41.07316204072201
86	7	43.26328124370737
86	8	110.35960115134996
86	9	98.67231608795133
86	10	105.87048372612966
86	11	72.3204107667441
86	12	52.95911754013653
86	13	77.13970558367316
86	14	86.40444133918895
86	15	133.55751575218
86	16	98.09567304811527
86	17	186.72558429423253
86	18	46.49651922491693
86	19	60.8954437816925
86	20	93.71615212942383
86	21	163.5510144871565
86	22	143.71953536831472
86	23	60.705417408589334
86	24	50.117189854312564
87	1	37.97100711955782
87	2	32.994593298740135
87	3	27.91280615715772
87	4	32.0756627531234
87	5	28.166403912887137
87	6	25.114837626412317
87	7	17.600417264240424
87	8	42.68663185429901
87	9	25.463563728852144
87	10	54.580441485368404
87	11	21.44949468865277
87	12	26.94466119053453
87	13	26.307005915065787
87	14	36.821046592187955
87	15	33.835858388306846
87	16	29.365029470434667
87	17	39.55248407350649
87	18	19.82300986779727
87	19	37.84228242202086
87	20	54.99179383657273
87	21	29.3811941623503
87	22	29.914415991574618
87	23	18.830122774307192
87	24	28.864957177581424
88	1	21.808897499140507
88	2	11.273459237623621
88	3	4.760391543716021
88	4	2.93366047777074
88	5	7.423403611289179
88	6	10.180063155976143
88	7	19.234826401564316
88	8	26.15395094423692
88	9	30.238170643564747
88	10	34.71794991779204
88	11	25.25970137645762
88	12	34.942341166813605
88	13	19.58246404038783
88	14	26.187232464164158
88	15	31.151019651824633
88	16	34.5769397655598
88	17	39.93923463673085
88	18	25.96712184026146
88	19	20.011236487759415
88	20	45.500423159377355
88	21	22.086422055983263
88	22	23.183676126523736
88	23	16.859220147912506
88	24	24.691257418995413
89	1	78.62739868726781
89	2	59.653440398700276
89	3	58.233786526888075
89	4	70.32905324764998
89	5	65.35699534738659
89	6	69.53259417755916
89	7	95.99650983682604
89	8	63.66551435453733
89	9	97.298182805781
89	10	76.96923861357908
89	11	47.935739402655535
89	12	66.43088223486534
89	13	63.448092206170095
89	14	51.22430633224898
89	15	65.59448314731833
89	16	62.56503960957469
89	17	59.7086376137305
89	18	117.75509397822813
89	19	143.8817531947979
89	20	110.98031687592238
89	21	54.479240792223614
89	22	54.38249857035985
89	23	66.40684137723392
89	24	64.23119463895932
90	1	102.39476388032764
90	2	76.12392644837989
90	3	98.67417059279849
90	4	111.95610314454578
90	5	78.3640955458755
90	6	35.87049104212392
90	7	97.85474353521917
90	8	125.41630895533613
90	9	176.98863546213713
90	10	158.46876575783608
90	11	149.36491939209586
90	12	135.5904620257945
90	13	106.38564777984499
90	14	45.812779181317154
90	15	66.29815844310079
90	16	96.93952025190454
90	17	121.82507216629209
90	18	105.50431568551434
90	19	131.47384072486602
90	20	68.8210847489814
90	21	149.80233590532447
90	22	74.92623067722981
90	23	68.06414713400798
90	24	74.72374929248394
91	1	54.495726822256216
91	2	49.98542717666528
91	3	43.88080635092192
91	4	44.22738262536851
91	5	44.35418751235995
91	6	49.94378426934857
91	7	46.089357120896636
91	8	51.99501697555804
91	9	44.62051444844697
91	10	90.87908160894547
91	11	64.5121020620747
91	12	46.9578879672521
91	13	66.92654729978791
91	14	69.26868152355006
91	15	68.20844693168642
91	16	70.90813265373413
91	17	42.489789029694236
91	18	74.36603633406882
91	19	59.749199184996414
91	20	82.35133813236428
91	21	68.05075718474282
91	22	63.089536640090465
91	23	39.17285802386893
91	24	42.62408589004694
92	1	18.931493040408945
92	2	32.72158222270664
92	3	33.45976865014815
92	4	28.294760615309542
92	5	29.400142851419332
92	6	34.57393336016653
92	7	22.09398799009978
92	8	32.78710106771384
92	9	55.00166942870166
92	10	32.36898037090758
92	11	24.686747667226403
92	12	24.80905422216382
92	13	29.818610357608975
92	14	48.426893645640945
92	15	41.241337370243976
92	16	18.98130433954454
92	17	38.77511369569271
92	18	48.787140092139886
92	19	37.47237051742911
92	20	34.256412536305156
92	21	39.41714772262829
92	22	52.04712868811952
92	23	43.06906870302912
92	24	44.13379790371334
93	1	7.882303536167183
93	2	6.60765437351269
93	3	4.956452740276205
93	4	3.965281496794375
93	5	6.213751032776918
93	6	4.752106609534015
93	7	4.693796448809481
93	8	3.8163063632500327
93	9	10.221528177486482
93	10	18.50686461391901
93	11	24.16411029118323
93	12	27.075663869108396
93	13	20.541027268609646
93	14	15.231808665542282
93	15	35.904531837897316
93	16	37.40827984510763
93	17	46.22546228339733
93	18	47.70403258552633
93	19	39.17643728658994
93	20	34.18915626761718
93	21	43.491658164301136
93	22	34.94049291825047
93	23	32.10721520652044
93	24	20.334328042212988
94	1	54.50202838539336
94	2	69.75207971354062
94	3	87.59008639201733
94	4	35.98440264415962
94	5	65.84961810454294
94	6	69.1913585610778
94	7	76.55976107059527
94	8	83.56604598286373
94	9	63.948665311329584
94	10	77.85728824963769
94	11	63.98066943585617
94	12	49.196706986164706
94	13	61.313632116492805
94	14	79.86307919127088
94	15	64.04974910648657
94	16	43.619257331749985
94	17	34.03025058537315
94	18	60.41816454423257
94	19	63.43705829569958
94	20	65.857450311447
94	21	89.60352819968706
94	22	67.42977787032815
94	23	33.29069016197112
94	24	76.20461722208638
95	1	46.60768902595302
95	2	37.35329742419052
95	3	32.839957279133856
95	4	42.319632137088334
95	5	43.505516693993734
95	6	43.30919238241858
95	7	52.137408859282296
95	8	73.57536887729755
95	9	67.57307039497118
95	10	56.75864702883926
95	11	58.378880925797205
95	12	52.70496126662367
95	13	50.611511912090464
95	14	32.041583487881375
95	15	32.795232539200605
95	16	49.86840002721963
95	17	64.04278283876008
95	18	45.22028889878764
95	19	67.96107374978355
95	20	62.053855734661376
95	21	53.47288187439797
95	22	37.292360800362395
95	23	38.245602137418715
95	24	51.33783027166027
96	1	42.52703201970814
96	2	49.245887973593895
96	3	39.299540803254665
96	4	40.216520674893204
96	5	39.09526114325143
96	6	30.268530973613036
96	7	49.26151932801567
96	8	70.46740400286495
96	9	110.98202764990673
96	10	98.06841051486462
96	11	81.09813835683528
96	12	79.88001804706761
96	13	94.32433008466137
96	14	66.02131804342652
96	15	97.44530927409892
96	16	158.0405171141483
96	17	113.99496245457362
96	18	89.6726824913015
96	19	92.36247237558094
96	20	118.6315880817154
96	21	88.82879929158581
96	22	110.12370500226302
96	23	69.30380212021305
96	24	95.96875623119487
97	1	37.09489345194838
97	2	34.40455120956996
97	3	29.039471919994366
97	4	34.19554490350956
97	5	21.101352894463595
97	6	38.931563472097054
97	7	30.31967004687671
97	8	37.28014189744549
97	9	45.56195370430917
97	10	43.9257638904529
97	11	39.39206452653682
97	12	47.8150680307438
97	13	42.69369958994252
97	14	39.50704159332574
97	15	23.496895012073878
97	16	32.194842489949075
97	17	31.68886479492649
97	18	30.84625365964068
97	19	41.17993831980544
97	20	37.064284753815656
97	21	29.77143691690458
97	22	56.72014580474035
97	23	26.857634613227013
97	24	33.55984601468025
98	1	36.33862901300935
98	2	49.85368689740465
98	3	34.660026086413524
98	4	28.31499894318398
98	5	22.19197557649419
98	6	17.553278570981742
98	7	17.729181422530207
98	8	35.74547865765861
98	9	31.669525789335196
98	10	36.041896960710766
98	11	54.19019773156561
98	12	42.706147597090165
98	13	55.31550316009686
98	14	96.85289126740967
98	15	63.01573912774365
98	16	28.64466651507627
98	17	81.77398236324926
98	18	78.73097953120092
98	19	60.133399965882916
98	20	92.83432617354079
98	21	60.338147010709775
98	22	42.39540198052852
98	23	70.07959980203519
98	24	14.327374252737412
99	1	41.84229924707361
99	2	35.73939401891428
99	3	44.363206163661204
99	4	35.08652370801226
99	5	30.02465706179972
99	6	28.761752837474564
99	7	26.463021549884846
99	8	37.627218650052605
99	9	27.825837678211034
99	10	15.32491870809538
99	11	45.78704334048981
99	12	38.86815609466177
99	13	63.843713640846886
99	14	20.429555992157418
99	15	51.86806315781324
99	16	55.831846123040144
99	17	18.086348573431966
99	18	49.99473530628866
99	19	54.084829549220274
99	20	74.84388443414824
99	21	75.19292528284466
99	22	76.7270939475731
99	23	48.52666232185587
99	24	48.71981292234939
100	1	2.311206327663646
100	2	1.4405547302106023
100	3	1.1419811552294032
100	4	1.41786003941658
100	5	1.3601811256942609
100	6	0.6414468417247103
100	7	1.1638313469987813
100	8	4.48580796414712
100	9	3.842610103019702
100	10	6.190036837808522
100	11	6.608886982365803
100	12	3.6354724420824795
100	13	4.97148543771532
100	14	3.0534038948665967
100	15	5.4278110263442185
100	16	4.243210080320556
100	17	5.505167473164301
100	18	5.545465529028272
100	19	9.753191851074988
100	20	9.120172735950813
100	21	4.703577965551797
100	22	3.151395033221639
100	23	20.008994877255347
100	24	14.455608392951868
101	1	63.5176542803115
101	2	44.463237405600914
101	3	44.74973189661877
101	4	58.811570291448454
101	5	50.97660231651672
101	6	64.68751086214223
101	7	77.29416218777831
101	8	90.84989545816521
101	9	66.47308840993172
101	10	72.21130284779919
101	11	79.99500229218852
101	12	76.51085710325253
101	13	43.386410920255024
101	14	69.559867586601
101	15	54.20448462579102
101	16	36.028046540413044
101	17	55.66783586433312
101	18	63.52740492584757
101	19	62.23503114713652
101	20	61.80827431695467
101	21	75.50103717660923
101	22	51.84285724300947
101	23	71.03173272701711
101	24	50.74504722237578
102	1	25.969350513012387
102	2	25.688315220544254
102	3	27.663688171547125
102	4	22.566975215284046
102	5	35.88303823027472
102	6	53.09489047330989
102	7	28.793994710889294
102	8	86.07856022037782
102	9	45.91433263749402
102	10	58.389642946903095
102	11	41.187959063773484
102	12	35.06960687815514
102	13	58.83155646848344
102	14	22.20308394304995
102	15	35.620862862395214
102	16	51.74386300872234
102	17	30.17161201809111
102	18	46.4139053681078
102	19	42.851051451595396
102	20	25.2516944847465
102	21	37.29010760933122
102	22	40.63508534650658
102	23	41.431243348230545
102	24	44.312482533354704
103	1	8.645892951174416
103	2	6.759178318191026
103	3	7.94925499950172
103	4	33.11872033305068
103	5	24.540327256768514
103	6	26.49623708235624
103	7	43.95574367630495
103	8	102.59998690349325
103	9	51.168727995530986
103	10	84.010346490925
103	11	35.22001710193426
103	12	37.84095690111065
103	13	36.90873035464875
103	14	7.062606465250289
103	15	34.481756500741255
103	16	39.14684263563636
103	17	46.421754897064964
103	18	91.62378475592104
103	19	67.47901638835717
103	20	111.79503994273584
103	21	47.15140315608433
103	22	41.86941885924542
103	23	32.55039805516623
103	24	20.688863119484992
104	1	42.84411336963954
104	2	40.28657305702459
104	3	24.557268260525646
104	4	30.99411790054214
104	5	40.222923459228895
104	6	42.58676129027549
104	7	40.56365636220946
104	8	28.857123398334743
104	9	69.23068673720223
104	10	35.50975694162106
104	11	55.09808246876518
104	12	52.67167473726179
104	13	18.213418898905108
104	14	42.31184712098241
104	15	39.68017087505561
104	16	46.24848061434067
104	17	51.71540450030338
104	18	41.33949236282665
104	19	37.56299221645836
104	20	28.27892296316213
104	21	50.359840823100356
104	22	61.09252677335407
104	23	43.68692430319842
104	24	50.29193036438843
105	1	55.864573455989394
105	2	67.66629665400978
105	3	91.07534533867074
105	4	49.830363776707706
105	5	48.26978840493998
105	6	41.82773743572032
105	7	96.57977079363314
105	8	46.68443008739684
105	9	86.94661405079864
105	10	86.14069803457492
105	11	90.9435344348751
105	12	79.85075773356569
105	13	73.32796898811978
105	14	71.71228874519139
105	15	61.067459936186225
105	16	78.16182309509298
105	17	95.63037046376034
105	18	74.65841437744447
105	19	64.37790960687393
105	20	96.39446072413483
105	21	36.637506747981114
105	22	57.59186535805377
105	23	56.37036400609246
105	24	77.1906230850834
106	1	-0.1321791048485858
106	2	-0.139104100475056
106	3	-0.07837652123124617
106	4	-0.047003810675598674
106	5	3.9717136823121404
106	6	14.561066931989108
106	7	21.00647452176877
106	8	18.839172547101718
106	9	32.7529364424358
106	10	25.94054555112177
106	11	24.131496841850122
106	12	35.12516015515515
106	13	37.87188951821912
106	14	31.381570771243013
106	15	38.26598462070335
106	16	32.97124757087486
106	17	40.960200187991234
106	18	44.682057985230045
106	19	13.231480019338465
106	20	45.29541810968548
106	21	42.44856355045632
106	22	38.83587435212234
106	23	32.82172656931016
106	24	17.589536752515855
107	1	69.4272753117354
107	2	75.52805377140079
107	3	52.65366959764539
107	4	66.04260231942881
107	5	53.973458992851974
107	6	60.03856779516318
107	7	44.95529081681431
107	8	98.75237553144142
107	9	120.91582303867997
107	10	80.33175144162014
107	11	83.67555498889523
107	12	80.94564103428638
107	13	68.38165605891163
107	14	53.992570027636724
107	15	51.07681288937845
107	16	63.631088063811916
107	17	47.90007111254999
107	18	49.96229069773177
107	19	54.52251944250524
107	20	54.014123299983
107	21	19.727241617238366
107	22	64.51284158307338
107	23	48.58106759373969
107	24	44.669881930978256
108	1	42.47607822822887
108	2	24.483679932262675
108	3	29.24811478045715
108	4	29.005556645176195
108	5	28.37607982307177
108	6	33.13178819580709
108	7	36.98277686191513
108	8	26.684202218115516
108	9	29.48653834107403
108	10	29.501688086355983
108	11	23.293109988447295
108	12	19.298790495625965
108	13	30.40084209876003
108	14	21.77402600406918
108	15	36.15229428127751
108	16	20.714724743031
108	17	46.42312997639045
108	18	31.83484945122022
108	19	25.602547013781166
108	20	32.91948528207809
108	21	50.0448429574641
108	22	23.487627040731294
108	23	49.686817149548716
108	24	19.63476795065292
109	1	50.50358963132786
109	2	69.74940683415765
109	3	37.33632902154722
109	4	32.28390329291503
109	5	45.18028618877707
109	6	54.76805736545984
109	7	38.779774882045224
109	8	47.797460787281125
109	9	39.61540332399219
109	10	56.616850170162216
109	11	69.57647540304669
109	12	60.414574505880644
109	13	50.57685976287806
109	14	59.456644294930896
109	15	53.04139217096156
109	16	59.763197833459536
109	17	58.246514915190225
109	18	60.32930767872873
109	19	105.39657228604267
109	20	70.81777460527258
109	21	61.34892371264942
109	22	54.49739231049885
109	23	48.10650156037896
109	24	63.62101874502515
110	1	84.4017800819276
110	2	69.53743373975044
110	3	72.07051330205218
110	4	82.65967363557277
110	5	62.87455779653206
110	6	79.6732445436844
110	7	56.51559356565665
110	8	56.06925947765065
110	9	65.60305249429283
110	10	76.07982939497205
110	11	41.116344481103965
110	12	85.07877527443793
110	13	98.45682777418942
110	14	79.21187969653623
110	15	76.09480014621181
110	16	77.6581059142098
110	17	96.95884856935035
110	18	59.45328658969548
110	19	69.65528154453007
110	20	25.394902824593547
110	21	80.34224770263586
110	22	20.58763883580699
110	23	94.71390525042956
110	24	60.476082315199065
111	1	41.84229924707361
111	2	35.73939401891428
111	3	44.363206163661204
111	4	35.08652370801226
111	5	30.02465706179972
111	6	28.761752837474564
111	7	26.463021549884846
111	8	37.627218650052605
111	9	27.825837678211034
111	10	15.32491870809538
111	11	45.78704334048981
111	12	38.86815609466177
111	13	63.843713640846886
111	14	20.429555992157418
111	15	51.86806315781324
111	16	55.831846123040144
111	17	18.086348573431966
111	18	49.99473530628866
111	19	54.084829549220274
111	20	74.84388443414824
111	21	75.19292528284466
111	22	76.7270939475731
111	23	48.52666232185587
111	24	48.71981292234939
112	1	45.661837685199856
112	2	66.41319683638214
112	3	50.41018950071237
112	4	34.919349526599156
112	5	14.088319069112739
112	6	20.54980497539082
112	7	32.591133260611514
112	8	36.80081879131455
112	9	54.53169473086239
112	10	84.70214055287732
112	11	44.18739204829695
112	12	68.51097716755419
112	13	53.85429938710738
112	14	74.74712741819754
112	15	74.39162790479678
112	16	84.84051495065678
112	17	83.29341896457227
112	18	63.731071454062274
112	19	81.95287935954515
112	20	47.71678640821182
112	21	64.54922720873871
112	22	52.956633445137115
112	23	59.546901998274436
112	24	54.76920655261927
