Node	Time	ActivationUpPrice
3	1	29.75
3	2	29.2
3	3	28.93
3	4	28.83
3	5	29.16
3	6	30.96
3	7	61.98
3	8	61.04
3	9	53.05
3	10	40.87
3	11	40.38
3	12	34.14
3	13	32.14
3	14	33.28
3	15	35.48
3	16	42.65
3	17	52.9
3	18	71.0
3	19	76.02
3	20	61.21
3	21	58.82
3	22	57.53
3	23	41.14
3	24	34.93
4	1	57.38
4	2	50.53
4	3	48.25
4	4	46.91
4	5	49.08
4	6	58.08
4	7	63.08
4	8	63.99
4	9	67.0
4	10	61.27
4	11	57.28
4	12	52.16
4	13	48.67
4	14	54.0
4	15	54.0
4	16	50.91
4	17	56.95
4	18	60.04
4	19	61.86
4	20	62.2
4	21	62.08
4	22	62.09
4	23	61.19
4	24	60.24
5	1	20.92
5	2	20.43
5	3	19.98
5	4	19.93
5	5	19.96
5	6	22.01
5	7	30.0
5	8	30.0
5	9	29.87
5	10	28.98
5	11	23.6
5	12	23.51
5	13	23.33
5	14	23.12
5	15	22.98
5	16	23.25
5	17	23.06
5	18	23.07
5	19	25.0
5	20	25.0
5	21	22.96
5	22	22.91
5	23	22.44
5	24	19.91
6	1	35.19
6	2	35.05
6	3	34.99
6	4	34.4
6	5	35.0
6	6	39.58
6	7	72.05
6	8	107.41
6	9	82.1
6	10	60.18
6	11	46.95
6	12	40.56
6	13	38.79
6	14	40.35
6	15	44.82
6	16	52.34
6	17	80.1
6	18	104.71
6	19	134.97
6	20	47.98
6	21	42.85
6	22	42.5
6	23	47.39
6	24	45.0
7	1	26.0
7	2	24.6
7	3	22.92
7	4	22.0
7	5	22.92
7	6	35.5
7	7	52.0
7	8	52.0
7	9	41.13
7	10	40.01
7	11	40.7
7	12	35.97
7	13	29.23
7	14	25.48
7	15	31.27
7	16	38.55
7	17	41.14
7	18	42.03
7	19	43.69
7	20	42.04
7	21	63.98
7	22	43.44
7	23	41.07
7	24	34.7
8	1	36.0
8	2	36.0
8	3	33.0
8	4	31.95
8	5	32.68
8	6	36.49
8	7	37.47
8	8	37.71
8	9	38.06
8	10	38.06
8	11	38.47
8	12	37.77
8	13	37.2
8	14	36.87
8	15	36.46
8	16	38.0
8	17	38.36
8	18	38.16
8	19	38.03
8	20	37.91
8	21	37.98
8	22	37.81
8	23	37.56
8	24	36.17
9	1	30.21
9	2	15.39
9	3	7.01
9	4	8.7
9	5	4.98
9	6	4.91
9	7	4.11
9	8	0.97
9	9	0.0
9	10	1.56
9	11	10.4
9	12	10.42
9	13	3.0
9	14	-5.0
9	15	-4.36
9	16	4.0
9	17	26.28
9	18	39.0
9	19	39.0
9	20	42.73
9	21	44.99
9	22	37.62
9	23	33.99
9	24	33.52
10	1	31.34
10	2	29.64
10	3	29.62
10	4	28.97
10	5	26.88
10	6	34.37
10	7	38.0
10	8	39.0
10	9	37.0
10	10	30.0
10	11	5.65
10	12	0.85
10	13	-0.01
10	14	-0.19
10	15	0.83
10	16	7.0
10	17	18.81
10	18	28.92
10	19	34.37
10	20	36.08
10	21	34.19
10	22	34.38
10	23	32.02
10	24	20.39
11	1	13.5
11	2	13.5
11	3	10.47
11	4	11.71
11	5	25.0
11	6	66.0
11	7	66.0
11	8	90.0
11	9	67.0
11	10	66.0
11	11	55.86
11	12	55.03
11	13	54.62
11	14	54.43
11	15	64.0
11	16	64.0
11	17	69.5
11	18	70.0
11	19	67.0
11	20	65.0
11	21	60.0
11	22	31.5
11	23	25.0
11	24	19.22
12	1	30.21
12	2	15.39
12	3	7.01
12	4	8.7
12	5	4.98
12	6	4.91
12	7	4.11
12	8	0.97
12	9	0.0
12	10	1.56
12	11	10.4
12	12	10.42
12	13	3.0
12	14	-5.0
12	15	-4.36
12	16	4.0
12	17	26.28
12	18	39.0
12	19	39.0
12	20	42.73
12	21	44.99
12	22	37.62
12	23	33.99
12	24	33.52
13	1	37.36
13	2	17.0
13	3	7.79
13	4	6.39
13	5	32.42
13	6	57.0
13	7	60.0
13	8	66.5
13	9	66.5
13	10	55.0
13	11	55.0
13	12	58.21
13	13	58.0
13	14	58.0
13	15	55.0
13	16	55.0
13	17	55.0
13	18	64.0
13	19	60.0
13	20	60.0
13	21	66.0
13	22	64.0
13	23	58.0
13	24	58.0
14	1	14.0
14	2	14.0
14	3	8.81
14	4	9.98
14	5	12.18
14	6	13.92
14	7	51.08
14	8	124.47
14	9	85.93
14	10	50.1
14	11	41.69
14	12	42.31
14	13	40.14
14	14	59.0
14	15	59.0
14	16	59.0
14	17	45.74
14	18	55.5
14	19	60.0
14	20	60.0
14	21	59.0
14	22	49.5
14	23	14.02
14	24	15.97
15	1	22.94
15	2	22.94
15	3	23.5
15	4	23.5
15	5	23.5
15	6	20.48
15	7	21.63
15	8	22.25
15	9	22.26
15	10	23.03
15	11	21.75
15	12	15.15
15	13	6.41
15	14	4.1
15	15	20.98
15	16	23.03
15	17	26.7
15	18	26.7
15	19	27.0
15	20	26.0
15	21	22.26
15	22	24.94
15	23	22.26
15	24	19.74
16	1	32.02
16	2	32.02
16	3	32.01
16	4	32.02
16	5	32.24
16	6	32.46
16	7	38.5
16	8	42.0
16	9	37.5
16	10	33.03
16	11	32.51
16	12	32.24
16	13	32.02
16	14	32.02
16	15	43.5
16	16	43.0
16	17	34.18
16	18	33.34
16	19	44.0
16	20	45.0
16	21	55.0
16	22	34.18
16	23	33.63
16	24	32.22
17	1	45.84
17	2	44.86
17	3	43.14
17	4	40.78
17	5	39.07
17	6	40.83
17	7	55.5
17	8	70.0
17	9	56.0
17	10	49.8
17	11	45.73
17	12	43.0
17	13	34.84
17	14	19.5
17	15	29.94
17	16	35.58
17	17	43.24
17	18	44.39
17	19	46.92
17	20	48.17
17	21	47.3
17	22	45.09
17	23	39.63
17	24	33.23
18	1	36.0
18	2	36.0
18	3	33.0
18	4	31.95
18	5	32.68
18	6	36.49
18	7	37.47
18	8	37.71
18	9	38.06
18	10	38.06
18	11	38.47
18	12	37.77
18	13	37.2
18	14	36.87
18	15	36.46
18	16	38.0
18	17	38.36
18	18	38.16
18	19	38.03
18	20	37.91
18	21	37.98
18	22	37.81
18	23	37.56
18	24	36.17
19	1	35.65
19	2	35.14
19	3	34.72
19	4	34.64
19	5	35.41
19	6	37.0
19	7	38.54
19	8	38.67
19	9	38.57
19	10	37.98
19	11	34.61
19	12	29.25
19	13	25.27
19	14	26.68
19	15	32.9
19	16	36.39
19	17	38.4
19	18	38.39
19	19	38.46
19	20	43.76
19	21	43.71
19	22	38.4
19	23	38.21
19	24	34.94
20	1	17.79
20	2	6.65
20	3	5.49
20	4	29.0
20	5	36.22
20	6	54.0
20	7	53.29
20	8	59.02
20	9	56.36
20	10	52.05
20	11	46.15
20	12	42.96
20	13	42.37
20	14	57.0
20	15	57.0
20	16	51.67
20	17	55.0
20	18	57.83
20	19	57.1
20	20	56.78
20	21	56.72
20	22	54.24
20	23	52.35
20	24	57.36
21	1	34.29
21	2	34.13
21	3	33.41
21	4	33.06
21	5	34.09
21	6	35.04
21	7	58.66
21	8	61.71
21	9	63.97
21	10	69.99
21	11	45.0
21	12	50.55
21	13	35.7
21	14	35.43
21	15	35.28
21	16	36.04
21	17	57.66
21	18	75.09
21	19	75.3
21	20	60.95
21	21	60.71
21	22	59.69
21	23	56.96
21	24	34.96
22	1	19.51
22	2	4.12
22	3	2.67
22	4	2.92
22	5	5.72
22	6	20.84
22	7	32.0
22	8	32.0
22	9	30.0
22	10	30.0
22	11	28.0
22	12	23.0
22	13	23.0
22	14	23.0
22	15	9.42
22	16	27.5
22	17	29.49
22	18	33.63
22	19	36.7
22	20	37.81
22	21	38.11
22	22	37.99
22	23	37.68
22	24	37.72
23	1	50.27
23	2	49.96
23	3	49.56
23	4	49.36
23	5	49.82
23	6	55.36
23	7	85.93
23	8	77.31
23	9	65.78
23	10	50.48
23	11	45.07
23	12	37.53
23	13	30.04
23	14	26.93
23	15	50.0
23	16	55.0
23	17	55.0
23	18	57.0
23	19	58.5
23	20	55.0
23	21	48.22
23	22	45.48
23	23	37.87
23	24	21.21
24	1	35.17
24	2	35.0
24	3	34.82
24	4	34.79
24	5	34.98
24	6	35.69
24	7	37.16
24	8	37.95
24	9	37.91
24	10	37.0
24	11	37.0
24	12	35.33
24	13	40.0
24	14	40.0
24	15	37.0
24	16	37.0
24	17	35.15
24	18	35.09
24	19	35.82
24	20	37.54
24	21	36.98
24	22	37.76
24	23	36.18
24	24	36.12
25	1	31.67
25	2	25.64
25	3	24.0
25	4	18.0
25	5	18.0
25	6	26.47
25	7	32.0
25	8	34.0
25	9	31.0
25	10	33.0
25	11	33.0
25	12	-0.04
25	13	-5.18
25	14	-19.66
25	15	-18.6
25	16	-0.06
25	17	1.51
25	18	11.72
25	19	30.84
25	20	36.48
25	21	37.67
25	22	37.55
25	23	36.99
25	24	30.44
26	1	14.0
26	2	14.0
26	3	8.81
26	4	9.98
26	5	12.18
26	6	13.92
26	7	51.08
26	8	124.47
26	9	85.93
26	10	50.1
26	11	41.69
26	12	42.31
26	13	40.14
26	14	59.0
26	15	59.0
26	16	59.0
26	17	45.74
26	18	55.5
26	19	60.0
26	20	60.0
26	21	59.0
26	22	49.5
26	23	14.02
26	24	15.97
27	1	57.0
27	2	57.0
27	3	55.0
27	4	55.0
27	5	58.0
27	6	60.0
27	7	61.0
27	8	60.0
27	9	55.0
27	10	55.0
27	11	52.0
27	12	39.55
27	13	37.84
27	14	34.92
27	15	39.21
27	16	39.87
27	17	46.28
27	18	51.51
27	19	50.96
27	20	48.28
27	21	53.0
27	22	49.0
27	23	26.01
27	24	11.3
28	1	18.7
28	2	18.38
28	3	18.07
28	4	17.94
28	5	18.19
28	6	19.67
28	7	51.41
28	8	56.74
28	9	54.42
28	10	56.14
28	11	56.81
28	12	60.5
28	13	60.5
28	14	60.0
28	15	28.33
28	16	30.3
28	17	50.35
28	18	54.51
28	19	21.96
28	20	19.9
28	21	19.71
28	22	18.79
28	23	17.92
28	24	15.52
29	1	31.91
29	2	31.52
29	3	31.52
29	4	61.0
29	5	61.0
29	6	64.0
29	7	82.0
29	8	82.0
29	9	82.0
29	10	82.0
29	11	93.0
29	12	93.0
29	13	82.0
29	14	34.45
29	15	75.0
29	16	75.0
29	17	75.0
29	18	32.02
29	19	32.01
29	20	31.32
29	21	32.01
29	22	32.25
29	23	31.52
29	24	30.34
30	1	4.54
30	2	3.97
30	3	3.88
30	4	3.75
30	5	3.88
30	6	3.9
30	7	4.7
30	8	5.11
30	9	5.55
30	10	5.92
30	11	2.49
30	12	0.04
30	13	0.01
30	14	1.19
30	15	3.14
30	16	5.34
30	17	11.0
30	18	11.0
30	19	5.13
30	20	3.85
30	21	3.19
30	22	3.85
30	23	1.52
30	24	0.43
31	1	31.67
31	2	25.64
31	3	24.0
31	4	18.0
31	5	18.0
31	6	26.47
31	7	32.0
31	8	34.0
31	9	31.0
31	10	33.0
31	11	33.0
31	12	-0.04
31	13	-5.18
31	14	-19.66
31	15	-18.6
31	16	-0.06
31	17	1.51
31	18	11.72
31	19	30.84
31	20	36.48
31	21	37.67
31	22	37.55
31	23	36.99
31	24	30.44
32	1	50.27
32	2	49.96
32	3	49.56
32	4	49.36
32	5	49.82
32	6	55.36
32	7	85.93
32	8	77.31
32	9	65.78
32	10	50.48
32	11	45.07
32	12	37.53
32	13	30.04
32	14	26.93
32	15	50.0
32	16	55.0
32	17	55.0
32	18	57.0
32	19	58.5
32	20	55.0
32	21	48.22
32	22	45.48
32	23	37.87
32	24	21.21
33	1	17.15
33	2	16.18
33	3	18.33
33	4	20.47
33	5	22.9
33	6	25.22
33	7	35.08
33	8	39.27
33	9	38.09
33	10	37.84
33	11	38.09
33	12	25.72
33	13	14.99
33	14	20.26
33	15	34.59
33	16	34.59
33	17	45.0
33	18	51.0
33	19	51.0
33	20	45.0
33	21	34.22
33	22	30.2
33	23	25.39
33	24	26.75
34	1	22.94
34	2	22.94
34	3	23.5
34	4	23.5
34	5	23.5
34	6	20.48
34	7	21.63
34	8	22.25
34	9	22.26
34	10	23.03
34	11	21.75
34	12	15.15
34	13	6.41
34	14	4.1
34	15	20.98
34	16	23.03
34	17	26.7
34	18	26.7
34	19	27.0
34	20	26.0
34	21	22.26
34	22	24.94
34	23	22.26
34	24	19.74
35	1	44.0
35	2	44.0
35	3	37.46
35	4	37.32
35	5	37.12
35	6	37.12
35	7	37.12
35	8	37.48
35	9	34.8
35	10	16.89
35	11	3.69
35	12	2.72
35	13	0.1
35	14	0.22
35	15	3.7
35	16	32.97
35	17	36.71
35	18	38.24
35	19	38.06
35	20	37.96
35	21	37.86
35	22	37.63
35	23	37.36
35	24	39.4
36	1	15.24
36	2	14.45
36	3	13.91
36	4	14.61
36	5	15.24
36	6	20.91
36	7	42.98
36	8	49.99
36	9	39.86
36	10	36.63
36	11	18.17
36	12	4.32
36	13	3.24
36	14	3.03
36	15	3.96
36	16	12.78
36	17	26.79
36	18	42.73
36	19	29.89
36	20	28.88
36	21	28.19
36	22	26.84
36	23	24.74
36	24	14.3
37	1	35.65
37	2	35.14
37	3	34.72
37	4	34.64
37	5	35.41
37	6	37.0
37	7	38.54
37	8	38.67
37	9	38.57
37	10	37.98
37	11	34.61
37	12	29.25
37	13	25.27
37	14	26.68
37	15	32.9
37	16	36.39
37	17	38.4
37	18	38.39
37	19	38.46
37	20	43.76
37	21	43.71
37	22	38.4
37	23	38.21
37	24	34.94
38	1	1.06
38	2	1.01
38	3	1.01
38	4	1.01
38	5	1.11
38	6	2.23
38	7	17.0
38	8	23.97
38	9	30.0
38	10	22.49
38	11	7.86
38	12	5.5
38	13	0.0
38	14	-0.07
38	15	-0.01
38	16	1.4
38	17	3.96
38	18	8.58
38	19	7.4
38	20	5.38
38	21	5.37
38	22	5.74
38	23	5.21
38	24	3.18
39	1	27.97
39	2	27.9
39	3	27.77
39	4	27.78
39	5	27.87
39	6	28.84
39	7	30.15
39	8	30.62
39	9	31.47
39	10	30.03
39	11	25.0
39	12	20.99
39	13	21.68
39	14	24.92
39	15	30.41
39	16	33.27
39	17	85.0
39	18	95.5
39	19	95.5
39	20	95.5
39	21	80.0
39	22	77.0
39	23	31.08
39	24	26.56
40	1	27.97
40	2	27.9
40	3	27.77
40	4	27.78
40	5	27.87
40	6	28.84
40	7	30.15
40	8	30.62
40	9	31.47
40	10	30.03
40	11	25.0
40	12	20.99
40	13	21.68
40	14	24.92
40	15	30.41
40	16	33.27
40	17	85.0
40	18	95.5
40	19	95.5
40	20	95.5
40	21	80.0
40	22	77.0
40	23	31.08
40	24	26.56
41	1	35.0
41	2	34.79
41	3	35.2
41	4	35.19
41	5	35.27
41	6	36.38
41	7	201.11
41	8	59.5
41	9	57.0
41	10	39.31
41	11	39.12
41	12	38.0
41	13	38.5
41	14	37.95
41	15	37.49
41	16	37.93
41	17	37.6
41	18	37.15
41	19	40.0
41	20	45.0
41	21	45.0
41	22	39.0
41	23	37.33
41	24	37.59
42	1	16.74
42	2	15.86
42	3	15.78
42	4	15.62
42	5	15.87
42	6	18.06
42	7	23.0
42	8	23.0
42	9	23.0
42	10	20.0
42	11	19.94
42	12	15.11
42	13	9.94
42	14	10.01
42	15	16.0
42	16	22.64
42	17	23.53
42	18	23.53
42	19	21.0
42	20	18.35
42	21	18.19
42	22	18.2
42	23	16.4
42	24	14.12
43	1	2.56
43	2	2.11
43	3	2.2
43	4	2.69
43	5	3.07
43	6	4.92
43	7	11.07
43	8	15.37
43	9	13.94
43	10	6.99
43	11	3.79
43	12	1.14
43	13	-0.61
43	14	-0.07
43	15	1.15
43	16	3.73
43	17	8.35
43	18	7.56
43	19	5.55
43	20	4.84
43	21	4.92
43	22	4.7
43	23	2.69
43	24	2.94
44	1	49.65
44	2	47.54
44	3	44.98
44	4	48.1
44	5	51.94
44	6	55.68
44	7	57.17
44	8	56.83
44	9	56.1
44	10	54.11
44	11	49.83
44	12	48.75
44	13	49.0
44	14	48.0
44	15	44.98
44	16	49.0
44	17	50.0
44	18	48.86
44	19	54.0
44	20	59.0
44	21	48.99
44	22	49.0
44	23	49.0
44	24	44.65
45	1	47.16
45	2	46.88
45	3	46.99
45	4	47.16
45	5	47.91
45	6	46.94
45	7	49.47
45	8	49.89
45	9	48.37
45	10	39.85
45	11	23.86
45	12	0.6
45	13	0.43
45	14	12.07
45	15	37.97
45	16	47.91
45	17	60.0
45	18	61.0
45	19	61.0
45	20	61.0
45	21	53.5
45	22	53.5
45	23	53.5
45	24	57.0
46	1	-0.04
46	2	14.0
46	3	14.0
46	4	14.0
46	5	14.0
46	6	9.5
46	7	19.0
46	8	19.0
46	9	9.98
46	10	9.98
46	11	16.0
46	12	19.46
46	13	14.0
46	14	13.0
46	15	13.0
46	16	12.0
46	17	12.0
46	18	4.94
46	19	5.9
46	20	4.41
46	21	3.7
46	22	2.96
46	23	1.99
46	24	3.97
47	1	19.67
47	2	19.66
47	3	19.23
47	4	19.47
47	5	17.2
47	6	25.22
47	7	35.52
47	8	35.0
47	9	26.75
47	10	16.8
47	11	8.93
47	12	0.73
47	13	-0.19
47	14	-0.16
47	15	0.92
47	16	10.0
47	17	17.28
47	18	20.81
47	19	24.36
47	20	25.45
47	21	24.55
47	22	22.35
47	23	27.78
47	24	19.59
48	1	27.77
48	2	24.5
48	3	19.39
48	4	19.63
48	5	19.79
48	6	20.46
48	7	20.97
48	8	21.88
48	9	22.48
48	10	21.99
48	11	21.55
48	12	20.99
48	13	17.8
48	14	17.92
48	15	20.24
48	16	20.63
48	17	20.98
48	18	21.79
48	19	22.54
48	20	22.23
48	21	21.77
48	22	21.63
48	23	25.63
48	24	25.0
49	1	49.65
49	2	47.54
49	3	44.98
49	4	48.1
49	5	51.94
49	6	55.68
49	7	57.17
49	8	56.83
49	9	56.1
49	10	54.11
49	11	49.83
49	12	48.75
49	13	49.0
49	14	48.0
49	15	44.98
49	16	49.0
49	17	50.0
49	18	48.86
49	19	54.0
49	20	59.0
49	21	48.99
49	22	49.0
49	23	49.0
49	24	44.65
50	1	32.83
50	2	32.43
50	3	32.24
50	4	31.71
50	5	30.09
50	6	29.65
50	7	32.88
50	8	34.0
50	9	30.02
50	10	5.93
50	11	17.0
50	12	31.35
50	13	30.0
50	14	29.0
50	15	23.76
50	16	25.0
50	17	34.0
50	18	38.5
50	19	37.0
50	20	37.0
50	21	34.0
50	22	32.96
50	23	32.94
50	24	32.82
51	1	7.94
51	2	7.4
51	3	7.19
51	4	7.22
51	5	14.0
51	6	15.72
51	7	15.67
51	8	9.94
51	9	16.0
51	10	16.0
51	11	3.65
51	12	2.86
51	13	1.96
51	14	3.09
51	15	5.43
51	16	11.28
51	17	13.69
51	18	15.0
51	19	14.21
51	20	12.48
51	21	10.9
51	22	9.01
51	23	7.53
51	24	14.5
52	1	45.84
52	2	44.86
52	3	43.14
52	4	40.78
52	5	39.07
52	6	40.83
52	7	55.5
52	8	70.0
52	9	56.0
52	10	49.8
52	11	45.73
52	12	43.0
52	13	34.84
52	14	19.5
52	15	29.94
52	16	35.58
52	17	43.24
52	18	44.39
52	19	46.92
52	20	48.17
52	21	47.3
52	22	45.09
52	23	39.63
52	24	33.23
53	1	17.79
53	2	6.65
53	3	5.49
53	4	29.0
53	5	36.22
53	6	54.0
53	7	53.29
53	8	59.02
53	9	56.36
53	10	52.05
53	11	46.15
53	12	42.96
53	13	42.37
53	14	57.0
53	15	57.0
53	16	51.67
53	17	55.0
53	18	57.83
53	19	57.1
53	20	56.78
53	21	56.72
53	22	54.24
53	23	52.35
53	24	57.36
54	1	29.21
54	2	28.93
54	3	28.82
54	4	28.85
54	5	28.89
54	6	29.72
54	7	30.01
54	8	33.98
54	9	29.38
54	10	32.0
54	11	32.0
54	12	2.48
54	13	0.01
54	14	0.02
54	15	7.68
54	16	38.0
54	17	37.0
54	18	44.0
54	19	56.0
54	20	56.0
54	21	50.0
54	22	44.0
54	23	40.0
54	24	32.49
55	1	71.65
55	2	71.51
55	3	69.94
55	4	69.16
55	5	68.47
55	6	69.59
55	7	77.6
55	8	89.0
55	9	85.47
55	10	76.64
55	11	71.99
55	12	69.86
55	13	68.6
55	14	76.81
55	15	68.04
55	16	69.68
55	17	77.4
55	18	90.66
55	19	89.0
55	20	90.0
55	21	90.0
55	22	71.84
55	23	71.13
55	24	77.24
56	1	39.3
56	2	39.19
56	3	39.03
56	4	38.9
56	5	38.69
56	6	38.57
56	7	36.15
56	8	29.97
56	9	9.94
56	10	4.07
56	11	18.0
56	12	7.0
56	13	0.44
56	14	0.09
56	15	1.74
56	16	14.05
56	17	35.46
56	18	39.19
56	19	39.27
56	20	39.35
56	21	39.19
56	22	39.09
56	23	38.83
56	24	38.68
57	1	31.34
57	2	29.64
57	3	29.62
57	4	28.97
57	5	26.88
57	6	34.37
57	7	38.0
57	8	39.0
57	9	37.0
57	10	30.0
57	11	5.65
57	12	0.85
57	13	-0.01
57	14	-0.19
57	15	0.83
57	16	7.0
57	17	18.81
57	18	28.92
57	19	34.37
57	20	36.08
57	21	34.19
57	22	34.38
57	23	32.02
57	24	20.39
58	1	59.0
58	2	60.0
58	3	59.0
58	4	56.0
58	5	52.95
58	6	54.14
58	7	56.89
58	8	58.91
58	9	59.72
58	10	59.48
58	11	59.38
58	12	57.13
58	13	56.53
58	14	57.66
58	15	59.46
58	16	59.95
58	17	60.49
58	18	60.91
58	19	60.53
58	20	60.34
58	21	60.06
58	22	59.87
58	23	59.53
58	24	59.11
59	1	77.34
59	2	74.8
59	3	72.96
59	4	72.58
59	5	75.17
59	6	78.49
59	7	88.6
59	8	107.84
59	9	125.89
59	10	122.17
59	11	114.5
59	12	108.352
59	13	93.55
59	14	87.62
59	15	86.43
59	16	94.25
59	17	101.0
59	18	104.68
59	19	103.26
59	20	94.53
59	21	86.97
59	22	80.54
59	23	77.43
59	24	71.33
60	1	43.19
60	2	44.36
60	3	38.37
60	4	17.29
60	5	8.8
60	6	9.08
60	7	17.0
60	8	35.26
60	9	47.46
60	10	48.45
60	11	49.44
60	12	49.09
60	13	48.82
60	14	46.92
60	15	43.94
60	16	49.62
60	17	52.34
60	18	55.15
60	19	57.3
60	20	56.19
60	21	54.08
60	22	52.85
60	23	50.81
60	24	42.37
61	1	66.11
61	2	64.89
61	3	64.87
61	4	64.01
61	5	64.24
61	6	65.03
61	7	76.0
61	8	96.0
61	9	89.0
61	10	74.0
61	11	59.37
61	12	55.78
61	13	54.17
61	14	52.8
61	15	51.98
61	16	52.72
61	17	58.11
61	18	63.2
61	19	75.94
61	20	77.44
61	21	68.85
61	22	63.29
61	23	63.02
61	24	59.89
62	1	59.47
62	2	75.0
62	3	75.0
62	4	75.0
62	5	63.0
62	6	60.0
62	7	81.0
62	8	179.0
62	9	292.0
62	10	293.71
62	11	274.62
62	12	257.16
62	13	251.86
62	14	239.75
62	15	292.25
62	16	299.02
62	17	343.77
62	18	349.4
62	19	246.0
62	20	205.93
62	21	134.64
62	22	113.27
62	23	103.32
62	24	94.51
63	1	39.24
63	2	39.04
63	3	38.93
63	4	38.53
63	5	38.84
63	6	38.83
63	7	39.18
63	8	39.92
63	9	40.43
63	10	40.93
63	11	40.86
63	12	40.94
63	13	40.92
63	14	40.9
63	15	40.77
63	16	41.4
63	17	43.24
63	18	43.81
63	19	44.11
63	20	43.35
63	21	41.95
63	22	41.27
63	23	40.24
63	24	35.14
64	1	39.6
64	2	38.99
64	3	39.73
64	4	40.26
64	5	42.35
64	6	50.72
64	7	82.0
64	8	122.54
64	9	91.3
64	10	61.93
64	11	51.36
64	12	54.9
64	13	50.47
64	14	50.34
64	15	50.01
64	16	51.75
64	17	59.87
64	18	57.29
64	19	53.32
64	20	51.11
64	21	46.99
64	22	43.09
64	23	41.41
64	24	42.44
65	1	6.84
65	2	0.39
65	3	0.27
65	4	0.28
65	5	0.54
65	6	2.18
65	7	16.19
65	8	33.5
65	9	33.0
65	10	30.49
65	11	30.57
65	12	30.16
65	13	29.74
65	14	29.42
65	15	29.99
65	16	34.0
65	17	34.0
65	18	34.0
65	19	30.63
65	20	28.81
65	21	28.04
65	22	25.66
65	23	25.66
65	24	27.5
66	1	50.0
66	2	47.0
66	3	43.57
66	4	42.64
66	5	41.19
66	6	39.41
66	7	40.24
66	8	42.4
66	9	45.18
66	10	44.71
66	11	44.93
66	12	45.59
66	13	45.94
66	14	46.21
66	15	50.0
66	16	50.0
66	17	50.81
66	18	52.42
66	19	60.0
66	20	60.0
66	21	54.0
66	22	53.0
66	23	48.46
66	24	43.71
67	1	67.27
67	2	70.0
67	3	66.16
67	4	63.57
67	5	62.97
67	6	66.13
67	7	71.0
67	8	77.0
67	9	83.0
67	10	83.0
67	11	79.133
67	12	80.0
67	13	80.0
67	14	83.02
67	15	80.09
67	16	82.0
67	17	76.5
67	18	85.0
67	19	85.0
67	20	78.0
67	21	67.25
67	22	66.15
67	23	64.96
67	24	63.28
68	1	26.0
68	2	14.78
68	3	14.49
68	4	14.77
68	5	15.06
68	6	20.26
68	7	40.0
68	8	153.0
68	9	141.0
68	10	125.67
68	11	116.96
68	12	105.2
68	13	96.78
68	14	50.13
68	15	30.06
68	16	23.27
68	17	22.8
68	18	23.27
68	19	22.4
68	20	22.23
68	21	21.89
68	22	21.06
68	23	20.34
68	24	17.91
69	1	41.89
69	2	41.45
69	3	41.35
69	4	41.35
69	5	42.42
69	6	49.03
69	7	71.09
69	8	74.29
69	9	64.97
69	10	51.06
69	11	49.15
69	12	45.13
69	13	35.58
69	14	39.6
69	15	48.1
69	16	49.32
69	17	51.09
69	18	58.83
69	19	60.0
69	20	65.55
69	21	53.0
69	22	49.88
69	23	46.11
69	24	44.96
70	1	39.55
70	2	37.75
70	3	32.0
70	4	30.2
70	5	38.95
70	6	42.21
70	7	43.53
70	8	44.44
70	9	43.79
70	10	42.09
70	11	38.0
70	12	31.58
70	13	30.0
70	14	30.0
70	15	37.18
70	16	37.18
70	17	38.23
70	18	39.48
70	19	38.64
70	20	37.92
70	21	36.44
70	22	32.99
70	23	32.63
70	24	34.71
71	1	46.0
71	2	46.0
71	3	36.39
71	4	36.15
71	5	35.9
71	6	45.0
71	7	45.0
71	8	45.0
71	9	42.0
71	10	46.0
71	11	46.0
71	12	46.0
71	13	45.0
71	14	43.0
71	15	43.5
71	16	43.0
71	17	44.0
71	18	46.0
71	19	46.0
71	20	43.0
71	21	41.0
71	22	42.0
71	23	43.0
71	24	43.0
72	1	58.94
72	2	57.98
72	3	57.66
72	4	58.0
72	5	58.0
72	6	58.0
72	7	58.0
72	8	59.0
72	9	57.73
72	10	56.28
72	11	54.03
72	12	49.91
72	13	56.0
72	14	59.0
72	15	51.0
72	16	52.0
72	17	58.14
72	18	55.0
72	19	55.13
72	20	56.92
72	21	54.84
72	22	51.52
72	23	45.0
72	24	45.0
73	1	95.73
73	2	89.59
73	3	85.07
73	4	81.5
73	5	77.67
73	6	84.44
73	7	95.06
73	8	133.66
73	9	145.69
73	10	145.98
73	11	144.3
73	12	141.13
73	13	135.78
73	14	132.17
73	15	170.0
73	16	920.0
73	17	920.0
73	18	190.0
73	19	132.96
73	20	117.49
73	21	117.5
73	22	106.72
73	23	106.72
73	24	66.52
74	1	39.0
74	2	39.0
74	3	37.0
74	4	37.0
74	5	34.5
74	6	34.0
74	7	40.5
74	8	47.0
74	9	47.0
74	10	47.0
74	11	47.0
74	12	53.0
74	13	53.0
74	14	53.0
74	15	55.5
74	16	60.5
74	17	60.5
74	18	60.5
74	19	53.0
74	20	50.0
74	21	49.0
74	22	48.0
74	23	48.0
74	24	45.5
75	1	100.0
75	2	100.0
75	3	96.0
75	4	92.0
75	5	92.0
75	6	92.0
75	7	92.0
75	8	90.0
75	9	85.0
75	10	90.0
75	11	102.0
75	12	102.0
75	13	100.0
75	14	100.0
75	15	100.0
75	16	100.0
75	17	100.0
75	18	201.11
75	19	260.0
75	20	179.0
75	21	114.0
75	22	114.0
75	23	114.0
75	24	113.0
76	1	36.44
76	2	36.49
76	3	34.73
76	4	35.22
76	5	35.48
76	6	35.32
76	7	41.01
76	8	42.8
76	9	44.31
76	10	43.78
76	11	43.01
76	12	42.51
76	13	42.52
76	14	42.67
76	15	43.45
76	16	45.06
76	17	45.65
76	18	46.09
76	19	46.18
76	20	45.87
76	21	45.49
76	22	45.71
76	23	44.89
76	24	44.79
77	1	36.0
77	2	35.0
77	3	34.0
77	4	33.0
77	5	28.0
77	6	29.35
77	7	31.52
77	8	34.07
77	9	36.63
77	10	36.67
77	11	36.99
77	12	37.05
77	13	37.08
77	14	37.22
77	15	40.0
77	16	41.0
77	17	44.0
77	18	44.0
77	19	44.0
77	20	44.0
77	21	43.5
77	22	39.5
77	23	39.5
77	24	39.5
78	1	30.7
78	2	30.9
78	3	30.89
78	4	30.78
78	5	31.23
78	6	43.5
78	7	43.5
78	8	43.5
78	9	37.0
78	10	40.0
78	11	40.0
78	12	33.08
78	13	31.18
78	14	29.88
78	15	30.81
78	16	32.85
78	17	40.0
78	18	40.0
78	19	35.54
78	20	35.51
78	21	35.23
78	22	34.29
78	23	32.28
78	24	30.06
79	1	53.97
79	2	53.52
79	3	53.48
79	4	53.43
79	5	53.49
79	6	53.92
79	7	53.95
79	8	54.61
79	9	54.69
79	10	61.0
79	11	59.0
79	12	55.0
79	13	52.0
79	14	50.0
79	15	46.28
79	16	49.14
79	17	51.7
79	18	56.58
79	19	72.83
79	20	58.98
79	21	56.03
79	22	54.99
79	23	53.22
79	24	51.85
80	1	38.0
80	2	29.27
80	3	18.61
80	4	13.45
80	5	24.4
80	6	35.6
80	7	42.54
80	8	58.39
80	9	93.56
80	10	84.12
80	11	80.59
80	12	78.07
80	13	84.53
80	14	78.67
80	15	82.97
80	16	85.0
80	17	94.06
80	18	101.08
80	19	105.5
80	20	98.72
80	21	90.75
80	22	84.54
80	23	68.85
80	24	48.63
81	1	22.91
81	2	21.19
81	3	15.2
81	4	16.66
81	5	17.82
81	6	16.73
81	7	19.72
81	8	25.55
81	9	21.42
81	10	26.0
81	11	28.97
81	12	29.76
81	13	29.63
81	14	28.41
81	15	26.25
81	16	27.44
81	17	29.09
81	18	28.95
81	19	29.77
81	20	26.01
81	21	26.89
81	22	23.71
81	23	23.45
81	24	22.6
82	1	57.92
82	2	56.39
82	3	54.28
82	4	51.78
82	5	50.88
82	6	51.99
82	7	52.83
82	8	55.97
82	9	56.97
82	10	68.5
82	11	75.5
82	12	77.0
82	13	77.5
82	14	77.5
82	15	70.0
82	16	70.0
82	17	68.04
82	18	76.07
82	19	92.5
82	20	92.5
82	21	92.5
82	22	79.0
82	23	85.0
82	24	80.5
83	1	34.72
83	2	35.09
83	3	35.88
83	4	35.91
83	5	36.76
83	6	41.32
83	7	46.44
83	8	49.0
83	9	46.44
83	10	54.0
83	11	55.0
83	12	47.0
83	13	41.59
83	14	40.13
83	15	39.97
83	16	40.97
83	17	43.94
83	18	43.72
83	19	43.58
83	20	43.12
83	21	43.09
83	22	42.77
83	23	42.11
83	24	37.93
84	1	3.32
84	2	3.45
84	3	4.09
84	4	4.72
84	5	5.25
84	6	6.25
84	7	23.27
84	8	25.07
84	9	24.06
84	10	20.36
84	11	20.44
84	12	20.25
84	13	20.14
84	14	18.17
84	15	16.31
84	16	14.0
84	17	9.61
84	18	12.0
84	19	12.0
84	20	9.01
84	21	7.89
84	22	5.59
84	23	4.48
84	24	3.49
85	1	37.24
85	2	37.15
85	3	37.04
85	4	37.09
85	5	37.49
85	6	37.69
85	7	39.77
85	8	39.95
85	9	39.94
85	10	41.0
85	11	41.0
85	12	40.0
85	13	38.5
85	14	40.0
85	15	42.0
85	16	47.0
85	17	48.0
85	18	45.0
85	19	46.0
85	20	42.0
85	21	38.52
85	22	34.99
85	23	26.18
85	24	0.0
86	1	46.39
86	2	39.89
86	3	33.85
86	4	32.99
86	5	37.11
86	6	45.18
86	7	57.79
86	8	88.0
86	9	102.0
86	10	91.65
86	11	81.71
86	12	69.39
86	13	66.37
86	14	65.11
86	15	185.0
86	16	125.0
86	17	106.71
86	18	118.21
86	19	129.26
86	20	125.11
86	21	111.9
86	22	100.53
86	23	100.0
86	24	65.0
87	1	42.0
87	2	42.0
87	3	42.0
87	4	42.0
87	5	42.0
87	6	37.0
87	7	34.0
87	8	40.0
87	9	40.0
87	10	40.0
87	11	40.0
87	12	50.5
87	13	50.0
87	14	46.0
87	15	46.0
87	16	47.0
87	17	46.0
87	18	46.0
87	19	45.0
87	20	45.0
87	21	38.0
87	22	44.0
87	23	42.0
87	24	40.0
88	1	18.08
88	2	22.5
88	3	22.5
88	4	20.0
88	5	18.0
88	6	17.0
88	7	19.95
88	8	29.44
88	9	32.57
88	10	31.16
88	11	31.21
88	12	30.94
88	13	37.0
88	14	37.0
88	15	34.0
88	16	38.0
88	17	38.0
88	18	39.0
88	19	39.0
88	20	38.5
88	21	39.0
88	22	38.0
88	23	37.5
88	24	32.0
89	1	68.5
89	2	68.5
89	3	68.0
89	4	58.55
89	5	59.03
89	6	61.01
89	7	86.0
89	8	94.27
89	9	102.0
89	10	79.0
89	11	70.34
89	12	66.03
89	13	70.0
89	14	63.0
89	15	67.5
89	16	67.5
89	17	61.76
89	18	89.02
89	19	117.13
89	20	116.83
89	21	81.91
89	22	61.49
89	23	59.52
89	24	56.92
90	1	91.432
90	2	83.3
90	3	81.25
90	4	79.84
90	5	79.98
90	6	81.8
90	7	86.66
90	8	111.86
90	9	136.38
90	10	130.78
90	11	118.22
90	12	111.41
90	13	103.67
90	14	99.88
90	15	101.3
90	16	106.81
90	17	116.52
90	18	123.8
90	19	122.35
90	20	116.01
90	21	104.03
90	22	88.77
90	23	82.83
90	24	80.1
91	1	68.0
91	2	63.0
91	3	52.0
91	4	50.0
91	5	52.0
91	6	63.0
91	7	63.0
91	8	67.5
91	9	67.5
91	10	70.0
91	11	70.0
91	12	68.5
91	13	63.5
91	14	62.5
91	15	63.5
91	16	62.23
91	17	66.9
91	18	69.24
91	19	64.28
91	20	60.79
91	21	50.98
91	22	45.43
91	23	42.35
91	24	30.92
92	1	40.5
92	2	42.0
92	3	42.0
92	4	41.0
92	5	41.0
92	6	41.0
92	7	41.0
92	8	41.0
92	9	37.56
92	10	42.0
92	11	39.5
92	12	45.0
92	13	43.0
92	14	40.5
92	15	40.0
92	16	39.46
92	17	49.5
92	18	50.5
92	19	50.5
92	20	50.5
92	21	50.5
92	22	49.5
92	23	48.0
92	24	48.0
93	1	7.62
93	2	7.77
93	3	5.85
93	4	5.63
93	5	5.77
93	6	5.42
93	7	4.94
93	8	4.67
93	9	7.04
93	10	22.46
93	11	22.1
93	12	24.34
93	13	24.33
93	14	25.96
93	15	29.9
93	16	32.55
93	17	38.41
93	18	44.01
93	19	43.1
93	20	37.52
93	21	34.9
93	22	32.18
93	23	31.57
93	24	27.4
94	1	61.0
94	2	61.0
94	3	55.5
94	4	55.5
94	5	57.0
94	6	65.0
94	7	69.0
94	8	73.777
94	9	73.0
94	10	62.85
94	11	61.9
94	12	60.44
94	13	58.9
94	14	58.92
94	15	58.72
94	16	59.95
94	17	61.61
94	18	74.0
94	19	80.0
94	20	90.0
94	21	90.0
94	22	90.0
94	23	80.0
94	24	75.0
95	1	48.58
95	2	46.96
95	3	46.84
95	4	44.77
95	5	44.66
95	6	47.42
95	7	49.32
95	8	53.39
95	9	55.3
95	10	56.18
95	11	55.56
95	12	55.35
95	13	51.74
95	14	49.99
95	15	51.62
95	16	50.64
95	17	52.82
95	18	58.5
95	19	58.5
95	20	52.68
95	21	54.0
95	22	49.48
95	23	52.0
95	24	42.6
96	1	54.5
96	2	51.0
96	3	44.94
96	4	48.66
96	5	50.74
96	6	53.13
96	7	59.39
96	8	66.05
96	9	89.02
96	10	85.25
96	11	81.35
96	12	76.22
96	13	72.63
96	14	75.44
96	15	79.56
96	16	89.1
96	17	81.53
96	18	119.56
96	19	111.96
96	20	95.73
96	21	88.24
96	22	83.64
96	23	77.93
96	24	72.83
97	1	44.0
97	2	44.0
97	3	42.0
97	4	40.0
97	5	40.0
97	6	33.0
97	7	31.58
97	8	45.0
97	9	54.0
97	10	50.0
97	11	50.0
97	12	45.0
97	13	45.0
97	14	45.0
97	15	53.0
97	16	55.0
97	17	57.0
97	18	70.0
97	19	46.0
97	20	45.0
97	21	45.0
97	22	43.0
97	23	43.0
97	24	40.0
98	1	53.79
98	2	53.87
98	3	53.87
98	4	24.48
98	5	36.0
98	6	36.0
98	7	40.11
98	8	44.0
98	9	44.0
98	10	44.0
98	11	48.0
98	12	52.51
98	13	60.0
98	14	60.0
98	15	71.0
98	16	71.0
98	17	71.0
98	18	73.0
98	19	73.0
98	20	70.0
98	21	62.15
98	22	58.27
98	23	52.58
98	24	44.03
99	1	36.26
99	2	33.87
99	3	33.37
99	4	33.54
99	5	35.16
99	6	36.34
99	7	33.17
99	8	37.23
99	9	41.92
99	10	45.09
99	11	46.25
99	12	48.23
99	13	48.23
99	14	49.75
99	15	50.51
99	16	51.99
99	17	54.9
99	18	59.4
99	19	67.4
99	20	72.73
99	21	64.96
99	22	62.9
99	23	62.41
99	24	61.15
100	1	7.0
100	2	7.0
100	3	7.0
100	4	1.0
100	5	1.0
100	6	1.0
100	7	1.0
100	8	3.75
100	9	4.45
100	10	4.92
100	11	5.0
100	12	4.94
100	13	4.38
100	14	4.47
100	15	4.58
100	16	4.51
100	17	4.8
100	18	7.0
100	19	10.96
100	20	10.2
100	21	6.71
100	22	4.78
100	23	17.67
100	24	16.42
101	1	66.11
101	2	64.89
101	3	64.87
101	4	64.01
101	5	64.24
101	6	65.03
101	7	76.0
101	8	96.0
101	9	89.0
101	10	74.0
101	11	59.37
101	12	55.78
101	13	54.17
101	14	52.8
101	15	51.98
101	16	52.72
101	17	58.11
101	18	63.2
101	19	75.94
101	20	77.44
101	21	68.85
101	22	63.29
101	23	63.02
101	24	59.89
102	1	35.0
102	2	25.64
102	3	25.51
102	4	26.47
102	5	25.15
102	6	35.97
102	7	39.53
102	8	71.77
102	9	78.52
102	10	57.38
102	11	48.27
102	12	43.81
102	13	46.0
102	14	55.0
102	15	50.0
102	16	51.0
102	17	55.0
102	18	55.0
102	19	46.0
102	20	40.0
102	21	38.01
102	22	38.02
102	23	37.55
102	24	35.63
103	1	11.55
103	2	12.3
103	3	11.84
103	4	26.23
103	5	27.05
103	6	28.41
103	7	31.72
103	8	144.0
103	9	142.0
103	10	80.34
103	11	40.23
103	12	36.47
103	13	35.91
103	14	55.0
103	15	50.5
103	16	50.5
103	17	43.97
103	18	72.65
103	19	60.41
103	20	90.2
103	21	54.19
103	22	38.95
103	23	35.43
103	24	29.33
104	1	39.48
104	2	36.04
104	3	34.74
104	4	34.16
104	5	35.44
104	6	38.02
104	7	41.32
104	8	43.77
104	9	49.94
104	10	47.06
104	11	43.5
104	12	42.94
104	13	42.06
104	14	45.0
104	15	45.0
104	16	58.0
104	17	65.5
104	18	91.0
104	19	61.0
104	20	59.0
104	21	48.95
104	22	48.0
104	23	48.0
104	24	35.91
105	1	67.27
105	2	70.0
105	3	66.16
105	4	63.57
105	5	62.97
105	6	66.13
105	7	71.0
105	8	77.0
105	9	83.0
105	10	83.0
105	11	79.133
105	12	80.0
105	13	80.0
105	14	83.02
105	15	80.09
105	16	82.0
105	17	76.5
105	18	85.0
105	19	85.0
105	20	78.0
105	21	67.25
105	22	66.15
105	23	64.96
105	24	63.28
106	1	-0.1
106	2	-0.14
106	3	-0.08
106	4	-0.04
106	5	3.34
106	6	25.96
106	7	27.47
106	8	30.89
106	9	31.27
106	10	29.74
106	11	28.82
106	12	29.9
106	13	30.89
106	14	33.97
106	15	35.62
106	16	35.7
106	17	36.32
106	18	36.4
106	19	35.78
106	20	36.0
106	21	35.6
106	22	34.55
106	23	34.15
106	24	31.13
107	1	56.0
107	2	56.0
107	3	56.0
107	4	56.0
107	5	51.35
107	6	52.35
107	7	59.93
107	8	85.66
107	9	85.66
107	10	76.27
107	11	67.81
107	12	59.12
107	13	62.5
107	14	55.0
107	15	55.0
107	16	59.44
107	17	55.93
107	18	67.0
107	19	67.0
107	20	64.0
107	21	64.0
107	22	51.54
107	23	50.53
107	24	50.13
108	1	30.7
108	2	30.9
108	3	30.89
108	4	30.78
108	5	31.23
108	6	43.5
108	7	43.5
108	8	43.5
108	9	37.0
108	10	40.0
108	11	40.0
108	12	33.08
108	13	31.18
108	14	29.88
108	15	30.81
108	16	32.85
108	17	40.0
108	18	40.0
108	19	35.54
108	20	35.51
108	21	35.23
108	22	34.29
108	23	32.28
108	24	30.06
109	1	58.0
109	2	60.0
109	3	55.0
109	4	54.75
109	5	54.79
109	6	55.06
109	7	54.93
109	8	54.25
109	9	51.4
109	10	49.7
109	11	48.15
109	12	47.28
109	13	45.98
109	14	48.91
109	15	51.65
109	16	54.32
109	17	65.5
109	18	74.0
109	19	92.0
109	20	85.56
109	21	61.02
109	22	60.0
109	23	63.0
109	24	63.0
110	1	80.0
110	2	70.5
110	3	70.0
110	4	66.06
110	5	66.74
110	6	67.34
110	7	69.41
110	8	73.36
110	9	76.74
110	10	90.0
110	11	92.0
110	12	88.08
110	13	80.39
110	14	77.04
110	15	79.15
110	16	82.32
110	17	90.5
110	18	97.0
110	19	96.0
110	20	85.26
110	21	79.06
110	22	78.41
110	23	80.0
110	24	74.0
111	1	36.26
111	2	33.87
111	3	33.37
111	4	33.54
111	5	35.16
111	6	36.34
111	7	33.17
111	8	37.23
111	9	41.92
111	10	45.09
111	11	46.25
111	12	48.23
111	13	48.23
111	14	49.75
111	15	50.51
111	16	51.99
111	17	54.9
111	18	59.4
111	19	67.4
111	20	72.73
111	21	64.96
111	22	62.9
111	23	62.41
111	24	61.15
112	1	50.35
112	2	49.95
112	3	46.02
112	4	28.85
112	5	18.6
112	6	20.63
112	7	48.88
112	8	59.84
112	9	62.97
112	10	61.14
112	11	62.92
112	12	61.45
112	13	59.82
112	14	58.54
112	15	60.09
112	16	61.39
112	17	61.78
112	18	63.69
112	19	62.85
112	20	61.83
112	21	61.38
112	22	60.22
112	23	57.56
112	24	52.01
