Node	Time	ID_Capacity_Buy_Volume
1	1	10.2
1	2	42.5
1	3	50.0
1	4	44.6
1	5	32.9
1	6	5.0
1	7	8.8
1	8	31.8
1	9	20.9
1	10	2.0
1	11	0.0
1	12	9.1
1	13	14.6
1	14	31.2
1	15	25.3
1	16	16.0
1	17	45.7
1	18	12.4
1	19	46.0
1	20	9.5
1	21	0.5
1	22	4.2
1	23	27.9
1	24	56.5
2	1	0.4
2	2	15.0
2	3	23.2
2	4	12.1
2	5	54.2
2	6	61.1
2	7	75.5
2	8	20.7
2	9	0.3
2	10	10.8
2	11	28.0
2	12	67.2
2	13	33.4
2	14	0.0
2	15	11.2
2	16	0.0
2	17	166.6
2	18	75.8
2	19	4.5
2	20	0.0
2	21	0.0
2	22	0.0
2	23	6.9
2	24	13.3
3	1	10.2
3	2	42.5
3	3	50.0
3	4	44.6
3	5	32.9
3	6	5.0
3	7	8.8
3	8	31.8
3	9	20.9
3	10	2.0
3	11	0.0
3	12	9.1
3	13	14.6
3	14	31.2
3	15	25.3
3	16	16.0
3	17	45.7
3	18	12.4
3	19	46.0
3	20	9.5
3	21	0.5
3	22	4.2
3	23	27.9
3	24	56.5
4	1	8.9
4	2	1.7
4	3	2.5
4	4	1.5
4	5	0.9
4	6	36.1
4	7	3.1
4	8	7.7
4	9	13.2
4	10	30.8
4	11	5.1
4	12	12.9
4	13	119.5
4	14	18.0
4	15	87.8
4	16	23.1
4	17	23.8
4	18	34.2
4	19	5.4
4	20	10.1
4	21	10.3
4	22	35.1
4	23	25.6
4	24	13.8
5	1	0.4
5	2	15.0
5	3	23.2
5	4	12.1
5	5	54.2
5	6	61.1
5	7	75.5
5	8	20.7
5	9	0.3
5	10	10.8
5	11	28.0
5	12	67.2
5	13	33.4
5	14	0.0
5	15	11.2
5	16	0.0
5	17	166.6
5	18	75.8
5	19	4.5
5	20	0.0
5	21	0.0
5	22	0.0
5	23	6.9
5	24	13.3
6	1	0.4
6	2	15.0
6	3	23.2
6	4	12.1
6	5	54.2
6	6	61.1
6	7	75.5
6	8	20.7
6	9	0.3
6	10	10.8
6	11	28.0
6	12	67.2
6	13	33.4
6	14	0.0
6	15	11.2
6	16	0.0
6	17	166.6
6	18	75.8
6	19	4.5
6	20	0.0
6	21	0.0
6	22	0.0
6	23	6.9
6	24	13.3
7	1	10.2
7	2	42.5
7	3	50.0
7	4	44.6
7	5	32.9
7	6	5.0
7	7	8.8
7	8	31.8
7	9	20.9
7	10	2.0
7	11	0.0
7	12	9.1
7	13	14.6
7	14	31.2
7	15	25.3
7	16	16.0
7	17	45.7
7	18	12.4
7	19	46.0
7	20	9.5
7	21	0.5
7	22	4.2
7	23	27.9
7	24	56.5
8	1	6.4
8	2	2.2
8	3	0.0
8	4	0.0
8	5	0.0
8	6	0.0
8	7	1.9
8	8	56.7
8	9	41.1
8	10	42.8
8	11	247.2
8	12	36.3
8	13	88.8
8	14	23.7
8	15	113.5
8	16	455.4
8	17	144.6
8	18	130.0
8	19	65.1
8	20	95.4
8	21	59.1
8	22	67.1
8	23	88.8
8	24	107.0
9	1	0.0
9	2	5.0
9	3	2.0
9	4	0.0
9	5	2.1
9	6	7.3
9	7	17.3
9	8	7.4
9	9	6.4
9	10	25.8
9	11	12.3
9	12	33.8
9	13	12.8
9	14	92.7
9	15	211.7
9	16	113.2
9	17	78.7
9	18	74.8
9	19	65.6
9	20	73.9
9	21	47.9
9	22	84.6
9	23	32.7
9	24	30.3
10	1	0.0
10	2	5.0
10	3	2.0
10	4	0.0
10	5	2.1
10	6	7.3
10	7	17.3
10	8	7.4
10	9	6.4
10	10	25.8
10	11	12.3
10	12	33.8
10	13	12.8
10	14	92.7
10	15	211.7
10	16	113.2
10	17	78.7
10	18	74.8
10	19	65.6
10	20	73.9
10	21	47.9
10	22	84.6
10	23	32.7
10	24	30.3
11	1	6.4
11	2	2.2
11	3	0.0
11	4	0.0
11	5	0.0
11	6	0.0
11	7	1.9
11	8	56.7
11	9	41.1
11	10	42.8
11	11	247.2
11	12	36.3
11	13	88.8
11	14	23.7
11	15	113.5
11	16	455.4
11	17	144.6
11	18	130.0
11	19	65.1
11	20	95.4
11	21	59.1
11	22	67.1
11	23	88.8
11	24	107.0
12	1	0.0
12	2	5.0
12	3	2.0
12	4	0.0
12	5	2.1
12	6	7.3
12	7	17.3
12	8	7.4
12	9	6.4
12	10	25.8
12	11	12.3
12	12	33.8
12	13	12.8
12	14	92.7
12	15	211.7
12	16	113.2
12	17	78.7
12	18	74.8
12	19	65.6
12	20	73.9
12	21	47.9
12	22	84.6
12	23	32.7
12	24	30.3
13	1	6.4
13	2	2.2
13	3	0.0
13	4	0.0
13	5	0.0
13	6	0.0
13	7	1.9
13	8	56.7
13	9	41.1
13	10	42.8
13	11	247.2
13	12	36.3
13	13	88.8
13	14	23.7
13	15	113.5
13	16	455.4
13	17	144.6
13	18	130.0
13	19	65.1
13	20	95.4
13	21	59.1
13	22	67.1
13	23	88.8
13	24	107.0
14	1	0.0
14	2	0.0
14	3	0.0
14	4	0.0
14	5	0.0
14	6	0.0
14	7	0.0
14	8	0.0
14	9	0.0
14	10	0.1
14	11	16.9
14	12	4.4
14	13	1.7
14	14	5.0
14	15	2.1
14	16	10.5
14	17	12.3
14	18	4.6
14	19	17.8
14	20	11.5
14	21	5.5
14	22	16.9
14	23	14.6
14	24	11.0
15	1	21.7
15	2	13.6
15	3	18.7
15	4	32.9
15	5	9.1
15	6	19.8
15	7	7.0
15	8	0.0
15	9	37.3
15	10	47.4
15	11	37.0
15	12	7.3
15	13	2.4
15	14	9.9
15	15	5.5
15	16	41.2
15	17	76.6
15	18	4.1
15	19	10.2
15	20	10.1
15	21	9.9
15	22	7.8
15	23	20.4
15	24	21.4
16	1	21.7
16	2	13.6
16	3	18.7
16	4	32.9
16	5	9.1
16	6	19.8
16	7	7.0
16	8	0.0
16	9	37.3
16	10	47.4
16	11	37.0
16	12	7.3
16	13	2.4
16	14	9.9
16	15	5.5
16	16	41.2
16	17	76.6
16	18	4.1
16	19	10.2
16	20	10.1
16	21	9.9
16	22	7.8
16	23	20.4
16	24	21.4
17	1	0.4
17	2	15.0
17	3	23.2
17	4	12.1
17	5	54.2
17	6	61.1
17	7	75.5
17	8	20.7
17	9	0.3
17	10	10.8
17	11	28.0
17	12	67.2
17	13	33.4
17	14	0.0
17	15	11.2
17	16	0.0
17	17	166.6
17	18	75.8
17	19	4.5
17	20	0.0
17	21	0.0
17	22	0.0
17	23	6.9
17	24	13.3
18	1	6.4
18	2	2.2
18	3	0.0
18	4	0.0
18	5	0.0
18	6	0.0
18	7	1.9
18	8	56.7
18	9	41.1
18	10	42.8
18	11	247.2
18	12	36.3
18	13	88.8
18	14	23.7
18	15	113.5
18	16	455.4
18	17	144.6
18	18	130.0
18	19	65.1
18	20	95.4
18	21	59.1
18	22	67.1
18	23	88.8
18	24	107.0
19	1	8.9
19	2	1.7
19	3	2.5
19	4	1.5
19	5	0.9
19	6	36.1
19	7	3.1
19	8	7.7
19	9	13.2
19	10	30.8
19	11	5.1
19	12	12.9
19	13	119.5
19	14	18.0
19	15	87.8
19	16	23.1
19	17	23.8
19	18	34.2
19	19	5.4
19	20	10.1
19	21	10.3
19	22	35.1
19	23	25.6
19	24	13.8
20	1	0.0
20	2	0.0
20	3	0.0
20	4	0.0
20	5	0.0
20	6	0.0
20	7	0.0
20	8	0.0
20	9	0.0
20	10	0.1
20	11	16.9
20	12	4.4
20	13	1.7
20	14	5.0
20	15	2.1
20	16	10.5
20	17	12.3
20	18	4.6
20	19	17.8
20	20	11.5
20	21	5.5
20	22	16.9
20	23	14.6
20	24	11.0
21	1	0.4
21	2	15.0
21	3	23.2
21	4	12.1
21	5	54.2
21	6	61.1
21	7	75.5
21	8	20.7
21	9	0.3
21	10	10.8
21	11	28.0
21	12	67.2
21	13	33.4
21	14	0.0
21	15	11.2
21	16	0.0
21	17	166.6
21	18	75.8
21	19	4.5
21	20	0.0
21	21	0.0
21	22	0.0
21	23	6.9
21	24	13.3
22	1	0.4
22	2	15.0
22	3	23.2
22	4	12.1
22	5	54.2
22	6	61.1
22	7	75.5
22	8	20.7
22	9	0.3
22	10	10.8
22	11	28.0
22	12	67.2
22	13	33.4
22	14	0.0
22	15	11.2
22	16	0.0
22	17	166.6
22	18	75.8
22	19	4.5
22	20	0.0
22	21	0.0
22	22	0.0
22	23	6.9
22	24	13.3
23	1	0.0
23	2	5.0
23	3	2.0
23	4	0.0
23	5	2.1
23	6	7.3
23	7	17.3
23	8	7.4
23	9	6.4
23	10	25.8
23	11	12.3
23	12	33.8
23	13	12.8
23	14	92.7
23	15	211.7
23	16	113.2
23	17	78.7
23	18	74.8
23	19	65.6
23	20	73.9
23	21	47.9
23	22	84.6
23	23	32.7
23	24	30.3
24	1	10.2
24	2	42.5
24	3	50.0
24	4	44.6
24	5	32.9
24	6	5.0
24	7	8.8
24	8	31.8
24	9	20.9
24	10	2.0
24	11	0.0
24	12	9.1
24	13	14.6
24	14	31.2
24	15	25.3
24	16	16.0
24	17	45.7
24	18	12.4
24	19	46.0
24	20	9.5
24	21	0.5
24	22	4.2
24	23	27.9
24	24	56.5
25	1	10.2
25	2	42.5
25	3	50.0
25	4	44.6
25	5	32.9
25	6	5.0
25	7	8.8
25	8	31.8
25	9	20.9
25	10	2.0
25	11	0.0
25	12	9.1
25	13	14.6
25	14	31.2
25	15	25.3
25	16	16.0
25	17	45.7
25	18	12.4
25	19	46.0
25	20	9.5
25	21	0.5
25	22	4.2
25	23	27.9
25	24	56.5
26	1	0.0
26	2	0.0
26	3	0.0
26	4	0.0
26	5	0.0
26	6	0.0
26	7	0.0
26	8	0.0
26	9	0.0
26	10	0.1
26	11	16.9
26	12	4.4
26	13	1.7
26	14	5.0
26	15	2.1
26	16	10.5
26	17	12.3
26	18	4.6
26	19	17.8
26	20	11.5
26	21	5.5
26	22	16.9
26	23	14.6
26	24	11.0
27	1	0.4
27	2	15.0
27	3	23.2
27	4	12.1
27	5	54.2
27	6	61.1
27	7	75.5
27	8	20.7
27	9	0.3
27	10	10.8
27	11	28.0
27	12	67.2
27	13	33.4
27	14	0.0
27	15	11.2
27	16	0.0
27	17	166.6
27	18	75.8
27	19	4.5
27	20	0.0
27	21	0.0
27	22	0.0
27	23	6.9
27	24	13.3
28	1	10.2
28	2	42.5
28	3	50.0
28	4	44.6
28	5	32.9
28	6	5.0
28	7	8.8
28	8	31.8
28	9	20.9
28	10	2.0
28	11	0.0
28	12	9.1
28	13	14.6
28	14	31.2
28	15	25.3
28	16	16.0
28	17	45.7
28	18	12.4
28	19	46.0
28	20	9.5
28	21	0.5
28	22	4.2
28	23	27.9
28	24	56.5
29	1	0.0
29	2	5.0
29	3	2.0
29	4	0.0
29	5	2.1
29	6	7.3
29	7	17.3
29	8	7.4
29	9	6.4
29	10	25.8
29	11	12.3
29	12	33.8
29	13	12.8
29	14	92.7
29	15	211.7
29	16	113.2
29	17	78.7
29	18	74.8
29	19	65.6
29	20	73.9
29	21	47.9
29	22	84.6
29	23	32.7
29	24	30.3
30	1	21.7
30	2	13.6
30	3	18.7
30	4	32.9
30	5	9.1
30	6	19.8
30	7	7.0
30	8	0.0
30	9	37.3
30	10	47.4
30	11	37.0
30	12	7.3
30	13	2.4
30	14	9.9
30	15	5.5
30	16	41.2
30	17	76.6
30	18	4.1
30	19	10.2
30	20	10.1
30	21	9.9
30	22	7.8
30	23	20.4
30	24	21.4
31	1	10.2
31	2	42.5
31	3	50.0
31	4	44.6
31	5	32.9
31	6	5.0
31	7	8.8
31	8	31.8
31	9	20.9
31	10	2.0
31	11	0.0
31	12	9.1
31	13	14.6
31	14	31.2
31	15	25.3
31	16	16.0
31	17	45.7
31	18	12.4
31	19	46.0
31	20	9.5
31	21	0.5
31	22	4.2
31	23	27.9
31	24	56.5
32	1	0.0
32	2	5.0
32	3	2.0
32	4	0.0
32	5	2.1
32	6	7.3
32	7	17.3
32	8	7.4
32	9	6.4
32	10	25.8
32	11	12.3
32	12	33.8
32	13	12.8
32	14	92.7
32	15	211.7
32	16	113.2
32	17	78.7
32	18	74.8
32	19	65.6
32	20	73.9
32	21	47.9
32	22	84.6
32	23	32.7
32	24	30.3
33	1	0.0
33	2	0.0
33	3	0.0
33	4	0.0
33	5	0.0
33	6	0.0
33	7	0.0
33	8	0.0
33	9	0.0
33	10	0.1
33	11	16.9
33	12	4.4
33	13	1.7
33	14	5.0
33	15	2.1
33	16	10.5
33	17	12.3
33	18	4.6
33	19	17.8
33	20	11.5
33	21	5.5
33	22	16.9
33	23	14.6
33	24	11.0
34	1	21.7
34	2	13.6
34	3	18.7
34	4	32.9
34	5	9.1
34	6	19.8
34	7	7.0
34	8	0.0
34	9	37.3
34	10	47.4
34	11	37.0
34	12	7.3
34	13	2.4
34	14	9.9
34	15	5.5
34	16	41.2
34	17	76.6
34	18	4.1
34	19	10.2
34	20	10.1
34	21	9.9
34	22	7.8
34	23	20.4
34	24	21.4
35	1	6.4
35	2	2.2
35	3	0.0
35	4	0.0
35	5	0.0
35	6	0.0
35	7	1.9
35	8	56.7
35	9	41.1
35	10	42.8
35	11	247.2
35	12	36.3
35	13	88.8
35	14	23.7
35	15	113.5
35	16	455.4
35	17	144.6
35	18	130.0
35	19	65.1
35	20	95.4
35	21	59.1
35	22	67.1
35	23	88.8
35	24	107.0
36	1	10.2
36	2	42.5
36	3	50.0
36	4	44.6
36	5	32.9
36	6	5.0
36	7	8.8
36	8	31.8
36	9	20.9
36	10	2.0
36	11	0.0
36	12	9.1
36	13	14.6
36	14	31.2
36	15	25.3
36	16	16.0
36	17	45.7
36	18	12.4
36	19	46.0
36	20	9.5
36	21	0.5
36	22	4.2
36	23	27.9
36	24	56.5
37	1	8.9
37	2	1.7
37	3	2.5
37	4	1.5
37	5	0.9
37	6	36.1
37	7	3.1
37	8	7.7
37	9	13.2
37	10	30.8
37	11	5.1
37	12	12.9
37	13	119.5
37	14	18.0
37	15	87.8
37	16	23.1
37	17	23.8
37	18	34.2
37	19	5.4
37	20	10.1
37	21	10.3
37	22	35.1
37	23	25.6
37	24	13.8
38	1	21.7
38	2	13.6
38	3	18.7
38	4	32.9
38	5	9.1
38	6	19.8
38	7	7.0
38	8	0.0
38	9	37.3
38	10	47.4
38	11	37.0
38	12	7.3
38	13	2.4
38	14	9.9
38	15	5.5
38	16	41.2
38	17	76.6
38	18	4.1
38	19	10.2
38	20	10.1
38	21	9.9
38	22	7.8
38	23	20.4
38	24	21.4
39	1	6.4
39	2	2.2
39	3	0.0
39	4	0.0
39	5	0.0
39	6	0.0
39	7	1.9
39	8	56.7
39	9	41.1
39	10	42.8
39	11	247.2
39	12	36.3
39	13	88.8
39	14	23.7
39	15	113.5
39	16	455.4
39	17	144.6
39	18	130.0
39	19	65.1
39	20	95.4
39	21	59.1
39	22	67.1
39	23	88.8
39	24	107.0
40	1	6.4
40	2	2.2
40	3	0.0
40	4	0.0
40	5	0.0
40	6	0.0
40	7	1.9
40	8	56.7
40	9	41.1
40	10	42.8
40	11	247.2
40	12	36.3
40	13	88.8
40	14	23.7
40	15	113.5
40	16	455.4
40	17	144.6
40	18	130.0
40	19	65.1
40	20	95.4
40	21	59.1
40	22	67.1
40	23	88.8
40	24	107.0
41	1	0.4
41	2	15.0
41	3	23.2
41	4	12.1
41	5	54.2
41	6	61.1
41	7	75.5
41	8	20.7
41	9	0.3
41	10	10.8
41	11	28.0
41	12	67.2
41	13	33.4
41	14	0.0
41	15	11.2
41	16	0.0
41	17	166.6
41	18	75.8
41	19	4.5
41	20	0.0
41	21	0.0
41	22	0.0
41	23	6.9
41	24	13.3
42	1	6.4
42	2	2.2
42	3	0.0
42	4	0.0
42	5	0.0
42	6	0.0
42	7	1.9
42	8	56.7
42	9	41.1
42	10	42.8
42	11	247.2
42	12	36.3
42	13	88.8
42	14	23.7
42	15	113.5
42	16	455.4
42	17	144.6
42	18	130.0
42	19	65.1
42	20	95.4
42	21	59.1
42	22	67.1
42	23	88.8
42	24	107.0
43	1	0.0
43	2	5.0
43	3	2.0
43	4	0.0
43	5	2.1
43	6	7.3
43	7	17.3
43	8	7.4
43	9	6.4
43	10	25.8
43	11	12.3
43	12	33.8
43	13	12.8
43	14	92.7
43	15	211.7
43	16	113.2
43	17	78.7
43	18	74.8
43	19	65.6
43	20	73.9
43	21	47.9
43	22	84.6
43	23	32.7
43	24	30.3
44	1	8.9
44	2	1.7
44	3	2.5
44	4	1.5
44	5	0.9
44	6	36.1
44	7	3.1
44	8	7.7
44	9	13.2
44	10	30.8
44	11	5.1
44	12	12.9
44	13	119.5
44	14	18.0
44	15	87.8
44	16	23.1
44	17	23.8
44	18	34.2
44	19	5.4
44	20	10.1
44	21	10.3
44	22	35.1
44	23	25.6
44	24	13.8
45	1	0.4
45	2	15.0
45	3	23.2
45	4	12.1
45	5	54.2
45	6	61.1
45	7	75.5
45	8	20.7
45	9	0.3
45	10	10.8
45	11	28.0
45	12	67.2
45	13	33.4
45	14	0.0
45	15	11.2
45	16	0.0
45	17	166.6
45	18	75.8
45	19	4.5
45	20	0.0
45	21	0.0
45	22	0.0
45	23	6.9
45	24	13.3
46	1	21.7
46	2	13.6
46	3	18.7
46	4	32.9
46	5	9.1
46	6	19.8
46	7	7.0
46	8	0.0
46	9	37.3
46	10	47.4
46	11	37.0
46	12	7.3
46	13	2.4
46	14	9.9
46	15	5.5
46	16	41.2
46	17	76.6
46	18	4.1
46	19	10.2
46	20	10.1
46	21	9.9
46	22	7.8
46	23	20.4
46	24	21.4
47	1	8.9
47	2	1.7
47	3	2.5
47	4	1.5
47	5	0.9
47	6	36.1
47	7	3.1
47	8	7.7
47	9	13.2
47	10	30.8
47	11	5.1
47	12	12.9
47	13	119.5
47	14	18.0
47	15	87.8
47	16	23.1
47	17	23.8
47	18	34.2
47	19	5.4
47	20	10.1
47	21	10.3
47	22	35.1
47	23	25.6
47	24	13.8
48	1	8.9
48	2	1.7
48	3	2.5
48	4	1.5
48	5	0.9
48	6	36.1
48	7	3.1
48	8	7.7
48	9	13.2
48	10	30.8
48	11	5.1
48	12	12.9
48	13	119.5
48	14	18.0
48	15	87.8
48	16	23.1
48	17	23.8
48	18	34.2
48	19	5.4
48	20	10.1
48	21	10.3
48	22	35.1
48	23	25.6
48	24	13.8
49	1	8.9
49	2	1.7
49	3	2.5
49	4	1.5
49	5	0.9
49	6	36.1
49	7	3.1
49	8	7.7
49	9	13.2
49	10	30.8
49	11	5.1
49	12	12.9
49	13	119.5
49	14	18.0
49	15	87.8
49	16	23.1
49	17	23.8
49	18	34.2
49	19	5.4
49	20	10.1
49	21	10.3
49	22	35.1
49	23	25.6
49	24	13.8
50	1	10.2
50	2	42.5
50	3	50.0
50	4	44.6
50	5	32.9
50	6	5.0
50	7	8.8
50	8	31.8
50	9	20.9
50	10	2.0
50	11	0.0
50	12	9.1
50	13	14.6
50	14	31.2
50	15	25.3
50	16	16.0
50	17	45.7
50	18	12.4
50	19	46.0
50	20	9.5
50	21	0.5
50	22	4.2
50	23	27.9
50	24	56.5
51	1	0.4
51	2	15.0
51	3	23.2
51	4	12.1
51	5	54.2
51	6	61.1
51	7	75.5
51	8	20.7
51	9	0.3
51	10	10.8
51	11	28.0
51	12	67.2
51	13	33.4
51	14	0.0
51	15	11.2
51	16	0.0
51	17	166.6
51	18	75.8
51	19	4.5
51	20	0.0
51	21	0.0
51	22	0.0
51	23	6.9
51	24	13.3
52	1	0.4
52	2	15.0
52	3	23.2
52	4	12.1
52	5	54.2
52	6	61.1
52	7	75.5
52	8	20.7
52	9	0.3
52	10	10.8
52	11	28.0
52	12	67.2
52	13	33.4
52	14	0.0
52	15	11.2
52	16	0.0
52	17	166.6
52	18	75.8
52	19	4.5
52	20	0.0
52	21	0.0
52	22	0.0
52	23	6.9
52	24	13.3
53	1	0.0
53	2	0.0
53	3	0.0
53	4	0.0
53	5	0.0
53	6	0.0
53	7	0.0
53	8	0.0
53	9	0.0
53	10	0.1
53	11	16.9
53	12	4.4
53	13	1.7
53	14	5.0
53	15	2.1
53	16	10.5
53	17	12.3
53	18	4.6
53	19	17.8
53	20	11.5
53	21	5.5
53	22	16.9
53	23	14.6
53	24	11.0
54	1	10.2
54	2	42.5
54	3	50.0
54	4	44.6
54	5	32.9
54	6	5.0
54	7	8.8
54	8	31.8
54	9	20.9
54	10	2.0
54	11	0.0
54	12	9.1
54	13	14.6
54	14	31.2
54	15	25.3
54	16	16.0
54	17	45.7
54	18	12.4
54	19	46.0
54	20	9.5
54	21	0.5
54	22	4.2
54	23	27.9
54	24	56.5
55	1	0.0
55	2	0.0
55	3	0.0
55	4	0.0
55	5	0.0
55	6	0.0
55	7	0.0
55	8	0.0
55	9	0.0
55	10	0.1
55	11	16.9
55	12	4.4
55	13	1.7
55	14	5.0
55	15	2.1
55	16	10.5
55	17	12.3
55	18	4.6
55	19	17.8
55	20	11.5
55	21	5.5
55	22	16.9
55	23	14.6
55	24	11.0
56	1	10.2
56	2	42.5
56	3	50.0
56	4	44.6
56	5	32.9
56	6	5.0
56	7	8.8
56	8	31.8
56	9	20.9
56	10	2.0
56	11	0.0
56	12	9.1
56	13	14.6
56	14	31.2
56	15	25.3
56	16	16.0
56	17	45.7
56	18	12.4
56	19	46.0
56	20	9.5
56	21	0.5
56	22	4.2
56	23	27.9
56	24	56.5
57	1	0.0
57	2	5.0
57	3	2.0
57	4	0.0
57	5	2.1
57	6	7.3
57	7	17.3
57	8	7.4
57	9	6.4
57	10	25.8
57	11	12.3
57	12	33.8
57	13	12.8
57	14	92.7
57	15	211.7
57	16	113.2
57	17	78.7
57	18	74.8
57	19	65.6
57	20	73.9
57	21	47.9
57	22	84.6
57	23	32.7
57	24	30.3
58	1	10.2
58	2	42.5
58	3	50.0
58	4	44.6
58	5	32.9
58	6	5.0
58	7	8.8
58	8	31.8
58	9	20.9
58	10	2.0
58	11	0.0
58	12	9.1
58	13	14.6
58	14	31.2
58	15	25.3
58	16	16.0
58	17	45.7
58	18	12.4
58	19	46.0
58	20	9.5
58	21	0.5
58	22	4.2
58	23	27.9
58	24	56.5
59	1	21.7
59	2	13.6
59	3	18.7
59	4	32.9
59	5	9.1
59	6	19.8
59	7	7.0
59	8	0.0
59	9	37.3
59	10	47.4
59	11	37.0
59	12	7.3
59	13	2.4
59	14	9.9
59	15	5.5
59	16	41.2
59	17	76.6
59	18	4.1
59	19	10.2
59	20	10.1
59	21	9.9
59	22	7.8
59	23	20.4
59	24	21.4
60	1	0.4
60	2	15.0
60	3	23.2
60	4	12.1
60	5	54.2
60	6	61.1
60	7	75.5
60	8	20.7
60	9	0.3
60	10	10.8
60	11	28.0
60	12	67.2
60	13	33.4
60	14	0.0
60	15	11.2
60	16	0.0
60	17	166.6
60	18	75.8
60	19	4.5
60	20	0.0
60	21	0.0
60	22	0.0
60	23	6.9
60	24	13.3
61	1	0.4
61	2	15.0
61	3	23.2
61	4	12.1
61	5	54.2
61	6	61.1
61	7	75.5
61	8	20.7
61	9	0.3
61	10	10.8
61	11	28.0
61	12	67.2
61	13	33.4
61	14	0.0
61	15	11.2
61	16	0.0
61	17	166.6
61	18	75.8
61	19	4.5
61	20	0.0
61	21	0.0
61	22	0.0
61	23	6.9
61	24	13.3
62	1	10.2
62	2	42.5
62	3	50.0
62	4	44.6
62	5	32.9
62	6	5.0
62	7	8.8
62	8	31.8
62	9	20.9
62	10	2.0
62	11	0.0
62	12	9.1
62	13	14.6
62	14	31.2
62	15	25.3
62	16	16.0
62	17	45.7
62	18	12.4
62	19	46.0
62	20	9.5
62	21	0.5
62	22	4.2
62	23	27.9
62	24	56.5
63	1	0.4
63	2	15.0
63	3	23.2
63	4	12.1
63	5	54.2
63	6	61.1
63	7	75.5
63	8	20.7
63	9	0.3
63	10	10.8
63	11	28.0
63	12	67.2
63	13	33.4
63	14	0.0
63	15	11.2
63	16	0.0
63	17	166.6
63	18	75.8
63	19	4.5
63	20	0.0
63	21	0.0
63	22	0.0
63	23	6.9
63	24	13.3
64	1	10.2
64	2	42.5
64	3	50.0
64	4	44.6
64	5	32.9
64	6	5.0
64	7	8.8
64	8	31.8
64	9	20.9
64	10	2.0
64	11	0.0
64	12	9.1
64	13	14.6
64	14	31.2
64	15	25.3
64	16	16.0
64	17	45.7
64	18	12.4
64	19	46.0
64	20	9.5
64	21	0.5
64	22	4.2
64	23	27.9
64	24	56.5
65	1	21.7
65	2	13.6
65	3	18.7
65	4	32.9
65	5	9.1
65	6	19.8
65	7	7.0
65	8	0.0
65	9	37.3
65	10	47.4
65	11	37.0
65	12	7.3
65	13	2.4
65	14	9.9
65	15	5.5
65	16	41.2
65	17	76.6
65	18	4.1
65	19	10.2
65	20	10.1
65	21	9.9
65	22	7.8
65	23	20.4
65	24	21.4
66	1	21.7
66	2	13.6
66	3	18.7
66	4	32.9
66	5	9.1
66	6	19.8
66	7	7.0
66	8	0.0
66	9	37.3
66	10	47.4
66	11	37.0
66	12	7.3
66	13	2.4
66	14	9.9
66	15	5.5
66	16	41.2
66	17	76.6
66	18	4.1
66	19	10.2
66	20	10.1
66	21	9.9
66	22	7.8
66	23	20.4
66	24	21.4
67	1	10.2
67	2	42.5
67	3	50.0
67	4	44.6
67	5	32.9
67	6	5.0
67	7	8.8
67	8	31.8
67	9	20.9
67	10	2.0
67	11	0.0
67	12	9.1
67	13	14.6
67	14	31.2
67	15	25.3
67	16	16.0
67	17	45.7
67	18	12.4
67	19	46.0
67	20	9.5
67	21	0.5
67	22	4.2
67	23	27.9
67	24	56.5
68	1	10.2
68	2	42.5
68	3	50.0
68	4	44.6
68	5	32.9
68	6	5.0
68	7	8.8
68	8	31.8
68	9	20.9
68	10	2.0
68	11	0.0
68	12	9.1
68	13	14.6
68	14	31.2
68	15	25.3
68	16	16.0
68	17	45.7
68	18	12.4
68	19	46.0
68	20	9.5
68	21	0.5
68	22	4.2
68	23	27.9
68	24	56.5
69	1	0.4
69	2	15.0
69	3	23.2
69	4	12.1
69	5	54.2
69	6	61.1
69	7	75.5
69	8	20.7
69	9	0.3
69	10	10.8
69	11	28.0
69	12	67.2
69	13	33.4
69	14	0.0
69	15	11.2
69	16	0.0
69	17	166.6
69	18	75.8
69	19	4.5
69	20	0.0
69	21	0.0
69	22	0.0
69	23	6.9
69	24	13.3
70	1	0.4
70	2	15.0
70	3	23.2
70	4	12.1
70	5	54.2
70	6	61.1
70	7	75.5
70	8	20.7
70	9	0.3
70	10	10.8
70	11	28.0
70	12	67.2
70	13	33.4
70	14	0.0
70	15	11.2
70	16	0.0
70	17	166.6
70	18	75.8
70	19	4.5
70	20	0.0
70	21	0.0
70	22	0.0
70	23	6.9
70	24	13.3
71	1	0.4
71	2	15.0
71	3	23.2
71	4	12.1
71	5	54.2
71	6	61.1
71	7	75.5
71	8	20.7
71	9	0.3
71	10	10.8
71	11	28.0
71	12	67.2
71	13	33.4
71	14	0.0
71	15	11.2
71	16	0.0
71	17	166.6
71	18	75.8
71	19	4.5
71	20	0.0
71	21	0.0
71	22	0.0
71	23	6.9
71	24	13.3
72	1	0.4
72	2	15.0
72	3	23.2
72	4	12.1
72	5	54.2
72	6	61.1
72	7	75.5
72	8	20.7
72	9	0.3
72	10	10.8
72	11	28.0
72	12	67.2
72	13	33.4
72	14	0.0
72	15	11.2
72	16	0.0
72	17	166.6
72	18	75.8
72	19	4.5
72	20	0.0
72	21	0.0
72	22	0.0
72	23	6.9
72	24	13.3
73	1	21.7
73	2	13.6
73	3	18.7
73	4	32.9
73	5	9.1
73	6	19.8
73	7	7.0
73	8	0.0
73	9	37.3
73	10	47.4
73	11	37.0
73	12	7.3
73	13	2.4
73	14	9.9
73	15	5.5
73	16	41.2
73	17	76.6
73	18	4.1
73	19	10.2
73	20	10.1
73	21	9.9
73	22	7.8
73	23	20.4
73	24	21.4
74	1	10.2
74	2	42.5
74	3	50.0
74	4	44.6
74	5	32.9
74	6	5.0
74	7	8.8
74	8	31.8
74	9	20.9
74	10	2.0
74	11	0.0
74	12	9.1
74	13	14.6
74	14	31.2
74	15	25.3
74	16	16.0
74	17	45.7
74	18	12.4
74	19	46.0
74	20	9.5
74	21	0.5
74	22	4.2
74	23	27.9
74	24	56.5
75	1	0.4
75	2	15.0
75	3	23.2
75	4	12.1
75	5	54.2
75	6	61.1
75	7	75.5
75	8	20.7
75	9	0.3
75	10	10.8
75	11	28.0
75	12	67.2
75	13	33.4
75	14	0.0
75	15	11.2
75	16	0.0
75	17	166.6
75	18	75.8
75	19	4.5
75	20	0.0
75	21	0.0
75	22	0.0
75	23	6.9
75	24	13.3
76	1	0.4
76	2	15.0
76	3	23.2
76	4	12.1
76	5	54.2
76	6	61.1
76	7	75.5
76	8	20.7
76	9	0.3
76	10	10.8
76	11	28.0
76	12	67.2
76	13	33.4
76	14	0.0
76	15	11.2
76	16	0.0
76	17	166.6
76	18	75.8
76	19	4.5
76	20	0.0
76	21	0.0
76	22	0.0
76	23	6.9
76	24	13.3
77	1	8.9
77	2	1.7
77	3	2.5
77	4	1.5
77	5	0.9
77	6	36.1
77	7	3.1
77	8	7.7
77	9	13.2
77	10	30.8
77	11	5.1
77	12	12.9
77	13	119.5
77	14	18.0
77	15	87.8
77	16	23.1
77	17	23.8
77	18	34.2
77	19	5.4
77	20	10.1
77	21	10.3
77	22	35.1
77	23	25.6
77	24	13.8
78	1	0.0
78	2	0.0
78	3	0.0
78	4	0.0
78	5	0.0
78	6	0.0
78	7	0.0
78	8	0.0
78	9	0.0
78	10	0.1
78	11	16.9
78	12	4.4
78	13	1.7
78	14	5.0
78	15	2.1
78	16	10.5
78	17	12.3
78	18	4.6
78	19	17.8
78	20	11.5
78	21	5.5
78	22	16.9
78	23	14.6
78	24	11.0
79	1	0.0
79	2	5.0
79	3	2.0
79	4	0.0
79	5	2.1
79	6	7.3
79	7	17.3
79	8	7.4
79	9	6.4
79	10	25.8
79	11	12.3
79	12	33.8
79	13	12.8
79	14	92.7
79	15	211.7
79	16	113.2
79	17	78.7
79	18	74.8
79	19	65.6
79	20	73.9
79	21	47.9
79	22	84.6
79	23	32.7
79	24	30.3
80	1	0.0
80	2	0.0
80	3	0.0
80	4	0.0
80	5	0.0
80	6	0.0
80	7	0.0
80	8	0.0
80	9	0.0
80	10	0.1
80	11	16.9
80	12	4.4
80	13	1.7
80	14	5.0
80	15	2.1
80	16	10.5
80	17	12.3
80	18	4.6
80	19	17.8
80	20	11.5
80	21	5.5
80	22	16.9
80	23	14.6
80	24	11.0
81	1	21.7
81	2	13.6
81	3	18.7
81	4	32.9
81	5	9.1
81	6	19.8
81	7	7.0
81	8	0.0
81	9	37.3
81	10	47.4
81	11	37.0
81	12	7.3
81	13	2.4
81	14	9.9
81	15	5.5
81	16	41.2
81	17	76.6
81	18	4.1
81	19	10.2
81	20	10.1
81	21	9.9
81	22	7.8
81	23	20.4
81	24	21.4
82	1	10.2
82	2	42.5
82	3	50.0
82	4	44.6
82	5	32.9
82	6	5.0
82	7	8.8
82	8	31.8
82	9	20.9
82	10	2.0
82	11	0.0
82	12	9.1
82	13	14.6
82	14	31.2
82	15	25.3
82	16	16.0
82	17	45.7
82	18	12.4
82	19	46.0
82	20	9.5
82	21	0.5
82	22	4.2
82	23	27.9
82	24	56.5
83	1	10.2
83	2	42.5
83	3	50.0
83	4	44.6
83	5	32.9
83	6	5.0
83	7	8.8
83	8	31.8
83	9	20.9
83	10	2.0
83	11	0.0
83	12	9.1
83	13	14.6
83	14	31.2
83	15	25.3
83	16	16.0
83	17	45.7
83	18	12.4
83	19	46.0
83	20	9.5
83	21	0.5
83	22	4.2
83	23	27.9
83	24	56.5
84	1	0.0
84	2	0.0
84	3	0.0
84	4	0.0
84	5	0.0
84	6	0.0
84	7	0.0
84	8	0.0
84	9	0.0
84	10	0.1
84	11	16.9
84	12	4.4
84	13	1.7
84	14	5.0
84	15	2.1
84	16	10.5
84	17	12.3
84	18	4.6
84	19	17.8
84	20	11.5
84	21	5.5
84	22	16.9
84	23	14.6
84	24	11.0
85	1	0.4
85	2	15.0
85	3	23.2
85	4	12.1
85	5	54.2
85	6	61.1
85	7	75.5
85	8	20.7
85	9	0.3
85	10	10.8
85	11	28.0
85	12	67.2
85	13	33.4
85	14	0.0
85	15	11.2
85	16	0.0
85	17	166.6
85	18	75.8
85	19	4.5
85	20	0.0
85	21	0.0
85	22	0.0
85	23	6.9
85	24	13.3
86	1	21.7
86	2	13.6
86	3	18.7
86	4	32.9
86	5	9.1
86	6	19.8
86	7	7.0
86	8	0.0
86	9	37.3
86	10	47.4
86	11	37.0
86	12	7.3
86	13	2.4
86	14	9.9
86	15	5.5
86	16	41.2
86	17	76.6
86	18	4.1
86	19	10.2
86	20	10.1
86	21	9.9
86	22	7.8
86	23	20.4
86	24	21.4
87	1	0.4
87	2	15.0
87	3	23.2
87	4	12.1
87	5	54.2
87	6	61.1
87	7	75.5
87	8	20.7
87	9	0.3
87	10	10.8
87	11	28.0
87	12	67.2
87	13	33.4
87	14	0.0
87	15	11.2
87	16	0.0
87	17	166.6
87	18	75.8
87	19	4.5
87	20	0.0
87	21	0.0
87	22	0.0
87	23	6.9
87	24	13.3
88	1	6.4
88	2	2.2
88	3	0.0
88	4	0.0
88	5	0.0
88	6	0.0
88	7	1.9
88	8	56.7
88	9	41.1
88	10	42.8
88	11	247.2
88	12	36.3
88	13	88.8
88	14	23.7
88	15	113.5
88	16	455.4
88	17	144.6
88	18	130.0
88	19	65.1
88	20	95.4
88	21	59.1
88	22	67.1
88	23	88.8
88	24	107.0
89	1	21.7
89	2	13.6
89	3	18.7
89	4	32.9
89	5	9.1
89	6	19.8
89	7	7.0
89	8	0.0
89	9	37.3
89	10	47.4
89	11	37.0
89	12	7.3
89	13	2.4
89	14	9.9
89	15	5.5
89	16	41.2
89	17	76.6
89	18	4.1
89	19	10.2
89	20	10.1
89	21	9.9
89	22	7.8
89	23	20.4
89	24	21.4
90	1	6.4
90	2	2.2
90	3	0.0
90	4	0.0
90	5	0.0
90	6	0.0
90	7	1.9
90	8	56.7
90	9	41.1
90	10	42.8
90	11	247.2
90	12	36.3
90	13	88.8
90	14	23.7
90	15	113.5
90	16	455.4
90	17	144.6
90	18	130.0
90	19	65.1
90	20	95.4
90	21	59.1
90	22	67.1
90	23	88.8
90	24	107.0
91	1	10.2
91	2	42.5
91	3	50.0
91	4	44.6
91	5	32.9
91	6	5.0
91	7	8.8
91	8	31.8
91	9	20.9
91	10	2.0
91	11	0.0
91	12	9.1
91	13	14.6
91	14	31.2
91	15	25.3
91	16	16.0
91	17	45.7
91	18	12.4
91	19	46.0
91	20	9.5
91	21	0.5
91	22	4.2
91	23	27.9
91	24	56.5
92	1	0.4
92	2	15.0
92	3	23.2
92	4	12.1
92	5	54.2
92	6	61.1
92	7	75.5
92	8	20.7
92	9	0.3
92	10	10.8
92	11	28.0
92	12	67.2
92	13	33.4
92	14	0.0
92	15	11.2
92	16	0.0
92	17	166.6
92	18	75.8
92	19	4.5
92	20	0.0
92	21	0.0
92	22	0.0
92	23	6.9
92	24	13.3
93	1	10.2
93	2	42.5
93	3	50.0
93	4	44.6
93	5	32.9
93	6	5.0
93	7	8.8
93	8	31.8
93	9	20.9
93	10	2.0
93	11	0.0
93	12	9.1
93	13	14.6
93	14	31.2
93	15	25.3
93	16	16.0
93	17	45.7
93	18	12.4
93	19	46.0
93	20	9.5
93	21	0.5
93	22	4.2
93	23	27.9
93	24	56.5
94	1	0.0
94	2	0.0
94	3	0.0
94	4	0.0
94	5	0.0
94	6	0.0
94	7	0.0
94	8	0.0
94	9	0.0
94	10	0.1
94	11	16.9
94	12	4.4
94	13	1.7
94	14	5.0
94	15	2.1
94	16	10.5
94	17	12.3
94	18	4.6
94	19	17.8
94	20	11.5
94	21	5.5
94	22	16.9
94	23	14.6
94	24	11.0
95	1	0.4
95	2	15.0
95	3	23.2
95	4	12.1
95	5	54.2
95	6	61.1
95	7	75.5
95	8	20.7
95	9	0.3
95	10	10.8
95	11	28.0
95	12	67.2
95	13	33.4
95	14	0.0
95	15	11.2
95	16	0.0
95	17	166.6
95	18	75.8
95	19	4.5
95	20	0.0
95	21	0.0
95	22	0.0
95	23	6.9
95	24	13.3
96	1	0.4
96	2	15.0
96	3	23.2
96	4	12.1
96	5	54.2
96	6	61.1
96	7	75.5
96	8	20.7
96	9	0.3
96	10	10.8
96	11	28.0
96	12	67.2
96	13	33.4
96	14	0.0
96	15	11.2
96	16	0.0
96	17	166.6
96	18	75.8
96	19	4.5
96	20	0.0
96	21	0.0
96	22	0.0
96	23	6.9
96	24	13.3
97	1	10.2
97	2	42.5
97	3	50.0
97	4	44.6
97	5	32.9
97	6	5.0
97	7	8.8
97	8	31.8
97	9	20.9
97	10	2.0
97	11	0.0
97	12	9.1
97	13	14.6
97	14	31.2
97	15	25.3
97	16	16.0
97	17	45.7
97	18	12.4
97	19	46.0
97	20	9.5
97	21	0.5
97	22	4.2
97	23	27.9
97	24	56.5
98	1	0.0
98	2	5.0
98	3	2.0
98	4	0.0
98	5	2.1
98	6	7.3
98	7	17.3
98	8	7.4
98	9	6.4
98	10	25.8
98	11	12.3
98	12	33.8
98	13	12.8
98	14	92.7
98	15	211.7
98	16	113.2
98	17	78.7
98	18	74.8
98	19	65.6
98	20	73.9
98	21	47.9
98	22	84.6
98	23	32.7
98	24	30.3
99	1	6.4
99	2	2.2
99	3	0.0
99	4	0.0
99	5	0.0
99	6	0.0
99	7	1.9
99	8	56.7
99	9	41.1
99	10	42.8
99	11	247.2
99	12	36.3
99	13	88.8
99	14	23.7
99	15	113.5
99	16	455.4
99	17	144.6
99	18	130.0
99	19	65.1
99	20	95.4
99	21	59.1
99	22	67.1
99	23	88.8
99	24	107.0
100	1	10.2
100	2	42.5
100	3	50.0
100	4	44.6
100	5	32.9
100	6	5.0
100	7	8.8
100	8	31.8
100	9	20.9
100	10	2.0
100	11	0.0
100	12	9.1
100	13	14.6
100	14	31.2
100	15	25.3
100	16	16.0
100	17	45.7
100	18	12.4
100	19	46.0
100	20	9.5
100	21	0.5
100	22	4.2
100	23	27.9
100	24	56.5
101	1	0.4
101	2	15.0
101	3	23.2
101	4	12.1
101	5	54.2
101	6	61.1
101	7	75.5
101	8	20.7
101	9	0.3
101	10	10.8
101	11	28.0
101	12	67.2
101	13	33.4
101	14	0.0
101	15	11.2
101	16	0.0
101	17	166.6
101	18	75.8
101	19	4.5
101	20	0.0
101	21	0.0
101	22	0.0
101	23	6.9
101	24	13.3
102	1	0.0
102	2	5.0
102	3	2.0
102	4	0.0
102	5	2.1
102	6	7.3
102	7	17.3
102	8	7.4
102	9	6.4
102	10	25.8
102	11	12.3
102	12	33.8
102	13	12.8
102	14	92.7
102	15	211.7
102	16	113.2
102	17	78.7
102	18	74.8
102	19	65.6
102	20	73.9
102	21	47.9
102	22	84.6
102	23	32.7
102	24	30.3
103	1	6.4
103	2	2.2
103	3	0.0
103	4	0.0
103	5	0.0
103	6	0.0
103	7	1.9
103	8	56.7
103	9	41.1
103	10	42.8
103	11	247.2
103	12	36.3
103	13	88.8
103	14	23.7
103	15	113.5
103	16	455.4
103	17	144.6
103	18	130.0
103	19	65.1
103	20	95.4
103	21	59.1
103	22	67.1
103	23	88.8
103	24	107.0
104	1	10.2
104	2	42.5
104	3	50.0
104	4	44.6
104	5	32.9
104	6	5.0
104	7	8.8
104	8	31.8
104	9	20.9
104	10	2.0
104	11	0.0
104	12	9.1
104	13	14.6
104	14	31.2
104	15	25.3
104	16	16.0
104	17	45.7
104	18	12.4
104	19	46.0
104	20	9.5
104	21	0.5
104	22	4.2
104	23	27.9
104	24	56.5
105	1	10.2
105	2	42.5
105	3	50.0
105	4	44.6
105	5	32.9
105	6	5.0
105	7	8.8
105	8	31.8
105	9	20.9
105	10	2.0
105	11	0.0
105	12	9.1
105	13	14.6
105	14	31.2
105	15	25.3
105	16	16.0
105	17	45.7
105	18	12.4
105	19	46.0
105	20	9.5
105	21	0.5
105	22	4.2
105	23	27.9
105	24	56.5
106	1	0.4
106	2	15.0
106	3	23.2
106	4	12.1
106	5	54.2
106	6	61.1
106	7	75.5
106	8	20.7
106	9	0.3
106	10	10.8
106	11	28.0
106	12	67.2
106	13	33.4
106	14	0.0
106	15	11.2
106	16	0.0
106	17	166.6
106	18	75.8
106	19	4.5
106	20	0.0
106	21	0.0
106	22	0.0
106	23	6.9
106	24	13.3
107	1	10.2
107	2	42.5
107	3	50.0
107	4	44.6
107	5	32.9
107	6	5.0
107	7	8.8
107	8	31.8
107	9	20.9
107	10	2.0
107	11	0.0
107	12	9.1
107	13	14.6
107	14	31.2
107	15	25.3
107	16	16.0
107	17	45.7
107	18	12.4
107	19	46.0
107	20	9.5
107	21	0.5
107	22	4.2
107	23	27.9
107	24	56.5
108	1	0.0
108	2	0.0
108	3	0.0
108	4	0.0
108	5	0.0
108	6	0.0
108	7	0.0
108	8	0.0
108	9	0.0
108	10	0.1
108	11	16.9
108	12	4.4
108	13	1.7
108	14	5.0
108	15	2.1
108	16	10.5
108	17	12.3
108	18	4.6
108	19	17.8
108	20	11.5
108	21	5.5
108	22	16.9
108	23	14.6
108	24	11.0
109	1	0.4
109	2	15.0
109	3	23.2
109	4	12.1
109	5	54.2
109	6	61.1
109	7	75.5
109	8	20.7
109	9	0.3
109	10	10.8
109	11	28.0
109	12	67.2
109	13	33.4
109	14	0.0
109	15	11.2
109	16	0.0
109	17	166.6
109	18	75.8
109	19	4.5
109	20	0.0
109	21	0.0
109	22	0.0
109	23	6.9
109	24	13.3
110	1	0.4
110	2	15.0
110	3	23.2
110	4	12.1
110	5	54.2
110	6	61.1
110	7	75.5
110	8	20.7
110	9	0.3
110	10	10.8
110	11	28.0
110	12	67.2
110	13	33.4
110	14	0.0
110	15	11.2
110	16	0.0
110	17	166.6
110	18	75.8
110	19	4.5
110	20	0.0
110	21	0.0
110	22	0.0
110	23	6.9
110	24	13.3
111	1	6.4
111	2	2.2
111	3	0.0
111	4	0.0
111	5	0.0
111	6	0.0
111	7	1.9
111	8	56.7
111	9	41.1
111	10	42.8
111	11	247.2
111	12	36.3
111	13	88.8
111	14	23.7
111	15	113.5
111	16	455.4
111	17	144.6
111	18	130.0
111	19	65.1
111	20	95.4
111	21	59.1
111	22	67.1
111	23	88.8
111	24	107.0
112	1	10.2
112	2	42.5
112	3	50.0
112	4	44.6
112	5	32.9
112	6	5.0
112	7	8.8
112	8	31.8
112	9	20.9
112	10	2.0
112	11	0.0
112	12	9.1
112	13	14.6
112	14	31.2
112	15	25.3
112	16	16.0
112	17	45.7
112	18	12.4
112	19	46.0
112	20	9.5
112	21	0.5
112	22	4.2
112	23	27.9
112	24	56.5
