Node	Time	Res_CapacityUpVolume
1	1	90.0
1	2	90.0
1	3	240.0
1	4	240.0
1	5	90.0
1	6	260.0
1	7	260.0
1	8	260.0
1	9	260.0
1	10	260.0
1	11	260.0
1	12	260.0
1	13	245.0
1	14	240.0
1	15	240.0
1	16	245.0
1	17	260.0
1	18	260.0
1	19	260.0
1	20	260.0
1	21	260.0
1	22	260.0
1	23	260.0
1	24	170.0
2	1	171.0
2	2	171.0
2	3	171.0
2	4	171.0
2	5	196.0
2	6	196.0
2	7	253.0
2	8	253.0
2	9	253.0
2	10	228.0
2	11	228.0
2	12	228.0
2	13	228.0
2	14	253.0
2	15	253.0
2	16	253.0
2	17	253.0
2	18	283.0
2	19	283.0
2	20	283.0
2	21	283.0
2	22	196.0
2	23	196.0
2	24	138.0
3	1	60.0
3	2	60.0
3	3	60.0
3	4	60.0
3	5	116.0
3	6	116.0
3	7	115.0
3	8	116.0
3	9	116.0
3	10	116.0
3	11	115.0
3	12	76.0
3	13	60.0
3	14	60.0
3	15	60.0
3	16	60.0
3	17	116.0
3	18	116.0
3	19	115.0
3	20	116.0
3	21	116.0
3	22	116.0
3	23	75.0
3	24	100.0
4	1	95.0
4	2	95.0
4	3	95.0
4	4	95.0
4	5	95.0
4	6	95.0
4	7	40.0
4	8	40.0
4	9	69.0
4	10	115.0
4	11	115.0
4	12	115.0
4	13	115.0
4	14	110.0
4	15	115.0
4	16	115.0
4	17	115.0
4	18	40.0
4	19	40.0
4	20	40.0
4	21	25.0
4	22	20.0
4	23	20.0
4	24	103.0
5	1	115.0
5	2	115.0
5	3	115.0
5	4	115.0
5	5	140.0
5	6	140.0
5	7	140.0
5	8	140.0
5	9	140.0
5	10	140.0
5	11	140.0
5	12	140.0
5	13	115.0
5	14	115.0
5	15	115.0
5	16	115.0
5	17	140.0
5	18	140.0
5	19	140.0
5	20	140.0
5	21	140.0
5	22	140.0
5	23	140.0
5	24	80.0
6	1	115.0
6	2	135.0
6	3	135.0
6	4	135.0
6	5	150.0
6	6	150.0
6	7	150.0
6	8	150.0
6	9	150.0
6	10	150.0
6	11	150.0
6	12	150.0
6	13	135.0
6	14	135.0
6	15	135.0
6	16	135.0
6	17	150.0
6	18	150.0
6	19	150.0
6	20	150.0
6	21	150.0
6	22	150.0
6	23	150.0
6	24	130.0
7	1	150.0
7	2	150.0
7	3	150.0
7	4	150.0
7	5	165.0
7	6	165.0
7	7	165.0
7	8	146.0
7	9	149.0
7	10	149.0
7	11	149.0
7	12	149.0
7	13	134.0
7	14	134.0
7	15	134.0
7	16	134.0
7	17	149.0
7	18	117.0
7	19	165.0
7	20	165.0
7	21	165.0
7	22	165.0
7	23	165.0
7	24	105.0
8	1	145.0
8	2	145.0
8	3	145.0
8	4	145.0
8	5	170.0
8	6	170.0
8	7	170.0
8	8	170.0
8	9	170.0
8	10	170.0
8	11	170.0
8	12	170.0
8	13	145.0
8	14	145.0
8	15	145.0
8	16	145.0
8	17	170.0
8	18	170.0
8	19	170.0
8	20	170.0
8	21	170.0
8	22	170.0
8	23	170.0
8	24	95.0
9	1	152.0
9	2	152.0
9	3	152.0
9	4	152.0
9	5	152.0
9	6	215.0
9	7	215.0
9	8	202.0
9	9	52.0
9	10	10.0
9	11	10.0
9	12	10.0
9	13	10.0
9	14	52.0
9	15	52.0
9	16	102.0
9	17	102.0
9	18	215.0
9	19	215.0
9	20	231.0
9	21	231.0
9	22	231.0
9	23	215.0
9	24	140.0
10	1	0.0
10	2	0.0
10	3	0.0
10	4	0.0
10	5	16.0
10	6	16.0
10	7	15.0
10	8	15.0
10	9	16.0
10	10	16.0
10	11	15.0
10	12	16.0
10	13	0.0
10	14	0.0
10	15	0.0
10	16	0.0
10	17	16.0
10	18	16.0
10	19	15.0
10	20	16.0
10	21	16.0
10	22	16.0
10	23	15.0
10	24	16.0
11	1	20.0
11	2	20.0
11	3	20.0
11	4	20.0
11	5	45.0
11	6	45.0
11	7	103.0
11	8	103.0
11	9	81.0
11	10	25.0
11	11	25.0
11	12	0.0
11	13	0.0
11	14	0.0
11	15	0.0
11	16	25.0
11	17	25.0
11	18	25.0
11	19	25.0
11	20	103.0
11	21	103.0
11	22	45.0
11	23	45.0
11	24	58.0
12	1	152.0
12	2	152.0
12	3	152.0
12	4	152.0
12	5	152.0
12	6	215.0
12	7	215.0
12	8	202.0
12	9	52.0
12	10	10.0
12	11	10.0
12	12	10.0
12	13	10.0
12	14	52.0
12	15	52.0
12	16	102.0
12	17	102.0
12	18	215.0
12	19	215.0
12	20	231.0
12	21	231.0
12	22	231.0
12	23	215.0
12	24	140.0
13	1	30.0
13	2	30.0
13	3	30.0
13	4	30.0
13	5	30.0
13	6	30.0
13	7	30.0
13	8	30.0
13	9	30.0
13	10	30.0
13	11	30.0
13	12	30.0
13	13	30.0
13	14	30.0
13	15	30.0
13	16	30.0
13	17	30.0
13	18	30.0
13	19	30.0
13	20	30.0
13	21	30.0
13	22	14.0
13	23	0.0
13	24	0.0
14	1	0.0
14	2	0.0
14	3	0.0
14	4	0.0
14	5	25.0
14	6	181.0
14	7	181.0
14	8	181.0
14	9	181.0
14	10	181.0
14	11	25.0
14	12	25.0
14	13	0.0
14	14	0.0
14	15	0.0
14	16	0.0
14	17	181.0
14	18	181.0
14	19	181.0
14	20	181.0
14	21	181.0
14	22	181.0
14	23	25.0
14	24	25.0
15	1	183.0
15	2	183.0
15	3	183.0
15	4	183.0
15	5	183.0
15	6	183.0
15	7	183.0
15	8	183.0
15	9	168.0
15	10	150.0
15	11	150.0
15	12	150.0
15	13	150.0
15	14	183.0
15	15	183.0
15	16	183.0
15	17	168.0
15	18	168.0
15	19	168.0
15	20	183.0
15	21	183.0
15	22	193.0
15	23	183.0
15	24	10.0
16	1	76.0
16	2	75.0
16	3	76.0
16	4	76.0
16	5	114.0
16	6	115.0
16	7	116.0
16	8	116.0
16	9	116.0
16	10	109.0
16	11	106.0
16	12	60.0
16	13	60.0
16	14	60.0
16	15	60.0
16	16	76.0
16	17	110.0
16	18	115.0
16	19	116.0
16	20	111.0
16	21	105.0
16	22	75.0
16	23	75.0
16	24	116.0
17	1	70.0
17	2	70.0
17	3	70.0
17	4	70.0
17	5	70.0
17	6	70.0
17	7	90.0
17	8	90.0
17	9	90.0
17	10	90.0
17	11	90.0
17	12	85.0
17	13	85.0
17	14	85.0
17	15	85.0
17	16	85.0
17	17	90.0
17	18	90.0
17	19	90.0
17	20	56.0
17	21	25.0
17	22	70.0
17	23	70.0
17	24	70.0
18	1	145.0
18	2	145.0
18	3	145.0
18	4	145.0
18	5	170.0
18	6	170.0
18	7	170.0
18	8	170.0
18	9	170.0
18	10	170.0
18	11	170.0
18	12	170.0
18	13	145.0
18	14	145.0
18	15	145.0
18	16	145.0
18	17	170.0
18	18	170.0
18	19	170.0
18	20	170.0
18	21	170.0
18	22	170.0
18	23	170.0
18	24	95.0
19	1	145.0
19	2	145.0
19	3	145.0
19	4	145.0
19	5	160.0
19	6	160.0
19	7	160.0
19	8	160.0
19	9	160.0
19	10	160.0
19	11	160.0
19	12	145.0
19	13	145.0
19	14	145.0
19	15	145.0
19	16	170.0
19	17	170.0
19	18	170.0
19	19	170.0
19	20	170.0
19	21	170.0
19	22	170.0
19	23	170.0
19	24	170.0
20	1	70.0
20	2	70.0
20	3	70.0
20	4	70.0
20	5	70.0
20	6	70.0
20	7	90.0
20	8	90.0
20	9	90.0
20	10	90.0
20	11	90.0
20	12	85.0
20	13	85.0
20	14	85.0
20	15	90.0
20	16	90.0
20	17	90.0
20	18	90.0
20	19	90.0
20	20	90.0
20	21	70.0
20	22	70.0
20	23	70.0
20	24	105.0
21	1	100.0
21	2	100.0
21	3	100.0
21	4	100.0
21	5	116.0
21	6	116.0
21	7	115.0
21	8	116.0
21	9	116.0
21	10	116.0
21	11	115.0
21	12	116.0
21	13	100.0
21	14	100.0
21	15	60.0
21	16	80.0
21	17	76.0
21	18	116.0
21	19	115.0
21	20	116.0
21	21	116.0
21	22	116.0
21	23	75.0
21	24	16.0
22	1	195.0
22	2	195.0
22	3	195.0
22	4	195.0
22	5	195.0
22	6	195.0
22	7	195.0
22	8	195.0
22	9	195.0
22	10	195.0
22	11	195.0
22	12	195.0
22	13	195.0
22	14	195.0
22	15	195.0
22	16	195.0
22	17	195.0
22	18	195.0
22	19	195.0
22	20	195.0
22	21	195.0
22	22	195.0
22	23	195.0
22	24	195.0
23	1	40.0
23	2	40.0
23	3	40.0
23	4	40.0
23	5	50.0
23	6	55.0
23	7	55.0
23	8	55.0
23	9	55.0
23	10	50.0
23	11	50.0
23	12	50.0
23	13	50.0
23	14	50.0
23	15	50.0
23	16	55.0
23	17	55.0
23	18	55.0
23	19	55.0
23	20	55.0
23	21	55.0
23	22	50.0
23	23	50.0
23	24	30.0
24	1	95.0
24	2	95.0
24	3	95.0
24	4	95.0
24	5	120.0
24	6	120.0
24	7	120.0
24	8	120.0
24	9	120.0
24	10	120.0
24	11	120.0
24	12	120.0
24	13	95.0
24	14	95.0
24	15	95.0
24	16	95.0
24	17	120.0
24	18	120.0
24	19	120.0
24	20	120.0
24	21	120.0
24	22	120.0
24	23	120.0
24	24	85.0
25	1	130.0
25	2	160.0
25	3	160.0
25	4	170.0
25	5	185.0
25	6	195.0
25	7	195.0
25	8	195.0
25	9	195.0
25	10	195.0
25	11	195.0
25	12	195.0
25	13	195.0
25	14	170.0
25	15	170.0
25	16	170.0
25	17	170.0
25	18	195.0
25	19	195.0
25	20	195.0
25	21	195.0
25	22	195.0
25	23	195.0
25	24	195.0
26	1	0.0
26	2	0.0
26	3	0.0
26	4	0.0
26	5	25.0
26	6	181.0
26	7	181.0
26	8	181.0
26	9	181.0
26	10	181.0
26	11	25.0
26	12	25.0
26	13	0.0
26	14	0.0
26	15	0.0
26	16	0.0
26	17	181.0
26	18	181.0
26	19	181.0
26	20	181.0
26	21	181.0
26	22	181.0
26	23	25.0
26	24	25.0
27	1	50.0
27	2	50.0
27	3	50.0
27	4	50.0
27	5	50.0
27	6	40.0
27	7	40.0
27	8	50.0
27	9	50.0
27	10	50.0
27	11	50.0
27	12	50.0
27	13	50.0
27	14	50.0
27	15	60.0
27	16	60.0
27	17	50.0
27	18	40.0
27	19	40.0
27	20	40.0
27	21	50.0
27	22	50.0
27	23	50.0
27	24	50.0
28	1	33.0
28	2	33.0
28	3	33.0
28	4	33.0
28	5	58.0
28	6	58.0
28	7	58.0
28	8	58.0
28	9	58.0
28	10	58.0
28	11	58.0
28	12	58.0
28	13	58.0
28	14	33.0
28	15	33.0
28	16	33.0
28	17	33.0
28	18	58.0
28	19	58.0
28	20	58.0
28	21	58.0
28	22	58.0
28	23	45.0
28	24	40.0
29	1	100.0
29	2	100.0
29	3	100.0
29	4	100.0
29	5	116.0
29	6	116.0
29	7	115.0
29	8	116.0
29	9	116.0
29	10	116.0
29	11	115.0
29	12	116.0
29	13	100.0
29	14	100.0
29	15	100.0
29	16	100.0
29	17	116.0
29	18	116.0
29	19	115.0
29	20	116.0
29	21	116.0
29	22	116.0
29	23	115.0
29	24	60.0
30	1	0.0
30	2	0.0
30	3	0.0
30	4	0.0
30	5	0.0
30	6	54.0
30	7	54.0
30	8	54.0
30	9	54.0
30	10	54.0
30	11	0.0
30	12	0.0
30	13	0.0
30	14	0.0
30	15	0.0
30	16	0.0
30	17	0.0
30	18	54.0
30	19	79.0
30	20	79.0
30	21	79.0
30	22	79.0
30	23	25.0
30	24	0.0
31	1	130.0
31	2	160.0
31	3	160.0
31	4	170.0
31	5	185.0
31	6	195.0
31	7	195.0
31	8	195.0
31	9	195.0
31	10	195.0
31	11	195.0
31	12	195.0
31	13	195.0
31	14	170.0
31	15	170.0
31	16	170.0
31	17	170.0
31	18	195.0
31	19	195.0
31	20	195.0
31	21	195.0
31	22	195.0
31	23	195.0
31	24	195.0
32	1	40.0
32	2	40.0
32	3	40.0
32	4	40.0
32	5	50.0
32	6	55.0
32	7	55.0
32	8	55.0
32	9	55.0
32	10	50.0
32	11	50.0
32	12	50.0
32	13	50.0
32	14	50.0
32	15	50.0
32	16	55.0
32	17	55.0
32	18	55.0
32	19	55.0
32	20	55.0
32	21	55.0
32	22	50.0
32	23	50.0
32	24	30.0
33	1	0.0
33	2	0.0
33	3	0.0
33	4	0.0
33	5	0.0
33	6	0.0
33	7	0.0
33	8	0.0
33	9	0.0
33	10	0.0
33	11	0.0
33	12	0.0
33	13	0.0
33	14	0.0
33	15	0.0
33	16	0.0
33	17	0.0
33	18	0.0
33	19	15.0
33	20	15.0
33	21	15.0
33	22	15.0
33	23	0.0
33	24	0.0
34	1	183.0
34	2	183.0
34	3	183.0
34	4	183.0
34	5	183.0
34	6	183.0
34	7	183.0
34	8	183.0
34	9	168.0
34	10	150.0
34	11	150.0
34	12	150.0
34	13	150.0
34	14	183.0
34	15	183.0
34	16	183.0
34	17	168.0
34	18	168.0
34	19	168.0
34	20	183.0
34	21	183.0
34	22	193.0
34	23	183.0
34	24	10.0
35	1	75.0
35	2	75.0
35	3	75.0
35	4	75.0
35	5	75.0
35	6	75.0
35	7	15.0
35	8	15.0
35	9	0.0
35	10	28.0
35	11	28.0
35	12	28.0
35	13	28.0
35	14	78.0
35	15	78.0
35	16	75.0
35	17	75.0
35	18	0.0
35	19	130.0
35	20	130.0
35	21	130.0
35	22	130.0
35	23	130.0
35	24	0.0
36	1	0.0
36	2	0.0
36	3	0.0
36	4	0.0
36	5	79.0
36	6	139.0
36	7	97.0
36	8	97.0
36	9	139.0
36	10	85.0
36	11	25.0
36	12	25.0
36	13	0.0
36	14	0.0
36	15	0.0
36	16	0.0
36	17	25.0
36	18	85.0
36	19	85.0
36	20	139.0
36	21	139.0
36	22	25.0
36	23	25.0
36	24	0.0
37	1	145.0
37	2	145.0
37	3	145.0
37	4	145.0
37	5	160.0
37	6	160.0
37	7	160.0
37	8	160.0
37	9	160.0
37	10	160.0
37	11	160.0
37	12	145.0
37	13	145.0
37	14	145.0
37	15	145.0
37	16	170.0
37	17	170.0
37	18	170.0
37	19	170.0
37	20	170.0
37	21	170.0
37	22	170.0
37	23	170.0
37	24	170.0
38	1	162.0
38	2	162.0
38	3	162.0
38	4	162.0
38	5	162.0
38	6	187.0
38	7	187.0
38	8	182.0
38	9	142.0
38	10	132.0
38	11	167.0
38	12	187.0
38	13	162.0
38	14	162.0
38	15	162.0
38	16	108.0
38	17	133.0
38	18	133.0
38	19	133.0
38	20	133.0
38	21	133.0
38	22	187.0
38	23	159.0
38	24	170.0
39	1	154.0
39	2	154.0
39	3	154.0
39	4	154.0
39	5	154.0
39	6	154.0
39	7	100.0
39	8	40.0
39	9	40.0
39	10	40.0
39	11	20.0
39	12	20.0
39	13	20.0
39	14	20.0
39	15	40.0
39	16	20.0
39	17	20.0
39	18	134.0
39	19	173.0
39	20	179.0
39	21	179.0
39	22	179.0
39	23	177.0
39	24	45.0
40	1	154.0
40	2	154.0
40	3	154.0
40	4	154.0
40	5	154.0
40	6	154.0
40	7	100.0
40	8	40.0
40	9	40.0
40	10	40.0
40	11	20.0
40	12	20.0
40	13	20.0
40	14	20.0
40	15	40.0
40	16	20.0
40	17	20.0
40	18	134.0
40	19	173.0
40	20	179.0
40	21	179.0
40	22	179.0
40	23	177.0
40	24	45.0
41	1	46.0
41	2	46.0
41	3	46.0
41	4	46.0
41	5	85.0
41	6	85.0
41	7	85.0
41	8	85.0
41	9	85.0
41	10	85.0
41	11	85.0
41	12	85.0
41	13	60.0
41	14	60.0
41	15	60.0
41	16	60.0
41	17	85.0
41	18	85.0
41	19	85.0
41	20	85.0
41	21	85.0
41	22	85.0
41	23	85.0
41	24	130.0
42	1	196.0
42	2	196.0
42	3	196.0
42	4	196.0
42	5	251.0
42	6	276.0
42	7	276.0
42	8	276.0
42	9	276.0
42	10	276.0
42	11	276.0
42	12	276.0
42	13	276.0
42	14	251.0
42	15	251.0
42	16	251.0
42	17	247.0
42	18	276.0
42	19	276.0
42	20	276.0
42	21	276.0
42	22	276.0
42	23	251.0
42	24	243.0
43	1	170.0
43	2	170.0
43	3	170.0
43	4	170.0
43	5	170.0
43	6	195.0
43	7	193.0
43	8	153.0
43	9	133.0
43	10	195.0
43	11	113.0
43	12	195.0
43	13	170.0
43	14	170.0
43	15	170.0
43	16	158.0
43	17	195.0
43	18	113.0
43	19	183.0
43	20	195.0
43	21	195.0
43	22	195.0
43	23	170.0
43	24	116.0
44	1	30.0
44	2	30.0
44	3	30.0
44	4	30.0
44	5	30.0
44	6	30.0
44	7	30.0
44	8	30.0
44	9	30.0
44	10	30.0
44	11	30.0
44	12	30.0
44	13	30.0
44	14	30.0
44	15	30.0
44	16	30.0
44	17	30.0
44	18	30.0
44	19	30.0
44	20	30.0
44	21	30.0
44	22	30.0
44	23	30.0
44	24	30.0
45	1	155.0
45	2	155.0
45	3	155.0
45	4	155.0
45	5	175.0
45	6	175.0
45	7	175.0
45	8	175.0
45	9	175.0
45	10	175.0
45	11	175.0
45	12	155.0
45	13	155.0
45	14	155.0
45	15	155.0
45	16	170.0
45	17	175.0
45	18	175.0
45	19	175.0
45	20	175.0
45	21	175.0
45	22	175.0
45	23	170.0
45	24	155.0
46	1	0.0
46	2	0.0
46	3	0.0
46	4	0.0
46	5	25.0
46	6	83.0
46	7	137.0
46	8	161.0
46	9	161.0
46	10	161.0
46	11	103.0
46	12	79.0
46	13	25.0
46	14	0.0
46	15	0.0
46	16	0.0
46	17	54.0
46	18	137.0
46	19	137.0
46	20	137.0
46	21	137.0
46	22	137.0
46	23	83.0
46	24	0.0
47	1	0.0
47	2	0.0
47	3	0.0
47	4	0.0
47	5	16.0
47	6	16.0
47	7	15.0
47	8	15.0
47	9	16.0
47	10	16.0
47	11	15.0
47	12	16.0
47	13	0.0
47	14	0.0
47	15	0.0
47	16	0.0
47	17	16.0
47	18	16.0
47	19	15.0
47	20	16.0
47	21	16.0
47	22	16.0
47	23	15.0
47	24	16.0
48	1	75.0
48	2	75.0
48	3	75.0
48	4	75.0
48	5	75.0
48	6	75.0
48	7	75.0
48	8	75.0
48	9	75.0
48	10	73.0
48	11	16.0
48	12	0.0
48	13	46.0
48	14	75.0
48	15	53.0
48	16	75.0
48	17	75.0
48	18	75.0
48	19	100.0
48	20	100.0
48	21	100.0
48	22	100.0
48	23	100.0
48	24	75.0
49	1	30.0
49	2	30.0
49	3	30.0
49	4	30.0
49	5	30.0
49	6	30.0
49	7	30.0
49	8	30.0
49	9	30.0
49	10	30.0
49	11	30.0
49	12	30.0
49	13	30.0
49	14	30.0
49	15	30.0
49	16	30.0
49	17	30.0
49	18	30.0
49	19	30.0
49	20	30.0
49	21	30.0
49	22	30.0
49	23	30.0
49	24	30.0
50	1	148.0
50	2	148.0
50	3	148.0
50	4	148.0
50	5	148.0
50	6	148.0
50	7	148.0
50	8	148.0
50	9	148.0
50	10	96.0
50	11	123.0
50	12	123.0
50	13	123.0
50	14	148.0
50	15	148.0
50	16	148.0
50	17	148.0
50	18	148.0
50	19	148.0
50	20	148.0
50	21	148.0
50	22	173.0
50	23	173.0
50	24	135.0
51	1	0.0
51	2	0.0
51	3	0.0
51	4	0.0
51	5	0.0
51	6	0.0
51	7	0.0
51	8	0.0
51	9	0.0
51	10	0.0
51	11	0.0
51	12	0.0
51	13	0.0
51	14	0.0
51	15	0.0
51	16	0.0
51	17	0.0
51	18	0.0
51	19	25.0
51	20	25.0
51	21	25.0
51	22	25.0
51	23	25.0
51	24	25.0
52	1	70.0
52	2	70.0
52	3	70.0
52	4	70.0
52	5	70.0
52	6	70.0
52	7	90.0
52	8	90.0
52	9	90.0
52	10	90.0
52	11	90.0
52	12	85.0
52	13	85.0
52	14	85.0
52	15	85.0
52	16	85.0
52	17	90.0
52	18	90.0
52	19	90.0
52	20	56.0
52	21	25.0
52	22	70.0
52	23	70.0
52	24	70.0
53	1	70.0
53	2	70.0
53	3	70.0
53	4	70.0
53	5	70.0
53	6	70.0
53	7	90.0
53	8	90.0
53	9	90.0
53	10	90.0
53	11	90.0
53	12	85.0
53	13	85.0
53	14	85.0
53	15	90.0
53	16	90.0
53	17	90.0
53	18	90.0
53	19	90.0
53	20	90.0
53	21	70.0
53	22	70.0
53	23	70.0
53	24	105.0
54	1	0.0
54	2	0.0
54	3	0.0
54	4	0.0
54	5	0.0
54	6	0.0
54	7	0.0
54	8	0.0
54	9	0.0
54	10	0.0
54	11	0.0
54	12	0.0
54	13	0.0
54	14	0.0
54	15	0.0
54	16	0.0
54	17	0.0
54	18	0.0
54	19	0.0
54	20	0.0
54	21	0.0
54	22	0.0
54	23	0.0
54	24	76.0
55	1	143.0
55	2	143.0
55	3	143.0
55	4	143.0
55	5	148.0
55	6	148.0
55	7	148.0
55	8	148.0
55	9	148.0
55	10	148.0
55	11	148.0
55	12	133.0
55	13	133.0
55	14	128.0
55	15	133.0
55	16	148.0
55	17	148.0
55	18	148.0
55	19	148.0
55	20	148.0
55	21	148.0
55	22	148.0
55	23	143.0
55	24	143.0
56	1	0.0
56	2	0.0
56	3	0.0
56	4	0.0
56	5	0.0
56	6	15.0
56	7	15.0
56	8	0.0
56	9	115.0
56	10	115.0
56	11	115.0
56	12	115.0
56	13	115.0
56	14	115.0
56	15	115.0
56	16	0.0
56	17	0.0
56	18	15.0
56	19	89.0
56	20	126.0
56	21	126.0
56	22	103.0
56	23	99.0
56	24	155.0
57	1	0.0
57	2	0.0
57	3	0.0
57	4	0.0
57	5	16.0
57	6	16.0
57	7	15.0
57	8	15.0
57	9	16.0
57	10	16.0
57	11	15.0
57	12	16.0
57	13	0.0
57	14	0.0
57	15	0.0
57	16	0.0
57	17	16.0
57	18	16.0
57	19	15.0
57	20	16.0
57	21	16.0
57	22	16.0
57	23	15.0
57	24	16.0
58	1	0.0
58	2	0.0
58	3	10.0
58	4	0.0
58	5	0.0
58	6	0.0
58	7	0.0
58	8	10.0
58	9	10.0
58	10	10.0
58	11	10.0
58	12	10.0
58	13	10.0
58	14	10.0
58	15	10.0
58	16	10.0
58	17	20.0
58	18	10.0
58	19	10.0
58	20	0.0
58	21	0.0
58	22	0.0
58	23	0.0
58	24	0.0
59	1	124.0
59	2	124.0
59	3	124.0
59	4	124.0
59	5	125.0
59	6	127.0
59	7	127.0
59	8	152.0
59	9	152.0
59	10	152.0
59	11	152.0
59	12	152.0
59	13	152.0
59	14	152.0
59	15	152.0
59	16	152.0
59	17	152.0
59	18	152.0
59	19	132.0
59	20	148.0
59	21	152.0
59	22	33.0
59	23	18.0
59	24	55.0
60	1	68.0
60	2	68.0
60	3	43.0
60	4	43.0
60	5	43.0
60	6	53.0
60	7	175.0
60	8	165.0
60	9	165.0
60	10	165.0
60	11	165.0
60	12	165.0
60	13	165.0
60	14	165.0
60	15	165.0
60	16	175.0
60	17	175.0
60	18	175.0
60	19	121.0
60	20	78.0
60	21	53.0
60	22	53.0
60	23	43.0
60	24	174.0
61	1	60.0
61	2	60.0
61	3	60.0
61	4	60.0
61	5	50.0
61	6	50.0
61	7	65.0
61	8	105.0
61	9	105.0
61	10	75.0
61	11	65.0
61	12	65.0
61	13	60.0
61	14	71.0
61	15	60.0
61	16	60.0
61	17	65.0
61	18	105.0
61	19	115.0
61	20	115.0
61	21	85.0
61	22	60.0
61	23	60.0
61	24	60.0
62	1	44.0
62	2	44.0
62	3	44.0
62	4	44.0
62	5	34.0
62	6	34.0
62	7	104.0
62	8	215.0
62	9	215.0
62	10	225.0
62	11	225.0
62	12	225.0
62	13	114.0
62	14	54.0
62	15	54.0
62	16	54.0
62	17	165.0
62	18	208.0
62	19	268.0
62	20	268.0
62	21	214.0
62	22	157.0
62	23	87.0
62	24	87.0
63	1	0.0
63	2	0.0
63	3	0.0
63	4	0.0
63	5	0.0
63	6	0.0
63	7	0.0
63	8	0.0
63	9	0.0
63	10	0.0
63	11	0.0
63	12	0.0
63	13	0.0
63	14	0.0
63	15	0.0
63	16	0.0
63	17	0.0
63	18	0.0
63	19	194.0
63	20	219.0
63	21	194.0
63	22	194.0
63	23	136.0
63	24	0.0
64	1	0.0
64	2	0.0
64	3	0.0
64	4	0.0
64	5	25.0
64	6	85.0
64	7	139.0
64	8	139.0
64	9	139.0
64	10	85.0
64	11	25.0
64	12	25.0
64	13	25.0
64	14	0.0
64	15	0.0
64	16	0.0
64	17	38.0
64	18	85.0
64	19	85.0
64	20	85.0
64	21	25.0
64	22	25.0
64	23	25.0
64	24	25.0
65	1	237.0
65	2	188.0
65	3	188.0
65	4	188.0
65	5	188.0
65	6	242.0
65	7	234.0
65	8	323.0
65	9	323.0
65	10	323.0
65	11	323.0
65	12	323.0
65	13	229.0
65	14	229.0
65	15	229.0
65	16	229.0
65	17	229.0
65	18	229.0
65	19	229.0
65	20	229.0
65	21	269.0
65	22	244.0
65	23	298.0
65	24	258.0
66	1	158.0
66	2	53.0
66	3	53.0
66	4	53.0
66	5	53.0
66	6	203.0
66	7	130.0
66	8	168.0
66	9	168.0
66	10	150.0
66	11	100.0
66	12	100.0
66	13	100.0
66	14	100.0
66	15	150.0
66	16	150.0
66	17	168.0
66	18	168.0
66	19	168.0
66	20	178.0
66	21	178.0
66	22	178.0
66	23	178.0
66	24	203.0
67	1	35.0
67	2	35.0
67	3	35.0
67	4	35.0
67	5	35.0
67	6	10.0
67	7	10.0
67	8	10.0
67	9	64.0
67	10	89.0
67	11	89.0
67	12	89.0
67	13	89.0
67	14	89.0
67	15	89.0
67	16	89.0
67	17	132.0
67	18	132.0
67	19	132.0
67	20	89.0
67	21	89.0
67	22	89.0
67	23	89.0
67	24	99.0
68	1	25.0
68	2	25.0
68	3	25.0
68	4	25.0
68	5	25.0
68	6	50.0
68	7	75.0
68	8	107.0
68	9	107.0
68	10	107.0
68	11	107.0
68	12	107.0
68	13	75.0
68	14	75.0
68	15	75.0
68	16	50.0
68	17	50.0
68	18	50.0
68	19	50.0
68	20	75.0
68	21	50.0
68	22	50.0
68	23	50.0
68	24	50.0
69	1	25.0
69	2	25.0
69	3	25.0
69	4	25.0
69	5	25.0
69	6	25.0
69	7	184.0
69	8	139.0
69	9	250.0
69	10	139.0
69	11	139.0
69	12	139.0
69	13	60.0
69	14	60.0
69	15	114.0
69	16	60.0
69	17	85.0
69	18	139.0
69	19	159.0
69	20	150.0
69	21	139.0
69	22	85.0
69	23	85.0
69	24	0.0
70	1	0.0
70	2	0.0
70	3	0.0
70	4	0.0
70	5	25.0
70	6	66.0
70	7	227.0
70	8	227.0
70	9	141.0
70	10	25.0
70	11	25.0
70	12	25.0
70	13	0.0
70	14	0.0
70	15	0.0
70	16	0.0
70	17	35.0
70	18	163.0
70	19	204.0
70	20	70.0
70	21	70.0
70	22	25.0
70	23	25.0
70	24	0.0
71	1	209.0
71	2	209.0
71	3	209.0
71	4	209.0
71	5	184.0
71	6	184.0
71	7	184.0
71	8	184.0
71	9	209.0
71	10	209.0
71	11	209.0
71	12	209.0
71	13	209.0
71	14	209.0
71	15	209.0
71	16	209.0
71	17	209.0
71	18	209.0
71	19	209.0
71	20	209.0
71	21	209.0
71	22	209.0
71	23	184.0
71	24	184.0
72	1	80.0
72	2	80.0
72	3	80.0
72	4	80.0
72	5	80.0
72	6	80.0
72	7	70.0
72	8	76.0
72	9	50.0
72	10	69.0
72	11	80.0
72	12	90.0
72	13	90.0
72	14	90.0
72	15	90.0
72	16	90.0
72	17	80.0
72	18	90.0
72	19	90.0
72	20	90.0
72	21	70.0
72	22	70.0
72	23	70.0
72	24	90.0
73	1	130.0
73	2	130.0
73	3	130.0
73	4	130.0
73	5	130.0
73	6	130.0
73	7	203.0
73	8	260.0
73	9	260.0
73	10	260.0
73	11	260.0
73	12	230.0
73	13	173.0
73	14	173.0
73	15	173.0
73	16	173.0
73	17	173.0
73	18	193.0
73	19	193.0
73	20	193.0
73	21	193.0
73	22	193.0
73	23	173.0
73	24	173.0
74	1	119.0
74	2	119.0
74	3	119.0
74	4	119.0
74	5	119.0
74	6	119.0
74	7	99.0
74	8	119.0
74	9	119.0
74	10	119.0
74	11	99.0
74	12	99.0
74	13	74.0
74	14	74.0
74	15	74.0
74	16	74.0
74	17	99.0
74	18	99.0
74	19	99.0
74	20	119.0
74	21	119.0
74	22	119.0
74	23	119.0
74	24	99.0
75	1	171.0
75	2	171.0
75	3	171.0
75	4	171.0
75	5	196.0
75	6	196.0
75	7	253.0
75	8	253.0
75	9	253.0
75	10	228.0
75	11	228.0
75	12	228.0
75	13	228.0
75	14	253.0
75	15	253.0
75	16	253.0
75	17	253.0
75	18	283.0
75	19	283.0
75	20	283.0
75	21	283.0
75	22	196.0
75	23	196.0
75	24	138.0
76	1	186.0
76	2	161.0
76	3	161.0
76	4	161.0
76	5	161.0
76	6	161.0
76	7	186.0
76	8	186.0
76	9	186.0
76	10	186.0
76	11	186.0
76	12	186.0
76	13	186.0
76	14	161.0
76	15	161.0
76	16	161.0
76	17	161.0
76	18	186.0
76	19	186.0
76	20	186.0
76	21	186.0
76	22	186.0
76	23	186.0
76	24	186.0
77	1	180.0
77	2	155.0
77	3	155.0
77	4	155.0
77	5	155.0
77	6	155.0
77	7	190.0
77	8	190.0
77	9	190.0
77	10	155.0
77	11	170.0
77	12	125.0
77	13	154.0
77	14	174.0
77	15	234.0
77	16	277.0
77	17	277.0
77	18	265.0
77	19	276.0
77	20	277.0
77	21	180.0
77	22	180.0
77	23	180.0
77	24	180.0
78	1	0.0
78	2	0.0
78	3	0.0
78	4	0.0
78	5	55.0
78	6	138.0
78	7	138.0
78	8	138.0
78	9	138.0
78	10	138.0
78	11	80.0
78	12	80.0
78	13	55.0
78	14	55.0
78	15	55.0
78	16	55.0
78	17	138.0
78	18	138.0
78	19	138.0
78	20	138.0
78	21	138.0
78	22	138.0
78	23	113.0
78	24	13.0
79	1	40.0
79	2	40.0
79	3	55.0
79	4	94.0
79	5	55.0
79	6	40.0
79	7	55.0
79	8	40.0
79	9	65.0
79	10	65.0
79	11	94.0
79	12	94.0
79	13	94.0
79	14	94.0
79	15	94.0
79	16	94.0
79	17	40.0
79	18	104.0
79	19	104.0
79	20	65.0
79	21	40.0
79	22	40.0
79	23	40.0
79	24	40.0
80	1	147.0
80	2	132.0
80	3	132.0
80	4	132.0
80	5	132.0
80	6	157.0
80	7	166.0
80	8	289.0
80	9	279.0
80	10	279.0
80	11	222.0
80	12	222.0
80	13	168.0
80	14	77.0
80	15	77.0
80	16	77.0
80	17	156.0
80	18	191.0
80	19	236.0
80	20	236.0
80	21	236.0
80	22	226.0
80	23	157.0
80	24	112.0
81	1	192.0
81	2	156.0
81	3	156.0
81	4	156.0
81	5	156.0
81	6	167.0
81	7	167.0
81	8	192.0
81	9	192.0
81	10	192.0
81	11	192.0
81	12	222.0
81	13	222.0
81	14	222.0
81	15	222.0
81	16	276.0
81	17	276.0
81	18	276.0
81	19	276.0
81	20	276.0
81	21	276.0
81	22	251.0
81	23	221.0
81	24	221.0
82	1	45.0
82	2	45.0
82	3	45.0
82	4	35.0
82	5	45.0
82	6	99.0
82	7	142.0
82	8	109.0
82	9	89.0
82	10	35.0
82	11	35.0
82	12	10.0
82	13	10.0
82	14	10.0
82	15	0.0
82	16	35.0
82	17	35.0
82	18	35.0
82	19	35.0
82	20	35.0
82	21	35.0
82	22	35.0
82	23	35.0
82	24	10.0
83	1	0.0
83	2	0.0
83	3	0.0
83	4	0.0
83	5	25.0
83	6	70.0
83	7	158.0
83	8	158.0
83	9	25.0
83	10	25.0
83	11	25.0
83	12	25.0
83	13	0.0
83	14	0.0
83	15	0.0
83	16	0.0
83	17	70.0
83	18	128.0
83	19	157.0
83	20	25.0
83	21	25.0
83	22	25.0
83	23	25.0
83	24	0.0
84	1	68.0
84	2	43.0
84	3	43.0
84	4	43.0
84	5	43.0
84	6	68.0
84	7	96.0
84	8	96.0
84	9	96.0
84	10	96.0
84	11	96.0
84	12	96.0
84	13	96.0
84	14	96.0
84	15	43.0
84	16	43.0
84	17	43.0
84	18	43.0
84	19	96.0
84	20	96.0
84	21	96.0
84	22	96.0
84	23	96.0
84	24	68.0
85	1	0.0
85	2	0.0
85	3	0.0
85	4	0.0
85	5	0.0
85	6	0.0
85	7	0.0
85	8	0.0
85	9	0.0
85	10	0.0
85	11	0.0
85	12	0.0
85	13	0.0
85	14	0.0
85	15	0.0
85	16	0.0
85	17	0.0
85	18	25.0
85	19	182.0
85	20	103.0
85	21	103.0
85	22	103.0
85	23	78.0
85	24	0.0
86	1	186.0
86	2	154.0
86	3	154.0
86	4	154.0
86	5	154.0
86	6	184.0
86	7	272.0
86	8	272.0
86	9	272.0
86	10	272.0
86	11	272.0
86	12	272.0
86	13	186.0
86	14	161.0
86	15	67.0
86	16	67.0
86	17	43.0
86	18	172.0
86	19	259.0
86	20	272.0
86	21	272.0
86	22	272.0
86	23	272.0
86	24	186.0
87	1	187.0
87	2	187.0
87	3	187.0
87	4	187.0
87	5	187.0
87	6	187.0
87	7	247.0
87	8	301.0
87	9	301.0
87	10	301.0
87	11	301.0
87	12	187.0
87	13	162.0
87	14	162.0
87	15	162.0
87	16	162.0
87	17	98.0
87	18	187.0
87	19	263.0
87	20	241.0
87	21	187.0
87	22	301.0
87	23	247.0
87	24	187.0
88	1	76.0
88	2	51.0
88	3	51.0
88	4	51.0
88	5	51.0
88	6	51.0
88	7	51.0
88	8	244.0
88	9	244.0
88	10	244.0
88	11	244.0
88	12	244.0
88	13	244.0
88	14	244.0
88	15	244.0
88	16	244.0
88	17	244.0
88	18	244.0
88	19	244.0
88	20	244.0
88	21	244.0
88	22	219.0
88	23	162.0
88	24	162.0
89	1	60.0
89	2	60.0
89	3	60.0
89	4	60.0
89	5	60.0
89	6	60.0
89	7	65.0
89	8	95.0
89	9	85.0
89	10	85.0
89	11	15.0
89	12	65.0
89	13	65.0
89	14	65.0
89	15	75.0
89	16	75.0
89	17	75.0
89	18	25.0
89	19	85.0
89	20	85.0
89	21	65.0
89	22	60.0
89	23	60.0
89	24	60.0
90	1	88.0
90	2	88.0
90	3	135.0
90	4	88.0
90	5	85.0
90	6	181.0
90	7	181.0
90	8	170.0
90	9	112.0
90	10	112.0
90	11	25.0
90	12	112.0
90	13	112.0
90	14	25.0
90	15	49.0
90	16	239.0
90	17	95.0
90	18	49.0
90	19	25.0
90	20	25.0
90	21	25.0
90	22	112.0
90	23	181.0
90	24	163.0
91	1	125.0
91	2	135.0
91	3	135.0
91	4	135.0
91	5	135.0
91	6	135.0
91	7	127.0
91	8	127.0
91	9	127.0
91	10	127.0
91	11	125.0
91	12	125.0
91	13	125.0
91	14	125.0
91	15	25.0
91	16	0.0
91	17	25.0
91	18	0.0
91	19	25.0
91	20	127.0
91	21	127.0
91	22	127.0
91	23	127.0
91	24	127.0
92	1	105.0
92	2	105.0
92	3	115.0
92	4	115.0
92	5	115.0
92	6	115.0
92	7	115.0
92	8	200.0
92	9	204.0
92	10	200.0
92	11	150.0
92	12	105.0
92	13	105.0
92	14	105.0
92	15	105.0
92	16	90.0
92	17	105.0
92	18	147.0
92	19	147.0
92	20	147.0
92	21	147.0
92	22	105.0
92	23	105.0
92	24	105.0
93	1	90.0
93	2	90.0
93	3	90.0
93	4	92.0
93	5	92.0
93	6	117.0
93	7	117.0
93	8	238.0
93	9	238.0
93	10	238.0
93	11	238.0
93	12	213.0
93	13	213.0
93	14	213.0
93	15	213.0
93	16	238.0
93	17	238.0
93	18	238.0
93	19	238.0
93	20	238.0
93	21	238.0
93	22	238.0
93	23	238.0
93	24	238.0
94	1	50.0
94	2	50.0
94	3	50.0
94	4	50.0
94	5	50.0
94	6	50.0
94	7	65.0
94	8	85.0
94	9	105.0
94	10	105.0
94	11	96.0
94	12	85.0
94	13	65.0
94	14	65.0
94	15	65.0
94	16	65.0
94	17	65.0
94	18	75.0
94	19	75.0
94	20	75.0
94	21	65.0
94	22	65.0
94	23	55.0
94	24	55.0
95	1	94.0
95	2	94.0
95	3	94.0
95	4	94.0
95	5	94.0
95	6	94.0
95	7	99.0
95	8	109.0
95	9	99.0
95	10	99.0
95	11	89.0
95	12	89.0
95	13	89.0
95	14	89.0
95	15	89.0
95	16	89.0
95	17	99.0
95	18	109.0
95	19	109.0
95	20	109.0
95	21	99.0
95	22	94.0
95	23	94.0
95	24	94.0
96	1	35.0
96	2	35.0
96	3	35.0
96	4	35.0
96	5	35.0
96	6	35.0
96	7	35.0
96	8	65.0
96	9	65.0
96	10	40.0
96	11	40.0
96	12	40.0
96	13	40.0
96	14	65.0
96	15	65.0
96	16	108.0
96	17	108.0
96	18	108.0
96	19	108.0
96	20	108.0
96	21	108.0
96	22	108.0
96	23	65.0
96	24	35.0
97	1	163.0
97	2	163.0
97	3	163.0
97	4	163.0
97	5	163.0
97	6	163.0
97	7	163.0
97	8	302.0
97	9	302.0
97	10	302.0
97	11	302.0
97	12	188.0
97	13	163.0
97	14	138.0
97	15	138.0
97	16	138.0
97	17	252.0
97	18	302.0
97	19	302.0
97	20	302.0
97	21	223.0
97	22	163.0
97	23	163.0
97	24	163.0
98	1	0.0
98	2	0.0
98	3	0.0
98	4	0.0
98	5	60.0
98	6	131.0
98	7	190.0
98	8	190.0
98	9	190.0
98	10	165.0
98	11	120.0
98	12	120.0
98	13	155.0
98	14	180.0
98	15	180.0
98	16	180.0
98	17	180.0
98	18	180.0
98	19	149.0
98	20	149.0
98	21	149.0
98	22	35.0
98	23	149.0
98	24	167.0
99	1	90.0
99	2	84.0
99	3	90.0
99	4	90.0
99	5	90.0
99	6	90.0
99	7	90.0
99	8	90.0
99	9	90.0
99	10	90.0
99	11	90.0
99	12	90.0
99	13	90.0
99	14	80.0
99	15	80.0
99	16	80.0
99	17	30.0
99	18	30.0
99	19	20.0
99	20	20.0
99	21	20.0
99	22	0.0
99	23	0.0
99	24	0.0
100	1	0.0
100	2	0.0
100	3	0.0
100	4	0.0
100	5	0.0
100	6	0.0
100	7	20.0
100	8	20.0
100	9	48.0
100	10	0.0
100	11	0.0
100	12	0.0
100	13	0.0
100	14	0.0
100	15	0.0
100	16	0.0
100	17	0.0
100	18	0.0
100	19	74.0
100	20	74.0
100	21	99.0
100	22	119.0
100	23	99.0
100	24	74.0
101	1	60.0
101	2	60.0
101	3	60.0
101	4	60.0
101	5	50.0
101	6	50.0
101	7	65.0
101	8	105.0
101	9	105.0
101	10	75.0
101	11	65.0
101	12	65.0
101	13	60.0
101	14	71.0
101	15	60.0
101	16	60.0
101	17	65.0
101	18	105.0
101	19	115.0
101	20	115.0
101	21	85.0
101	22	60.0
101	23	60.0
101	24	60.0
102	1	163.0
102	2	163.0
102	3	163.0
102	4	163.0
102	5	159.0
102	6	163.0
102	7	163.0
102	8	163.0
102	9	163.0
102	10	163.0
102	11	163.0
102	12	163.0
102	13	163.0
102	14	138.0
102	15	138.0
102	16	138.0
102	17	138.0
102	18	163.0
102	19	163.0
102	20	163.0
102	21	163.0
102	22	163.0
102	23	163.0
102	24	163.0
103	1	115.0
103	2	115.0
103	3	115.0
103	4	115.0
103	5	115.0
103	6	115.0
103	7	115.0
103	8	304.0
103	9	304.0
103	10	304.0
103	11	304.0
103	12	110.0
103	13	85.0
103	14	70.0
103	15	69.0
103	16	77.0
103	17	127.0
103	18	130.0
103	19	304.0
103	20	304.0
103	21	304.0
103	22	296.0
103	23	300.0
103	24	95.0
104	1	201.0
104	2	176.0
104	3	176.0
104	4	176.0
104	5	176.0
104	6	201.0
104	7	256.0
104	8	256.0
104	9	256.0
104	10	226.0
104	11	226.0
104	12	226.0
104	13	201.0
104	14	176.0
104	15	176.0
104	16	176.0
104	17	201.0
104	18	226.0
104	19	226.0
104	20	256.0
104	21	256.0
104	22	256.0
104	23	256.0
104	24	201.0
105	1	35.0
105	2	35.0
105	3	35.0
105	4	35.0
105	5	35.0
105	6	10.0
105	7	10.0
105	8	10.0
105	9	64.0
105	10	89.0
105	11	89.0
105	12	89.0
105	13	89.0
105	14	89.0
105	15	89.0
105	16	89.0
105	17	132.0
105	18	132.0
105	19	132.0
105	20	89.0
105	21	89.0
105	22	89.0
105	23	89.0
105	24	99.0
106	1	0.0
106	2	0.0
106	3	0.0
106	4	0.0
106	5	189.0
106	6	326.0
106	7	326.0
106	8	326.0
106	9	326.0
106	10	272.0
106	11	214.0
106	12	189.0
106	13	189.0
106	14	189.0
106	15	189.0
106	16	189.0
106	17	301.0
106	18	326.0
106	19	326.0
106	20	326.0
106	21	326.0
106	22	268.0
106	23	243.0
106	24	55.0
107	1	55.0
107	2	55.0
107	3	55.0
107	4	55.0
107	5	55.0
107	6	55.0
107	7	60.0
107	8	70.0
107	9	70.0
107	10	70.0
107	11	60.0
107	12	60.0
107	13	60.0
107	14	60.0
107	15	60.0
107	16	60.0
107	17	60.0
107	18	70.0
107	19	70.0
107	20	70.0
107	21	60.0
107	22	60.0
107	23	55.0
107	24	55.0
108	1	0.0
108	2	0.0
108	3	0.0
108	4	0.0
108	5	55.0
108	6	138.0
108	7	138.0
108	8	138.0
108	9	138.0
108	10	138.0
108	11	80.0
108	12	80.0
108	13	55.0
108	14	55.0
108	15	55.0
108	16	55.0
108	17	138.0
108	18	138.0
108	19	138.0
108	20	138.0
108	21	138.0
108	22	138.0
108	23	113.0
108	24	13.0
109	1	110.0
109	2	120.0
109	3	120.0
109	4	120.0
109	5	120.0
109	6	120.0
109	7	110.0
109	8	80.0
109	9	110.0
109	10	120.0
109	11	120.0
109	12	120.0
109	13	120.0
109	14	120.0
109	15	120.0
109	16	120.0
109	17	120.0
109	18	140.0
109	19	130.0
109	20	130.0
109	21	110.0
109	22	80.0
109	23	80.0
109	24	80.0
110	1	64.0
110	2	64.0
110	3	64.0
110	4	64.0
110	5	104.0
110	6	205.0
110	7	230.0
110	8	230.0
110	9	230.0
110	10	230.0
110	11	230.0
110	12	176.0
110	13	176.0
110	14	176.0
110	15	176.0
110	16	176.0
110	17	176.0
110	18	176.0
110	19	176.0
110	20	176.0
110	21	151.0
110	22	151.0
110	23	151.0
110	24	165.0
111	1	90.0
111	2	84.0
111	3	90.0
111	4	90.0
111	5	90.0
111	6	90.0
111	7	90.0
111	8	90.0
111	9	90.0
111	10	90.0
111	11	90.0
111	12	90.0
111	13	90.0
111	14	80.0
111	15	80.0
111	16	80.0
111	17	30.0
111	18	30.0
111	19	20.0
111	20	20.0
111	21	20.0
111	22	0.0
111	23	0.0
111	24	0.0
112	1	89.0
112	2	89.0
112	3	89.0
112	4	64.0
112	5	64.0
112	6	242.0
112	7	311.0
112	8	336.0
112	9	336.0
112	10	336.0
112	11	336.0
112	12	336.0
112	13	336.0
112	14	336.0
112	15	336.0
112	16	336.0
112	17	336.0
112	18	336.0
112	19	336.0
112	20	336.0
112	21	336.0
112	22	268.0
112	23	262.0
112	24	35.0
