Node	Time	ActivationDownPrice
3	1	19.0
3	2	18.5
3	3	10.0
3	4	5.5
3	5	8.5
3	6	13.0
3	7	40.0
3	8	30.0
3	9	30.0
3	10	17.0
3	11	11.0
3	12	0.0
3	13	-2.0
3	14	-1.34
3	15	0.0
3	16	10.0
3	17	23.0
3	18	37.5
3	19	40.0
3	20	61.21
3	21	58.82
3	22	57.53
3	23	41.14
3	24	34.93
4	1	46.0
4	2	46.0
4	3	46.0
4	4	36.0
4	5	36.0
4	6	58.08
4	7	63.08
4	8	63.99
4	9	63.5
4	10	61.27
4	11	50.0
4	12	40.08
4	13	40.08
4	14	46.38
4	15	47.31
4	16	40.0
4	17	49.38
4	18	60.04
4	19	54.5
4	20	62.2
4	21	62.08
4	22	62.09
4	23	61.19
4	24	60.24
5	1	10.0
5	2	10.0
5	3	11.0
5	4	11.0
5	5	10.0
5	6	10.0
5	7	23.01
5	8	23.6
5	9	23.73
5	10	23.81
5	11	18.76
5	12	19.0
5	13	16.0
5	14	16.0
5	15	19.0
5	16	23.25
5	17	23.06
5	18	23.07
5	19	22.93
5	20	22.87
5	21	22.64
5	22	22.91
5	23	17.0
5	24	16.0
6	1	32.0
6	2	33.0
6	3	30.29
6	4	31.68
6	5	35.0
6	6	39.58
6	7	72.05
6	8	107.41
6	9	82.1
6	10	60.18
6	11	46.95
6	12	40.56
6	13	34.0
6	14	31.5
6	15	31.5
6	16	33.0
6	17	37.0
6	18	104.71
6	19	134.97
6	20	47.98
6	21	41.02
6	22	39.64
6	23	36.72
6	24	35.52
7	1	26.0
7	2	24.6
7	3	22.92
7	4	22.0
7	5	22.92
7	6	23.46
7	7	32.5
7	8	29.5
7	9	11.0
7	10	2.0
7	11	0.5
7	12	16.5
7	13	-4.0
7	14	-4.5
7	15	-3.0
7	16	5.0
7	17	10.0
7	18	14.0
7	19	30.0
7	20	32.0
7	21	32.0
7	22	40.0
7	23	31.0
7	24	31.0
8	1	32.99
8	2	30.03
8	3	28.73
8	4	30.0
8	5	32.68
8	6	36.49
8	7	22.0
8	8	22.0
8	9	28.39
8	10	38.06
8	11	34.5
8	12	34.5
8	13	37.2
8	14	36.87
8	15	36.46
8	16	37.27
8	17	38.36
8	18	38.16
8	19	38.03
8	20	18.0
8	21	18.0
8	22	33.5
8	23	33.5
8	24	31.0
9	1	0.0
9	2	-1.0
9	3	-6.0
9	4	-6.0
9	5	-7.0
9	6	-7.0
9	7	-7.0
9	8	-7.0
9	9	-5.0
9	10	1.56
9	11	0.77
9	12	-0.1
9	13	-6.0
9	14	-6.0
9	15	-5.0
9	16	-0.08
9	17	4.93
9	18	29.21
9	19	35.37
9	20	42.73
9	21	44.99
9	22	37.62
9	23	33.99
9	24	30.5
10	1	4.0
10	2	4.0
10	3	4.0
10	4	10.0
10	5	26.88
10	6	34.37
10	7	36.61
10	8	37.89
10	9	36.01
10	10	18.53
10	11	-4.021
10	12	-4.021
10	13	-4.021
10	14	-4.021
10	15	0.83
10	16	6.68
10	17	5.0
10	18	14.0
10	19	34.37
10	20	36.08
10	21	34.19
10	22	34.38
10	23	32.02
10	24	20.39
11	1	12.68
11	2	10.88
11	3	10.47
11	4	10.5
11	5	10.76
11	6	13.19
11	7	55.56
11	8	90.0
11	9	65.35
11	10	57.88
11	11	55.86
11	12	55.03
11	13	54.62
11	14	40.0
11	15	40.0
11	16	54.07
11	17	54.53
11	18	55.34
11	19	50.52
11	20	43.92
11	21	20.94
11	22	13.97
11	23	13.28
11	24	19.22
12	1	0.0
12	2	-1.0
12	3	-6.0
12	4	-6.0
12	5	-7.0
12	6	-7.0
12	7	-7.0
12	8	-7.0
12	9	-5.0
12	10	1.56
12	11	0.77
12	12	-0.1
12	13	-6.0
12	14	-6.0
12	15	-5.0
12	16	-0.08
12	17	4.93
12	18	29.21
12	19	35.37
12	20	42.73
12	21	44.99
12	22	37.62
12	23	33.99
12	24	30.5
13	1	1.0
13	2	-10.0
13	3	-10.0
13	4	-10.0
13	5	32.42
13	6	50.58
13	7	55.59
13	8	56.05
13	9	51.96
13	10	46.97
13	11	44.94
13	12	44.95
13	13	44.95
13	14	46.95
13	15	47.96
13	16	49.98
13	17	52.44
13	18	55.42
13	19	56.85
13	20	57.5
13	21	57.83
13	22	57.55
13	23	57.2
13	24	56.88
14	1	6.9
14	2	7.42
14	3	8.81
14	4	9.98
14	5	12.18
14	6	13.92
14	7	51.08
14	8	124.47
14	9	85.93
14	10	50.1
14	11	40.1
14	12	42.31
14	13	40.14
14	14	41.85
14	15	42.96
14	16	43.05
14	17	45.74
14	18	45.97
14	19	45.53
14	20	44.04
14	21	23.9
14	22	18.21
14	23	9.0
14	24	9.0
15	1	21.63
15	2	21.34
15	3	20.64
15	4	20.33
15	5	20.23
15	6	20.48
15	7	21.63
15	8	22.25
15	9	22.26
15	10	13.4
15	11	1.5
15	12	1.5
15	13	-2.0
15	14	-2.0
15	15	14.0
15	16	23.03
15	17	23.75
15	18	23.22
15	19	23.03
15	20	22.9
15	21	19.0
15	22	22.35
15	23	22.26
15	24	19.74
16	1	-4.0
16	2	-4.0
16	3	-4.0
16	4	-5.0
16	5	-5.0
16	6	-5.0
16	7	0.0
16	8	33.36
16	9	33.63
16	10	33.03
16	11	32.51
16	12	32.24
16	13	32.02
16	14	32.02
16	15	32.49
16	16	34.26
16	17	34.18
16	18	33.34
16	19	33.57
16	20	33.66
16	21	33.82
16	22	17.0
16	23	17.0
16	24	21.5
17	1	35.5
17	2	32.0
17	3	30.0
17	4	27.0
17	5	22.79
17	6	31.0
17	7	44.4
17	8	49.21
17	9	38.0
17	10	37.5
17	11	33.0
17	12	21.0
17	13	21.0
17	14	0.0
17	15	3.71
17	16	5.0
17	17	9.0
17	18	33.0
17	19	33.0
17	20	43.0
17	21	40.0
17	22	34.0
17	23	30.0
17	24	33.23
18	1	32.99
18	2	30.03
18	3	28.73
18	4	30.0
18	5	32.68
18	6	36.49
18	7	22.0
18	8	22.0
18	9	28.39
18	10	38.06
18	11	34.5
18	12	34.5
18	13	37.2
18	14	36.87
18	15	36.46
18	16	37.27
18	17	38.36
18	18	38.16
18	19	38.03
18	20	18.0
18	21	18.0
18	22	33.5
18	23	33.5
18	24	31.0
19	1	35.65
19	2	35.14
19	3	34.72
19	4	34.64
19	5	35.41
19	6	36.03
19	7	38.54
19	8	38.67
19	9	35.5
19	10	25.0
19	11	20.0
19	12	20.0
19	13	15.0
19	14	23.0
19	15	10.0
19	16	17.0
19	17	25.0
19	18	29.0
19	19	29.0
19	20	38.45
19	21	38.39
19	22	30.0
19	23	26.0
19	24	34.94
20	1	3.0
20	2	-0.263
20	3	5.49
20	4	17.9
20	5	36.22
20	6	49.0
20	7	53.29
20	8	47.0
20	9	37.5
20	10	37.5
20	11	33.51
20	12	35.0
20	13	35.0
20	14	43.21
20	15	44.5
20	16	43.265
20	17	48.0
20	18	48.5
20	19	48.265
20	20	49.605
20	21	51.89
20	22	49.5
20	23	52.35
20	24	47.5
21	1	34.29
21	2	34.13
21	3	33.41
21	4	33.06
21	5	34.09
21	6	35.04
21	7	58.66
21	8	40.0
21	9	40.0
21	10	43.0
21	11	45.0
21	12	50.55
21	13	35.7
21	14	31.0
21	15	31.0
21	16	31.0
21	17	31.5
21	18	31.5
21	19	31.5
21	20	31.5
21	21	60.71
21	22	18.0
21	23	7.0
21	24	7.0
22	1	5.0
22	2	1.0
22	3	1.0
22	4	2.92
22	5	5.72
22	6	20.84
22	7	29.96
22	8	31.47
22	9	24.55
22	10	4.38
22	11	0.44
22	12	0.44
22	13	-0.04
22	14	-0.05
22	15	9.42
22	16	26.98
22	17	29.49
22	18	33.63
22	19	33.0
22	20	33.0
22	21	33.0
22	22	29.0
22	23	29.0
22	24	30.5
23	1	45.0
23	2	49.96
23	3	40.5
23	4	39.0
23	5	40.0
23	6	43.0
23	7	46.04
23	8	43.0
23	9	40.5
23	10	39.0
23	11	35.0
23	12	29.0
23	13	21.5
23	14	21.0
23	15	29.76
23	16	39.8
23	17	48.37
23	18	50.6
23	19	48.83
23	20	40.5
23	21	41.5
23	22	20.11
23	23	0.0
23	24	0.0
24	1	35.17
24	2	35.0
24	3	34.82
24	4	34.79
24	5	31.5
24	6	31.5
24	7	37.16
24	8	37.95
24	9	37.91
24	10	36.21
24	11	35.58
24	12	35.33
24	13	34.59
24	14	33.92
24	15	32.59
24	16	33.44
24	17	35.15
24	18	35.09
24	19	35.82
24	20	37.54
24	21	36.98
24	22	37.76
24	23	36.18
24	24	36.12
25	1	31.67
25	2	25.64
25	3	17.45
25	4	9.77
25	5	9.95
25	6	26.47
25	7	30.0
25	8	30.33
25	9	23.95
25	10	3.58
25	11	0.0
25	12	-0.04
25	13	-5.18
25	14	-19.66
25	15	-18.6
25	16	-0.06
25	17	1.51
25	18	6.0
25	19	20.0
25	20	30.0
25	21	33.0
25	22	33.0
25	23	33.0
25	24	9.0
26	1	6.9
26	2	7.42
26	3	8.81
26	4	9.98
26	5	12.18
26	6	13.92
26	7	51.08
26	8	124.47
26	9	85.93
26	10	50.1
26	11	40.1
26	12	42.31
26	13	40.14
26	14	41.85
26	15	42.96
26	16	43.05
26	17	45.74
26	18	45.97
26	19	45.53
26	20	44.04
26	21	23.9
26	22	18.21
26	23	9.0
26	24	9.0
27	1	45.08
27	2	45.31
27	3	46.09
27	4	47.51
27	5	48.25
27	6	49.94
27	7	51.26
27	8	50.23
27	9	48.25
27	10	39.12
27	11	39.99
27	12	39.55
27	13	37.84
27	14	34.92
27	15	39.21
27	16	39.87
27	17	46.28
27	18	51.51
27	19	50.96
27	20	48.28
27	21	45.02
27	22	40.83
27	23	26.01
27	24	11.3
28	1	18.7
28	2	18.38
28	3	18.07
28	4	17.0
28	5	17.0
28	6	19.67
28	7	34.0
28	8	40.0
28	9	40.0
28	10	40.0
28	11	56.81
28	12	50.77
28	13	28.74
28	14	26.43
28	15	17.0
28	16	17.0
28	17	22.0
28	18	54.0
28	19	21.96
28	20	19.9
28	21	19.71
28	22	18.79
28	23	4.0
28	24	4.0
29	1	21.5
29	2	21.5
29	3	31.52
29	4	31.52
29	5	32.02
29	6	32.37
29	7	33.83
29	8	65.0
29	9	57.41
29	10	56.08
29	11	37.07
29	12	34.45
29	13	33.54
29	14	34.45
29	15	33.12
29	16	32.25
29	17	32.02
29	18	32.02
29	19	32.01
29	20	31.32
29	21	32.01
29	22	32.25
29	23	31.52
29	24	30.34
30	1	-2.5
30	2	-2.5
30	3	-2.5
30	4	-0.5
30	5	-0.5
30	6	-3.0
30	7	-5.0
30	8	-5.0
30	9	-3.0
30	10	0.0
30	11	-1.0
30	12	-3.0
30	13	-3.0
30	14	-2.0
30	15	-1.0
30	16	-0.5
30	17	5.61
30	18	5.9
30	19	5.13
30	20	-1.0
30	21	-3.0
30	22	3.85
30	23	-11.0
30	24	-15.0
31	1	31.67
31	2	25.64
31	3	17.45
31	4	9.77
31	5	9.95
31	6	26.47
31	7	30.0
31	8	30.33
31	9	23.95
31	10	3.58
31	11	0.0
31	12	-0.04
31	13	-5.18
31	14	-19.66
31	15	-18.6
31	16	-0.06
31	17	1.51
31	18	6.0
31	19	20.0
31	20	30.0
31	21	33.0
31	22	33.0
31	23	33.0
31	24	9.0
32	1	45.0
32	2	49.96
32	3	40.5
32	4	39.0
32	5	40.0
32	6	43.0
32	7	46.04
32	8	43.0
32	9	40.5
32	10	39.0
32	11	35.0
32	12	29.0
32	13	21.5
32	14	21.0
32	15	29.76
32	16	39.8
32	17	48.37
32	18	50.6
32	19	48.83
32	20	40.5
32	21	41.5
32	22	20.11
32	23	0.0
32	24	0.0
33	1	17.15
33	2	16.18
33	3	18.33
33	4	19.01
33	5	19.5
33	6	18.0
33	7	35.0
33	8	29.0
33	9	35.0
33	10	35.04
33	11	38.09
33	12	14.0
33	13	-1.5
33	14	-1.5
33	15	10.5
33	16	28.09
33	17	28.5
33	18	34.59
33	19	33.13
33	20	34.47
33	21	34.22
33	22	17.0
33	23	0.0
33	24	0.0
34	1	21.63
34	2	21.34
34	3	20.64
34	4	20.33
34	5	20.23
34	6	20.48
34	7	21.63
34	8	22.25
34	9	22.26
34	10	13.4
34	11	1.5
34	12	1.5
34	13	-2.0
34	14	-2.0
34	15	14.0
34	16	23.03
34	17	23.75
34	18	23.22
34	19	23.03
34	20	22.9
34	21	19.0
34	22	22.35
34	23	22.26
34	24	19.74
35	1	37.9
35	2	37.62
35	3	34.0
35	4	22.0
35	5	20.0
35	6	15.5
35	7	23.0
35	8	25.0
35	9	15.0
35	10	0.0
35	11	0.0
35	12	-2.5
35	13	-4.5
35	14	-5.0
35	15	-5.0
35	16	0.0
35	17	36.71
35	18	38.24
35	19	38.06
35	20	37.96
35	21	37.86
35	22	37.63
35	23	33.5
35	24	33.5
36	1	15.24
36	2	14.45
36	3	13.91
36	4	14.61
36	5	15.24
36	6	20.91
36	7	23.0
36	8	49.99
36	9	39.86
36	10	36.63
36	11	13.0
36	12	4.32
36	13	0.0
36	14	0.0
36	15	0.0
36	16	6.0
36	17	26.79
36	18	42.73
36	19	13.0
36	20	13.0
36	21	13.0
36	22	6.0
36	23	8.0
36	24	8.0
37	1	35.65
37	2	35.14
37	3	34.72
37	4	34.64
37	5	35.41
37	6	36.03
37	7	38.54
37	8	38.67
37	9	35.5
37	10	25.0
37	11	20.0
37	12	20.0
37	13	15.0
37	14	23.0
37	15	10.0
37	16	17.0
37	17	25.0
37	18	29.0
37	19	29.0
37	20	38.45
37	21	38.39
37	22	30.0
37	23	26.0
37	24	34.94
38	1	-2.0
38	2	-2.0
38	3	-5.0
38	4	-5.0
38	5	-10.0
38	6	-4.0
38	7	1.0
38	8	8.35
38	9	8.36
38	10	2.95
38	11	1.86
38	12	0.43
38	13	0.0
38	14	-0.07
38	15	-0.01
38	16	1.4
38	17	3.96
38	18	8.58
38	19	7.4
38	20	1.0
38	21	-3.0
38	22	-2.0
38	23	-2.0
38	24	-2.0
39	1	27.97
39	2	27.9
39	3	27.77
39	4	27.78
39	5	27.87
39	6	28.84
39	7	30.15
39	8	30.62
39	9	31.47
39	10	15.0
39	11	-6.0
39	12	-6.0
39	13	-6.0
39	14	0.0
39	15	5.0
39	16	21.5
39	17	33.73
39	18	36.26
39	19	36.65
39	20	36.83
39	21	36.5
39	22	36.0
39	23	9.0
39	24	0.0
40	1	27.97
40	2	27.9
40	3	27.77
40	4	27.78
40	5	27.87
40	6	28.84
40	7	30.15
40	8	30.62
40	9	31.47
40	10	15.0
40	11	-6.0
40	12	-6.0
40	13	-6.0
40	14	0.0
40	15	5.0
40	16	21.5
40	17	33.73
40	18	36.26
40	19	36.65
40	20	36.83
40	21	36.5
40	22	36.0
40	23	9.0
40	24	0.0
41	1	35.0
41	2	34.79
41	3	35.2
41	4	29.0
41	5	29.0
41	6	36.38
41	7	38.58
41	8	39.31
41	9	39.6
41	10	35.0
41	11	34.0
41	12	38.0
41	13	33.5
41	14	28.0
41	15	25.0
41	16	25.0
41	17	32.0
41	18	37.15
41	19	37.05
41	20	36.95
41	21	37.11
41	22	37.47
41	23	34.5
41	24	37.59
42	1	16.74
42	2	15.86
42	3	15.78
42	4	7.5
42	5	3.0
42	6	10.0
42	7	9.5
42	8	19.96
42	9	19.94
42	10	19.67
42	11	19.94
42	12	5.0
42	13	3.0
42	14	10.01
42	15	15.8
42	16	22.64
42	17	18.98
42	18	18.67
42	19	18.33
42	20	18.35
42	21	18.19
42	22	18.2
42	23	-0.57
42	24	-1.0
43	1	-2.0
43	2	-5.0
43	3	-3.0
43	4	-3.0
43	5	-4.5
43	6	-4.5
43	7	0.0
43	8	3.0
43	9	1.0
43	10	0.0
43	11	0.0
43	12	-1.0
43	13	-1.0
43	14	-1.0
43	15	-3.5
43	16	3.73
43	17	8.35
43	18	7.56
43	19	0.0
43	20	-0.16
43	21	0.0
43	22	-3.0
43	23	-6.01
43	24	-8.0
44	1	43.0
44	2	42.5
44	3	36.62
44	4	35.5
44	5	44.54
44	6	55.68
44	7	57.17
44	8	56.83
44	9	56.1
44	10	47.0
44	11	46.5
44	12	47.0
44	13	44.78
44	14	44.55
44	15	44.98
44	16	45.72
44	17	44.94
44	18	48.86
44	19	50.08
44	20	51.48
44	21	48.99
44	22	44.86
44	23	30.52
44	24	20.0
45	1	36.5
45	2	36.5
45	3	40.5
45	4	47.16
45	5	44.0
45	6	44.0
45	7	49.47
45	8	46.5
45	9	48.37
45	10	39.85
45	11	7.0
45	12	0.0
45	13	0.0
45	14	12.0
45	15	10.966
45	16	34.0
45	17	49.17
45	18	49.82
45	19	50.48
45	20	50.5
45	21	49.99
45	22	49.92
45	23	48.57
45	24	43.84
46	1	-0.04
46	2	-0.07
46	3	-0.07
46	4	-0.07
46	5	-0.06
46	6	0.66
46	7	2.91
46	8	3.55
46	9	3.85
46	10	3.59
46	11	2.99
46	12	2.94
46	13	2.91
46	14	2.63
46	15	2.35
46	16	3.24
46	17	4.14
46	18	4.94
46	19	5.9
46	20	1.0
46	21	1.0
46	22	2.96
46	23	-0.5
46	24	3.97
47	1	19.67
47	2	11.0
47	3	11.0
47	4	11.0
47	5	10.0
47	6	12.0
47	7	26.0
47	8	35.0
47	9	26.75
47	10	16.8
47	11	8.93
47	12	-1.0
47	13	-1.0
47	14	-1.0
47	15	-1.0
47	16	10.0
47	17	17.28
47	18	17.54
47	19	10.0
47	20	10.0
47	21	10.0
47	22	12.0
47	23	12.0
47	24	19.59
48	1	19.62
48	2	19.34
48	3	19.39
48	4	19.63
48	5	19.79
48	6	20.46
48	7	20.97
48	8	21.88
48	9	22.48
48	10	21.99
48	11	21.55
48	12	20.99
48	13	17.8
48	14	17.92
48	15	20.24
48	16	14.0
48	17	14.0
48	18	16.0
48	19	16.0
48	20	18.0
48	21	21.77
48	22	21.63
48	23	20.75
48	24	21.75
49	1	43.0
49	2	42.5
49	3	36.62
49	4	35.5
49	5	44.54
49	6	55.68
49	7	57.17
49	8	56.83
49	9	56.1
49	10	47.0
49	11	46.5
49	12	47.0
49	13	44.78
49	14	44.55
49	15	44.98
49	16	45.72
49	17	44.94
49	18	48.86
49	19	50.08
49	20	51.48
49	21	48.99
49	22	44.86
49	23	30.52
49	24	20.0
50	1	32.56
50	2	32.43
50	3	32.24
50	4	31.71
50	5	30.09
50	6	24.0
50	7	27.01
50	8	25.83
50	9	20.97
50	10	5.93
50	11	0.04
50	12	-0.01
50	13	-0.87
50	14	-0.81
50	15	-0.06
50	16	1.52
50	17	18.69
50	18	27.38
50	19	33.02
50	20	33.03
50	21	32.91
50	22	32.96
50	23	32.94
50	24	32.82
51	1	7.94
51	2	7.4
51	3	7.19
51	4	7.22
51	5	7.6
51	6	7.93
51	7	9.18
51	8	9.94
51	9	10.37
51	10	7.35
51	11	1.76
51	12	1.76
51	13	1.76
51	14	1.76
51	15	2.9
51	16	11.28
51	17	13.69
51	18	15.0
51	19	14.21
51	20	12.48
51	21	10.9
51	22	9.01
51	23	7.53
51	24	9.29
52	1	35.5
52	2	32.0
52	3	30.0
52	4	27.0
52	5	22.79
52	6	31.0
52	7	44.4
52	8	49.21
52	9	38.0
52	10	37.5
52	11	33.0
52	12	21.0
52	13	21.0
52	14	0.0
52	15	3.71
52	16	5.0
52	17	9.0
52	18	33.0
52	19	33.0
52	20	43.0
52	21	40.0
52	22	34.0
52	23	30.0
52	24	33.23
53	1	3.0
53	2	-0.263
53	3	5.49
53	4	17.9
53	5	36.22
53	6	49.0
53	7	53.29
53	8	47.0
53	9	37.5
53	10	37.5
53	11	33.51
53	12	35.0
53	13	35.0
53	14	43.21
53	15	44.5
53	16	43.265
53	17	48.0
53	18	48.5
53	19	48.265
53	20	49.605
53	21	51.89
53	22	49.5
53	23	52.35
53	24	47.5
54	1	29.21
54	2	-10.0
54	3	-30.0
54	4	-30.0
54	5	-20.0
54	6	-3.0
54	7	30.01
54	8	29.5
54	9	29.38
54	10	25.94
54	11	6.36
54	12	2.48
54	13	0.01
54	14	0.02
54	15	7.68
54	16	29.03
54	17	29.86
54	18	31.78
54	19	33.97
54	20	33.97
54	21	32.5
54	22	32.49
54	23	31.17
54	24	32.49
55	1	70.0
55	2	70.0
55	3	69.0
55	4	69.16
55	5	68.47
55	6	69.0
55	7	77.6
55	8	71.99
55	9	85.47
55	10	66.0
55	11	71.0
55	12	69.86
55	13	68.6
55	14	66.81
55	15	68.04
55	16	69.68
55	17	77.4
55	18	69.0
55	19	69.0
55	20	78.4
55	21	74.97
55	22	68.0
55	23	68.0
55	24	65.0
56	1	19.0
56	2	3.0
56	3	-1.0
56	4	-5.58
56	5	-5.57
56	6	-5.54
56	7	1.0
56	8	-4.0
56	9	-4.0
56	10	-1.0
56	11	1.6
56	12	-0.5
56	13	-0.5
56	14	-0.5
56	15	-0.5
56	16	0.0
56	17	9.0
56	18	23.0
56	19	28.0
56	20	25.5
56	21	39.19
56	22	21.0
56	23	16.0
56	24	0.5
57	1	4.0
57	2	4.0
57	3	4.0
57	4	10.0
57	5	26.88
57	6	34.37
57	7	36.61
57	8	37.89
57	9	36.01
57	10	18.53
57	11	-4.021
57	12	-4.021
57	13	-4.021
57	14	-4.021
57	15	0.83
57	16	6.68
57	17	5.0
57	18	14.0
57	19	34.37
57	20	36.08
57	21	34.19
57	22	34.38
57	23	32.02
57	24	20.39
58	1	56.09
58	2	55.26
58	3	55.45
58	4	53.86
58	5	46.0
58	6	44.0
58	7	48.0
58	8	58.91
58	9	59.72
58	10	59.48
58	11	59.38
58	12	57.13
58	13	56.53
58	14	55.5
58	15	54.0
58	16	54.0
58	17	56.0
58	18	56.0
58	19	56.0
58	20	56.0
58	21	60.06
58	22	59.87
58	23	59.53
58	24	59.11
59	1	72.0
59	2	72.0
59	3	69.0
59	4	69.0
59	5	71.0
59	6	74.0
59	7	72.0
59	8	107.84
59	9	76.0
59	10	76.0
59	11	110.9
59	12	107.95
59	13	93.55
59	14	73.0
59	15	73.0
59	16	75.0
59	17	99.52
59	18	104.68
59	19	103.26
59	20	94.53
59	21	86.97
59	22	80.54
59	23	77.43
59	24	61.0
60	1	33.0
60	2	34.5
60	3	1.52
60	4	0.5
60	5	0.5
60	6	-3.0
60	7	0.0
60	8	0.0
60	9	36.0
60	10	44.675
60	11	48.0
60	12	49.09
60	13	39.0
60	14	37.0
60	15	38.0
60	16	36.5
60	17	40.0
60	18	43.0
60	19	43.0
60	20	46.5
60	21	46.5
60	22	46.5
60	23	40.0
60	24	42.37
61	1	59.0
61	2	58.0
61	3	58.0
61	4	55.0
61	5	55.0
61	6	59.0
61	7	61.5
61	8	95.06
61	9	87.39
61	10	60.0
61	11	50.0
61	12	45.0
61	13	45.0
61	14	40.0
61	15	40.0
61	16	40.0
61	17	46.0
61	18	53.0
61	19	61.0
61	20	58.0
61	21	59.0
61	22	53.0
61	23	47.0
61	24	50.0
62	1	59.47
62	2	51.72
62	3	49.67
62	4	49.34
62	5	49.4
62	6	54.87
62	7	72.36
62	8	173.59
62	9	282.91
62	10	293.71
62	11	274.62
62	12	257.16
62	13	251.86
62	14	239.75
62	15	292.25
62	16	299.02
62	17	343.77
62	18	349.4
62	19	229.71
62	20	205.93
62	21	134.64
62	22	113.27
62	23	103.32
62	24	94.51
63	1	33.0
63	2	33.0
63	3	33.0
63	4	38.53
63	5	38.84
63	6	38.83
63	7	39.18
63	8	39.92
63	9	40.43
63	10	40.93
63	11	40.86
63	12	33.0
63	13	33.0
63	14	33.0
63	15	33.0
63	16	41.4
63	17	43.24
63	18	43.81
63	19	35.0
63	20	35.0
63	21	33.0
63	22	33.0
63	23	33.0
63	24	35.14
64	1	32.0
64	2	30.0
64	3	29.73
64	4	27.5
64	5	27.5
64	6	36.0
64	7	81.12
64	8	55.0
64	9	55.0
64	10	47.5
64	11	35.0
64	12	30.0
64	13	28.0
64	14	34.5
64	15	37.0
64	16	45.0
64	17	45.0
64	18	53.68
64	19	53.32
64	20	51.11
64	21	46.99
64	22	43.09
64	23	40.0
64	24	37.5
65	1	-1.98
65	2	-1.98
65	3	-1.0
65	4	-1.0
65	5	-1.0
65	6	0.0
65	7	2.0
65	8	28.59
65	9	30.47
65	10	30.49
65	11	23.5
65	12	23.5
65	13	23.5
65	14	23.5
65	15	23.0
65	16	31.45
65	17	32.19
65	18	31.12
65	19	30.63
65	20	28.81
65	21	28.04
65	22	25.66
65	23	25.66
65	24	16.71
66	1	46.93
66	2	45.61
66	3	43.57
66	4	37.0
66	5	37.0
66	6	39.41
66	7	40.24
66	8	42.4
66	9	45.18
66	10	37.5
66	11	37.5
66	12	38.5
66	13	45.94
66	14	46.21
66	15	47.94
66	16	49.27
66	17	50.81
66	18	52.42
66	19	51.74
66	20	51.28
66	21	48.54
66	22	48.09
66	23	48.46
66	24	43.71
67	1	67.27
67	2	65.65
67	3	55.0
67	4	50.0
67	5	50.0
67	6	43.0
67	7	46.25
67	8	69.6
67	9	75.48
67	10	73.68
67	11	71.46
67	12	70.75
67	13	69.52
67	14	69.6
67	15	70.09
67	16	70.12
67	17	70.8
67	18	76.44
67	19	75.94
67	20	70.94
67	21	67.25
67	22	66.15
67	23	64.96
67	24	63.28
68	1	17.67
68	2	14.78
68	3	14.49
68	4	14.77
68	5	15.06
68	6	14.0
68	7	29.25
68	8	152.84
68	9	140.07
68	10	68.5
68	11	75.0
68	12	105.2
68	13	69.5
68	14	50.13
68	15	30.06
68	16	23.27
68	17	22.8
68	18	23.27
68	19	22.4
68	20	14.0
68	21	14.0
68	22	21.06
68	23	5.0
68	24	5.0
69	1	37.0
69	2	37.0
69	3	39.0
69	4	29.5
69	5	29.5
69	6	36.0
69	7	42.5
69	8	74.0
69	9	55.0
69	10	50.06
69	11	40.0
69	12	40.0
69	13	35.0
69	14	37.0
69	15	40.0
69	16	40.0
69	17	42.5
69	18	58.83
69	19	60.0
69	20	65.55
69	21	53.0
69	22	49.88
69	23	46.11
69	24	44.96
70	1	39.55
70	2	37.75
70	3	32.0
70	4	30.2
70	5	38.95
70	6	42.21
70	7	43.53
70	8	44.44
70	9	43.79
70	10	42.09
70	11	38.0
70	12	31.58
70	13	19.9
70	14	28.75
70	15	37.18
70	16	37.18
70	17	38.23
70	18	39.48
70	19	38.64
70	20	37.92
70	21	36.44
70	22	32.99
70	23	32.63
70	24	34.71
71	1	37.74
71	2	36.83
71	3	36.39
71	4	36.15
71	5	35.9
71	6	30.35
71	7	31.16
71	8	36.71
71	9	38.22
71	10	38.92
71	11	38.95
71	12	37.74
71	13	36.98
71	14	36.08
71	15	35.15
71	16	34.44
71	17	35.9
71	18	36.57
71	19	35.08
71	20	33.91
71	21	31.57
71	22	30.02
71	23	29.88
71	24	29.61
72	1	58.94
72	2	57.98
72	3	48.0
72	4	48.0
72	5	55.74
72	6	56.46
72	7	57.66
72	8	59.0
72	9	50.0
72	10	50.0
72	11	45.0
72	12	46.0
72	13	45.99
72	14	44.61
72	15	40.96
72	16	42.47
72	17	46.46
72	18	52.46
72	19	55.13
72	20	50.0
72	21	44.0
72	22	40.22
72	23	42.0
72	24	45.0
73	1	95.73
73	2	68.0
73	3	59.01
73	4	59.02
73	5	60.61
73	6	68.0
73	7	70.0
73	8	133.66
73	9	145.69
73	10	145.98
73	11	144.3
73	12	141.13
73	13	135.78
73	14	132.17
73	15	128.21
73	16	117.96
73	17	121.92
73	18	131.42
73	19	80.5
73	20	68.38
73	21	110.67
73	22	98.88
73	23	94.62
73	24	66.52
74	1	29.16
74	2	28.64
74	3	29.0
74	4	29.09
74	5	28.53
74	6	28.44
74	7	39.37
74	8	40.5
74	9	41.66
74	10	41.5
74	11	41.1
74	12	40.92
74	13	40.72
74	14	40.63
74	15	40.49
74	16	40.94
74	17	41.9
74	18	41.76
74	19	41.94
74	20	41.27
74	21	40.63
74	22	40.26
74	23	39.88
74	24	39.7
75	1	86.15
75	2	82.46
75	3	79.22
75	4	77.53
75	5	76.89
75	6	77.42
75	7	78.45
75	8	80.37
75	9	84.21
75	10	87.57
75	11	89.75
75	12	91.99
75	13	91.5
75	14	87.52
75	15	87.23
75	16	90.64
75	17	96.21
75	18	104.27
75	19	106.09
75	20	103.55
75	21	100.5
75	22	93.31
75	23	91.17
75	24	83.86
76	1	25.0
76	2	36.49
76	3	27.5
76	4	27.5
76	5	27.5
76	6	27.5
76	7	41.01
76	8	32.0
76	9	32.0
76	10	30.0
76	11	28.5
76	12	28.5
76	13	28.0
76	14	25.0
76	15	28.0
76	16	42.0
76	17	45.65
76	18	46.09
76	19	41.0
76	20	41.0
76	21	36.0
76	22	36.5
76	23	44.89
76	24	44.79
77	1	25.74
77	2	25.3
77	3	25.31
77	4	22.3
77	5	19.36
77	6	29.35
77	7	31.52
77	8	34.07
77	9	36.63
77	10	36.67
77	11	36.99
77	12	37.05
77	13	37.08
77	14	37.22
77	15	37.44
77	16	37.67
77	17	37.83
77	18	37.95
77	19	36.13
77	20	34.4
77	21	33.39
77	22	31.59
77	23	31.06
77	24	29.07
78	1	21.5
78	2	30.9
78	3	30.89
78	4	30.78
78	5	31.23
78	6	32.86
78	7	34.86
78	8	35.5
78	9	35.51
78	10	35.53
78	11	35.2
78	12	33.08
78	13	2.33
78	14	0.08
78	15	0.67
78	16	27.0
78	17	35.49
78	18	35.5
78	19	19.0
78	20	19.0
78	21	20.0
78	22	34.29
78	23	23.5
78	24	1.0
79	1	44.5
79	2	44.5
79	3	44.5
79	4	44.5
79	5	44.5
79	6	44.5
79	7	46.0
79	8	46.0
79	9	50.5
79	10	52.66
79	11	49.99
79	12	47.61
79	13	45.2
79	14	43.38
79	15	46.28
79	16	49.14
79	17	51.7
79	18	56.58
79	19	72.83
79	20	50.0
79	21	50.0
79	22	50.0
79	23	50.0
79	24	45.0
80	1	37.91
80	2	29.27
80	3	18.61
80	4	13.45
80	5	24.4
80	6	35.6
80	7	42.54
80	8	58.39
80	9	93.56
80	10	84.12
80	11	80.59
80	12	51.0
80	13	54.0
80	14	78.67
80	15	82.97
80	16	70.52
80	17	94.06
80	18	101.08
80	19	75.0
80	20	70.0
80	21	47.5
80	22	45.0
80	23	45.0
80	24	48.63
81	1	22.0
81	2	20.5
81	3	15.2
81	4	16.66
81	5	17.82
81	6	16.73
81	7	19.72
81	8	24.0
81	9	21.42
81	10	24.0
81	11	23.5
81	12	23.5
81	13	22.0
81	14	24.0
81	15	24.0
81	16	27.44
81	17	23.0
81	18	22.0
81	19	22.0
81	20	22.0
81	21	-5.0
81	22	-5.0
81	23	-5.0
81	24	22.5
82	1	57.92
82	2	56.39
82	3	54.28
82	4	43.0
82	5	30.92
82	6	30.91
82	7	39.0
82	8	45.0
82	9	50.5
82	10	58.57
82	11	61.16
82	12	63.97
82	13	63.05
82	14	61.73
82	15	63.33
82	16	64.71
82	17	61.0
82	18	63.5
82	19	78.24
82	20	72.77
82	21	74.37
82	22	67.9
82	23	65.89
82	24	62.02
83	1	34.72
83	2	35.09
83	3	35.88
83	4	35.91
83	5	36.76
83	6	37.0
83	7	46.44
83	8	48.99
83	9	46.44
83	10	46.62
83	11	43.57
83	12	42.43
83	13	41.59
83	14	40.13
83	15	39.97
83	16	40.97
83	17	43.94
83	18	43.72
83	19	43.58
83	20	39.0
83	21	38.21
83	22	38.0
83	23	40.0
83	24	37.93
84	1	3.32
84	2	3.45
84	3	4.09
84	4	3.0
84	5	3.0
84	6	6.25
84	7	10.0
84	8	19.0
84	9	15.0
84	10	20.0
84	11	18.95
84	12	15.5
84	13	10.56
84	14	9.78
84	15	9.74
84	16	9.54
84	17	9.61
84	18	11.19
84	19	9.71
84	20	7.0
84	21	7.89
84	22	5.59
84	23	4.48
84	24	3.49
85	1	37.24
85	2	37.15
85	3	37.04
85	4	37.09
85	5	37.49
85	6	37.69
85	7	39.77
85	8	39.95
85	9	39.94
85	10	37.03
85	11	34.28
85	12	26.68
85	13	18.16
85	14	30.62
85	15	35.31
85	16	37.63
85	17	39.5
85	18	40.71
85	19	40.08
85	20	34.0
85	21	28.0
85	22	28.0
85	23	26.18
85	24	0.0
86	1	41.5
86	2	38.0
86	3	32.5
86	4	31.0
86	5	32.5
86	6	45.18
86	7	57.79
86	8	79.44
86	9	98.15
86	10	91.65
86	11	81.71
86	12	69.39
86	13	66.37
86	14	65.11
86	15	81.6
86	16	77.81
86	17	106.71
86	18	80.0
86	19	80.0
86	20	125.11
86	21	111.9
86	22	100.53
86	23	87.77
86	24	54.77
87	1	28.85
87	2	28.71
87	3	28.57
87	4	28.47
87	5	29.06
87	6	28.9
87	7	30.6
87	8	36.74
87	9	37.68
87	10	35.93
87	11	32.6
87	12	31.11
87	13	31.6
87	14	33.95
87	15	32.87
87	16	29.74
87	17	34.9
87	18	29.29
87	19	30.82
87	20	31.69
87	21	31.55
87	22	30.96
87	23	30.95
87	24	29.63
88	1	10.0
88	2	13.36
88	3	5.58
88	4	2.9
88	5	6.55
88	6	15.66
88	7	19.95
88	8	22.0
88	9	21.0
88	10	20.0
88	11	25.0
88	12	25.0
88	13	25.0
88	14	30.3
88	15	29.68
88	16	30.18
88	17	29.99
88	18	30.07
88	19	30.24
88	20	30.38
88	21	28.82
88	22	27.62
88	23	25.86
88	24	25.16
89	1	59.41
89	2	58.83
89	3	58.51
89	4	52.0
89	5	52.0
89	6	54.0
89	7	66.47
89	8	94.27
89	9	100.01
89	10	77.68
89	11	70.34
89	12	66.03
89	13	62.76
89	14	59.64
89	15	61.93
89	16	62.13
89	17	61.76
89	18	57.0
89	19	56.5
89	20	55.5
89	21	55.5
89	22	57.5
89	23	59.52
89	24	49.5
90	1	86.53
90	2	72.414
90	3	66.0
90	4	64.0
90	5	64.0
90	6	64.0
90	7	70.0
90	8	85.0
90	9	87.5
90	10	130.78
90	11	118.22
90	12	111.41
90	13	103.67
90	14	99.88
90	15	101.3
90	16	106.81
90	17	83.0
90	18	83.0
90	19	90.0
90	20	116.01
90	21	104.03
90	22	88.77
90	23	72.0
90	24	72.0
91	1	52.23
91	2	48.05
91	3	46.88
91	4	46.12
91	5	46.36
91	6	47.1
91	7	48.34
91	8	53.31
91	9	57.54
91	10	60.89
91	11	61.93
91	12	61.21
91	13	61.5
91	14	61.77
91	15	62.82
91	16	51.62
91	17	42.0
91	18	40.0
91	19	37.5
91	20	33.5
91	21	33.5
91	22	30.0
91	23	30.0
91	24	30.92
92	1	33.76
92	2	32.09
92	3	31.03
92	4	31.57
92	5	31.18
92	6	31.12
92	7	30.51
92	8	31.68
92	9	37.56
92	10	38.11
92	11	36.92
92	12	32.97
92	13	30.42
92	14	31.1
92	15	38.43
92	16	39.46
92	17	41.91
92	18	42.19
92	19	41.66
92	20	41.53
92	21	40.48
92	22	39.1
92	23	38.76
92	24	38.41
93	1	7.62
93	2	5.0
93	3	2.5
93	4	0.0
93	5	2.0
93	6	2.0
93	7	4.0
93	8	2.5
93	9	3.0
93	10	17.5
93	11	19.0
93	12	21.44
93	13	24.33
93	14	23.0
93	15	23.0
93	16	26.0
93	17	26.5
93	18	24.5
93	19	26.81
93	20	37.52
93	21	27.0
93	22	27.0
93	23	26.0
93	24	21.5
94	1	51.95
94	2	50.91
94	3	51.82
94	4	51.15
94	5	53.32
94	6	54.95
94	7	57.93
94	8	62.27
94	9	64.79
94	10	56.0
94	11	48.16
94	12	48.0
94	13	48.0
94	14	48.0
94	15	48.0
94	16	51.0
94	17	61.61
94	18	65.32
94	19	73.01
94	20	70.01
94	21	67.19
94	22	65.59
94	23	63.45
94	24	63.23
95	1	40.5
95	2	40.0
95	3	35.0
95	4	31.0
95	5	31.0
95	6	31.0
95	7	35.0
95	8	40.0
95	9	42.0
95	10	44.5
95	11	49.0
95	12	46.0
95	13	44.5
95	14	44.5
95	15	51.62
95	16	50.64
95	17	52.82
95	18	55.74
95	19	54.85
95	20	52.68
95	21	49.48
95	22	49.48
95	23	44.36
95	24	30.0
96	1	48.68
96	2	40.0
96	3	35.0
96	4	35.0
96	5	44.0
96	6	53.13
96	7	53.5
96	8	59.0
96	9	62.0
96	10	62.0
96	11	60.0
96	12	56.0
96	13	55.0
96	14	55.0
96	15	55.0
96	16	56.0
96	17	58.0
96	18	59.5
96	19	58.11
96	20	56.0
96	21	57.0
96	22	59.0
96	23	59.5
96	24	55.0
97	1	29.11
97	2	28.61
97	3	28.51
97	4	28.69
97	5	28.88
97	6	29.76
97	7	31.58
97	8	37.4
97	9	44.17
97	10	44.0
97	11	40.34
97	12	39.64
97	13	33.77
97	14	33.37
97	15	32.51
97	16	33.28
97	17	33.42
97	18	32.82
97	19	36.75
97	20	38.37
97	21	36.12
97	22	34.72
97	23	30.79
97	24	29.07
98	1	53.79
98	2	48.98
98	3	27.45
98	4	24.48
98	5	24.01
98	6	21.23
98	7	22.62
98	8	25.04
98	9	26.24
98	10	32.21
98	11	47.71
98	12	52.51
98	13	56.57
98	14	59.82
98	15	62.06
98	16	62.52
98	17	63.19
98	18	64.99
98	19	63.58
98	20	63.1
98	21	62.15
98	22	58.27
98	23	52.58
98	24	44.03
99	1	19.5
99	2	19.5
99	3	33.37
99	4	33.54
99	5	19.519
99	6	19.5
99	7	19.5
99	8	19.5
99	9	18.91
99	10	27.0
99	11	31.0
99	12	26.0
99	13	48.23
99	14	33.39
99	15	33.521
99	16	33.521
99	17	39.89
99	18	49.57
99	19	55.0
99	20	56.0
99	21	55.0
99	22	54.5
99	23	55.0
99	24	55.0
100	1	4.05
100	2	1.19
100	3	1.01
100	4	1.0
100	5	1.0
100	6	1.0
100	7	1.0
100	8	3.75
100	9	4.45
100	10	4.92
100	11	5.0
100	12	4.94
100	13	4.38
100	14	4.47
100	15	4.58
100	16	4.51
100	17	4.8
100	18	5.97
100	19	10.96
100	20	10.2
100	21	6.71
100	22	0.0
100	23	0.0
100	24	0.0
101	1	59.0
101	2	58.0
101	3	58.0
101	4	55.0
101	5	55.0
101	6	59.0
101	7	61.5
101	8	95.06
101	9	87.39
101	10	60.0
101	11	50.0
101	12	45.0
101	13	45.0
101	14	40.0
101	15	40.0
101	16	40.0
101	17	46.0
101	18	53.0
101	19	61.0
101	20	58.0
101	21	59.0
101	22	53.0
101	23	47.0
101	24	50.0
102	1	35.0
102	2	25.64
102	3	24.3
102	4	23.91
102	5	25.15
102	6	35.97
102	7	39.53
102	8	71.77
102	9	78.52
102	10	57.38
102	11	48.27
102	12	43.81
102	13	43.54
102	14	37.79
102	15	37.07
102	16	37.32
102	17	38.29
102	18	40.05
102	19	43.62
102	20	38.69
102	21	38.01
102	22	38.02
102	23	37.55
102	24	35.63
103	1	11.55
103	2	12.3
103	3	11.84
103	4	22.5
103	5	22.5
103	6	28.41
103	7	31.72
103	8	86.41
103	9	84.5
103	10	80.34
103	11	40.23
103	12	36.47
103	13	35.91
103	14	34.75
103	15	34.34
103	16	35.67
103	17	43.97
103	18	72.65
103	19	10.5
103	20	90.2
103	21	54.19
103	22	38.95
103	23	35.43
103	24	29.33
104	1	39.48
104	2	36.04
104	3	34.74
104	4	34.16
104	5	35.44
104	6	38.02
104	7	35.0
104	8	40.5
104	9	49.94
104	10	42.0
104	11	42.0
104	12	42.94
104	13	42.06
104	14	41.19
104	15	41.1
104	16	40.85
104	17	43.98
104	18	45.44
104	19	48.55
104	20	53.14
104	21	48.95
104	22	46.58
104	23	41.95
104	24	35.91
105	1	67.27
105	2	65.65
105	3	55.0
105	4	50.0
105	5	50.0
105	6	43.0
105	7	46.25
105	8	69.6
105	9	75.48
105	10	73.68
105	11	71.46
105	12	70.75
105	13	69.52
105	14	69.6
105	15	70.09
105	16	70.12
105	17	70.8
105	18	76.44
105	19	75.94
105	20	70.94
105	21	67.25
105	22	66.15
105	23	64.96
105	24	63.28
106	1	-2.0
106	2	-3.8
106	3	-6.0
106	4	-5.62
106	5	-7.91
106	6	-5.0
106	7	15.0
106	8	30.89
106	9	15.0
106	10	15.0
106	11	15.0
106	12	21.0
106	13	21.0
106	14	25.0
106	15	25.0
106	16	25.0
106	17	29.0
106	18	36.4
106	19	35.78
106	20	36.0
106	21	35.6
106	22	34.55
106	23	26.0
106	24	21.5
107	1	53.52
107	2	52.58
107	3	52.23
107	4	51.82
107	5	48.0
107	6	48.0
107	7	48.0
107	8	53.32
107	9	85.66
107	10	54.5
107	11	53.0
107	12	53.0
107	13	53.52
107	14	51.42
107	15	51.79
107	16	54.81
107	17	55.93
107	18	66.77
107	19	65.53
107	20	55.65
107	21	52.57
107	22	51.54
107	23	50.53
107	24	43.0
108	1	21.5
108	2	30.9
108	3	30.89
108	4	30.78
108	5	31.23
108	6	32.86
108	7	34.86
108	8	35.5
108	9	35.51
108	10	35.53
108	11	35.2
108	12	33.08
108	13	2.33
108	14	0.08
108	15	0.67
108	16	27.0
108	17	35.49
108	18	35.5
108	19	19.0
108	20	19.0
108	21	20.0
108	22	34.29
108	23	23.5
108	24	1.0
109	1	54.72
109	2	54.97
109	3	54.22
109	4	54.75
109	5	54.79
109	6	55.06
109	7	47.5
109	8	47.5
109	9	51.4
109	10	49.7
109	11	40.0
109	12	40.0
109	13	41.0
109	14	41.0
109	15	43.0
109	16	45.5
109	17	57.46
109	18	73.18
109	19	91.38
109	20	85.56
109	21	61.02
109	22	57.73
109	23	55.4
109	24	54.32
110	1	66.07
110	2	64.1
110	3	64.95
110	4	56.324
110	5	56.324
110	6	56.324
110	7	63.5
110	8	64.0
110	9	70.0
110	10	81.14
110	11	80.63
110	12	81.84
110	13	80.39
110	14	77.04
110	15	71.0
110	16	74.0
110	17	75.0
110	18	91.86
110	19	76.0
110	20	73.46
110	21	74.0
110	22	78.41
110	23	74.67
110	24	69.34
111	1	19.5
111	2	19.5
111	3	33.37
111	4	33.54
111	5	19.519
111	6	19.5
111	7	19.5
111	8	19.5
111	9	18.91
111	10	27.0
111	11	31.0
111	12	26.0
111	13	48.23
111	14	33.39
111	15	33.521
111	16	33.521
111	17	39.89
111	18	49.57
111	19	55.0
111	20	56.0
111	21	55.0
111	22	54.5
111	23	55.0
111	24	55.0
112	1	50.35
112	2	49.95
112	3	46.02
112	4	3.0
112	5	1.0
112	6	5.0
112	7	24.0
112	8	59.84
112	9	50.0
112	10	50.0
112	11	50.0
112	12	51.5
112	13	42.0
112	14	38.5
112	15	40.5
112	16	50.0
112	17	53.0
112	18	58.0
112	19	54.0
112	20	52.0
112	21	45.5
112	22	39.0
112	23	39.0
112	24	16.67
