Node	Time	ID_Capacity_Sell_Volume
1	1	5.3
1	2	6.9
1	3	5.4
1	4	11.2
1	5	7.9
1	6	2.0
1	7	5.1
1	8	10.8
1	9	3.9
1	10	5.6
1	11	1.4
1	12	5.9
1	13	3.0
1	14	135.6
1	15	24.3
1	16	22.7
1	17	68.1
1	18	36.8
1	19	97.5
1	20	8.5
1	21	0.3
1	22	2.1
1	23	8.7
1	24	45.2
2	1	3.0
2	2	25.1
2	3	39.3
2	4	21.7
2	5	39.2
2	6	48.6
2	7	33.1
2	8	6.5
2	9	0.3
2	10	0.1
2	11	26.5
2	12	68.9
2	13	22.5
2	14	0.0
2	15	11.1
2	16	3.6
2	17	127.4
2	18	55.5
2	19	1.1
2	20	0.0
2	21	0.0
2	22	0.0
2	23	19.0
2	24	12.5
3	1	5.3
3	2	6.9
3	3	5.4
3	4	11.2
3	5	7.9
3	6	2.0
3	7	5.1
3	8	10.8
3	9	3.9
3	10	5.6
3	11	1.4
3	12	5.9
3	13	3.0
3	14	135.6
3	15	24.3
3	16	22.7
3	17	68.1
3	18	36.8
3	19	97.5
3	20	8.5
3	21	0.3
3	22	2.1
3	23	8.7
3	24	45.2
4	1	13.4
4	2	0.0
4	3	2.0
4	4	3.1
4	5	1.0
4	6	49.2
4	7	1.6
4	8	12.7
4	9	16.6
4	10	45.1
4	11	8.2
4	12	1.9
4	13	117.0
4	14	25.0
4	15	76.8
4	16	57.7
4	17	39.9
4	18	74.4
4	19	21.6
4	20	10.9
4	21	18.7
4	22	71.4
4	23	61.5
4	24	85.4
5	1	3.0
5	2	25.1
5	3	39.3
5	4	21.7
5	5	39.2
5	6	48.6
5	7	33.1
5	8	6.5
5	9	0.3
5	10	0.1
5	11	26.5
5	12	68.9
5	13	22.5
5	14	0.0
5	15	11.1
5	16	3.6
5	17	127.4
5	18	55.5
5	19	1.1
5	20	0.0
5	21	0.0
5	22	0.0
5	23	19.0
5	24	12.5
6	1	3.0
6	2	25.1
6	3	39.3
6	4	21.7
6	5	39.2
6	6	48.6
6	7	33.1
6	8	6.5
6	9	0.3
6	10	0.1
6	11	26.5
6	12	68.9
6	13	22.5
6	14	0.0
6	15	11.1
6	16	3.6
6	17	127.4
6	18	55.5
6	19	1.1
6	20	0.0
6	21	0.0
6	22	0.0
6	23	19.0
6	24	12.5
7	1	5.3
7	2	6.9
7	3	5.4
7	4	11.2
7	5	7.9
7	6	2.0
7	7	5.1
7	8	10.8
7	9	3.9
7	10	5.6
7	11	1.4
7	12	5.9
7	13	3.0
7	14	135.6
7	15	24.3
7	16	22.7
7	17	68.1
7	18	36.8
7	19	97.5
7	20	8.5
7	21	0.3
7	22	2.1
7	23	8.7
7	24	45.2
8	1	6.0
8	2	2.2
8	3	0.0
8	4	0.0
8	5	0.0
8	6	0.0
8	7	3.9
8	8	32.2
8	9	40.3
8	10	42.3
8	11	258.6
8	12	38.0
8	13	47.5
8	14	17.2
8	15	36.9
8	16	310.8
8	17	48.3
8	18	28.8
8	19	19.5
8	20	82.2
8	21	56.5
8	22	57.0
8	23	21.9
8	24	66.9
9	1	10.0
9	2	19.0
9	3	2.1
9	4	0.1
9	5	5.7
9	6	18.9
9	7	43.2
9	8	69.3
9	9	70.1
9	10	77.0
9	11	20.5
9	12	37.3
9	13	7.6
9	14	19.1
9	15	137.4
9	16	42.0
9	17	12.8
9	18	20.5
9	19	32.8
9	20	19.9
9	21	13.4
9	22	62.7
9	23	74.6
9	24	73.8
10	1	10.0
10	2	19.0
10	3	2.1
10	4	0.1
10	5	5.7
10	6	18.9
10	7	43.2
10	8	69.3
10	9	70.1
10	10	77.0
10	11	20.5
10	12	37.3
10	13	7.6
10	14	19.1
10	15	137.4
10	16	42.0
10	17	12.8
10	18	20.5
10	19	32.8
10	20	19.9
10	21	13.4
10	22	62.7
10	23	74.6
10	24	73.8
11	1	6.0
11	2	2.2
11	3	0.0
11	4	0.0
11	5	0.0
11	6	0.0
11	7	3.9
11	8	32.2
11	9	40.3
11	10	42.3
11	11	258.6
11	12	38.0
11	13	47.5
11	14	17.2
11	15	36.9
11	16	310.8
11	17	48.3
11	18	28.8
11	19	19.5
11	20	82.2
11	21	56.5
11	22	57.0
11	23	21.9
11	24	66.9
12	1	10.0
12	2	19.0
12	3	2.1
12	4	0.1
12	5	5.7
12	6	18.9
12	7	43.2
12	8	69.3
12	9	70.1
12	10	77.0
12	11	20.5
12	12	37.3
12	13	7.6
12	14	19.1
12	15	137.4
12	16	42.0
12	17	12.8
12	18	20.5
12	19	32.8
12	20	19.9
12	21	13.4
12	22	62.7
12	23	74.6
12	24	73.8
13	1	6.0
13	2	2.2
13	3	0.0
13	4	0.0
13	5	0.0
13	6	0.0
13	7	3.9
13	8	32.2
13	9	40.3
13	10	42.3
13	11	258.6
13	12	38.0
13	13	47.5
13	14	17.2
13	15	36.9
13	16	310.8
13	17	48.3
13	18	28.8
13	19	19.5
13	20	82.2
13	21	56.5
13	22	57.0
13	23	21.9
13	24	66.9
14	1	0.0
14	2	0.0
14	3	0.0
14	4	0.0
14	5	0.0
14	6	0.0
14	7	0.0
14	8	0.0
14	9	0.0
14	10	0.1
14	11	16.9
14	12	20.6
14	13	1.7
14	14	5.0
14	15	2.1
14	16	10.6
14	17	55.2
14	18	20.8
14	19	30.8
14	20	26.0
14	21	21.0
14	22	38.3
14	23	122.9
14	24	110.5
15	1	8.8
15	2	10.9
15	3	24.1
15	4	33.0
15	5	11.6
15	6	22.3
15	7	6.6
15	8	0.0
15	9	32.3
15	10	114.6
15	11	34.8
15	12	28.9
15	13	0.5
15	14	15.8
15	15	3.2
15	16	34.0
15	17	78.7
15	18	5.2
15	19	5.8
15	20	7.0
15	21	5.4
15	22	9.2
15	23	11.4
15	24	22.6
16	1	8.8
16	2	10.9
16	3	24.1
16	4	33.0
16	5	11.6
16	6	22.3
16	7	6.6
16	8	0.0
16	9	32.3
16	10	114.6
16	11	34.8
16	12	28.9
16	13	0.5
16	14	15.8
16	15	3.2
16	16	34.0
16	17	78.7
16	18	5.2
16	19	5.8
16	20	7.0
16	21	5.4
16	22	9.2
16	23	11.4
16	24	22.6
17	1	3.0
17	2	25.1
17	3	39.3
17	4	21.7
17	5	39.2
17	6	48.6
17	7	33.1
17	8	6.5
17	9	0.3
17	10	0.1
17	11	26.5
17	12	68.9
17	13	22.5
17	14	0.0
17	15	11.1
17	16	3.6
17	17	127.4
17	18	55.5
17	19	1.1
17	20	0.0
17	21	0.0
17	22	0.0
17	23	19.0
17	24	12.5
18	1	6.0
18	2	2.2
18	3	0.0
18	4	0.0
18	5	0.0
18	6	0.0
18	7	3.9
18	8	32.2
18	9	40.3
18	10	42.3
18	11	258.6
18	12	38.0
18	13	47.5
18	14	17.2
18	15	36.9
18	16	310.8
18	17	48.3
18	18	28.8
18	19	19.5
18	20	82.2
18	21	56.5
18	22	57.0
18	23	21.9
18	24	66.9
19	1	13.4
19	2	0.0
19	3	2.0
19	4	3.1
19	5	1.0
19	6	49.2
19	7	1.6
19	8	12.7
19	9	16.6
19	10	45.1
19	11	8.2
19	12	1.9
19	13	117.0
19	14	25.0
19	15	76.8
19	16	57.7
19	17	39.9
19	18	74.4
19	19	21.6
19	20	10.9
19	21	18.7
19	22	71.4
19	23	61.5
19	24	85.4
20	1	0.0
20	2	0.0
20	3	0.0
20	4	0.0
20	5	0.0
20	6	0.0
20	7	0.0
20	8	0.0
20	9	0.0
20	10	0.1
20	11	16.9
20	12	20.6
20	13	1.7
20	14	5.0
20	15	2.1
20	16	10.6
20	17	55.2
20	18	20.8
20	19	30.8
20	20	26.0
20	21	21.0
20	22	38.3
20	23	122.9
20	24	110.5
21	1	3.0
21	2	25.1
21	3	39.3
21	4	21.7
21	5	39.2
21	6	48.6
21	7	33.1
21	8	6.5
21	9	0.3
21	10	0.1
21	11	26.5
21	12	68.9
21	13	22.5
21	14	0.0
21	15	11.1
21	16	3.6
21	17	127.4
21	18	55.5
21	19	1.1
21	20	0.0
21	21	0.0
21	22	0.0
21	23	19.0
21	24	12.5
22	1	3.0
22	2	25.1
22	3	39.3
22	4	21.7
22	5	39.2
22	6	48.6
22	7	33.1
22	8	6.5
22	9	0.3
22	10	0.1
22	11	26.5
22	12	68.9
22	13	22.5
22	14	0.0
22	15	11.1
22	16	3.6
22	17	127.4
22	18	55.5
22	19	1.1
22	20	0.0
22	21	0.0
22	22	0.0
22	23	19.0
22	24	12.5
23	1	10.0
23	2	19.0
23	3	2.1
23	4	0.1
23	5	5.7
23	6	18.9
23	7	43.2
23	8	69.3
23	9	70.1
23	10	77.0
23	11	20.5
23	12	37.3
23	13	7.6
23	14	19.1
23	15	137.4
23	16	42.0
23	17	12.8
23	18	20.5
23	19	32.8
23	20	19.9
23	21	13.4
23	22	62.7
23	23	74.6
23	24	73.8
24	1	5.3
24	2	6.9
24	3	5.4
24	4	11.2
24	5	7.9
24	6	2.0
24	7	5.1
24	8	10.8
24	9	3.9
24	10	5.6
24	11	1.4
24	12	5.9
24	13	3.0
24	14	135.6
24	15	24.3
24	16	22.7
24	17	68.1
24	18	36.8
24	19	97.5
24	20	8.5
24	21	0.3
24	22	2.1
24	23	8.7
24	24	45.2
25	1	5.3
25	2	6.9
25	3	5.4
25	4	11.2
25	5	7.9
25	6	2.0
25	7	5.1
25	8	10.8
25	9	3.9
25	10	5.6
25	11	1.4
25	12	5.9
25	13	3.0
25	14	135.6
25	15	24.3
25	16	22.7
25	17	68.1
25	18	36.8
25	19	97.5
25	20	8.5
25	21	0.3
25	22	2.1
25	23	8.7
25	24	45.2
26	1	0.0
26	2	0.0
26	3	0.0
26	4	0.0
26	5	0.0
26	6	0.0
26	7	0.0
26	8	0.0
26	9	0.0
26	10	0.1
26	11	16.9
26	12	20.6
26	13	1.7
26	14	5.0
26	15	2.1
26	16	10.6
26	17	55.2
26	18	20.8
26	19	30.8
26	20	26.0
26	21	21.0
26	22	38.3
26	23	122.9
26	24	110.5
27	1	3.0
27	2	25.1
27	3	39.3
27	4	21.7
27	5	39.2
27	6	48.6
27	7	33.1
27	8	6.5
27	9	0.3
27	10	0.1
27	11	26.5
27	12	68.9
27	13	22.5
27	14	0.0
27	15	11.1
27	16	3.6
27	17	127.4
27	18	55.5
27	19	1.1
27	20	0.0
27	21	0.0
27	22	0.0
27	23	19.0
27	24	12.5
28	1	5.3
28	2	6.9
28	3	5.4
28	4	11.2
28	5	7.9
28	6	2.0
28	7	5.1
28	8	10.8
28	9	3.9
28	10	5.6
28	11	1.4
28	12	5.9
28	13	3.0
28	14	135.6
28	15	24.3
28	16	22.7
28	17	68.1
28	18	36.8
28	19	97.5
28	20	8.5
28	21	0.3
28	22	2.1
28	23	8.7
28	24	45.2
29	1	10.0
29	2	19.0
29	3	2.1
29	4	0.1
29	5	5.7
29	6	18.9
29	7	43.2
29	8	69.3
29	9	70.1
29	10	77.0
29	11	20.5
29	12	37.3
29	13	7.6
29	14	19.1
29	15	137.4
29	16	42.0
29	17	12.8
29	18	20.5
29	19	32.8
29	20	19.9
29	21	13.4
29	22	62.7
29	23	74.6
29	24	73.8
30	1	8.8
30	2	10.9
30	3	24.1
30	4	33.0
30	5	11.6
30	6	22.3
30	7	6.6
30	8	0.0
30	9	32.3
30	10	114.6
30	11	34.8
30	12	28.9
30	13	0.5
30	14	15.8
30	15	3.2
30	16	34.0
30	17	78.7
30	18	5.2
30	19	5.8
30	20	7.0
30	21	5.4
30	22	9.2
30	23	11.4
30	24	22.6
31	1	5.3
31	2	6.9
31	3	5.4
31	4	11.2
31	5	7.9
31	6	2.0
31	7	5.1
31	8	10.8
31	9	3.9
31	10	5.6
31	11	1.4
31	12	5.9
31	13	3.0
31	14	135.6
31	15	24.3
31	16	22.7
31	17	68.1
31	18	36.8
31	19	97.5
31	20	8.5
31	21	0.3
31	22	2.1
31	23	8.7
31	24	45.2
32	1	10.0
32	2	19.0
32	3	2.1
32	4	0.1
32	5	5.7
32	6	18.9
32	7	43.2
32	8	69.3
32	9	70.1
32	10	77.0
32	11	20.5
32	12	37.3
32	13	7.6
32	14	19.1
32	15	137.4
32	16	42.0
32	17	12.8
32	18	20.5
32	19	32.8
32	20	19.9
32	21	13.4
32	22	62.7
32	23	74.6
32	24	73.8
33	1	0.0
33	2	0.0
33	3	0.0
33	4	0.0
33	5	0.0
33	6	0.0
33	7	0.0
33	8	0.0
33	9	0.0
33	10	0.1
33	11	16.9
33	12	20.6
33	13	1.7
33	14	5.0
33	15	2.1
33	16	10.6
33	17	55.2
33	18	20.8
33	19	30.8
33	20	26.0
33	21	21.0
33	22	38.3
33	23	122.9
33	24	110.5
34	1	8.8
34	2	10.9
34	3	24.1
34	4	33.0
34	5	11.6
34	6	22.3
34	7	6.6
34	8	0.0
34	9	32.3
34	10	114.6
34	11	34.8
34	12	28.9
34	13	0.5
34	14	15.8
34	15	3.2
34	16	34.0
34	17	78.7
34	18	5.2
34	19	5.8
34	20	7.0
34	21	5.4
34	22	9.2
34	23	11.4
34	24	22.6
35	1	6.0
35	2	2.2
35	3	0.0
35	4	0.0
35	5	0.0
35	6	0.0
35	7	3.9
35	8	32.2
35	9	40.3
35	10	42.3
35	11	258.6
35	12	38.0
35	13	47.5
35	14	17.2
35	15	36.9
35	16	310.8
35	17	48.3
35	18	28.8
35	19	19.5
35	20	82.2
35	21	56.5
35	22	57.0
35	23	21.9
35	24	66.9
36	1	5.3
36	2	6.9
36	3	5.4
36	4	11.2
36	5	7.9
36	6	2.0
36	7	5.1
36	8	10.8
36	9	3.9
36	10	5.6
36	11	1.4
36	12	5.9
36	13	3.0
36	14	135.6
36	15	24.3
36	16	22.7
36	17	68.1
36	18	36.8
36	19	97.5
36	20	8.5
36	21	0.3
36	22	2.1
36	23	8.7
36	24	45.2
37	1	13.4
37	2	0.0
37	3	2.0
37	4	3.1
37	5	1.0
37	6	49.2
37	7	1.6
37	8	12.7
37	9	16.6
37	10	45.1
37	11	8.2
37	12	1.9
37	13	117.0
37	14	25.0
37	15	76.8
37	16	57.7
37	17	39.9
37	18	74.4
37	19	21.6
37	20	10.9
37	21	18.7
37	22	71.4
37	23	61.5
37	24	85.4
38	1	8.8
38	2	10.9
38	3	24.1
38	4	33.0
38	5	11.6
38	6	22.3
38	7	6.6
38	8	0.0
38	9	32.3
38	10	114.6
38	11	34.8
38	12	28.9
38	13	0.5
38	14	15.8
38	15	3.2
38	16	34.0
38	17	78.7
38	18	5.2
38	19	5.8
38	20	7.0
38	21	5.4
38	22	9.2
38	23	11.4
38	24	22.6
39	1	6.0
39	2	2.2
39	3	0.0
39	4	0.0
39	5	0.0
39	6	0.0
39	7	3.9
39	8	32.2
39	9	40.3
39	10	42.3
39	11	258.6
39	12	38.0
39	13	47.5
39	14	17.2
39	15	36.9
39	16	310.8
39	17	48.3
39	18	28.8
39	19	19.5
39	20	82.2
39	21	56.5
39	22	57.0
39	23	21.9
39	24	66.9
40	1	6.0
40	2	2.2
40	3	0.0
40	4	0.0
40	5	0.0
40	6	0.0
40	7	3.9
40	8	32.2
40	9	40.3
40	10	42.3
40	11	258.6
40	12	38.0
40	13	47.5
40	14	17.2
40	15	36.9
40	16	310.8
40	17	48.3
40	18	28.8
40	19	19.5
40	20	82.2
40	21	56.5
40	22	57.0
40	23	21.9
40	24	66.9
41	1	3.0
41	2	25.1
41	3	39.3
41	4	21.7
41	5	39.2
41	6	48.6
41	7	33.1
41	8	6.5
41	9	0.3
41	10	0.1
41	11	26.5
41	12	68.9
41	13	22.5
41	14	0.0
41	15	11.1
41	16	3.6
41	17	127.4
41	18	55.5
41	19	1.1
41	20	0.0
41	21	0.0
41	22	0.0
41	23	19.0
41	24	12.5
42	1	6.0
42	2	2.2
42	3	0.0
42	4	0.0
42	5	0.0
42	6	0.0
42	7	3.9
42	8	32.2
42	9	40.3
42	10	42.3
42	11	258.6
42	12	38.0
42	13	47.5
42	14	17.2
42	15	36.9
42	16	310.8
42	17	48.3
42	18	28.8
42	19	19.5
42	20	82.2
42	21	56.5
42	22	57.0
42	23	21.9
42	24	66.9
43	1	10.0
43	2	19.0
43	3	2.1
43	4	0.1
43	5	5.7
43	6	18.9
43	7	43.2
43	8	69.3
43	9	70.1
43	10	77.0
43	11	20.5
43	12	37.3
43	13	7.6
43	14	19.1
43	15	137.4
43	16	42.0
43	17	12.8
43	18	20.5
43	19	32.8
43	20	19.9
43	21	13.4
43	22	62.7
43	23	74.6
43	24	73.8
44	1	13.4
44	2	0.0
44	3	2.0
44	4	3.1
44	5	1.0
44	6	49.2
44	7	1.6
44	8	12.7
44	9	16.6
44	10	45.1
44	11	8.2
44	12	1.9
44	13	117.0
44	14	25.0
44	15	76.8
44	16	57.7
44	17	39.9
44	18	74.4
44	19	21.6
44	20	10.9
44	21	18.7
44	22	71.4
44	23	61.5
44	24	85.4
45	1	3.0
45	2	25.1
45	3	39.3
45	4	21.7
45	5	39.2
45	6	48.6
45	7	33.1
45	8	6.5
45	9	0.3
45	10	0.1
45	11	26.5
45	12	68.9
45	13	22.5
45	14	0.0
45	15	11.1
45	16	3.6
45	17	127.4
45	18	55.5
45	19	1.1
45	20	0.0
45	21	0.0
45	22	0.0
45	23	19.0
45	24	12.5
46	1	8.8
46	2	10.9
46	3	24.1
46	4	33.0
46	5	11.6
46	6	22.3
46	7	6.6
46	8	0.0
46	9	32.3
46	10	114.6
46	11	34.8
46	12	28.9
46	13	0.5
46	14	15.8
46	15	3.2
46	16	34.0
46	17	78.7
46	18	5.2
46	19	5.8
46	20	7.0
46	21	5.4
46	22	9.2
46	23	11.4
46	24	22.6
47	1	13.4
47	2	0.0
47	3	2.0
47	4	3.1
47	5	1.0
47	6	49.2
47	7	1.6
47	8	12.7
47	9	16.6
47	10	45.1
47	11	8.2
47	12	1.9
47	13	117.0
47	14	25.0
47	15	76.8
47	16	57.7
47	17	39.9
47	18	74.4
47	19	21.6
47	20	10.9
47	21	18.7
47	22	71.4
47	23	61.5
47	24	85.4
48	1	13.4
48	2	0.0
48	3	2.0
48	4	3.1
48	5	1.0
48	6	49.2
48	7	1.6
48	8	12.7
48	9	16.6
48	10	45.1
48	11	8.2
48	12	1.9
48	13	117.0
48	14	25.0
48	15	76.8
48	16	57.7
48	17	39.9
48	18	74.4
48	19	21.6
48	20	10.9
48	21	18.7
48	22	71.4
48	23	61.5
48	24	85.4
49	1	13.4
49	2	0.0
49	3	2.0
49	4	3.1
49	5	1.0
49	6	49.2
49	7	1.6
49	8	12.7
49	9	16.6
49	10	45.1
49	11	8.2
49	12	1.9
49	13	117.0
49	14	25.0
49	15	76.8
49	16	57.7
49	17	39.9
49	18	74.4
49	19	21.6
49	20	10.9
49	21	18.7
49	22	71.4
49	23	61.5
49	24	85.4
50	1	5.3
50	2	6.9
50	3	5.4
50	4	11.2
50	5	7.9
50	6	2.0
50	7	5.1
50	8	10.8
50	9	3.9
50	10	5.6
50	11	1.4
50	12	5.9
50	13	3.0
50	14	135.6
50	15	24.3
50	16	22.7
50	17	68.1
50	18	36.8
50	19	97.5
50	20	8.5
50	21	0.3
50	22	2.1
50	23	8.7
50	24	45.2
51	1	3.0
51	2	25.1
51	3	39.3
51	4	21.7
51	5	39.2
51	6	48.6
51	7	33.1
51	8	6.5
51	9	0.3
51	10	0.1
51	11	26.5
51	12	68.9
51	13	22.5
51	14	0.0
51	15	11.1
51	16	3.6
51	17	127.4
51	18	55.5
51	19	1.1
51	20	0.0
51	21	0.0
51	22	0.0
51	23	19.0
51	24	12.5
52	1	3.0
52	2	25.1
52	3	39.3
52	4	21.7
52	5	39.2
52	6	48.6
52	7	33.1
52	8	6.5
52	9	0.3
52	10	0.1
52	11	26.5
52	12	68.9
52	13	22.5
52	14	0.0
52	15	11.1
52	16	3.6
52	17	127.4
52	18	55.5
52	19	1.1
52	20	0.0
52	21	0.0
52	22	0.0
52	23	19.0
52	24	12.5
53	1	0.0
53	2	0.0
53	3	0.0
53	4	0.0
53	5	0.0
53	6	0.0
53	7	0.0
53	8	0.0
53	9	0.0
53	10	0.1
53	11	16.9
53	12	20.6
53	13	1.7
53	14	5.0
53	15	2.1
53	16	10.6
53	17	55.2
53	18	20.8
53	19	30.8
53	20	26.0
53	21	21.0
53	22	38.3
53	23	122.9
53	24	110.5
54	1	5.3
54	2	6.9
54	3	5.4
54	4	11.2
54	5	7.9
54	6	2.0
54	7	5.1
54	8	10.8
54	9	3.9
54	10	5.6
54	11	1.4
54	12	5.9
54	13	3.0
54	14	135.6
54	15	24.3
54	16	22.7
54	17	68.1
54	18	36.8
54	19	97.5
54	20	8.5
54	21	0.3
54	22	2.1
54	23	8.7
54	24	45.2
55	1	0.0
55	2	0.0
55	3	0.0
55	4	0.0
55	5	0.0
55	6	0.0
55	7	0.0
55	8	0.0
55	9	0.0
55	10	0.1
55	11	16.9
55	12	20.6
55	13	1.7
55	14	5.0
55	15	2.1
55	16	10.6
55	17	55.2
55	18	20.8
55	19	30.8
55	20	26.0
55	21	21.0
55	22	38.3
55	23	122.9
55	24	110.5
56	1	5.3
56	2	6.9
56	3	5.4
56	4	11.2
56	5	7.9
56	6	2.0
56	7	5.1
56	8	10.8
56	9	3.9
56	10	5.6
56	11	1.4
56	12	5.9
56	13	3.0
56	14	135.6
56	15	24.3
56	16	22.7
56	17	68.1
56	18	36.8
56	19	97.5
56	20	8.5
56	21	0.3
56	22	2.1
56	23	8.7
56	24	45.2
57	1	10.0
57	2	19.0
57	3	2.1
57	4	0.1
57	5	5.7
57	6	18.9
57	7	43.2
57	8	69.3
57	9	70.1
57	10	77.0
57	11	20.5
57	12	37.3
57	13	7.6
57	14	19.1
57	15	137.4
57	16	42.0
57	17	12.8
57	18	20.5
57	19	32.8
57	20	19.9
57	21	13.4
57	22	62.7
57	23	74.6
57	24	73.8
58	1	5.3
58	2	6.9
58	3	5.4
58	4	11.2
58	5	7.9
58	6	2.0
58	7	5.1
58	8	10.8
58	9	3.9
58	10	5.6
58	11	1.4
58	12	5.9
58	13	3.0
58	14	135.6
58	15	24.3
58	16	22.7
58	17	68.1
58	18	36.8
58	19	97.5
58	20	8.5
58	21	0.3
58	22	2.1
58	23	8.7
58	24	45.2
59	1	8.8
59	2	10.9
59	3	24.1
59	4	33.0
59	5	11.6
59	6	22.3
59	7	6.6
59	8	0.0
59	9	32.3
59	10	114.6
59	11	34.8
59	12	28.9
59	13	0.5
59	14	15.8
59	15	3.2
59	16	34.0
59	17	78.7
59	18	5.2
59	19	5.8
59	20	7.0
59	21	5.4
59	22	9.2
59	23	11.4
59	24	22.6
60	1	3.0
60	2	25.1
60	3	39.3
60	4	21.7
60	5	39.2
60	6	48.6
60	7	33.1
60	8	6.5
60	9	0.3
60	10	0.1
60	11	26.5
60	12	68.9
60	13	22.5
60	14	0.0
60	15	11.1
60	16	3.6
60	17	127.4
60	18	55.5
60	19	1.1
60	20	0.0
60	21	0.0
60	22	0.0
60	23	19.0
60	24	12.5
61	1	3.0
61	2	25.1
61	3	39.3
61	4	21.7
61	5	39.2
61	6	48.6
61	7	33.1
61	8	6.5
61	9	0.3
61	10	0.1
61	11	26.5
61	12	68.9
61	13	22.5
61	14	0.0
61	15	11.1
61	16	3.6
61	17	127.4
61	18	55.5
61	19	1.1
61	20	0.0
61	21	0.0
61	22	0.0
61	23	19.0
61	24	12.5
62	1	5.3
62	2	6.9
62	3	5.4
62	4	11.2
62	5	7.9
62	6	2.0
62	7	5.1
62	8	10.8
62	9	3.9
62	10	5.6
62	11	1.4
62	12	5.9
62	13	3.0
62	14	135.6
62	15	24.3
62	16	22.7
62	17	68.1
62	18	36.8
62	19	97.5
62	20	8.5
62	21	0.3
62	22	2.1
62	23	8.7
62	24	45.2
63	1	3.0
63	2	25.1
63	3	39.3
63	4	21.7
63	5	39.2
63	6	48.6
63	7	33.1
63	8	6.5
63	9	0.3
63	10	0.1
63	11	26.5
63	12	68.9
63	13	22.5
63	14	0.0
63	15	11.1
63	16	3.6
63	17	127.4
63	18	55.5
63	19	1.1
63	20	0.0
63	21	0.0
63	22	0.0
63	23	19.0
63	24	12.5
64	1	5.3
64	2	6.9
64	3	5.4
64	4	11.2
64	5	7.9
64	6	2.0
64	7	5.1
64	8	10.8
64	9	3.9
64	10	5.6
64	11	1.4
64	12	5.9
64	13	3.0
64	14	135.6
64	15	24.3
64	16	22.7
64	17	68.1
64	18	36.8
64	19	97.5
64	20	8.5
64	21	0.3
64	22	2.1
64	23	8.7
64	24	45.2
65	1	8.8
65	2	10.9
65	3	24.1
65	4	33.0
65	5	11.6
65	6	22.3
65	7	6.6
65	8	0.0
65	9	32.3
65	10	114.6
65	11	34.8
65	12	28.9
65	13	0.5
65	14	15.8
65	15	3.2
65	16	34.0
65	17	78.7
65	18	5.2
65	19	5.8
65	20	7.0
65	21	5.4
65	22	9.2
65	23	11.4
65	24	22.6
66	1	8.8
66	2	10.9
66	3	24.1
66	4	33.0
66	5	11.6
66	6	22.3
66	7	6.6
66	8	0.0
66	9	32.3
66	10	114.6
66	11	34.8
66	12	28.9
66	13	0.5
66	14	15.8
66	15	3.2
66	16	34.0
66	17	78.7
66	18	5.2
66	19	5.8
66	20	7.0
66	21	5.4
66	22	9.2
66	23	11.4
66	24	22.6
67	1	5.3
67	2	6.9
67	3	5.4
67	4	11.2
67	5	7.9
67	6	2.0
67	7	5.1
67	8	10.8
67	9	3.9
67	10	5.6
67	11	1.4
67	12	5.9
67	13	3.0
67	14	135.6
67	15	24.3
67	16	22.7
67	17	68.1
67	18	36.8
67	19	97.5
67	20	8.5
67	21	0.3
67	22	2.1
67	23	8.7
67	24	45.2
68	1	5.3
68	2	6.9
68	3	5.4
68	4	11.2
68	5	7.9
68	6	2.0
68	7	5.1
68	8	10.8
68	9	3.9
68	10	5.6
68	11	1.4
68	12	5.9
68	13	3.0
68	14	135.6
68	15	24.3
68	16	22.7
68	17	68.1
68	18	36.8
68	19	97.5
68	20	8.5
68	21	0.3
68	22	2.1
68	23	8.7
68	24	45.2
69	1	3.0
69	2	25.1
69	3	39.3
69	4	21.7
69	5	39.2
69	6	48.6
69	7	33.1
69	8	6.5
69	9	0.3
69	10	0.1
69	11	26.5
69	12	68.9
69	13	22.5
69	14	0.0
69	15	11.1
69	16	3.6
69	17	127.4
69	18	55.5
69	19	1.1
69	20	0.0
69	21	0.0
69	22	0.0
69	23	19.0
69	24	12.5
70	1	3.0
70	2	25.1
70	3	39.3
70	4	21.7
70	5	39.2
70	6	48.6
70	7	33.1
70	8	6.5
70	9	0.3
70	10	0.1
70	11	26.5
70	12	68.9
70	13	22.5
70	14	0.0
70	15	11.1
70	16	3.6
70	17	127.4
70	18	55.5
70	19	1.1
70	20	0.0
70	21	0.0
70	22	0.0
70	23	19.0
70	24	12.5
71	1	3.0
71	2	25.1
71	3	39.3
71	4	21.7
71	5	39.2
71	6	48.6
71	7	33.1
71	8	6.5
71	9	0.3
71	10	0.1
71	11	26.5
71	12	68.9
71	13	22.5
71	14	0.0
71	15	11.1
71	16	3.6
71	17	127.4
71	18	55.5
71	19	1.1
71	20	0.0
71	21	0.0
71	22	0.0
71	23	19.0
71	24	12.5
72	1	3.0
72	2	25.1
72	3	39.3
72	4	21.7
72	5	39.2
72	6	48.6
72	7	33.1
72	8	6.5
72	9	0.3
72	10	0.1
72	11	26.5
72	12	68.9
72	13	22.5
72	14	0.0
72	15	11.1
72	16	3.6
72	17	127.4
72	18	55.5
72	19	1.1
72	20	0.0
72	21	0.0
72	22	0.0
72	23	19.0
72	24	12.5
73	1	8.8
73	2	10.9
73	3	24.1
73	4	33.0
73	5	11.6
73	6	22.3
73	7	6.6
73	8	0.0
73	9	32.3
73	10	114.6
73	11	34.8
73	12	28.9
73	13	0.5
73	14	15.8
73	15	3.2
73	16	34.0
73	17	78.7
73	18	5.2
73	19	5.8
73	20	7.0
73	21	5.4
73	22	9.2
73	23	11.4
73	24	22.6
74	1	5.3
74	2	6.9
74	3	5.4
74	4	11.2
74	5	7.9
74	6	2.0
74	7	5.1
74	8	10.8
74	9	3.9
74	10	5.6
74	11	1.4
74	12	5.9
74	13	3.0
74	14	135.6
74	15	24.3
74	16	22.7
74	17	68.1
74	18	36.8
74	19	97.5
74	20	8.5
74	21	0.3
74	22	2.1
74	23	8.7
74	24	45.2
75	1	3.0
75	2	25.1
75	3	39.3
75	4	21.7
75	5	39.2
75	6	48.6
75	7	33.1
75	8	6.5
75	9	0.3
75	10	0.1
75	11	26.5
75	12	68.9
75	13	22.5
75	14	0.0
75	15	11.1
75	16	3.6
75	17	127.4
75	18	55.5
75	19	1.1
75	20	0.0
75	21	0.0
75	22	0.0
75	23	19.0
75	24	12.5
76	1	3.0
76	2	25.1
76	3	39.3
76	4	21.7
76	5	39.2
76	6	48.6
76	7	33.1
76	8	6.5
76	9	0.3
76	10	0.1
76	11	26.5
76	12	68.9
76	13	22.5
76	14	0.0
76	15	11.1
76	16	3.6
76	17	127.4
76	18	55.5
76	19	1.1
76	20	0.0
76	21	0.0
76	22	0.0
76	23	19.0
76	24	12.5
77	1	13.4
77	2	0.0
77	3	2.0
77	4	3.1
77	5	1.0
77	6	49.2
77	7	1.6
77	8	12.7
77	9	16.6
77	10	45.1
77	11	8.2
77	12	1.9
77	13	117.0
77	14	25.0
77	15	76.8
77	16	57.7
77	17	39.9
77	18	74.4
77	19	21.6
77	20	10.9
77	21	18.7
77	22	71.4
77	23	61.5
77	24	85.4
78	1	0.0
78	2	0.0
78	3	0.0
78	4	0.0
78	5	0.0
78	6	0.0
78	7	0.0
78	8	0.0
78	9	0.0
78	10	0.1
78	11	16.9
78	12	20.6
78	13	1.7
78	14	5.0
78	15	2.1
78	16	10.6
78	17	55.2
78	18	20.8
78	19	30.8
78	20	26.0
78	21	21.0
78	22	38.3
78	23	122.9
78	24	110.5
79	1	10.0
79	2	19.0
79	3	2.1
79	4	0.1
79	5	5.7
79	6	18.9
79	7	43.2
79	8	69.3
79	9	70.1
79	10	77.0
79	11	20.5
79	12	37.3
79	13	7.6
79	14	19.1
79	15	137.4
79	16	42.0
79	17	12.8
79	18	20.5
79	19	32.8
79	20	19.9
79	21	13.4
79	22	62.7
79	23	74.6
79	24	73.8
80	1	0.0
80	2	0.0
80	3	0.0
80	4	0.0
80	5	0.0
80	6	0.0
80	7	0.0
80	8	0.0
80	9	0.0
80	10	0.1
80	11	16.9
80	12	20.6
80	13	1.7
80	14	5.0
80	15	2.1
80	16	10.6
80	17	55.2
80	18	20.8
80	19	30.8
80	20	26.0
80	21	21.0
80	22	38.3
80	23	122.9
80	24	110.5
81	1	8.8
81	2	10.9
81	3	24.1
81	4	33.0
81	5	11.6
81	6	22.3
81	7	6.6
81	8	0.0
81	9	32.3
81	10	114.6
81	11	34.8
81	12	28.9
81	13	0.5
81	14	15.8
81	15	3.2
81	16	34.0
81	17	78.7
81	18	5.2
81	19	5.8
81	20	7.0
81	21	5.4
81	22	9.2
81	23	11.4
81	24	22.6
82	1	5.3
82	2	6.9
82	3	5.4
82	4	11.2
82	5	7.9
82	6	2.0
82	7	5.1
82	8	10.8
82	9	3.9
82	10	5.6
82	11	1.4
82	12	5.9
82	13	3.0
82	14	135.6
82	15	24.3
82	16	22.7
82	17	68.1
82	18	36.8
82	19	97.5
82	20	8.5
82	21	0.3
82	22	2.1
82	23	8.7
82	24	45.2
83	1	5.3
83	2	6.9
83	3	5.4
83	4	11.2
83	5	7.9
83	6	2.0
83	7	5.1
83	8	10.8
83	9	3.9
83	10	5.6
83	11	1.4
83	12	5.9
83	13	3.0
83	14	135.6
83	15	24.3
83	16	22.7
83	17	68.1
83	18	36.8
83	19	97.5
83	20	8.5
83	21	0.3
83	22	2.1
83	23	8.7
83	24	45.2
84	1	0.0
84	2	0.0
84	3	0.0
84	4	0.0
84	5	0.0
84	6	0.0
84	7	0.0
84	8	0.0
84	9	0.0
84	10	0.1
84	11	16.9
84	12	20.6
84	13	1.7
84	14	5.0
84	15	2.1
84	16	10.6
84	17	55.2
84	18	20.8
84	19	30.8
84	20	26.0
84	21	21.0
84	22	38.3
84	23	122.9
84	24	110.5
85	1	3.0
85	2	25.1
85	3	39.3
85	4	21.7
85	5	39.2
85	6	48.6
85	7	33.1
85	8	6.5
85	9	0.3
85	10	0.1
85	11	26.5
85	12	68.9
85	13	22.5
85	14	0.0
85	15	11.1
85	16	3.6
85	17	127.4
85	18	55.5
85	19	1.1
85	20	0.0
85	21	0.0
85	22	0.0
85	23	19.0
85	24	12.5
86	1	8.8
86	2	10.9
86	3	24.1
86	4	33.0
86	5	11.6
86	6	22.3
86	7	6.6
86	8	0.0
86	9	32.3
86	10	114.6
86	11	34.8
86	12	28.9
86	13	0.5
86	14	15.8
86	15	3.2
86	16	34.0
86	17	78.7
86	18	5.2
86	19	5.8
86	20	7.0
86	21	5.4
86	22	9.2
86	23	11.4
86	24	22.6
87	1	3.0
87	2	25.1
87	3	39.3
87	4	21.7
87	5	39.2
87	6	48.6
87	7	33.1
87	8	6.5
87	9	0.3
87	10	0.1
87	11	26.5
87	12	68.9
87	13	22.5
87	14	0.0
87	15	11.1
87	16	3.6
87	17	127.4
87	18	55.5
87	19	1.1
87	20	0.0
87	21	0.0
87	22	0.0
87	23	19.0
87	24	12.5
88	1	6.0
88	2	2.2
88	3	0.0
88	4	0.0
88	5	0.0
88	6	0.0
88	7	3.9
88	8	32.2
88	9	40.3
88	10	42.3
88	11	258.6
88	12	38.0
88	13	47.5
88	14	17.2
88	15	36.9
88	16	310.8
88	17	48.3
88	18	28.8
88	19	19.5
88	20	82.2
88	21	56.5
88	22	57.0
88	23	21.9
88	24	66.9
89	1	8.8
89	2	10.9
89	3	24.1
89	4	33.0
89	5	11.6
89	6	22.3
89	7	6.6
89	8	0.0
89	9	32.3
89	10	114.6
89	11	34.8
89	12	28.9
89	13	0.5
89	14	15.8
89	15	3.2
89	16	34.0
89	17	78.7
89	18	5.2
89	19	5.8
89	20	7.0
89	21	5.4
89	22	9.2
89	23	11.4
89	24	22.6
90	1	6.0
90	2	2.2
90	3	0.0
90	4	0.0
90	5	0.0
90	6	0.0
90	7	3.9
90	8	32.2
90	9	40.3
90	10	42.3
90	11	258.6
90	12	38.0
90	13	47.5
90	14	17.2
90	15	36.9
90	16	310.8
90	17	48.3
90	18	28.8
90	19	19.5
90	20	82.2
90	21	56.5
90	22	57.0
90	23	21.9
90	24	66.9
91	1	5.3
91	2	6.9
91	3	5.4
91	4	11.2
91	5	7.9
91	6	2.0
91	7	5.1
91	8	10.8
91	9	3.9
91	10	5.6
91	11	1.4
91	12	5.9
91	13	3.0
91	14	135.6
91	15	24.3
91	16	22.7
91	17	68.1
91	18	36.8
91	19	97.5
91	20	8.5
91	21	0.3
91	22	2.1
91	23	8.7
91	24	45.2
92	1	3.0
92	2	25.1
92	3	39.3
92	4	21.7
92	5	39.2
92	6	48.6
92	7	33.1
92	8	6.5
92	9	0.3
92	10	0.1
92	11	26.5
92	12	68.9
92	13	22.5
92	14	0.0
92	15	11.1
92	16	3.6
92	17	127.4
92	18	55.5
92	19	1.1
92	20	0.0
92	21	0.0
92	22	0.0
92	23	19.0
92	24	12.5
93	1	5.3
93	2	6.9
93	3	5.4
93	4	11.2
93	5	7.9
93	6	2.0
93	7	5.1
93	8	10.8
93	9	3.9
93	10	5.6
93	11	1.4
93	12	5.9
93	13	3.0
93	14	135.6
93	15	24.3
93	16	22.7
93	17	68.1
93	18	36.8
93	19	97.5
93	20	8.5
93	21	0.3
93	22	2.1
93	23	8.7
93	24	45.2
94	1	0.0
94	2	0.0
94	3	0.0
94	4	0.0
94	5	0.0
94	6	0.0
94	7	0.0
94	8	0.0
94	9	0.0
94	10	0.1
94	11	16.9
94	12	20.6
94	13	1.7
94	14	5.0
94	15	2.1
94	16	10.6
94	17	55.2
94	18	20.8
94	19	30.8
94	20	26.0
94	21	21.0
94	22	38.3
94	23	122.9
94	24	110.5
95	1	3.0
95	2	25.1
95	3	39.3
95	4	21.7
95	5	39.2
95	6	48.6
95	7	33.1
95	8	6.5
95	9	0.3
95	10	0.1
95	11	26.5
95	12	68.9
95	13	22.5
95	14	0.0
95	15	11.1
95	16	3.6
95	17	127.4
95	18	55.5
95	19	1.1
95	20	0.0
95	21	0.0
95	22	0.0
95	23	19.0
95	24	12.5
96	1	3.0
96	2	25.1
96	3	39.3
96	4	21.7
96	5	39.2
96	6	48.6
96	7	33.1
96	8	6.5
96	9	0.3
96	10	0.1
96	11	26.5
96	12	68.9
96	13	22.5
96	14	0.0
96	15	11.1
96	16	3.6
96	17	127.4
96	18	55.5
96	19	1.1
96	20	0.0
96	21	0.0
96	22	0.0
96	23	19.0
96	24	12.5
97	1	5.3
97	2	6.9
97	3	5.4
97	4	11.2
97	5	7.9
97	6	2.0
97	7	5.1
97	8	10.8
97	9	3.9
97	10	5.6
97	11	1.4
97	12	5.9
97	13	3.0
97	14	135.6
97	15	24.3
97	16	22.7
97	17	68.1
97	18	36.8
97	19	97.5
97	20	8.5
97	21	0.3
97	22	2.1
97	23	8.7
97	24	45.2
98	1	10.0
98	2	19.0
98	3	2.1
98	4	0.1
98	5	5.7
98	6	18.9
98	7	43.2
98	8	69.3
98	9	70.1
98	10	77.0
98	11	20.5
98	12	37.3
98	13	7.6
98	14	19.1
98	15	137.4
98	16	42.0
98	17	12.8
98	18	20.5
98	19	32.8
98	20	19.9
98	21	13.4
98	22	62.7
98	23	74.6
98	24	73.8
99	1	6.0
99	2	2.2
99	3	0.0
99	4	0.0
99	5	0.0
99	6	0.0
99	7	3.9
99	8	32.2
99	9	40.3
99	10	42.3
99	11	258.6
99	12	38.0
99	13	47.5
99	14	17.2
99	15	36.9
99	16	310.8
99	17	48.3
99	18	28.8
99	19	19.5
99	20	82.2
99	21	56.5
99	22	57.0
99	23	21.9
99	24	66.9
100	1	5.3
100	2	6.9
100	3	5.4
100	4	11.2
100	5	7.9
100	6	2.0
100	7	5.1
100	8	10.8
100	9	3.9
100	10	5.6
100	11	1.4
100	12	5.9
100	13	3.0
100	14	135.6
100	15	24.3
100	16	22.7
100	17	68.1
100	18	36.8
100	19	97.5
100	20	8.5
100	21	0.3
100	22	2.1
100	23	8.7
100	24	45.2
101	1	3.0
101	2	25.1
101	3	39.3
101	4	21.7
101	5	39.2
101	6	48.6
101	7	33.1
101	8	6.5
101	9	0.3
101	10	0.1
101	11	26.5
101	12	68.9
101	13	22.5
101	14	0.0
101	15	11.1
101	16	3.6
101	17	127.4
101	18	55.5
101	19	1.1
101	20	0.0
101	21	0.0
101	22	0.0
101	23	19.0
101	24	12.5
102	1	10.0
102	2	19.0
102	3	2.1
102	4	0.1
102	5	5.7
102	6	18.9
102	7	43.2
102	8	69.3
102	9	70.1
102	10	77.0
102	11	20.5
102	12	37.3
102	13	7.6
102	14	19.1
102	15	137.4
102	16	42.0
102	17	12.8
102	18	20.5
102	19	32.8
102	20	19.9
102	21	13.4
102	22	62.7
102	23	74.6
102	24	73.8
103	1	6.0
103	2	2.2
103	3	0.0
103	4	0.0
103	5	0.0
103	6	0.0
103	7	3.9
103	8	32.2
103	9	40.3
103	10	42.3
103	11	258.6
103	12	38.0
103	13	47.5
103	14	17.2
103	15	36.9
103	16	310.8
103	17	48.3
103	18	28.8
103	19	19.5
103	20	82.2
103	21	56.5
103	22	57.0
103	23	21.9
103	24	66.9
104	1	5.3
104	2	6.9
104	3	5.4
104	4	11.2
104	5	7.9
104	6	2.0
104	7	5.1
104	8	10.8
104	9	3.9
104	10	5.6
104	11	1.4
104	12	5.9
104	13	3.0
104	14	135.6
104	15	24.3
104	16	22.7
104	17	68.1
104	18	36.8
104	19	97.5
104	20	8.5
104	21	0.3
104	22	2.1
104	23	8.7
104	24	45.2
105	1	5.3
105	2	6.9
105	3	5.4
105	4	11.2
105	5	7.9
105	6	2.0
105	7	5.1
105	8	10.8
105	9	3.9
105	10	5.6
105	11	1.4
105	12	5.9
105	13	3.0
105	14	135.6
105	15	24.3
105	16	22.7
105	17	68.1
105	18	36.8
105	19	97.5
105	20	8.5
105	21	0.3
105	22	2.1
105	23	8.7
105	24	45.2
106	1	3.0
106	2	25.1
106	3	39.3
106	4	21.7
106	5	39.2
106	6	48.6
106	7	33.1
106	8	6.5
106	9	0.3
106	10	0.1
106	11	26.5
106	12	68.9
106	13	22.5
106	14	0.0
106	15	11.1
106	16	3.6
106	17	127.4
106	18	55.5
106	19	1.1
106	20	0.0
106	21	0.0
106	22	0.0
106	23	19.0
106	24	12.5
107	1	5.3
107	2	6.9
107	3	5.4
107	4	11.2
107	5	7.9
107	6	2.0
107	7	5.1
107	8	10.8
107	9	3.9
107	10	5.6
107	11	1.4
107	12	5.9
107	13	3.0
107	14	135.6
107	15	24.3
107	16	22.7
107	17	68.1
107	18	36.8
107	19	97.5
107	20	8.5
107	21	0.3
107	22	2.1
107	23	8.7
107	24	45.2
108	1	0.0
108	2	0.0
108	3	0.0
108	4	0.0
108	5	0.0
108	6	0.0
108	7	0.0
108	8	0.0
108	9	0.0
108	10	0.1
108	11	16.9
108	12	20.6
108	13	1.7
108	14	5.0
108	15	2.1
108	16	10.6
108	17	55.2
108	18	20.8
108	19	30.8
108	20	26.0
108	21	21.0
108	22	38.3
108	23	122.9
108	24	110.5
109	1	3.0
109	2	25.1
109	3	39.3
109	4	21.7
109	5	39.2
109	6	48.6
109	7	33.1
109	8	6.5
109	9	0.3
109	10	0.1
109	11	26.5
109	12	68.9
109	13	22.5
109	14	0.0
109	15	11.1
109	16	3.6
109	17	127.4
109	18	55.5
109	19	1.1
109	20	0.0
109	21	0.0
109	22	0.0
109	23	19.0
109	24	12.5
110	1	3.0
110	2	25.1
110	3	39.3
110	4	21.7
110	5	39.2
110	6	48.6
110	7	33.1
110	8	6.5
110	9	0.3
110	10	0.1
110	11	26.5
110	12	68.9
110	13	22.5
110	14	0.0
110	15	11.1
110	16	3.6
110	17	127.4
110	18	55.5
110	19	1.1
110	20	0.0
110	21	0.0
110	22	0.0
110	23	19.0
110	24	12.5
111	1	6.0
111	2	2.2
111	3	0.0
111	4	0.0
111	5	0.0
111	6	0.0
111	7	3.9
111	8	32.2
111	9	40.3
111	10	42.3
111	11	258.6
111	12	38.0
111	13	47.5
111	14	17.2
111	15	36.9
111	16	310.8
111	17	48.3
111	18	28.8
111	19	19.5
111	20	82.2
111	21	56.5
111	22	57.0
111	23	21.9
111	24	66.9
112	1	5.3
112	2	6.9
112	3	5.4
112	4	11.2
112	5	7.9
112	6	2.0
112	7	5.1
112	8	10.8
112	9	3.9
112	10	5.6
112	11	1.4
112	12	5.9
112	13	3.0
112	14	135.6
112	15	24.3
112	16	22.7
112	17	68.1
112	18	36.8
112	19	97.5
112	20	8.5
112	21	0.3
112	22	2.1
112	23	8.7
112	24	45.2
