Node	Time	Res_CapacityDownVolume
1	1	430.0
1	2	433.0
1	3	433.0
1	4	433.0
1	5	450.0
1	6	388.0
1	7	250.0
1	8	187.0
1	9	177.0
1	10	173.0
1	11	177.0
1	12	381.0
1	13	397.0
1	14	397.0
1	15	397.0
1	16	177.0
1	17	190.0
1	18	200.0
1	19	287.0
1	20	300.0
1	21	284.0
1	22	282.0
1	23	350.0
1	24	279.0
2	1	209.0
2	2	209.0
2	3	209.0
2	4	209.0
2	5	209.0
2	6	209.0
2	7	90.0
2	8	121.0
2	9	145.0
2	10	95.0
2	11	95.0
2	12	95.0
2	13	95.0
2	14	95.0
2	15	45.0
2	16	45.0
2	17	45.0
2	18	45.0
2	19	95.0
2	20	95.0
2	21	95.0
2	22	145.0
2	23	168.0
2	24	209.0
3	1	370.0
3	2	370.0
3	3	370.0
3	4	370.0
3	5	370.0
3	6	370.0
3	7	250.0
3	8	250.0
3	9	250.0
3	10	250.0
3	11	300.0
3	12	340.0
3	13	340.0
3	14	340.0
3	15	370.0
3	16	200.0
3	17	200.0
3	18	200.0
3	19	300.0
3	20	300.0
3	21	300.0
3	22	300.0
3	23	350.0
3	24	343.0
4	1	33.0
4	2	33.0
4	3	83.0
4	4	83.0
4	5	83.0
4	6	83.0
4	7	83.0
4	8	133.0
4	9	83.0
4	10	83.0
4	11	83.0
4	12	100.0
4	13	100.0
4	14	100.0
4	15	100.0
4	16	133.0
4	17	133.0
4	18	83.0
4	19	33.0
4	20	33.0
4	21	33.0
4	22	33.0
4	23	50.0
4	24	50.0
5	1	146.0
5	2	146.0
5	3	146.0
5	4	146.0
5	5	146.0
5	6	146.0
5	7	146.0
5	8	146.0
5	9	146.0
5	10	146.0
5	11	146.0
5	12	146.0
5	13	146.0
5	14	146.0
5	15	146.0
5	16	146.0
5	17	146.0
5	18	146.0
5	19	146.0
5	20	146.0
5	21	146.0
5	22	146.0
5	23	146.0
5	24	96.0
6	1	464.0
6	2	464.0
6	3	464.0
6	4	464.0
6	5	434.0
6	6	359.0
6	7	209.0
6	8	209.0
6	9	209.0
6	10	209.0
6	11	309.0
6	12	509.0
6	13	623.0
6	14	637.0
6	15	529.0
6	16	209.0
6	17	159.0
6	18	159.0
6	19	300.0
6	20	300.0
6	21	300.0
6	22	300.0
6	23	309.0
6	24	450.0
7	1	348.0
7	2	348.0
7	3	348.0
7	4	348.0
7	5	348.0
7	6	348.0
7	7	250.0
7	8	250.0
7	9	200.0
7	10	200.0
7	11	250.0
7	12	348.0
7	13	321.0
7	14	348.0
7	15	348.0
7	16	150.0
7	17	200.0
7	18	200.0
7	19	300.0
7	20	300.0
7	21	300.0
7	22	300.0
7	23	348.0
7	24	292.0
8	1	365.0
8	2	365.0
8	3	365.0
8	4	365.0
8	5	365.0
8	6	400.0
8	7	250.0
8	8	250.0
8	9	250.0
8	10	250.0
8	11	300.0
8	12	425.0
8	13	425.0
8	14	425.0
8	15	425.0
8	16	200.0
8	17	200.0
8	18	200.0
8	19	300.0
8	20	300.0
8	21	300.0
8	22	300.0
8	23	281.0
8	24	230.0
9	1	338.0
9	2	338.0
9	3	338.0
9	4	338.0
9	5	292.0
9	6	338.0
9	7	300.0
9	8	160.0
9	9	160.0
9	10	160.0
9	11	256.0
9	12	306.0
9	13	332.0
9	14	335.0
9	15	263.0
9	16	160.0
9	17	160.0
9	18	160.0
9	19	250.0
9	20	248.0
9	21	263.0
9	22	338.0
9	23	338.0
9	24	280.0
10	1	147.0
10	2	147.0
10	3	147.0
10	4	147.0
10	5	147.0
10	6	147.0
10	7	147.0
10	8	147.0
10	9	147.0
10	10	147.0
10	11	147.0
10	12	147.0
10	13	147.0
10	14	147.0
10	15	147.0
10	16	147.0
10	17	147.0
10	18	147.0
10	19	147.0
10	20	147.0
10	21	147.0
10	22	147.0
10	23	147.0
10	24	426.0
11	1	213.0
11	2	213.0
11	3	213.0
11	4	213.0
11	5	213.0
11	6	155.0
11	7	205.0
11	8	205.0
11	9	205.0
11	10	205.0
11	11	205.0
11	12	205.0
11	13	205.0
11	14	205.0
11	15	155.0
11	16	155.0
11	17	155.0
11	18	155.0
11	19	155.0
11	20	155.0
11	21	155.0
11	22	213.0
11	23	213.0
11	24	225.0
12	1	338.0
12	2	338.0
12	3	338.0
12	4	338.0
12	5	292.0
12	6	338.0
12	7	300.0
12	8	160.0
12	9	160.0
12	10	160.0
12	11	256.0
12	12	306.0
12	13	332.0
12	14	335.0
12	15	263.0
12	16	160.0
12	17	160.0
12	18	160.0
12	19	250.0
12	20	248.0
12	21	263.0
12	22	338.0
12	23	338.0
12	24	280.0
13	1	35.0
13	2	0.0
13	3	35.0
13	4	30.0
13	5	35.0
13	6	35.0
13	7	35.0
13	8	35.0
13	9	35.0
13	10	35.0
13	11	35.0
13	12	35.0
13	13	35.0
13	14	35.0
13	15	35.0
13	16	35.0
13	17	35.0
13	18	35.0
13	19	0.0
13	20	0.0
13	21	0.0
13	22	0.0
13	23	35.0
13	24	0.0
14	1	470.0
14	2	570.0
14	3	570.0
14	4	520.0
14	5	500.0
14	6	400.0
14	7	250.0
14	8	250.0
14	9	250.0
14	10	250.0
14	11	350.0
14	12	570.0
14	13	676.0
14	14	676.0
14	15	576.0
14	16	250.0
14	17	200.0
14	18	200.0
14	19	300.0
14	20	300.0
14	21	300.0
14	22	300.0
14	23	350.0
14	24	450.0
15	1	300.0
15	2	300.0
15	3	300.0
15	4	300.0
15	5	300.0
15	6	300.0
15	7	300.0
15	8	300.0
15	9	300.0
15	10	250.0
15	11	300.0
15	12	300.0
15	13	300.0
15	14	300.0
15	15	300.0
15	16	208.0
15	17	201.0
15	18	200.0
15	19	250.0
15	20	250.0
15	21	300.0
15	22	300.0
15	23	300.0
15	24	280.0
16	1	270.0
16	2	270.0
16	3	270.0
16	4	270.0
16	5	290.0
16	6	250.0
16	7	250.0
16	8	250.0
16	9	250.0
16	10	270.0
16	11	270.0
16	12	270.0
16	13	270.0
16	14	270.0
16	15	216.0
16	16	200.0
16	17	200.0
16	18	290.0
16	19	290.0
16	20	290.0
16	21	290.0
16	22	270.0
16	23	270.0
16	24	280.0
17	1	50.0
17	2	35.0
17	3	35.0
17	4	35.0
17	5	59.0
17	6	88.0
17	7	88.0
17	8	138.0
17	9	88.0
17	10	78.0
17	11	63.0
17	12	55.0
17	13	45.0
17	14	45.0
17	15	56.0
17	16	92.0
17	17	80.0
17	18	55.0
17	19	50.0
17	20	50.0
17	21	50.0
17	22	50.0
17	23	35.0
17	24	50.0
18	1	365.0
18	2	365.0
18	3	365.0
18	4	365.0
18	5	365.0
18	6	400.0
18	7	250.0
18	8	250.0
18	9	250.0
18	10	250.0
18	11	300.0
18	12	425.0
18	13	425.0
18	14	425.0
18	15	425.0
18	16	200.0
18	17	200.0
18	18	200.0
18	19	300.0
18	20	300.0
18	21	300.0
18	22	300.0
18	23	281.0
18	24	230.0
19	1	365.0
19	2	365.0
19	3	365.0
19	4	365.0
19	5	365.0
19	6	365.0
19	7	250.0
19	8	250.0
19	9	250.0
19	10	250.0
19	11	300.0
19	12	425.0
19	13	425.0
19	14	425.0
19	15	402.0
19	16	200.0
19	17	200.0
19	18	200.0
19	19	300.0
19	20	300.0
19	21	300.0
19	22	300.0
19	23	350.0
19	24	365.0
20	1	50.0
20	2	50.0
20	3	90.0
20	4	90.0
20	5	100.0
20	6	100.0
20	7	100.0
20	8	150.0
20	9	100.0
20	10	100.0
20	11	90.0
20	12	90.0
20	13	100.0
20	14	100.0
20	15	100.0
20	16	128.0
20	17	150.0
20	18	100.0
20	19	50.0
20	20	50.0
20	21	50.0
20	22	50.0
20	23	50.0
20	24	50.0
21	1	343.0
21	2	343.0
21	3	273.0
21	4	273.0
21	5	312.0
21	6	343.0
21	7	250.0
21	8	250.0
21	9	250.0
21	10	170.0
21	11	188.0
21	12	232.0
21	13	245.0
21	14	253.0
21	15	273.0
21	16	200.0
21	17	200.0
21	18	200.0
21	19	300.0
21	20	300.0
21	21	300.0
21	22	300.0
21	23	339.0
21	24	343.0
22	1	288.0
22	2	288.0
22	3	288.0
22	4	288.0
22	5	288.0
22	6	288.0
22	7	250.0
22	8	154.0
22	9	137.0
22	10	135.0
22	11	177.0
22	12	227.0
22	13	288.0
22	14	288.0
22	15	288.0
22	16	125.0
22	17	133.0
22	18	150.0
22	19	250.0
22	20	250.0
22	21	250.0
22	22	250.0
22	23	288.0
22	24	295.0
23	1	0.0
23	2	0.0
23	3	35.0
23	4	35.0
23	5	35.0
23	6	35.0
23	7	35.0
23	8	69.0
23	9	35.0
23	10	35.0
23	11	35.0
23	12	35.0
23	13	35.0
23	14	35.0
23	15	35.0
23	16	35.0
23	17	35.0
23	18	35.0
23	19	35.0
23	20	35.0
23	21	35.0
23	22	35.0
23	23	35.0
23	24	0.0
24	1	450.0
24	2	450.0
24	3	450.0
24	4	450.0
24	5	450.0
24	6	398.0
24	7	250.0
24	8	250.0
24	9	250.0
24	10	250.0
24	11	300.0
24	12	350.0
24	13	398.0
24	14	265.0
24	15	295.0
24	16	129.0
24	17	200.0
24	18	200.0
24	19	300.0
24	20	300.0
24	21	300.0
24	22	300.0
24	23	344.0
24	24	362.0
25	1	277.0
25	2	300.0
25	3	300.0
25	4	300.0
25	5	300.0
25	6	300.0
25	7	250.0
25	8	250.0
25	9	200.0
25	10	160.0
25	11	203.0
25	12	248.0
25	13	300.0
25	14	300.0
25	15	300.0
25	16	160.0
25	17	160.0
25	18	200.0
25	19	300.0
25	20	300.0
25	21	300.0
25	22	300.0
25	23	277.0
25	24	288.0
26	1	470.0
26	2	570.0
26	3	570.0
26	4	520.0
26	5	500.0
26	6	400.0
26	7	250.0
26	8	250.0
26	9	250.0
26	10	250.0
26	11	350.0
26	12	570.0
26	13	676.0
26	14	676.0
26	15	576.0
26	16	250.0
26	17	200.0
26	18	200.0
26	19	300.0
26	20	300.0
26	21	300.0
26	22	300.0
26	23	350.0
26	24	450.0
27	1	0.0
27	2	0.0
27	3	0.0
27	4	0.0
27	5	42.0
27	6	50.0
27	7	79.0
27	8	79.0
27	9	71.0
27	10	79.0
27	11	79.0
27	12	79.0
27	13	79.0
27	14	79.0
27	15	79.0
27	16	79.0
27	17	79.0
27	18	79.0
27	19	50.0
27	20	50.0
27	21	42.0
27	22	0.0
27	23	0.0
27	24	0.0
28	1	225.0
28	2	225.0
28	3	225.0
28	4	225.0
28	5	225.0
28	6	225.0
28	7	201.0
28	8	207.0
28	9	208.0
28	10	209.0
28	11	275.0
28	12	275.0
28	13	275.0
28	14	275.0
28	15	225.0
28	16	200.0
28	17	187.0
28	18	184.0
28	19	225.0
28	20	225.0
28	21	225.0
28	22	225.0
28	23	225.0
28	24	237.0
29	1	280.0
29	2	280.0
29	3	280.0
29	4	280.0
29	5	280.0
29	6	280.0
29	7	250.0
29	8	250.0
29	9	250.0
29	10	250.0
29	11	280.0
29	12	280.0
29	13	280.0
29	14	280.0
29	15	280.0
29	16	250.0
29	17	200.0
29	18	200.0
29	19	280.0
29	20	280.0
29	21	280.0
29	22	280.0
29	23	280.0
29	24	320.0
30	1	301.0
30	2	301.0
30	3	301.0
30	4	301.0
30	5	301.0
30	6	247.0
30	7	294.0
30	8	294.0
30	9	293.0
30	10	250.0
30	11	351.0
30	12	351.0
30	13	351.0
30	14	351.0
30	15	301.0
30	16	241.0
30	17	241.0
30	18	219.0
30	19	247.0
30	20	247.0
30	21	247.0
30	22	247.0
30	23	301.0
30	24	301.0
31	1	277.0
31	2	300.0
31	3	300.0
31	4	300.0
31	5	300.0
31	6	300.0
31	7	250.0
31	8	250.0
31	9	200.0
31	10	160.0
31	11	203.0
31	12	248.0
31	13	300.0
31	14	300.0
31	15	300.0
31	16	160.0
31	17	160.0
31	18	200.0
31	19	300.0
31	20	300.0
31	21	300.0
31	22	300.0
31	23	277.0
31	24	288.0
32	1	0.0
32	2	0.0
32	3	35.0
32	4	35.0
32	5	35.0
32	6	35.0
32	7	35.0
32	8	69.0
32	9	35.0
32	10	35.0
32	11	35.0
32	12	35.0
32	13	35.0
32	14	35.0
32	15	35.0
32	16	35.0
32	17	35.0
32	18	35.0
32	19	35.0
32	20	35.0
32	21	35.0
32	22	35.0
32	23	35.0
32	24	0.0
33	1	240.0
33	2	240.0
33	3	240.0
33	4	241.0
33	5	260.0
33	6	260.0
33	7	260.0
33	8	255.0
33	9	260.0
33	10	214.0
33	11	260.0
33	12	260.0
33	13	260.0
33	14	260.0
33	15	260.0
33	16	200.0
33	17	200.0
33	18	200.0
33	19	200.0
33	20	198.0
33	21	227.0
33	22	260.0
33	23	260.0
33	24	388.0
34	1	300.0
34	2	300.0
34	3	300.0
34	4	300.0
34	5	300.0
34	6	300.0
34	7	300.0
34	8	300.0
34	9	300.0
34	10	250.0
34	11	300.0
34	12	300.0
34	13	300.0
34	14	300.0
34	15	300.0
34	16	208.0
34	17	201.0
34	18	200.0
34	19	250.0
34	20	250.0
34	21	300.0
34	22	300.0
34	23	300.0
34	24	280.0
35	1	454.0
35	2	514.0
35	3	514.0
35	4	454.0
35	5	480.0
35	6	480.0
35	7	480.0
35	8	480.0
35	9	483.0
35	10	358.0
35	11	527.0
35	12	510.0
35	13	400.0
35	14	400.0
35	15	526.0
35	16	345.0
35	17	308.0
35	18	300.0
35	19	250.0
35	20	250.0
35	21	300.0
35	22	350.0
35	23	350.0
35	24	483.0
36	1	254.0
36	2	254.0
36	3	254.0
36	4	254.0
36	5	200.0
36	6	140.0
36	7	190.0
36	8	190.0
36	9	190.0
36	10	244.0
36	11	183.0
36	12	304.0
36	13	304.0
36	14	304.0
36	15	254.0
36	16	140.0
36	17	140.0
36	18	140.0
36	19	140.0
36	20	140.0
36	21	140.0
36	22	254.0
36	23	254.0
36	24	271.0
37	1	365.0
37	2	365.0
37	3	365.0
37	4	365.0
37	5	365.0
37	6	365.0
37	7	250.0
37	8	250.0
37	9	250.0
37	10	250.0
37	11	300.0
37	12	425.0
37	13	425.0
37	14	425.0
37	15	402.0
37	16	200.0
37	17	200.0
37	18	200.0
37	19	300.0
37	20	300.0
37	21	300.0
37	22	300.0
37	23	350.0
37	24	365.0
38	1	311.0
38	2	311.0
38	3	311.0
38	4	311.0
38	5	311.0
38	6	311.0
38	7	250.0
38	8	250.0
38	9	250.0
38	10	250.0
38	11	300.0
38	12	371.0
38	13	371.0
38	14	371.0
38	15	371.0
38	16	200.0
38	17	200.0
38	18	200.0
38	19	300.0
38	20	300.0
38	21	300.0
38	22	300.0
38	23	311.0
38	24	330.0
39	1	295.0
39	2	295.0
39	3	295.0
39	4	295.0
39	5	295.0
39	6	295.0
39	7	347.0
39	8	435.0
39	9	435.0
39	10	398.0
39	11	509.0
39	12	559.0
39	13	559.0
39	14	559.0
39	15	539.0
39	16	355.0
39	17	348.0
39	18	260.0
39	19	250.0
39	20	250.0
39	21	290.0
39	22	295.0
39	23	295.0
39	24	329.0
40	1	295.0
40	2	295.0
40	3	295.0
40	4	295.0
40	5	295.0
40	6	295.0
40	7	347.0
40	8	435.0
40	9	435.0
40	10	398.0
40	11	509.0
40	12	559.0
40	13	559.0
40	14	559.0
40	15	539.0
40	16	355.0
40	17	348.0
40	18	260.0
40	19	250.0
40	20	250.0
40	21	290.0
40	22	295.0
40	23	295.0
40	24	329.0
41	1	362.0
41	2	362.0
41	3	362.0
41	4	362.0
41	5	362.0
41	6	362.0
41	7	250.0
41	8	169.0
41	9	250.0
41	10	169.0
41	11	269.0
41	12	274.0
41	13	285.0
41	14	303.0
41	15	273.0
41	16	169.0
41	17	119.0
41	18	119.0
41	19	219.0
41	20	219.0
41	21	300.0
41	22	274.0
41	23	350.0
41	24	300.0
42	1	260.0
42	2	260.0
42	3	260.0
42	4	260.0
42	5	260.0
42	6	260.0
42	7	250.0
42	8	250.0
42	9	250.0
42	10	250.0
42	11	282.0
42	12	320.0
42	13	320.0
42	14	320.0
42	15	320.0
42	16	211.0
42	17	200.0
42	18	200.0
42	19	260.0
42	20	260.0
42	21	260.0
42	22	260.0
42	23	260.0
42	24	260.0
43	1	330.0
43	2	330.0
43	3	330.0
43	4	330.0
43	5	330.0
43	6	330.0
43	7	250.0
43	8	250.0
43	9	250.0
43	10	224.0
43	11	183.0
43	12	383.0
43	13	390.0
43	14	390.0
43	15	383.0
43	16	84.0
43	17	60.0
43	18	200.0
43	19	300.0
43	20	300.0
43	21	300.0
43	22	300.0
43	23	330.0
43	24	305.0
44	1	0.0
44	2	0.0
44	3	0.0
44	4	0.0
44	5	35.0
44	6	0.0
44	7	0.0
44	8	35.0
44	9	0.0
44	10	0.0
44	11	0.0
44	12	0.0
44	13	0.0
44	14	0.0
44	15	0.0
44	16	24.0
44	17	35.0
44	18	35.0
44	19	35.0
44	20	35.0
44	21	0.0
44	22	0.0
44	23	0.0
44	24	35.0
45	1	279.0
45	2	279.0
45	3	279.0
45	4	279.0
45	5	279.0
45	6	279.0
45	7	250.0
45	8	240.0
45	9	240.0
45	10	185.0
45	11	213.0
45	12	264.0
45	13	279.0
45	14	279.0
45	15	279.0
45	16	250.0
45	17	190.0
45	18	190.0
45	19	279.0
45	20	279.0
45	21	279.0
45	22	279.0
45	23	279.0
45	24	337.0
46	1	408.0
46	2	408.0
46	3	408.0
46	4	408.0
46	5	408.0
46	6	350.0
46	7	250.0
46	8	250.0
46	9	240.0
46	10	240.0
46	11	290.0
46	12	345.0
46	13	408.0
46	14	408.0
46	15	400.0
46	16	200.0
46	17	200.0
46	18	200.0
46	19	300.0
46	20	300.0
46	21	300.0
46	22	300.0
46	23	350.0
46	24	403.0
47	1	426.0
47	2	426.0
47	3	426.0
47	4	426.0
47	5	426.0
47	6	400.0
47	7	250.0
47	8	250.0
47	9	250.0
47	10	250.0
47	11	324.0
47	12	426.0
47	13	426.0
47	14	426.0
47	15	426.0
47	16	250.0
47	17	200.0
47	18	200.0
47	19	300.0
47	20	300.0
47	21	300.0
47	22	300.0
47	23	350.0
47	24	416.0
48	1	550.0
48	2	544.0
48	3	544.0
48	4	544.0
48	5	549.0
48	6	549.0
48	7	523.0
48	8	512.0
48	9	546.0
48	10	546.0
48	11	688.0
48	12	729.0
48	13	729.0
48	14	729.0
48	15	727.0
48	16	522.0
48	17	448.0
48	18	200.0
48	19	250.0
48	20	250.0
48	21	300.0
48	22	350.0
48	23	350.0
48	24	539.0
49	1	0.0
49	2	0.0
49	3	0.0
49	4	0.0
49	5	35.0
49	6	0.0
49	7	0.0
49	8	35.0
49	9	0.0
49	10	0.0
49	11	0.0
49	12	0.0
49	13	0.0
49	14	0.0
49	15	0.0
49	16	24.0
49	17	35.0
49	18	35.0
49	19	35.0
49	20	35.0
49	21	0.0
49	22	0.0
49	23	0.0
49	24	35.0
50	1	230.0
50	2	230.0
50	3	230.0
50	4	230.0
50	5	230.0
50	6	230.0
50	7	260.0
50	8	260.0
50	9	260.0
50	10	260.0
50	11	260.0
50	12	260.0
50	13	260.0
50	14	260.0
50	15	260.0
50	16	260.0
50	17	195.0
50	18	250.0
50	19	250.0
50	20	250.0
50	21	260.0
50	22	230.0
50	23	230.0
50	24	314.0
51	1	450.0
51	2	450.0
51	3	450.0
51	4	450.0
51	5	450.0
51	6	450.0
51	7	457.0
51	8	457.0
51	9	457.0
51	10	457.0
51	11	545.0
51	12	559.0
51	13	559.0
51	14	559.0
51	15	478.0
51	16	407.0
51	17	333.0
51	18	200.0
51	19	250.0
51	20	250.0
51	21	300.0
51	22	350.0
51	23	350.0
51	24	450.0
52	1	50.0
52	2	35.0
52	3	35.0
52	4	35.0
52	5	59.0
52	6	88.0
52	7	88.0
52	8	138.0
52	9	88.0
52	10	78.0
52	11	63.0
52	12	55.0
52	13	45.0
52	14	45.0
52	15	56.0
52	16	92.0
52	17	80.0
52	18	55.0
52	19	50.0
52	20	50.0
52	21	50.0
52	22	50.0
52	23	35.0
52	24	50.0
53	1	50.0
53	2	50.0
53	3	90.0
53	4	90.0
53	5	100.0
53	6	100.0
53	7	100.0
53	8	150.0
53	9	100.0
53	10	100.0
53	11	90.0
53	12	90.0
53	13	100.0
53	14	100.0
53	15	100.0
53	16	128.0
53	17	150.0
53	18	100.0
53	19	50.0
53	20	50.0
53	21	50.0
53	22	50.0
53	23	50.0
53	24	50.0
54	1	405.0
54	2	405.0
54	3	405.0
54	4	405.0
54	5	405.0
54	6	400.0
54	7	250.0
54	8	250.0
54	9	250.0
54	10	250.0
54	11	325.0
54	12	405.0
54	13	405.0
54	14	405.0
54	15	405.0
54	16	250.0
54	17	200.0
54	18	200.0
54	19	300.0
54	20	300.0
54	21	300.0
54	22	300.0
54	23	350.0
54	24	265.0
55	1	0.0
55	2	0.0
55	3	10.0
55	4	10.0
55	5	100.0
55	6	100.0
55	7	100.0
55	8	150.0
55	9	100.0
55	10	100.0
55	11	100.0
55	12	100.0
55	13	100.0
55	14	100.0
55	15	100.0
55	16	150.0
55	17	150.0
55	18	100.0
55	19	50.0
55	20	50.0
55	21	50.0
55	22	50.0
55	23	50.0
55	24	50.0
56	1	523.0
56	2	533.0
56	3	533.0
56	4	523.0
56	5	522.0
56	6	523.0
56	7	533.0
56	8	533.0
56	9	398.0
56	10	348.0
56	11	348.0
56	12	395.0
56	13	390.0
56	14	390.0
56	15	485.0
56	16	523.0
56	17	480.0
56	18	218.0
56	19	250.0
56	20	250.0
56	21	300.0
56	22	350.0
56	23	350.0
56	24	450.0
57	1	147.0
57	2	147.0
57	3	147.0
57	4	147.0
57	5	147.0
57	6	147.0
57	7	147.0
57	8	147.0
57	9	147.0
57	10	147.0
57	11	147.0
57	12	147.0
57	13	147.0
57	14	147.0
57	15	147.0
57	16	147.0
57	17	147.0
57	18	147.0
57	19	147.0
57	20	147.0
57	21	147.0
57	22	147.0
57	23	147.0
57	24	426.0
58	1	50.0
58	2	50.0
58	3	50.0
58	4	79.0
58	5	79.0
58	6	50.0
58	7	50.0
58	8	50.0
58	9	79.0
58	10	50.0
58	11	50.0
58	12	50.0
58	13	50.0
58	14	50.0
58	15	50.0
58	16	50.0
58	17	79.0
58	18	79.0
58	19	50.0
58	20	50.0
58	21	50.0
58	22	50.0
58	23	50.0
58	24	50.0
59	1	181.0
59	2	181.0
59	3	181.0
59	4	181.0
59	5	181.0
59	6	181.0
59	7	171.0
59	8	181.0
59	9	171.0
59	10	171.0
59	11	171.0
59	12	181.0
59	13	181.0
59	14	181.0
59	15	181.0
59	16	170.0
59	17	170.0
59	18	170.0
59	19	171.0
59	20	171.0
59	21	171.0
59	22	171.0
59	23	171.0
59	24	253.0
60	1	336.0
60	2	336.0
60	3	336.0
60	4	336.0
60	5	336.0
60	6	336.0
60	7	230.0
60	8	230.0
60	9	180.0
60	10	107.0
60	11	70.0
60	12	158.0
60	13	74.0
60	14	130.0
60	15	49.0
60	16	80.0
60	17	49.0
60	18	40.0
60	19	180.0
60	20	180.0
60	21	130.0
60	22	230.0
60	23	330.0
60	24	230.0
61	1	0.0
61	2	0.0
61	3	0.0
61	4	31.0
61	5	31.0
61	6	31.0
61	7	31.0
61	8	31.0
61	9	31.0
61	10	31.0
61	11	31.0
61	12	31.0
61	13	31.0
61	14	31.0
61	15	31.0
61	16	31.0
61	17	31.0
61	18	31.0
61	19	31.0
61	20	0.0
61	21	0.0
61	22	0.0
61	23	0.0
61	24	0.0
62	1	350.0
62	2	350.0
62	3	350.0
62	4	350.0
62	5	350.0
62	6	350.0
62	7	350.0
62	8	196.0
62	9	196.0
62	10	136.0
62	11	86.0
62	12	196.0
62	13	200.0
62	14	200.0
62	15	200.0
62	16	150.0
62	17	110.0
62	18	150.0
62	19	150.0
62	20	196.0
62	21	200.0
62	22	200.0
62	23	250.0
62	24	307.0
63	1	399.0
63	2	399.0
63	3	399.0
63	4	399.0
63	5	399.0
63	6	399.0
63	7	399.0
63	8	479.0
63	9	479.0
63	10	462.0
63	11	479.0
63	12	426.0
63	13	438.0
63	14	479.0
63	15	479.0
63	16	362.0
63	17	339.0
63	18	189.0
63	19	139.0
63	20	139.0
63	21	189.0
63	22	239.0
63	23	239.0
63	24	366.0
64	1	450.0
64	2	492.0
64	3	464.0
64	4	496.0
64	5	488.0
64	6	400.0
64	7	250.0
64	8	250.0
64	9	250.0
64	10	250.0
64	11	300.0
64	12	547.0
64	13	592.0
64	14	592.0
64	15	518.0
64	16	250.0
64	17	200.0
64	18	200.0
64	19	300.0
64	20	300.0
64	21	300.0
64	22	300.0
64	23	350.0
64	24	387.0
65	1	202.0
65	2	202.0
65	3	202.0
65	4	202.0
65	5	202.0
65	6	202.0
65	7	195.0
65	8	69.0
65	9	70.0
65	10	58.0
65	11	20.0
65	12	20.0
65	13	20.0
65	14	20.0
65	15	20.0
65	16	50.0
65	17	50.0
65	18	50.0
65	19	50.0
65	20	50.0
65	21	10.0
65	22	17.0
65	23	70.0
65	24	136.0
66	1	268.0
66	2	268.0
66	3	268.0
66	4	258.0
66	5	268.0
66	6	268.0
66	7	268.0
66	8	120.0
66	9	258.0
66	10	268.0
66	11	248.0
66	12	268.0
66	13	258.0
66	14	268.0
66	15	268.0
66	16	268.0
66	17	200.0
66	18	200.0
66	19	200.0
66	20	250.0
66	21	250.0
66	22	268.0
66	23	268.0
66	24	168.0
67	1	382.0
67	2	382.0
67	3	382.0
67	4	382.0
67	5	382.0
67	6	328.0
67	7	328.0
67	8	295.0
67	9	275.0
67	10	235.0
67	11	250.0
67	12	321.0
67	13	318.0
67	14	318.0
67	15	328.0
67	16	195.0
67	17	200.0
67	18	200.0
67	19	245.0
67	20	250.0
67	21	300.0
67	22	285.0
67	23	328.0
67	24	328.0
68	1	411.0
68	2	411.0
68	3	411.0
68	4	411.0
68	5	411.0
68	6	411.0
68	7	351.0
68	8	250.0
68	9	250.0
68	10	250.0
68	11	250.0
68	12	298.0
68	13	431.0
68	14	431.0
68	15	431.0
68	16	410.0
68	17	200.0
68	18	200.0
68	19	200.0
68	20	300.0
68	21	300.0
68	22	300.0
68	23	300.0
68	24	350.0
69	1	387.0
69	2	387.0
69	3	387.0
69	4	387.0
69	5	387.0
69	6	360.0
69	7	250.0
69	8	250.0
69	9	200.0
69	10	250.0
69	11	300.0
69	12	353.0
69	13	353.0
69	14	353.0
69	15	273.0
69	16	200.0
69	17	200.0
69	18	200.0
69	19	260.0
69	20	260.0
69	21	273.0
69	22	300.0
69	23	327.0
69	24	417.0
70	1	454.0
70	2	454.0
70	3	454.0
70	4	454.0
70	5	450.0
70	6	400.0
70	7	250.0
70	8	250.0
70	9	250.0
70	10	250.0
70	11	310.0
70	12	454.0
70	13	454.0
70	14	424.0
70	15	424.0
70	16	210.0
70	17	200.0
70	18	200.0
70	19	300.0
70	20	300.0
70	21	300.0
70	22	300.0
70	23	350.0
70	24	433.0
71	1	238.0
71	2	253.0
71	3	253.0
71	4	253.0
71	5	253.0
71	6	253.0
71	7	253.0
71	8	253.0
71	9	253.0
71	10	253.0
71	11	250.0
71	12	253.0
71	13	253.0
71	14	253.0
71	15	253.0
71	16	253.0
71	17	200.0
71	18	200.0
71	19	200.0
71	20	250.0
71	21	250.0
71	22	253.0
71	23	253.0
71	24	253.0
72	1	50.0
72	2	50.0
72	3	50.0
72	4	79.0
72	5	79.0
72	6	79.0
72	7	79.0
72	8	79.0
72	9	79.0
72	10	79.0
72	11	79.0
72	12	79.0
72	13	79.0
72	14	79.0
72	15	79.0
72	16	79.0
72	17	79.0
72	18	79.0
72	19	79.0
72	20	50.0
72	21	50.0
72	22	50.0
72	23	50.0
72	24	50.0
73	1	252.0
73	2	260.0
73	3	260.0
73	4	260.0
73	5	256.0
73	6	260.0
73	7	187.0
73	8	130.0
73	9	130.0
73	10	130.0
73	11	130.0
73	12	160.0
73	13	257.0
73	14	257.0
73	15	257.0
73	16	257.0
73	17	150.0
73	18	100.0
73	19	140.0
73	20	197.0
73	21	197.0
73	22	157.0
73	23	177.0
73	24	177.0
74	1	251.0
74	2	251.0
74	3	251.0
74	4	251.0
74	5	251.0
74	6	251.0
74	7	220.0
74	8	70.0
74	9	70.0
74	10	67.0
74	11	52.0
74	12	97.0
74	13	153.0
74	14	231.0
74	15	231.0
74	16	212.0
74	17	30.0
74	18	30.0
74	19	30.0
74	20	108.0
74	21	108.0
74	22	117.0
74	23	117.0
74	24	172.0
75	1	209.0
75	2	209.0
75	3	209.0
75	4	209.0
75	5	209.0
75	6	209.0
75	7	90.0
75	8	121.0
75	9	145.0
75	10	95.0
75	11	95.0
75	12	95.0
75	13	95.0
75	14	95.0
75	15	45.0
75	16	45.0
75	17	45.0
75	18	45.0
75	19	95.0
75	20	95.0
75	21	95.0
75	22	145.0
75	23	168.0
75	24	209.0
76	1	256.0
76	2	281.0
76	3	281.0
76	4	281.0
76	5	281.0
76	6	281.0
76	7	281.0
76	8	250.0
76	9	235.0
76	10	224.0
76	11	237.0
76	12	281.0
76	13	281.0
76	14	281.0
76	15	281.0
76	16	281.0
76	17	200.0
76	18	156.0
76	19	200.0
76	20	256.0
76	21	256.0
76	22	256.0
76	23	256.0
76	24	237.0
77	1	284.0
77	2	284.0
77	3	284.0
77	4	284.0
77	5	284.0
77	6	284.0
77	7	270.0
77	8	241.0
77	9	250.0
77	10	245.0
77	11	191.0
77	12	173.0
77	13	173.0
77	14	173.0
77	15	173.0
77	16	115.0
77	17	115.0
77	18	125.0
77	19	125.0
77	20	175.0
77	21	200.0
77	22	198.0
77	23	250.0
77	24	270.0
78	1	384.0
78	2	434.0
78	3	434.0
78	4	384.0
78	5	384.0
78	6	384.0
78	7	250.0
78	8	250.0
78	9	250.0
78	10	250.0
78	11	273.0
78	12	384.0
78	13	434.0
78	14	434.0
78	15	384.0
78	16	200.0
78	17	200.0
78	18	200.0
78	19	300.0
78	20	300.0
78	21	300.0
78	22	300.0
78	23	350.0
78	24	299.0
79	1	31.0
79	2	0.0
79	3	0.0
79	4	0.0
79	5	0.0
79	6	30.0
79	7	25.0
79	8	31.0
79	9	31.0
79	10	31.0
79	11	0.0
79	12	0.0
79	13	0.0
79	14	0.0
79	15	0.0
79	16	0.0
79	17	31.0
79	18	31.0
79	19	31.0
79	20	25.0
79	21	25.0
79	22	25.0
79	23	25.0
79	24	31.0
80	1	255.0
80	2	255.0
80	3	255.0
80	4	255.0
80	5	255.0
80	6	255.0
80	7	201.0
80	8	154.0
80	9	152.0
80	10	116.0
80	11	151.0
80	12	193.0
80	13	335.0
80	14	335.0
80	15	335.0
80	16	255.0
80	17	176.0
80	18	123.0
80	19	83.0
80	20	176.0
80	21	176.0
80	22	160.0
80	23	157.0
80	24	207.0
81	1	277.0
81	2	277.0
81	3	277.0
81	4	277.0
81	5	277.0
81	6	277.0
81	7	223.0
81	8	155.0
81	9	182.0
81	10	182.0
81	11	182.0
81	12	152.0
81	13	152.0
81	14	152.0
81	15	152.0
81	16	98.0
81	17	98.0
81	18	98.0
81	19	98.0
81	20	98.0
81	21	98.0
81	22	98.0
81	23	223.0
81	24	223.0
82	1	290.0
82	2	380.0
82	3	380.0
82	4	340.0
82	5	259.0
82	6	285.0
82	7	200.0
82	8	200.0
82	9	200.0
82	10	152.0
82	11	150.0
82	12	167.0
82	13	167.0
82	14	150.0
82	15	100.0
82	16	120.0
82	17	120.0
82	18	115.0
82	19	165.0
82	20	157.0
82	21	172.0
82	22	222.0
82	23	285.0
82	24	416.0
83	1	433.0
83	2	355.0
83	3	355.0
83	4	355.0
83	5	355.0
83	6	379.0
83	7	250.0
83	8	250.0
83	9	250.0
83	10	210.0
83	11	243.0
83	12	493.0
83	13	493.0
83	14	493.0
83	15	433.0
83	16	200.0
83	17	160.0
83	18	160.0
83	19	260.0
83	20	260.0
83	21	260.0
83	22	260.0
83	23	310.0
83	24	283.0
84	1	378.0
84	2	378.0
84	3	378.0
84	4	378.0
84	5	378.0
84	6	378.0
84	7	350.0
84	8	250.0
84	9	250.0
84	10	250.0
84	11	250.0
84	12	240.0
84	13	343.0
84	14	408.0
84	15	418.0
84	16	378.0
84	17	200.0
84	18	200.0
84	19	200.0
84	20	300.0
84	21	300.0
84	22	300.0
84	23	290.0
84	24	331.0
85	1	279.0
85	2	311.0
85	3	285.0
85	4	311.0
85	5	311.0
85	6	283.0
85	7	257.0
85	8	207.0
85	9	257.0
85	10	257.0
85	11	267.0
85	12	306.0
85	13	309.0
85	14	311.0
85	15	311.0
85	16	257.0
85	17	227.0
85	18	200.0
85	19	227.0
85	20	250.0
85	21	300.0
85	22	311.0
85	23	311.0
85	24	50.0
86	1	226.0
86	2	226.0
86	3	226.0
86	4	226.0
86	5	226.0
86	6	226.0
86	7	140.0
86	8	140.0
86	9	140.0
86	10	140.0
86	11	140.0
86	12	140.0
86	13	226.0
86	14	226.0
86	15	226.0
86	16	226.0
86	17	152.0
86	18	79.0
86	19	20.0
86	20	140.0
86	21	140.0
86	22	140.0
86	23	140.0
86	24	172.0
87	1	339.0
87	2	339.0
87	3	339.0
87	4	339.0
87	5	339.0
87	6	339.0
87	7	279.0
87	8	250.0
87	9	250.0
87	10	220.0
87	11	225.0
87	12	300.0
87	13	350.0
87	14	400.0
87	15	400.0
87	16	429.0
87	17	200.0
87	18	140.0
87	19	200.0
87	20	300.0
87	21	300.0
87	22	225.0
87	23	279.0
87	24	339.0
88	1	273.0
88	2	294.0
88	3	349.0
88	4	352.0
88	5	302.0
88	6	299.0
88	7	220.0
88	8	140.0
88	9	140.0
88	10	140.0
88	11	140.0
88	12	32.0
88	13	32.0
88	14	140.0
88	15	32.0
88	16	0.0
88	17	0.0
88	18	0.0
88	19	0.0
88	20	32.0
88	21	23.0
88	22	27.0
88	23	86.0
88	24	170.0
89	1	31.0
89	2	31.0
89	3	31.0
89	4	31.0
89	5	31.0
89	6	31.0
89	7	31.0
89	8	31.0
89	9	31.0
89	10	31.0
89	11	31.0
89	12	31.0
89	13	31.0
89	14	31.0
89	15	31.0
89	16	31.0
89	17	31.0
89	18	31.0
89	19	31.0
89	20	0.0
89	21	0.0
89	22	31.0
89	23	31.0
89	24	31.0
90	1	185.0
90	2	185.0
90	3	185.0
90	4	185.0
90	5	185.0
90	6	185.0
90	7	185.0
90	8	185.0
90	9	185.0
90	10	185.0
90	11	185.0
90	12	185.0
90	13	185.0
90	14	98.0
90	15	98.0
90	16	65.0
90	17	98.0
90	18	98.0
90	19	98.0
90	20	98.0
90	21	98.0
90	22	131.0
90	23	131.0
90	24	185.0
91	1	370.0
91	2	300.0
91	3	280.0
91	4	299.0
91	5	279.0
91	6	276.0
91	7	375.0
91	8	300.0
91	9	300.0
91	10	300.0
91	11	298.0
91	12	425.0
91	13	400.0
91	14	445.0
91	15	445.0
91	16	425.0
91	17	292.0
91	18	214.0
91	19	200.0
91	20	250.0
91	21	210.0
91	22	210.0
91	23	210.0
91	24	210.0
92	1	259.0
92	2	259.0
92	3	259.0
92	4	259.0
92	5	259.0
92	6	259.0
92	7	259.0
92	8	160.0
92	9	200.0
92	10	200.0
92	11	200.0
92	12	299.0
92	13	299.0
92	14	299.0
92	15	349.0
92	16	349.0
92	17	298.0
92	18	267.0
92	19	200.0
92	20	243.0
92	21	243.0
92	22	182.0
92	23	182.0
92	24	182.0
93	1	304.0
93	2	326.0
93	3	409.0
93	4	409.0
93	5	409.0
93	6	409.0
93	7	369.0
93	8	191.0
93	9	191.0
93	10	141.0
93	11	231.0
93	12	231.0
93	13	231.0
93	14	231.0
93	15	191.0
93	16	231.0
93	17	191.0
93	18	171.0
93	19	167.0
93	20	166.0
93	21	166.0
93	22	191.0
93	23	191.0
93	24	191.0
94	1	31.0
94	2	31.0
94	3	31.0
94	4	31.0
94	5	31.0
94	6	31.0
94	7	31.0
94	8	31.0
94	9	31.0
94	10	31.0
94	11	31.0
94	12	31.0
94	13	31.0
94	14	31.0
94	15	31.0
94	16	31.0
94	17	31.0
94	18	31.0
94	19	31.0
94	20	31.0
94	21	31.0
94	22	31.0
94	23	31.0
94	24	31.0
95	1	0.0
95	2	0.0
95	3	0.0
95	4	0.0
95	5	0.0
95	6	0.0
95	7	31.0
95	8	31.0
95	9	31.0
95	10	31.0
95	11	31.0
95	12	31.0
95	13	31.0
95	14	0.0
95	15	31.0
95	16	31.0
95	17	31.0
95	18	31.0
95	19	31.0
95	20	25.0
95	21	25.0
95	22	25.0
95	23	0.0
95	24	0.0
96	1	365.0
96	2	365.0
96	3	365.0
96	4	365.0
96	5	365.0
96	6	365.0
96	7	365.0
96	8	253.0
96	9	253.0
96	10	250.0
96	11	253.0
96	12	253.0
96	13	253.0
96	14	253.0
96	15	253.0
96	16	170.0
96	17	192.0
96	18	170.0
96	19	210.0
96	20	210.0
96	21	210.0
96	22	210.0
96	23	210.0
96	24	355.0
97	1	344.0
97	2	344.0
97	3	344.0
97	4	344.0
97	5	344.0
97	6	344.0
97	7	344.0
97	8	230.0
97	9	250.0
97	10	250.0
97	11	250.0
97	12	300.0
97	13	424.0
97	14	424.0
97	15	424.0
97	16	424.0
97	17	200.0
97	18	200.0
97	19	195.0
97	20	260.0
97	21	284.0
97	22	300.0
97	23	300.0
97	24	344.0
98	1	175.0
98	2	175.0
98	3	175.0
98	4	175.0
98	5	175.0
98	6	175.0
98	7	149.0
98	8	152.0
98	9	147.0
98	10	137.0
98	11	188.0
98	12	182.0
98	13	188.0
98	14	188.0
98	15	147.0
98	16	150.0
98	17	150.0
98	18	150.0
98	19	155.0
98	20	155.0
98	21	155.0
98	22	236.0
98	23	147.0
98	24	175.0
99	1	0.0
99	2	0.0
99	3	0.0
99	4	0.0
99	5	0.0
99	6	0.0
99	7	0.0
99	8	54.0
99	9	79.0
99	10	44.0
99	11	44.0
99	12	44.0
99	13	79.0
99	14	79.0
99	15	50.0
99	16	50.0
99	17	79.0
99	18	79.0
99	19	79.0
99	20	50.0
99	21	50.0
99	22	50.0
99	23	50.0
99	24	79.0
100	1	341.0
100	2	341.0
100	3	341.0
100	4	341.0
100	5	341.0
100	6	341.0
100	7	341.0
100	8	300.0
100	9	300.0
100	10	300.0
100	11	307.0
100	12	307.0
100	13	307.0
100	14	307.0
100	15	307.0
100	16	307.0
100	17	227.0
100	18	227.0
100	19	227.0
100	20	227.0
100	21	227.0
100	22	227.0
100	23	227.0
100	24	227.0
101	1	0.0
101	2	0.0
101	3	0.0
101	4	31.0
101	5	31.0
101	6	31.0
101	7	31.0
101	8	31.0
101	9	31.0
101	10	31.0
101	11	31.0
101	12	31.0
101	13	31.0
101	14	31.0
101	15	31.0
101	16	31.0
101	17	31.0
101	18	31.0
101	19	31.0
101	20	0.0
101	21	0.0
101	22	0.0
101	23	0.0
101	24	0.0
102	1	273.0
102	2	260.0
102	3	260.0
102	4	260.0
102	5	260.0
102	6	273.0
102	7	283.0
102	8	250.0
102	9	178.0
102	10	175.0
102	11	125.0
102	12	293.0
102	13	293.0
102	14	363.0
102	15	350.0
102	16	283.0
102	17	200.0
102	18	90.0
102	19	200.0
102	20	213.0
102	21	213.0
102	22	213.0
102	23	213.0
102	24	203.0
103	1	450.0
103	2	438.0
103	3	438.0
103	4	438.0
103	5	438.0
103	6	450.0
103	7	400.0
103	8	230.0
103	9	230.0
103	10	230.0
103	11	230.0
103	12	310.0
103	13	470.0
103	14	470.0
103	15	470.0
103	16	470.0
103	17	210.0
103	18	200.0
103	19	200.0
103	20	180.0
103	21	200.0
103	22	220.0
103	23	230.0
103	24	350.0
104	1	120.0
104	2	120.0
104	3	120.0
104	4	120.0
104	5	120.0
104	6	120.0
104	7	90.0
104	8	82.0
104	9	82.0
104	10	70.0
104	11	70.0
104	12	112.0
104	13	168.0
104	14	170.0
104	15	170.0
104	16	170.0
104	17	70.0
104	18	140.0
104	19	170.0
104	20	140.0
104	21	140.0
104	22	140.0
104	23	90.0
104	24	120.0
105	1	382.0
105	2	382.0
105	3	382.0
105	4	382.0
105	5	382.0
105	6	328.0
105	7	328.0
105	8	295.0
105	9	275.0
105	10	235.0
105	11	250.0
105	12	321.0
105	13	318.0
105	14	318.0
105	15	328.0
105	16	195.0
105	17	200.0
105	18	200.0
105	19	245.0
105	20	250.0
105	21	300.0
105	22	285.0
105	23	328.0
105	24	328.0
106	1	431.0
106	2	431.0
106	3	431.0
106	4	431.0
106	5	431.0
106	6	297.0
106	7	200.0
106	8	250.0
106	9	103.0
106	10	91.0
106	11	194.0
106	12	381.0
106	13	431.0
106	14	431.0
106	15	381.0
106	16	143.0
106	17	93.0
106	18	93.0
106	19	193.0
106	20	193.0
106	21	193.0
106	22	193.0
106	23	252.0
106	24	384.0
107	1	25.0
107	2	25.0
107	3	25.0
107	4	31.0
107	5	31.0
107	6	31.0
107	7	31.0
107	8	31.0
107	9	31.0
107	10	31.0
107	11	31.0
107	12	31.0
107	13	31.0
107	14	31.0
107	15	31.0
107	16	31.0
107	17	31.0
107	18	31.0
107	19	31.0
107	20	25.0
107	21	25.0
107	22	25.0
107	23	25.0
107	24	25.0
108	1	384.0
108	2	434.0
108	3	434.0
108	4	384.0
108	5	384.0
108	6	384.0
108	7	250.0
108	8	250.0
108	9	250.0
108	10	250.0
108	11	273.0
108	12	384.0
108	13	434.0
108	14	434.0
108	15	384.0
108	16	200.0
108	17	200.0
108	18	200.0
108	19	300.0
108	20	300.0
108	21	300.0
108	22	300.0
108	23	350.0
108	24	299.0
109	1	0.0
109	2	0.0
109	3	0.0
109	4	0.0
109	5	0.0
109	6	0.0
109	7	0.0
109	8	41.0
109	9	31.0
109	10	0.0
109	11	0.0
109	12	0.0
109	13	0.0
109	14	0.0
109	15	0.0
109	16	0.0
109	17	13.0
109	18	31.0
109	19	31.0
109	20	0.0
109	21	0.0
109	22	0.0
109	23	0.0
109	24	0.0
110	1	185.0
110	2	185.0
110	3	185.0
110	4	185.0
110	5	185.0
110	6	131.0
110	7	131.0
110	8	41.0
110	9	20.0
110	10	0.0
110	11	0.0
110	12	0.0
110	13	0.0
110	14	0.0
110	15	0.0
110	16	0.0
110	17	0.0
110	18	0.0
110	19	0.0
110	20	0.0
110	21	0.0
110	22	72.0
110	23	172.0
110	24	161.0
111	1	0.0
111	2	0.0
111	3	0.0
111	4	0.0
111	5	0.0
111	6	0.0
111	7	0.0
111	8	54.0
111	9	79.0
111	10	44.0
111	11	44.0
111	12	44.0
111	13	79.0
111	14	79.0
111	15	50.0
111	16	50.0
111	17	79.0
111	18	79.0
111	19	79.0
111	20	50.0
111	21	50.0
111	22	50.0
111	23	50.0
111	24	79.0
112	1	307.0
112	2	307.0
112	3	307.0
112	4	307.0
112	5	274.0
112	6	70.0
112	7	70.0
112	8	70.0
112	9	70.0
112	10	70.0
112	11	35.0
112	12	50.0
112	13	50.0
112	14	35.0
112	15	0.0
112	16	70.0
112	17	70.0
112	18	70.0
112	19	70.0
112	20	70.0
112	21	70.0
112	22	103.0
112	23	103.0
112	24	369.0
