Node	Time	EnergyCarrier	ReferenceDemand
3	1	Electricity	33.66335499444204
3	2	Electricity	33.06561182773082
3	3	Electricity	32.448404023904786
3	4	Electricity	32.38776121288877
3	5	Electricity	33.29561748423257
3	6	Electricity	37.64747208130561
3	7	Electricity	46.044989733960925
3	8	Electricity	54.933493618751356
3	9	Electricity	68.60773049506966
3	10	Electricity	80.32363255567071
3	11	Electricity	85.38963580893015
3	12	Electricity	87.03445318352794
3	13	Electricity	81.19587591969473
3	14	Electricity	81.8357645456019
3	15	Electricity	89.02711772130284
3	16	Electricity	90.21164913133741
3	17	Electricity	88.70011901850961
3	18	Electricity	84.5340723584393
3	19	Electricity	77.08695587191775
3	20	Electricity	62.635017995444244
3	21	Electricity	46.15282427051916
3	22	Electricity	39.67975520791653
3	23	Electricity	37.12424674742156
3	24	Electricity	35.73231368160764
3	1	LT	1.3864412860465598
3	2	LT	1.3864412860465598
3	3	LT	1.3864412860465598
3	4	LT	1.3864412860465598
3	5	LT	1.3864412860465598
3	6	LT	1.3864412860465598
3	7	LT	1.3864412860465598
3	8	LT	3.8196457430582718
3	9	LT	4.261920513307125
3	10	LT	4.704195283555976
3	11	LT	4.704195283555976
3	12	LT	5.6289516213490325
3	13	LT	5.6289516213490325
3	14	LT	3.7392321484675715
3	15	LT	5.6289516213490325
3	16	LT	5.6289516213490325
3	17	LT	4.703502062912954
3	18	LT	3.7399253691105954
3	19	LT	1.3864412860465598
3	20	LT	1.3864412860465598
3	21	LT	1.3864412860465598
3	22	LT	1.3864412860465598
3	23	LT	1.3864412860465598
3	24	LT	1.3864412860465598
3	1	MT	33.65902497559631
3	2	MT	33.65902497559631
3	3	MT	33.65902497559631
3	4	MT	33.65902497559631
3	5	MT	33.65902497559631
3	6	MT	33.65902497559631
3	7	MT	33.65902497559631
3	8	MT	135.59205952254405
3	9	MT	151.29219273041758
3	10	MT	166.99232593829115
3	11	MT	166.99232593829115
3	12	MT	199.8198771911176
3	13	MT	199.8198771911176
3	14	MT	132.73748984838528
3	15	MT	199.8198771911176
3	16	MT	199.8198771911176
3	17	MT	119.25297711893519
3	18	MT	52.77438417367669
3	19	MT	33.65902497559631
3	20	MT	33.65902497559631
3	21	MT	33.65902497559631
3	22	MT	33.65902497559631
3	23	MT	33.65902497559631
3	24	MT	33.65902497559631
3	1	H2	0.0
3	2	H2	0.0
3	3	H2	0.0
3	4	H2	0.0
3	5	H2	0.0
3	6	H2	0.0
3	7	H2	0.0
3	8	H2	0.0
3	9	H2	0.0
3	10	H2	0.0
3	11	H2	0.0
3	12	H2	0.0
3	13	H2	0.0
3	14	H2	0.0
3	15	H2	0.0
3	16	H2	0.0
3	17	H2	0.0
3	18	H2	0.0
3	19	H2	0.0
3	20	H2	0.0
3	21	H2	0.0
3	22	H2	0.0
3	23	H2	0.0
3	24	H2	0.0
3	1	CH4	0.0
3	2	CH4	0.0
3	3	CH4	0.0
3	4	CH4	0.0
3	5	CH4	0.0
3	6	CH4	0.0
3	7	CH4	0.0
3	8	CH4	0.0
3	9	CH4	0.0
3	10	CH4	0.0
3	11	CH4	0.0
3	12	CH4	0.0
3	13	CH4	0.0
3	14	CH4	0.0
3	15	CH4	0.0
3	16	CH4	0.0
3	17	CH4	0.0
3	18	CH4	0.0
3	19	CH4	0.0
3	20	CH4	0.0
3	21	CH4	0.0
3	22	CH4	0.0
3	23	CH4	0.0
3	24	CH4	0.0
3	1	Biogas	0.0
3	2	Biogas	0.0
3	3	Biogas	0.0
3	4	Biogas	0.0
3	5	Biogas	0.0
3	6	Biogas	0.0
3	7	Biogas	0.0
3	8	Biogas	0.0
3	9	Biogas	0.0
3	10	Biogas	0.0
3	11	Biogas	0.0
3	12	Biogas	0.0
3	13	Biogas	0.0
3	14	Biogas	0.0
3	15	Biogas	0.0
3	16	Biogas	0.0
3	17	Biogas	0.0
3	18	Biogas	0.0
3	19	Biogas	0.0
3	20	Biogas	0.0
3	21	Biogas	0.0
3	22	Biogas	0.0
3	23	Biogas	0.0
3	24	Biogas	0.0
3	1	CH4_H2_Mix	0.0
3	2	CH4_H2_Mix	0.0
3	3	CH4_H2_Mix	0.0
3	4	CH4_H2_Mix	0.0
3	5	CH4_H2_Mix	0.0
3	6	CH4_H2_Mix	0.0
3	7	CH4_H2_Mix	0.0
3	8	CH4_H2_Mix	0.0
3	9	CH4_H2_Mix	0.0
3	10	CH4_H2_Mix	0.0
3	11	CH4_H2_Mix	0.0
3	12	CH4_H2_Mix	0.0
3	13	CH4_H2_Mix	0.0
3	14	CH4_H2_Mix	0.0
3	15	CH4_H2_Mix	0.0
3	16	CH4_H2_Mix	0.0
3	17	CH4_H2_Mix	0.0
3	18	CH4_H2_Mix	0.0
3	19	CH4_H2_Mix	0.0
3	20	CH4_H2_Mix	0.0
3	21	CH4_H2_Mix	0.0
3	22	CH4_H2_Mix	0.0
3	23	CH4_H2_Mix	0.0
3	24	CH4_H2_Mix	0.0
3	1	DummyFuel	0.0
3	2	DummyFuel	0.0
3	3	DummyFuel	0.0
3	4	DummyFuel	0.0
3	5	DummyFuel	0.0
3	6	DummyFuel	0.0
3	7	DummyFuel	0.0
3	8	DummyFuel	0.0
3	9	DummyFuel	0.0
3	10	DummyFuel	0.0
3	11	DummyFuel	0.0
3	12	DummyFuel	0.0
3	13	DummyFuel	0.0
3	14	DummyFuel	0.0
3	15	DummyFuel	0.0
3	16	DummyFuel	0.0
3	17	DummyFuel	0.0
3	18	DummyFuel	0.0
3	19	DummyFuel	0.0
3	20	DummyFuel	0.0
3	21	DummyFuel	0.0
3	22	DummyFuel	0.0
3	23	DummyFuel	0.0
3	24	DummyFuel	0.0
4	1	Electricity	33.99305795095033
4	2	Electricity	33.5067309392919
4	3	Electricity	33.34892651585648
4	4	Electricity	33.45482328938089
4	5	Electricity	34.69314305375215
4	6	Electricity	39.6327780349027
4	7	Electricity	51.99267179781605
4	8	Electricity	63.47083035028392
4	9	Electricity	77.36576614777984
4	10	Electricity	87.01828907778561
4	11	Electricity	90.59885553525413
4	12	Electricity	90.67317976913594
4	13	Electricity	82.47999755616651
4	14	Electricity	82.24061290361658
4	15	Electricity	89.413541976359
4	16	Electricity	89.59821444199194
4	17	Electricity	88.23261607747774
4	18	Electricity	82.51833665892191
4	19	Electricity	74.49247187208726
4	20	Electricity	60.16438555744348
4	21	Electricity	45.28905299498535
4	22	Electricity	38.92425535241367
4	23	Electricity	36.75927964546797
4	24	Electricity	34.83236367600204
4	1	LT	18.644049248734337
4	2	LT	18.644049248734337
4	3	LT	18.644049248734337
4	4	LT	18.644049248734337
4	5	LT	18.644049248734337
4	6	LT	18.644049248734337
4	7	LT	18.644049248734337
4	8	LT	51.364355680263095
4	9	LT	57.31180739060935
4	10	LT	63.25925910095561
4	11	LT	63.25925910095561
4	12	LT	75.69483994986139
4	13	LT	75.69483994986139
4	14	LT	50.2830008238365
4	15	LT	75.69483994986139
4	16	LT	75.69483994986139
4	17	LT	63.249937076331236
4	18	LT	50.29232284846088
4	19	LT	18.644049248734337
4	20	LT	18.644049248734337
4	21	LT	18.644049248734337
4	22	LT	18.644049248734337
4	23	LT	18.644049248734337
4	24	LT	18.644049248734337
4	1	MT	74.69474270374194
4	2	MT	74.69474270374194
4	3	MT	74.69474270374194
4	4	MT	74.69474270374194
4	5	MT	74.69474270374194
4	6	MT	74.69474270374194
4	7	MT	74.69474270374194
4	8	MT	278.42194168723455
4	9	MT	310.6602717773355
4	10	MT	342.8986018674363
4	11	MT	342.8986018674363
4	12	MT	410.3060193285562
4	13	MT	410.3060193285562
4	14	MT	272.56042712539806
4	15	MT	410.3060193285562
4	16	MT	410.3060193285562
4	17	MT	261.9851956952186
4	18	MT	137.05459624383224
4	19	MT	74.69474270374194
4	20	MT	74.69474270374194
4	21	MT	74.69474270374194
4	22	MT	74.69474270374194
4	23	MT	74.69474270374194
4	24	MT	74.69474270374194
4	1	H2	0.0
4	2	H2	0.0
4	3	H2	0.0
4	4	H2	0.0
4	5	H2	0.0
4	6	H2	0.0
4	7	H2	0.0
4	8	H2	0.0
4	9	H2	0.0
4	10	H2	0.0
4	11	H2	0.0
4	12	H2	0.0
4	13	H2	0.0
4	14	H2	0.0
4	15	H2	0.0
4	16	H2	0.0
4	17	H2	0.0
4	18	H2	0.0
4	19	H2	0.0
4	20	H2	0.0
4	21	H2	0.0
4	22	H2	0.0
4	23	H2	0.0
4	24	H2	0.0
4	1	CH4	0.0
4	2	CH4	0.0
4	3	CH4	0.0
4	4	CH4	0.0
4	5	CH4	0.0
4	6	CH4	0.0
4	7	CH4	0.0
4	8	CH4	0.0
4	9	CH4	0.0
4	10	CH4	0.0
4	11	CH4	0.0
4	12	CH4	0.0
4	13	CH4	0.0
4	14	CH4	0.0
4	15	CH4	0.0
4	16	CH4	0.0
4	17	CH4	0.0
4	18	CH4	0.0
4	19	CH4	0.0
4	20	CH4	0.0
4	21	CH4	0.0
4	22	CH4	0.0
4	23	CH4	0.0
4	24	CH4	0.0
4	1	Biogas	0.0
4	2	Biogas	0.0
4	3	Biogas	0.0
4	4	Biogas	0.0
4	5	Biogas	0.0
4	6	Biogas	0.0
4	7	Biogas	0.0
4	8	Biogas	0.0
4	9	Biogas	0.0
4	10	Biogas	0.0
4	11	Biogas	0.0
4	12	Biogas	0.0
4	13	Biogas	0.0
4	14	Biogas	0.0
4	15	Biogas	0.0
4	16	Biogas	0.0
4	17	Biogas	0.0
4	18	Biogas	0.0
4	19	Biogas	0.0
4	20	Biogas	0.0
4	21	Biogas	0.0
4	22	Biogas	0.0
4	23	Biogas	0.0
4	24	Biogas	0.0
4	1	CH4_H2_Mix	0.0
4	2	CH4_H2_Mix	0.0
4	3	CH4_H2_Mix	0.0
4	4	CH4_H2_Mix	0.0
4	5	CH4_H2_Mix	0.0
4	6	CH4_H2_Mix	0.0
4	7	CH4_H2_Mix	0.0
4	8	CH4_H2_Mix	0.0
4	9	CH4_H2_Mix	0.0
4	10	CH4_H2_Mix	0.0
4	11	CH4_H2_Mix	0.0
4	12	CH4_H2_Mix	0.0
4	13	CH4_H2_Mix	0.0
4	14	CH4_H2_Mix	0.0
4	15	CH4_H2_Mix	0.0
4	16	CH4_H2_Mix	0.0
4	17	CH4_H2_Mix	0.0
4	18	CH4_H2_Mix	0.0
4	19	CH4_H2_Mix	0.0
4	20	CH4_H2_Mix	0.0
4	21	CH4_H2_Mix	0.0
4	22	CH4_H2_Mix	0.0
4	23	CH4_H2_Mix	0.0
4	24	CH4_H2_Mix	0.0
4	1	DummyFuel	0.0
4	2	DummyFuel	0.0
4	3	DummyFuel	0.0
4	4	DummyFuel	0.0
4	5	DummyFuel	0.0
4	6	DummyFuel	0.0
4	7	DummyFuel	0.0
4	8	DummyFuel	0.0
4	9	DummyFuel	0.0
4	10	DummyFuel	0.0
4	11	DummyFuel	0.0
4	12	DummyFuel	0.0
4	13	DummyFuel	0.0
4	14	DummyFuel	0.0
4	15	DummyFuel	0.0
4	16	DummyFuel	0.0
4	17	DummyFuel	0.0
4	18	DummyFuel	0.0
4	19	DummyFuel	0.0
4	20	DummyFuel	0.0
4	21	DummyFuel	0.0
4	22	DummyFuel	0.0
4	23	DummyFuel	0.0
4	24	DummyFuel	0.0
5	1	Electricity	46.37471278259898
5	2	Electricity	46.21573062591172
5	3	Electricity	46.09436934801646
5	4	Electricity	46.554824537465954
5	5	Electricity	47.95814424142109
5	6	Electricity	54.68986876671134
5	7	Electricity	64.8427164365985
5	8	Electricity	79.88651421027507
5	9	Electricity	99.63286173392221
5	10	Electricity	108.69069940282023
5	11	Electricity	111.94912864212361
5	12	Electricity	110.48262557488827
5	13	Electricity	100.00071168911526
5	14	Electricity	99.13352528359232
5	15	Electricity	104.2243419877551
5	16	Electricity	103.70851134307402
5	17	Electricity	101.7928163846971
5	18	Electricity	98.11949462275182
5	19	Electricity	89.8149854404759
5	20	Electricity	75.86720642952261
5	21	Electricity	57.60569932266154
5	22	Electricity	49.11377878555036
5	23	Electricity	47.070464547614264
5	24	Electricity	46.66020737812715
5	1	LT	48.912173699023256
5	2	LT	48.912173699023256
5	3	LT	48.912173699023256
5	4	LT	48.912173699023256
5	5	LT	48.912173699023256
5	6	LT	48.912173699023256
5	7	LT	48.912173699023256
5	8	LT	134.75303854080903
5	9	LT	150.35602195079747
5	10	LT	165.95900536078588
5	11	LT	165.95900536078588
5	12	LT	198.5834252180344
5	13	LT	198.5834252180344
5	14	LT	131.9161324662657
5	15	LT	198.5834252180344
5	16	LT	198.5834252180344
5	17	LT	165.93454927393637
5	18	LT	131.94058855311522
5	19	LT	48.912173699023256
5	20	LT	48.912173699023256
5	21	LT	48.912173699023256
5	22	LT	48.912173699023256
5	23	LT	48.912173699023256
5	24	LT	48.912173699023256
5	1	MT	136.9189608313863
5	2	MT	136.9189608313863
5	3	MT	136.9189608313863
5	4	MT	136.9189608313863
5	5	MT	136.9189608313863
5	6	MT	136.9189608313863
5	7	MT	136.9189608313863
5	8	MT	489.08128361585386
5	9	MT	545.7117480345318
5	10	MT	602.3422124532096
5	11	MT	602.3422124532096
5	12	MT	720.7513653286269
5	13	MT	720.7513653286269
5	14	MT	478.78483553973075
5	15	MT	720.7513653286269
5	16	MT	720.7513653286269
5	17	MT	477.7166713140256
5	18	MT	270.1034749589726
5	19	MT	136.9189608313863
5	20	MT	136.9189608313863
5	21	MT	136.9189608313863
5	22	MT	136.9189608313863
5	23	MT	136.9189608313863
5	24	MT	136.9189608313863
5	1	H2	0.0
5	2	H2	0.0
5	3	H2	0.0
5	4	H2	0.0
5	5	H2	0.0
5	6	H2	0.0
5	7	H2	0.0
5	8	H2	0.0
5	9	H2	0.0
5	10	H2	0.0
5	11	H2	0.0
5	12	H2	0.0
5	13	H2	0.0
5	14	H2	0.0
5	15	H2	0.0
5	16	H2	0.0
5	17	H2	0.0
5	18	H2	0.0
5	19	H2	0.0
5	20	H2	0.0
5	21	H2	0.0
5	22	H2	0.0
5	23	H2	0.0
5	24	H2	0.0
5	1	CH4	0.0
5	2	CH4	0.0
5	3	CH4	0.0
5	4	CH4	0.0
5	5	CH4	0.0
5	6	CH4	0.0
5	7	CH4	0.0
5	8	CH4	0.0
5	9	CH4	0.0
5	10	CH4	0.0
5	11	CH4	0.0
5	12	CH4	0.0
5	13	CH4	0.0
5	14	CH4	0.0
5	15	CH4	0.0
5	16	CH4	0.0
5	17	CH4	0.0
5	18	CH4	0.0
5	19	CH4	0.0
5	20	CH4	0.0
5	21	CH4	0.0
5	22	CH4	0.0
5	23	CH4	0.0
5	24	CH4	0.0
5	1	Biogas	0.0
5	2	Biogas	0.0
5	3	Biogas	0.0
5	4	Biogas	0.0
5	5	Biogas	0.0
5	6	Biogas	0.0
5	7	Biogas	0.0
5	8	Biogas	0.0
5	9	Biogas	0.0
5	10	Biogas	0.0
5	11	Biogas	0.0
5	12	Biogas	0.0
5	13	Biogas	0.0
5	14	Biogas	0.0
5	15	Biogas	0.0
5	16	Biogas	0.0
5	17	Biogas	0.0
5	18	Biogas	0.0
5	19	Biogas	0.0
5	20	Biogas	0.0
5	21	Biogas	0.0
5	22	Biogas	0.0
5	23	Biogas	0.0
5	24	Biogas	0.0
5	1	CH4_H2_Mix	0.0
5	2	CH4_H2_Mix	0.0
5	3	CH4_H2_Mix	0.0
5	4	CH4_H2_Mix	0.0
5	5	CH4_H2_Mix	0.0
5	6	CH4_H2_Mix	0.0
5	7	CH4_H2_Mix	0.0
5	8	CH4_H2_Mix	0.0
5	9	CH4_H2_Mix	0.0
5	10	CH4_H2_Mix	0.0
5	11	CH4_H2_Mix	0.0
5	12	CH4_H2_Mix	0.0
5	13	CH4_H2_Mix	0.0
5	14	CH4_H2_Mix	0.0
5	15	CH4_H2_Mix	0.0
5	16	CH4_H2_Mix	0.0
5	17	CH4_H2_Mix	0.0
5	18	CH4_H2_Mix	0.0
5	19	CH4_H2_Mix	0.0
5	20	CH4_H2_Mix	0.0
5	21	CH4_H2_Mix	0.0
5	22	CH4_H2_Mix	0.0
5	23	CH4_H2_Mix	0.0
5	24	CH4_H2_Mix	0.0
5	1	DummyFuel	0.0
5	2	DummyFuel	0.0
5	3	DummyFuel	0.0
5	4	DummyFuel	0.0
5	5	DummyFuel	0.0
5	6	DummyFuel	0.0
5	7	DummyFuel	0.0
5	8	DummyFuel	0.0
5	9	DummyFuel	0.0
5	10	DummyFuel	0.0
5	11	DummyFuel	0.0
5	12	DummyFuel	0.0
5	13	DummyFuel	0.0
5	14	DummyFuel	0.0
5	15	DummyFuel	0.0
5	16	DummyFuel	0.0
5	17	DummyFuel	0.0
5	18	DummyFuel	0.0
5	19	DummyFuel	0.0
5	20	DummyFuel	0.0
5	21	DummyFuel	0.0
5	22	DummyFuel	0.0
5	23	DummyFuel	0.0
5	24	DummyFuel	0.0
6	1	Electricity	36.11405930815256
6	2	Electricity	36.24942606734986
6	3	Electricity	36.17894305342761
6	4	Electricity	36.37658429207211
6	5	Electricity	36.4248015270128
6	6	Electricity	37.844279407885075
6	7	Electricity	39.467056020152754
6	8	Electricity	41.459581306546454
6	9	Electricity	42.53407866189085
6	10	Electricity	42.016813089494576
6	11	Electricity	43.72912046010895
6	12	Electricity	43.49789599930568
6	13	Electricity	42.58414455012962
6	14	Electricity	41.553111589552465
6	15	Electricity	41.573736224117305
6	16	Electricity	41.926957233900396
6	17	Electricity	42.56100915944766
6	18	Electricity	44.866296139108115
6	19	Electricity	44.423470463358434
6	20	Electricity	41.779613538403396
6	21	Electricity	38.926796056699025
6	22	Electricity	37.54137334767213
6	23	Electricity	37.20956702641465
6	24	Electricity	56.60559980477657
6	1	LT	15.608081229198543
6	2	LT	15.608081229198543
6	3	LT	15.608081229198543
6	4	LT	15.608081229198543
6	5	LT	15.608081229198543
6	6	LT	15.608081229198543
6	7	LT	15.608081229198543
6	8	LT	67.89515334701366
6	9	LT	76.38204751539038
6	10	LT	84.86894168376706
6	11	LT	84.86894168376706
6	12	LT	101.84273002052048
6	13	LT	101.84273002052048
6	14	LT	67.89515334701366
6	15	LT	101.84273002052048
6	16	LT	101.84273002052048
6	17	LT	84.86894168376706
6	18	LT	68.28535537774363
6	19	LT	24.387626920622726
6	20	LT	24.387626920622726
6	21	LT	24.387626920622726
6	22	LT	24.387626920622726
6	23	LT	24.387626920622726
6	24	LT	24.387626920622726
6	1	MT	73.62837267938907
6	2	MT	73.62837267938907
6	3	MT	73.62837267938907
6	4	MT	73.62837267938907
6	5	MT	73.62837267938907
6	6	MT	73.62837267938907
6	7	MT	73.62837267938907
6	8	MT	315.1786555340443
6	9	MT	354.5759874757998
6	10	MT	393.9733194175554
6	11	MT	393.9733194175554
6	12	MT	472.7679833010664
6	13	MT	472.7679833010664
6	14	MT	315.1786555340443
6	15	MT	472.7679833010664
6	16	MT	472.7679833010664
6	17	MT	303.36372963951305
6	18	MT	134.38219484458386
6	19	MT	85.97552807915315
6	20	MT	85.97552807915315
6	21	MT	85.97552807915315
6	22	MT	85.97552807915315
6	23	MT	85.97552807915315
6	24	MT	85.97552807915315
6	1	H2	0.0
6	2	H2	0.0
6	3	H2	0.0
6	4	H2	0.0
6	5	H2	0.0
6	6	H2	0.0
6	7	H2	0.0
6	8	H2	0.0
6	9	H2	0.0
6	10	H2	0.0
6	11	H2	0.0
6	12	H2	0.0
6	13	H2	0.0
6	14	H2	0.0
6	15	H2	0.0
6	16	H2	0.0
6	17	H2	0.0
6	18	H2	0.0
6	19	H2	0.0
6	20	H2	0.0
6	21	H2	0.0
6	22	H2	0.0
6	23	H2	0.0
6	24	H2	0.0
6	1	CH4	0.0
6	2	CH4	0.0
6	3	CH4	0.0
6	4	CH4	0.0
6	5	CH4	0.0
6	6	CH4	0.0
6	7	CH4	0.0
6	8	CH4	0.0
6	9	CH4	0.0
6	10	CH4	0.0
6	11	CH4	0.0
6	12	CH4	0.0
6	13	CH4	0.0
6	14	CH4	0.0
6	15	CH4	0.0
6	16	CH4	0.0
6	17	CH4	0.0
6	18	CH4	0.0
6	19	CH4	0.0
6	20	CH4	0.0
6	21	CH4	0.0
6	22	CH4	0.0
6	23	CH4	0.0
6	24	CH4	0.0
6	1	Biogas	0.0
6	2	Biogas	0.0
6	3	Biogas	0.0
6	4	Biogas	0.0
6	5	Biogas	0.0
6	6	Biogas	0.0
6	7	Biogas	0.0
6	8	Biogas	0.0
6	9	Biogas	0.0
6	10	Biogas	0.0
6	11	Biogas	0.0
6	12	Biogas	0.0
6	13	Biogas	0.0
6	14	Biogas	0.0
6	15	Biogas	0.0
6	16	Biogas	0.0
6	17	Biogas	0.0
6	18	Biogas	0.0
6	19	Biogas	0.0
6	20	Biogas	0.0
6	21	Biogas	0.0
6	22	Biogas	0.0
6	23	Biogas	0.0
6	24	Biogas	0.0
6	1	CH4_H2_Mix	0.0
6	2	CH4_H2_Mix	0.0
6	3	CH4_H2_Mix	0.0
6	4	CH4_H2_Mix	0.0
6	5	CH4_H2_Mix	0.0
6	6	CH4_H2_Mix	0.0
6	7	CH4_H2_Mix	0.0
6	8	CH4_H2_Mix	0.0
6	9	CH4_H2_Mix	0.0
6	10	CH4_H2_Mix	0.0
6	11	CH4_H2_Mix	0.0
6	12	CH4_H2_Mix	0.0
6	13	CH4_H2_Mix	0.0
6	14	CH4_H2_Mix	0.0
6	15	CH4_H2_Mix	0.0
6	16	CH4_H2_Mix	0.0
6	17	CH4_H2_Mix	0.0
6	18	CH4_H2_Mix	0.0
6	19	CH4_H2_Mix	0.0
6	20	CH4_H2_Mix	0.0
6	21	CH4_H2_Mix	0.0
6	22	CH4_H2_Mix	0.0
6	23	CH4_H2_Mix	0.0
6	24	CH4_H2_Mix	0.0
6	1	DummyFuel	0.0
6	2	DummyFuel	0.0
6	3	DummyFuel	0.0
6	4	DummyFuel	0.0
6	5	DummyFuel	0.0
6	6	DummyFuel	0.0
6	7	DummyFuel	0.0
6	8	DummyFuel	0.0
6	9	DummyFuel	0.0
6	10	DummyFuel	0.0
6	11	DummyFuel	0.0
6	12	DummyFuel	0.0
6	13	DummyFuel	0.0
6	14	DummyFuel	0.0
6	15	DummyFuel	0.0
6	16	DummyFuel	0.0
6	17	DummyFuel	0.0
6	18	DummyFuel	0.0
6	19	DummyFuel	0.0
6	20	DummyFuel	0.0
6	21	DummyFuel	0.0
6	22	DummyFuel	0.0
6	23	DummyFuel	0.0
6	24	DummyFuel	0.0
7	1	Electricity	34.62556219975649
7	2	Electricity	34.70133142008683
7	3	Electricity	34.96833327510341
7	4	Electricity	35.526109167114704
7	5	Electricity	37.91859984123794
7	6	Electricity	44.5407136654276
7	7	Electricity	56.613165593793426
7	8	Electricity	68.51612160748608
7	9	Electricity	83.82916653801675
7	10	Electricity	92.82364738749271
7	11	Electricity	95.92145667015757
7	12	Electricity	94.3051104008738
7	13	Electricity	84.30357952479824
7	14	Electricity	84.32823013570396
7	15	Electricity	90.45917276868235
7	16	Electricity	89.7665697925865
7	17	Electricity	87.18017564937998
7	18	Electricity	82.08253859195109
7	19	Electricity	73.21136902110752
7	20	Electricity	59.84193547973412
7	21	Electricity	45.90271982063987
7	22	Electricity	40.53513924810347
7	23	Electricity	38.2340948495979
7	24	Electricity	36.86735997490267
7	1	LT	9.455161698818095
7	2	LT	9.455161698818095
7	3	LT	9.455161698818095
7	4	LT	9.455161698818095
7	5	LT	9.455161698818095
7	6	LT	9.455161698818095
7	7	LT	9.455161698818095
7	8	LT	27.236965796917936
7	9	LT	30.390719731297906
7	10	LT	33.54447366567788
7	11	LT	33.54447366567788
7	12	LT	40.13868643756327
7	13	LT	40.13868643756327
7	14	LT	26.663555990667028
7	15	LT	40.13868643756327
7	16	LT	40.13868643756327
7	17	LT	33.5505737699997
7	18	LT	26.65745588634521
7	19	LT	9.455161698818095
7	20	LT	9.455161698818095
7	21	LT	9.455161698818095
7	22	LT	9.455161698818095
7	23	LT	9.455161698818095
7	24	LT	9.455161698818095
7	1	MT	40.17012522397884
7	2	MT	55.84619032967018
7	3	MT	55.84619032967018
7	4	MT	55.84619032967018
7	5	MT	55.84619032967018
7	6	MT	55.84619032967018
7	7	MT	55.84619032967018
7	8	MT	221.75227501554855
7	9	MT	247.4288542278752
7	10	MT	273.1054334402019
7	11	MT	273.1054334402019
7	12	MT	326.7928263387031
7	13	MT	326.7928263387031
7	14	MT	217.08380606785278
7	15	MT	326.7928263387031
7	16	MT	326.7928263387031
7	17	MT	203.2965482931125
7	18	MT	100.13375193304677
7	19	MT	57.27128715746031
7	20	MT	57.27128715746031
7	21	MT	57.27128715746031
7	22	MT	57.27128715746031
7	23	MT	57.27128715746031
7	24	MT	57.27128715746031
7	1	H2	0.0
7	2	H2	0.0
7	3	H2	0.0
7	4	H2	0.0
7	5	H2	0.0
7	6	H2	0.0
7	7	H2	0.0
7	8	H2	0.0
7	9	H2	0.0
7	10	H2	0.0
7	11	H2	0.0
7	12	H2	0.0
7	13	H2	0.0
7	14	H2	0.0
7	15	H2	0.0
7	16	H2	0.0
7	17	H2	0.0
7	18	H2	0.0
7	19	H2	0.0
7	20	H2	0.0
7	21	H2	0.0
7	22	H2	0.0
7	23	H2	0.0
7	24	H2	0.0
7	1	CH4	0.0
7	2	CH4	0.0
7	3	CH4	0.0
7	4	CH4	0.0
7	5	CH4	0.0
7	6	CH4	0.0
7	7	CH4	0.0
7	8	CH4	0.0
7	9	CH4	0.0
7	10	CH4	0.0
7	11	CH4	0.0
7	12	CH4	0.0
7	13	CH4	0.0
7	14	CH4	0.0
7	15	CH4	0.0
7	16	CH4	0.0
7	17	CH4	0.0
7	18	CH4	0.0
7	19	CH4	0.0
7	20	CH4	0.0
7	21	CH4	0.0
7	22	CH4	0.0
7	23	CH4	0.0
7	24	CH4	0.0
7	1	Biogas	0.0
7	2	Biogas	0.0
7	3	Biogas	0.0
7	4	Biogas	0.0
7	5	Biogas	0.0
7	6	Biogas	0.0
7	7	Biogas	0.0
7	8	Biogas	0.0
7	9	Biogas	0.0
7	10	Biogas	0.0
7	11	Biogas	0.0
7	12	Biogas	0.0
7	13	Biogas	0.0
7	14	Biogas	0.0
7	15	Biogas	0.0
7	16	Biogas	0.0
7	17	Biogas	0.0
7	18	Biogas	0.0
7	19	Biogas	0.0
7	20	Biogas	0.0
7	21	Biogas	0.0
7	22	Biogas	0.0
7	23	Biogas	0.0
7	24	Biogas	0.0
7	1	CH4_H2_Mix	0.0
7	2	CH4_H2_Mix	0.0
7	3	CH4_H2_Mix	0.0
7	4	CH4_H2_Mix	0.0
7	5	CH4_H2_Mix	0.0
7	6	CH4_H2_Mix	0.0
7	7	CH4_H2_Mix	0.0
7	8	CH4_H2_Mix	0.0
7	9	CH4_H2_Mix	0.0
7	10	CH4_H2_Mix	0.0
7	11	CH4_H2_Mix	0.0
7	12	CH4_H2_Mix	0.0
7	13	CH4_H2_Mix	0.0
7	14	CH4_H2_Mix	0.0
7	15	CH4_H2_Mix	0.0
7	16	CH4_H2_Mix	0.0
7	17	CH4_H2_Mix	0.0
7	18	CH4_H2_Mix	0.0
7	19	CH4_H2_Mix	0.0
7	20	CH4_H2_Mix	0.0
7	21	CH4_H2_Mix	0.0
7	22	CH4_H2_Mix	0.0
7	23	CH4_H2_Mix	0.0
7	24	CH4_H2_Mix	0.0
7	1	DummyFuel	0.0
7	2	DummyFuel	0.0
7	3	DummyFuel	0.0
7	4	DummyFuel	0.0
7	5	DummyFuel	0.0
7	6	DummyFuel	0.0
7	7	DummyFuel	0.0
7	8	DummyFuel	0.0
7	9	DummyFuel	0.0
7	10	DummyFuel	0.0
7	11	DummyFuel	0.0
7	12	DummyFuel	0.0
7	13	DummyFuel	0.0
7	14	DummyFuel	0.0
7	15	DummyFuel	0.0
7	16	DummyFuel	0.0
7	17	DummyFuel	0.0
7	18	DummyFuel	0.0
7	19	DummyFuel	0.0
7	20	DummyFuel	0.0
7	21	DummyFuel	0.0
7	22	DummyFuel	0.0
7	23	DummyFuel	0.0
7	24	DummyFuel	0.0
8	1	Electricity	33.494216126796516
8	2	Electricity	33.399381603597924
8	3	Electricity	32.7037140329676
8	4	Electricity	32.628985118761804
8	5	Electricity	33.66514826136473
8	6	Electricity	37.9856035469053
8	7	Electricity	48.15777358743976
8	8	Electricity	58.290607114397794
8	9	Electricity	72.73030110541724
8	10	Electricity	84.1578241970391
8	11	Electricity	89.88130940886984
8	12	Electricity	89.69339995670867
8	13	Electricity	81.82543622809256
8	14	Electricity	83.91771990166164
8	15	Electricity	92.14517736244028
8	16	Electricity	92.065097455476
8	17	Electricity	89.93532392001667
8	18	Electricity	84.36095281675813
8	19	Electricity	76.08196388242521
8	20	Electricity	61.242364780065586
8	21	Electricity	45.53119913721651
8	22	Electricity	39.154746488485124
8	23	Electricity	37.028787417261476
8	24	Electricity	35.45111305038598
8	1	LT	1.293405135648825
8	2	LT	1.293405135648825
8	3	LT	1.293405135648825
8	4	LT	1.293405135648825
8	5	LT	1.293405135648825
8	6	LT	1.293405135648825
8	7	LT	1.293405135648825
8	8	LT	3.563331148712512
8	9	LT	3.9759273869844867
8	10	LT	4.388523625256462
8	11	LT	4.388523625256462
8	12	LT	5.251224850734228
8	13	LT	5.251224850734228
8	14	LT	3.48831365084488
8	15	LT	5.251224850734228
8	16	LT	5.251224850734228
8	17	LT	4.387876922688639
8	18	LT	3.4889603534127045
8	19	LT	1.293405135648825
8	20	LT	1.293405135648825
8	21	LT	1.293405135648825
8	22	LT	1.293405135648825
8	23	LT	1.293405135648825
8	24	LT	1.293405135648825
8	1	MT	33.35511498167545
8	2	MT	33.35511498167545
8	3	MT	33.35511498167545
8	4	MT	33.35511498167545
8	5	MT	33.35511498167545
8	6	MT	33.35511498167545
8	7	MT	33.35511498167545
8	8	MT	134.48405204228922
8	9	MT	150.0558896471859
8	10	MT	165.62772725208256
8	11	MT	165.62772725208256
8	12	MT	198.187024062321
8	13	MT	198.187024062321
8	14	MT	131.65280884139895
8	15	MT	198.187024062321
8	16	MT	198.187024062321
8	17	MT	118.18997093367776
8	18	MT	52.194746571837335
8	19	MT	33.35511498167545
8	20	MT	33.35511498167545
8	21	MT	33.35511498167545
8	22	MT	33.35511498167545
8	23	MT	33.35511498167545
8	24	MT	33.35511498167545
8	1	H2	0.0
8	2	H2	0.0
8	3	H2	0.0
8	4	H2	0.0
8	5	H2	0.0
8	6	H2	0.0
8	7	H2	0.0
8	8	H2	0.0
8	9	H2	0.0
8	10	H2	0.0
8	11	H2	0.0
8	12	H2	0.0
8	13	H2	0.0
8	14	H2	0.0
8	15	H2	0.0
8	16	H2	0.0
8	17	H2	0.0
8	18	H2	0.0
8	19	H2	0.0
8	20	H2	0.0
8	21	H2	0.0
8	22	H2	0.0
8	23	H2	0.0
8	24	H2	0.0
8	1	CH4	0.0
8	2	CH4	0.0
8	3	CH4	0.0
8	4	CH4	0.0
8	5	CH4	0.0
8	6	CH4	0.0
8	7	CH4	0.0
8	8	CH4	0.0
8	9	CH4	0.0
8	10	CH4	0.0
8	11	CH4	0.0
8	12	CH4	0.0
8	13	CH4	0.0
8	14	CH4	0.0
8	15	CH4	0.0
8	16	CH4	0.0
8	17	CH4	0.0
8	18	CH4	0.0
8	19	CH4	0.0
8	20	CH4	0.0
8	21	CH4	0.0
8	22	CH4	0.0
8	23	CH4	0.0
8	24	CH4	0.0
8	1	Biogas	0.0
8	2	Biogas	0.0
8	3	Biogas	0.0
8	4	Biogas	0.0
8	5	Biogas	0.0
8	6	Biogas	0.0
8	7	Biogas	0.0
8	8	Biogas	0.0
8	9	Biogas	0.0
8	10	Biogas	0.0
8	11	Biogas	0.0
8	12	Biogas	0.0
8	13	Biogas	0.0
8	14	Biogas	0.0
8	15	Biogas	0.0
8	16	Biogas	0.0
8	17	Biogas	0.0
8	18	Biogas	0.0
8	19	Biogas	0.0
8	20	Biogas	0.0
8	21	Biogas	0.0
8	22	Biogas	0.0
8	23	Biogas	0.0
8	24	Biogas	0.0
8	1	CH4_H2_Mix	0.0
8	2	CH4_H2_Mix	0.0
8	3	CH4_H2_Mix	0.0
8	4	CH4_H2_Mix	0.0
8	5	CH4_H2_Mix	0.0
8	6	CH4_H2_Mix	0.0
8	7	CH4_H2_Mix	0.0
8	8	CH4_H2_Mix	0.0
8	9	CH4_H2_Mix	0.0
8	10	CH4_H2_Mix	0.0
8	11	CH4_H2_Mix	0.0
8	12	CH4_H2_Mix	0.0
8	13	CH4_H2_Mix	0.0
8	14	CH4_H2_Mix	0.0
8	15	CH4_H2_Mix	0.0
8	16	CH4_H2_Mix	0.0
8	17	CH4_H2_Mix	0.0
8	18	CH4_H2_Mix	0.0
8	19	CH4_H2_Mix	0.0
8	20	CH4_H2_Mix	0.0
8	21	CH4_H2_Mix	0.0
8	22	CH4_H2_Mix	0.0
8	23	CH4_H2_Mix	0.0
8	24	CH4_H2_Mix	0.0
8	1	DummyFuel	0.0
8	2	DummyFuel	0.0
8	3	DummyFuel	0.0
8	4	DummyFuel	0.0
8	5	DummyFuel	0.0
8	6	DummyFuel	0.0
8	7	DummyFuel	0.0
8	8	DummyFuel	0.0
8	9	DummyFuel	0.0
8	10	DummyFuel	0.0
8	11	DummyFuel	0.0
8	12	DummyFuel	0.0
8	13	DummyFuel	0.0
8	14	DummyFuel	0.0
8	15	DummyFuel	0.0
8	16	DummyFuel	0.0
8	17	DummyFuel	0.0
8	18	DummyFuel	0.0
8	19	DummyFuel	0.0
8	20	DummyFuel	0.0
8	21	DummyFuel	0.0
8	22	DummyFuel	0.0
8	23	DummyFuel	0.0
8	24	DummyFuel	0.0
9	1	Electricity	28.94635079401463
9	2	Electricity	28.725810937642542
9	3	Electricity	28.43699308357872
9	4	Electricity	28.922258607497835
9	5	Electricity	30.72676516385428
9	6	Electricity	35.07804894681395
9	7	Electricity	44.464055602720286
9	8	Electricity	54.26321383496125
9	9	Electricity	67.64160897295525
9	10	Electricity	79.21785829116334
9	11	Electricity	84.52461390599896
9	12	Electricity	85.57726939336231
9	13	Electricity	78.1862827924083
9	14	Electricity	79.68100245620148
9	15	Electricity	85.95230657955065
9	16	Electricity	85.77784940369574
9	17	Electricity	84.02665580617646
9	18	Electricity	79.01577729992134
9	19	Electricity	71.17296248223168
9	20	Electricity	56.98421964827073
9	21	Electricity	43.3652010373061
9	22	Electricity	37.59894370972716
9	23	Electricity	34.95048573772542
9	24	Electricity	33.59604942542759
9	1	LT	1.329077860434222
9	2	LT	1.329077860434222
9	3	LT	1.329077860434222
9	4	LT	1.329077860434222
9	5	LT	1.329077860434222
9	6	LT	1.329077860434222
9	7	LT	1.329077860434222
9	8	LT	5.781488692888866
9	9	LT	6.504174779499973
9	10	LT	7.22686086611108
9	11	LT	7.22686086611108
9	12	LT	8.672233039333296
9	13	LT	8.672233039333296
9	14	LT	5.781488692888866
9	15	LT	8.672233039333296
9	16	LT	8.672233039333296
9	17	LT	7.22686086611108
9	18	LT	5.8147156393997195
9	19	LT	2.0766841569284717
9	20	LT	2.0766841569284717
9	21	LT	2.0766841569284717
9	22	LT	2.0766841569284717
9	23	LT	2.0766841569284717
9	24	LT	2.0766841569284717
9	1	MT	35.68861187416936
9	2	MT	35.68861187416936
9	3	MT	35.68861187416936
9	4	MT	35.68861187416936
9	5	MT	35.68861187416936
9	6	MT	35.68861187416936
9	7	MT	35.68861187416936
9	8	MT	152.16307167535382
9	9	MT	171.183455634773
9	10	MT	190.2038395941923
9	11	MT	190.2038395941923
9	12	MT	228.2446075130307
9	13	MT	228.2446075130307
9	14	MT	152.16307167535382
9	15	MT	228.2446075130307
9	16	MT	228.2446075130307
9	17	MT	135.49141749742068
9	18	MT	42.77422334053075
9	19	MT	38.210957571639746
9	20	MT	38.210957571639746
9	21	MT	38.210957571639746
9	22	MT	38.210957571639746
9	23	MT	38.210957571639746
9	24	MT	38.210957571639746
9	1	H2	0.0
9	2	H2	0.0
9	3	H2	0.0
9	4	H2	0.0
9	5	H2	0.0
9	6	H2	0.0
9	7	H2	0.0
9	8	H2	0.0
9	9	H2	0.0
9	10	H2	0.0
9	11	H2	0.0
9	12	H2	0.0
9	13	H2	0.0
9	14	H2	0.0
9	15	H2	0.0
9	16	H2	0.0
9	17	H2	0.0
9	18	H2	0.0
9	19	H2	0.0
9	20	H2	0.0
9	21	H2	0.0
9	22	H2	0.0
9	23	H2	0.0
9	24	H2	0.0
9	1	CH4	0.0
9	2	CH4	0.0
9	3	CH4	0.0
9	4	CH4	0.0
9	5	CH4	0.0
9	6	CH4	0.0
9	7	CH4	0.0
9	8	CH4	0.0
9	9	CH4	0.0
9	10	CH4	0.0
9	11	CH4	0.0
9	12	CH4	0.0
9	13	CH4	0.0
9	14	CH4	0.0
9	15	CH4	0.0
9	16	CH4	0.0
9	17	CH4	0.0
9	18	CH4	0.0
9	19	CH4	0.0
9	20	CH4	0.0
9	21	CH4	0.0
9	22	CH4	0.0
9	23	CH4	0.0
9	24	CH4	0.0
9	1	Biogas	0.0
9	2	Biogas	0.0
9	3	Biogas	0.0
9	4	Biogas	0.0
9	5	Biogas	0.0
9	6	Biogas	0.0
9	7	Biogas	0.0
9	8	Biogas	0.0
9	9	Biogas	0.0
9	10	Biogas	0.0
9	11	Biogas	0.0
9	12	Biogas	0.0
9	13	Biogas	0.0
9	14	Biogas	0.0
9	15	Biogas	0.0
9	16	Biogas	0.0
9	17	Biogas	0.0
9	18	Biogas	0.0
9	19	Biogas	0.0
9	20	Biogas	0.0
9	21	Biogas	0.0
9	22	Biogas	0.0
9	23	Biogas	0.0
9	24	Biogas	0.0
9	1	CH4_H2_Mix	0.0
9	2	CH4_H2_Mix	0.0
9	3	CH4_H2_Mix	0.0
9	4	CH4_H2_Mix	0.0
9	5	CH4_H2_Mix	0.0
9	6	CH4_H2_Mix	0.0
9	7	CH4_H2_Mix	0.0
9	8	CH4_H2_Mix	0.0
9	9	CH4_H2_Mix	0.0
9	10	CH4_H2_Mix	0.0
9	11	CH4_H2_Mix	0.0
9	12	CH4_H2_Mix	0.0
9	13	CH4_H2_Mix	0.0
9	14	CH4_H2_Mix	0.0
9	15	CH4_H2_Mix	0.0
9	16	CH4_H2_Mix	0.0
9	17	CH4_H2_Mix	0.0
9	18	CH4_H2_Mix	0.0
9	19	CH4_H2_Mix	0.0
9	20	CH4_H2_Mix	0.0
9	21	CH4_H2_Mix	0.0
9	22	CH4_H2_Mix	0.0
9	23	CH4_H2_Mix	0.0
9	24	CH4_H2_Mix	0.0
9	1	DummyFuel	0.0
9	2	DummyFuel	0.0
9	3	DummyFuel	0.0
9	4	DummyFuel	0.0
9	5	DummyFuel	0.0
9	6	DummyFuel	0.0
9	7	DummyFuel	0.0
9	8	DummyFuel	0.0
9	9	DummyFuel	0.0
9	10	DummyFuel	0.0
9	11	DummyFuel	0.0
9	12	DummyFuel	0.0
9	13	DummyFuel	0.0
9	14	DummyFuel	0.0
9	15	DummyFuel	0.0
9	16	DummyFuel	0.0
9	17	DummyFuel	0.0
9	18	DummyFuel	0.0
9	19	DummyFuel	0.0
9	20	DummyFuel	0.0
9	21	DummyFuel	0.0
9	22	DummyFuel	0.0
9	23	DummyFuel	0.0
9	24	DummyFuel	0.0
10	1	Electricity	32.82124604990108
10	2	Electricity	32.61437884984132
10	3	Electricity	32.24545506785826
10	4	Electricity	32.33418188764502
10	5	Electricity	33.49535750165463
10	6	Electricity	38.196779862713676
10	7	Electricity	48.495844041881185
10	8	Electricity	58.84459142135776
10	9	Electricity	72.55084093857252
10	10	Electricity	82.35638139910074
10	11	Electricity	86.81071274969513
10	12	Electricity	87.07378957042003
10	13	Electricity	78.77868439167287
10	14	Electricity	79.78384390848208
10	15	Electricity	86.2203962726407
10	16	Electricity	85.94934130550644
10	17	Electricity	84.16912681815336
10	18	Electricity	80.05206504920051
10	19	Electricity	71.57743167414016
10	20	Electricity	58.72215537920868
10	21	Electricity	43.263222735826666
10	22	Electricity	37.686956688827266
10	23	Electricity	35.545020067159626
10	24	Electricity	33.60286610484903
10	1	LT	3.413591722792784
10	2	LT	3.413591722792784
10	3	LT	3.413591722792784
10	4	LT	3.413591722792784
10	5	LT	3.413591722792784
10	6	LT	3.413591722792784
10	7	LT	3.413591722792784
10	8	LT	9.40444519629412
10	9	LT	10.49338095586502
10	10	LT	11.582316715435915
10	11	LT	11.582316715435915
10	12	LT	13.859182394538703
10	13	LT	13.859182394538703
10	14	LT	9.206456876372139
10	15	LT	13.859182394538703
10	16	LT	13.859182394538703
10	17	LT	11.58060991957452
10	18	LT	9.208163672233535
10	19	LT	3.413591722792784
10	20	LT	3.413591722792784
10	21	LT	3.413591722792784
10	22	LT	3.413591722792784
10	23	LT	3.413591722792784
10	24	LT	3.413591722792784
10	1	MT	44.689194774531764
10	2	MT	44.689194774531764
10	3	MT	44.689194774531764
10	4	MT	44.689194774531764
10	5	MT	44.689194774531764
10	6	MT	44.689194774531764
10	7	MT	44.689194774531764
10	8	MT	177.75494870192043
10	9	MT	198.33710065687964
10	10	MT	218.91925261183883
10	11	MT	218.91925261183883
10	12	MT	261.9546612449353
10	13	MT	261.9546612449353
10	14	MT	174.01273925556418
10	15	MT	261.9546612449353
10	16	MT	261.9546612449353
10	17	MT	158.06419736188624
10	18	MT	72.08329409164631
10	19	MT	44.689194774531764
10	20	MT	44.689194774531764
10	21	MT	44.689194774531764
10	22	MT	44.689194774531764
10	23	MT	44.689194774531764
10	24	MT	44.689194774531764
10	1	H2	0.0
10	2	H2	0.0
10	3	H2	0.0
10	4	H2	0.0
10	5	H2	0.0
10	6	H2	0.0
10	7	H2	0.0
10	8	H2	0.0
10	9	H2	0.0
10	10	H2	0.0
10	11	H2	0.0
10	12	H2	0.0
10	13	H2	0.0
10	14	H2	0.0
10	15	H2	0.0
10	16	H2	0.0
10	17	H2	0.0
10	18	H2	0.0
10	19	H2	0.0
10	20	H2	0.0
10	21	H2	0.0
10	22	H2	0.0
10	23	H2	0.0
10	24	H2	0.0
10	1	CH4	0.0
10	2	CH4	0.0
10	3	CH4	0.0
10	4	CH4	0.0
10	5	CH4	0.0
10	6	CH4	0.0
10	7	CH4	0.0
10	8	CH4	0.0
10	9	CH4	0.0
10	10	CH4	0.0
10	11	CH4	0.0
10	12	CH4	0.0
10	13	CH4	0.0
10	14	CH4	0.0
10	15	CH4	0.0
10	16	CH4	0.0
10	17	CH4	0.0
10	18	CH4	0.0
10	19	CH4	0.0
10	20	CH4	0.0
10	21	CH4	0.0
10	22	CH4	0.0
10	23	CH4	0.0
10	24	CH4	0.0
10	1	Biogas	0.0
10	2	Biogas	0.0
10	3	Biogas	0.0
10	4	Biogas	0.0
10	5	Biogas	0.0
10	6	Biogas	0.0
10	7	Biogas	0.0
10	8	Biogas	0.0
10	9	Biogas	0.0
10	10	Biogas	0.0
10	11	Biogas	0.0
10	12	Biogas	0.0
10	13	Biogas	0.0
10	14	Biogas	0.0
10	15	Biogas	0.0
10	16	Biogas	0.0
10	17	Biogas	0.0
10	18	Biogas	0.0
10	19	Biogas	0.0
10	20	Biogas	0.0
10	21	Biogas	0.0
10	22	Biogas	0.0
10	23	Biogas	0.0
10	24	Biogas	0.0
10	1	CH4_H2_Mix	0.0
10	2	CH4_H2_Mix	0.0
10	3	CH4_H2_Mix	0.0
10	4	CH4_H2_Mix	0.0
10	5	CH4_H2_Mix	0.0
10	6	CH4_H2_Mix	0.0
10	7	CH4_H2_Mix	0.0
10	8	CH4_H2_Mix	0.0
10	9	CH4_H2_Mix	0.0
10	10	CH4_H2_Mix	0.0
10	11	CH4_H2_Mix	0.0
10	12	CH4_H2_Mix	0.0
10	13	CH4_H2_Mix	0.0
10	14	CH4_H2_Mix	0.0
10	15	CH4_H2_Mix	0.0
10	16	CH4_H2_Mix	0.0
10	17	CH4_H2_Mix	0.0
10	18	CH4_H2_Mix	0.0
10	19	CH4_H2_Mix	0.0
10	20	CH4_H2_Mix	0.0
10	21	CH4_H2_Mix	0.0
10	22	CH4_H2_Mix	0.0
10	23	CH4_H2_Mix	0.0
10	24	CH4_H2_Mix	0.0
10	1	DummyFuel	0.0
10	2	DummyFuel	0.0
10	3	DummyFuel	0.0
10	4	DummyFuel	0.0
10	5	DummyFuel	0.0
10	6	DummyFuel	0.0
10	7	DummyFuel	0.0
10	8	DummyFuel	0.0
10	9	DummyFuel	0.0
10	10	DummyFuel	0.0
10	11	DummyFuel	0.0
10	12	DummyFuel	0.0
10	13	DummyFuel	0.0
10	14	DummyFuel	0.0
10	15	DummyFuel	0.0
10	16	DummyFuel	0.0
10	17	DummyFuel	0.0
10	18	DummyFuel	0.0
10	19	DummyFuel	0.0
10	20	DummyFuel	0.0
10	21	DummyFuel	0.0
10	22	DummyFuel	0.0
10	23	DummyFuel	0.0
10	24	DummyFuel	0.0
11	1	Electricity	41.74294631367559
11	2	Electricity	42.12975677848496
11	3	Electricity	42.088330303358184
11	4	Electricity	43.47589293822289
11	5	Electricity	45.36831979144646
11	6	Electricity	51.377027810310786
11	7	Electricity	61.72205011399289
11	8	Electricity	75.68979733214853
11	9	Electricity	93.78012734768134
11	10	Electricity	104.4426398107446
11	11	Electricity	107.28128524663093
11	12	Electricity	106.82400463902404
11	13	Electricity	96.93817896695697
11	14	Electricity	97.0668836269142
11	15	Electricity	102.66785442968862
11	16	Electricity	101.30603946642005
11	17	Electricity	99.48625534104397
11	18	Electricity	96.23377202930294
11	19	Electricity	87.80870259395283
11	20	Electricity	72.94894799432353
11	21	Electricity	57.20569734850654
11	22	Electricity	49.90700791093126
11	23	Electricity	48.88871513421697
11	24	Electricity	48.35511701663472
11	1	LT	40.53904284604318
11	2	LT	40.53904284604318
11	3	LT	40.53904284604318
11	4	LT	40.53904284604318
11	5	LT	40.53904284604318
11	6	LT	40.53904284604318
11	7	LT	40.53904284604318
11	8	LT	176.34483638028786
11	9	LT	198.38794092782385
11	10	LT	220.43104547535978
11	11	LT	220.43104547535978
11	12	LT	264.5172545704317
11	13	LT	264.5172545704317
11	14	LT	176.34483638028786
11	15	LT	264.5172545704317
11	16	LT	264.5172545704317
11	17	LT	220.43104547535978
11	18	LT	177.3583124514389
11	19	LT	63.342254446942476
11	20	LT	63.342254446942476
11	21	LT	63.342254446942476
11	22	LT	63.342254446942476
11	23	LT	63.342254446942476
11	24	LT	63.342254446942476
11	1	MT	136.27423464444212
11	2	MT	136.27423464444212
11	3	MT	136.27423464444212
11	4	MT	136.27423464444212
11	5	MT	136.27423464444212
11	6	MT	136.27423464444212
11	7	MT	136.27423464444212
11	8	MT	584.4807962628126
11	9	MT	657.5408957956643
11	10	MT	730.6009953285158
11	11	MT	730.6009953285158
11	12	MT	876.7211943942189
11	13	MT	876.7211943942189
11	14	MT	584.4807962628126
11	15	MT	876.7211943942189
11	16	MT	876.7211943942189
11	17	MT	583.060786509453
11	18	MT	290.4983110351008
11	19	MT	165.59556079014448
11	20	MT	165.59556079014448
11	21	MT	165.59556079014448
11	22	MT	165.59556079014448
11	23	MT	165.59556079014448
11	24	MT	165.59556079014448
11	1	H2	0.0
11	2	H2	0.0
11	3	H2	0.0
11	4	H2	0.0
11	5	H2	0.0
11	6	H2	0.0
11	7	H2	0.0
11	8	H2	0.0
11	9	H2	0.0
11	10	H2	0.0
11	11	H2	0.0
11	12	H2	0.0
11	13	H2	0.0
11	14	H2	0.0
11	15	H2	0.0
11	16	H2	0.0
11	17	H2	0.0
11	18	H2	0.0
11	19	H2	0.0
11	20	H2	0.0
11	21	H2	0.0
11	22	H2	0.0
11	23	H2	0.0
11	24	H2	0.0
11	1	CH4	0.0
11	2	CH4	0.0
11	3	CH4	0.0
11	4	CH4	0.0
11	5	CH4	0.0
11	6	CH4	0.0
11	7	CH4	0.0
11	8	CH4	0.0
11	9	CH4	0.0
11	10	CH4	0.0
11	11	CH4	0.0
11	12	CH4	0.0
11	13	CH4	0.0
11	14	CH4	0.0
11	15	CH4	0.0
11	16	CH4	0.0
11	17	CH4	0.0
11	18	CH4	0.0
11	19	CH4	0.0
11	20	CH4	0.0
11	21	CH4	0.0
11	22	CH4	0.0
11	23	CH4	0.0
11	24	CH4	0.0
11	1	Biogas	0.0
11	2	Biogas	0.0
11	3	Biogas	0.0
11	4	Biogas	0.0
11	5	Biogas	0.0
11	6	Biogas	0.0
11	7	Biogas	0.0
11	8	Biogas	0.0
11	9	Biogas	0.0
11	10	Biogas	0.0
11	11	Biogas	0.0
11	12	Biogas	0.0
11	13	Biogas	0.0
11	14	Biogas	0.0
11	15	Biogas	0.0
11	16	Biogas	0.0
11	17	Biogas	0.0
11	18	Biogas	0.0
11	19	Biogas	0.0
11	20	Biogas	0.0
11	21	Biogas	0.0
11	22	Biogas	0.0
11	23	Biogas	0.0
11	24	Biogas	0.0
11	1	CH4_H2_Mix	0.0
11	2	CH4_H2_Mix	0.0
11	3	CH4_H2_Mix	0.0
11	4	CH4_H2_Mix	0.0
11	5	CH4_H2_Mix	0.0
11	6	CH4_H2_Mix	0.0
11	7	CH4_H2_Mix	0.0
11	8	CH4_H2_Mix	0.0
11	9	CH4_H2_Mix	0.0
11	10	CH4_H2_Mix	0.0
11	11	CH4_H2_Mix	0.0
11	12	CH4_H2_Mix	0.0
11	13	CH4_H2_Mix	0.0
11	14	CH4_H2_Mix	0.0
11	15	CH4_H2_Mix	0.0
11	16	CH4_H2_Mix	0.0
11	17	CH4_H2_Mix	0.0
11	18	CH4_H2_Mix	0.0
11	19	CH4_H2_Mix	0.0
11	20	CH4_H2_Mix	0.0
11	21	CH4_H2_Mix	0.0
11	22	CH4_H2_Mix	0.0
11	23	CH4_H2_Mix	0.0
11	24	CH4_H2_Mix	0.0
11	1	DummyFuel	0.0
11	2	DummyFuel	0.0
11	3	DummyFuel	0.0
11	4	DummyFuel	0.0
11	5	DummyFuel	0.0
11	6	DummyFuel	0.0
11	7	DummyFuel	0.0
11	8	DummyFuel	0.0
11	9	DummyFuel	0.0
11	10	DummyFuel	0.0
11	11	DummyFuel	0.0
11	12	DummyFuel	0.0
11	13	DummyFuel	0.0
11	14	DummyFuel	0.0
11	15	DummyFuel	0.0
11	16	DummyFuel	0.0
11	17	DummyFuel	0.0
11	18	DummyFuel	0.0
11	19	DummyFuel	0.0
11	20	DummyFuel	0.0
11	21	DummyFuel	0.0
11	22	DummyFuel	0.0
11	23	DummyFuel	0.0
11	24	DummyFuel	0.0
12	1	Electricity	38.036690409244656
12	2	Electricity	37.7760469405303
12	3	Electricity	37.25969899318367
12	4	Electricity	37.549109147017916
12	5	Electricity	38.29164600631325
12	6	Electricity	42.90449612776688
12	7	Electricity	54.923725701906
12	8	Electricity	68.22928273952691
12	9	Electricity	84.01252457803946
12	10	Electricity	93.4702596558723
12	11	Electricity	96.75606271176757
12	12	Electricity	94.69319566444474
12	13	Electricity	84.82200945258444
12	14	Electricity	84.97052535789787
12	15	Electricity	89.95117014951657
12	16	Electricity	88.08044989077982
12	17	Electricity	84.91994221766726
12	18	Electricity	80.14673982349838
12	19	Electricity	73.62475014939147
12	20	Electricity	62.346533979844516
12	21	Electricity	47.529159585416785
12	22	Electricity	40.36447510150086
12	23	Electricity	38.175333731145095
12	24	Electricity	36.81512743043905
12	1	LT	7.202529261788155
12	2	LT	7.202529261788155
12	3	LT	7.202529261788155
12	4	LT	7.202529261788155
12	5	LT	7.202529261788155
12	6	LT	7.202529261788155
12	7	LT	7.202529261788155
12	8	LT	19.516530902909835
12	9	LT	24.395663628637298
12	10	LT	26.835229991501027
12	11	LT	26.835229991501027
12	12	LT	31.714362717228486
12	13	LT	31.714362717228486
12	14	LT	21.95609726577357
12	15	LT	31.714362717228486
12	16	LT	26.835229991501027
12	17	LT	23.23396536060695
12	18	LT	19.516530902909835
12	19	LT	7.202529261788155
12	20	LT	7.202529261788155
12	21	LT	7.202529261788155
12	22	LT	7.202529261788155
12	23	LT	7.202529261788155
12	24	LT	7.202529261788155
12	1	MT	75.94972863843586
12	2	MT	49.103945248653545
12	3	MT	49.103945248653545
12	4	MT	49.103945248653545
12	5	MT	49.103945248653545
12	6	MT	49.103945248653545
12	7	MT	49.103945248653545
12	8	MT	197.08604269426408
12	9	MT	246.3575533678301
12	10	MT	270.99330870461307
12	11	MT	270.99330870461307
12	12	MT	320.26481937817914
12	13	MT	320.26481937817914
12	14	MT	221.72179803104711
12	15	MT	320.26481937817914
12	16	MT	249.00041692759913
12	17	MT	128.42314217828184
12	18	MT	89.28989708298437
12	19	MT	51.16900550940603
12	20	MT	49.103945248653545
12	21	MT	49.103945248653545
12	22	MT	49.103945248653545
12	23	MT	49.103945248653545
12	24	MT	49.103945248653545
12	1	H2	0.0
12	2	H2	0.0
12	3	H2	0.0
12	4	H2	0.0
12	5	H2	0.0
12	6	H2	0.0
12	7	H2	0.0
12	8	H2	0.0
12	9	H2	0.0
12	10	H2	0.0
12	11	H2	0.0
12	12	H2	0.0
12	13	H2	0.0
12	14	H2	0.0
12	15	H2	0.0
12	16	H2	0.0
12	17	H2	0.0
12	18	H2	0.0
12	19	H2	0.0
12	20	H2	0.0
12	21	H2	0.0
12	22	H2	0.0
12	23	H2	0.0
12	24	H2	0.0
12	1	CH4	0.0
12	2	CH4	0.0
12	3	CH4	0.0
12	4	CH4	0.0
12	5	CH4	0.0
12	6	CH4	0.0
12	7	CH4	0.0
12	8	CH4	0.0
12	9	CH4	0.0
12	10	CH4	0.0
12	11	CH4	0.0
12	12	CH4	0.0
12	13	CH4	0.0
12	14	CH4	0.0
12	15	CH4	0.0
12	16	CH4	0.0
12	17	CH4	0.0
12	18	CH4	0.0
12	19	CH4	0.0
12	20	CH4	0.0
12	21	CH4	0.0
12	22	CH4	0.0
12	23	CH4	0.0
12	24	CH4	0.0
12	1	Biogas	0.0
12	2	Biogas	0.0
12	3	Biogas	0.0
12	4	Biogas	0.0
12	5	Biogas	0.0
12	6	Biogas	0.0
12	7	Biogas	0.0
12	8	Biogas	0.0
12	9	Biogas	0.0
12	10	Biogas	0.0
12	11	Biogas	0.0
12	12	Biogas	0.0
12	13	Biogas	0.0
12	14	Biogas	0.0
12	15	Biogas	0.0
12	16	Biogas	0.0
12	17	Biogas	0.0
12	18	Biogas	0.0
12	19	Biogas	0.0
12	20	Biogas	0.0
12	21	Biogas	0.0
12	22	Biogas	0.0
12	23	Biogas	0.0
12	24	Biogas	0.0
12	1	CH4_H2_Mix	0.0
12	2	CH4_H2_Mix	0.0
12	3	CH4_H2_Mix	0.0
12	4	CH4_H2_Mix	0.0
12	5	CH4_H2_Mix	0.0
12	6	CH4_H2_Mix	0.0
12	7	CH4_H2_Mix	0.0
12	8	CH4_H2_Mix	0.0
12	9	CH4_H2_Mix	0.0
12	10	CH4_H2_Mix	0.0
12	11	CH4_H2_Mix	0.0
12	12	CH4_H2_Mix	0.0
12	13	CH4_H2_Mix	0.0
12	14	CH4_H2_Mix	0.0
12	15	CH4_H2_Mix	0.0
12	16	CH4_H2_Mix	0.0
12	17	CH4_H2_Mix	0.0
12	18	CH4_H2_Mix	0.0
12	19	CH4_H2_Mix	0.0
12	20	CH4_H2_Mix	0.0
12	21	CH4_H2_Mix	0.0
12	22	CH4_H2_Mix	0.0
12	23	CH4_H2_Mix	0.0
12	24	CH4_H2_Mix	0.0
12	1	DummyFuel	0.0
12	2	DummyFuel	0.0
12	3	DummyFuel	0.0
12	4	DummyFuel	0.0
12	5	DummyFuel	0.0
12	6	DummyFuel	0.0
12	7	DummyFuel	0.0
12	8	DummyFuel	0.0
12	9	DummyFuel	0.0
12	10	DummyFuel	0.0
12	11	DummyFuel	0.0
12	12	DummyFuel	0.0
12	13	DummyFuel	0.0
12	14	DummyFuel	0.0
12	15	DummyFuel	0.0
12	16	DummyFuel	0.0
12	17	DummyFuel	0.0
12	18	DummyFuel	0.0
12	19	DummyFuel	0.0
12	20	DummyFuel	0.0
12	21	DummyFuel	0.0
12	22	DummyFuel	0.0
12	23	DummyFuel	0.0
12	24	DummyFuel	0.0
13	1	Electricity	42.75784202558175
13	2	Electricity	43.413029706165624
13	3	Electricity	42.70981329687763
13	4	Electricity	43.05558537124104
13	5	Electricity	44.53855101242661
13	6	Electricity	50.56013418460571
13	7	Electricity	60.896173431346995
13	8	Electricity	74.77145243698375
13	9	Electricity	90.7908578530659
13	10	Electricity	101.04070348459531
13	11	Electricity	104.49371169899982
13	12	Electricity	102.37611483030562
13	13	Electricity	92.38380489894708
13	14	Electricity	92.0605318040224
13	15	Electricity	97.89020493523293
13	16	Electricity	97.79876697010525
13	17	Electricity	96.64196297787727
13	18	Electricity	93.54285619462449
13	19	Electricity	83.96457687661282
13	20	Electricity	69.40090727449831
13	21	Electricity	54.159471910685056
13	22	Electricity	46.81160902508205
13	23	Electricity	44.84952779993442
13	24	Electricity	43.69688837667017
13	1	LT	26.741254515690606
13	2	LT	26.741254515690606
13	3	LT	26.741254515690606
13	4	LT	26.741254515690606
13	5	LT	26.741254515690606
13	6	LT	26.741254515690606
13	7	LT	26.741254515690606
13	8	LT	73.67215619072762
13	9	LT	82.20261638123293
13	10	LT	90.73307657173824
13	11	LT	90.73307657173824
13	12	LT	108.56949333370385
13	13	LT	108.56949333370385
13	14	LT	72.12116342881757
13	15	LT	108.56949333370385
13	16	LT	108.56949333370385
13	17	LT	90.71970594448038
13	18	LT	72.13453405607541
13	19	LT	26.741254515690606
13	20	LT	26.741254515690606
13	21	LT	26.741254515690606
13	22	LT	26.741254515690606
13	23	LT	26.741254515690606
13	24	LT	26.741254515690606
13	1	MT	91.11008420498095
13	2	MT	91.11008420498095
13	3	MT	91.11008420498095
13	4	MT	91.11008420498095
13	5	MT	91.11008420498095
13	6	MT	91.11008420498095
13	7	MT	91.11008420498095
13	8	MT	333.8338921027239
13	9	MT	372.48834276724983
13	10	MT	411.1427934317758
13	11	MT	411.1427934317758
13	12	MT	491.96573573033
13	13	MT	491.96573573033
13	14	MT	326.80581016371923
13	15	MT	491.96573573033
13	16	MT	491.96573573033
13	17	MT	318.8780723759426
13	18	MT	172.29785403496473
13	19	MT	91.11008420498095
13	20	MT	91.11008420498095
13	21	MT	91.11008420498095
13	22	MT	91.11008420498095
13	23	MT	91.11008420498095
13	24	MT	91.11008420498095
13	1	H2	0.0
13	2	H2	0.0
13	3	H2	0.0
13	4	H2	0.0
13	5	H2	0.0
13	6	H2	0.0
13	7	H2	0.0
13	8	H2	0.0
13	9	H2	0.0
13	10	H2	0.0
13	11	H2	0.0
13	12	H2	0.0
13	13	H2	0.0
13	14	H2	0.0
13	15	H2	0.0
13	16	H2	0.0
13	17	H2	0.0
13	18	H2	0.0
13	19	H2	0.0
13	20	H2	0.0
13	21	H2	0.0
13	22	H2	0.0
13	23	H2	0.0
13	24	H2	0.0
13	1	CH4	0.0
13	2	CH4	0.0
13	3	CH4	0.0
13	4	CH4	0.0
13	5	CH4	0.0
13	6	CH4	0.0
13	7	CH4	0.0
13	8	CH4	0.0
13	9	CH4	0.0
13	10	CH4	0.0
13	11	CH4	0.0
13	12	CH4	0.0
13	13	CH4	0.0
13	14	CH4	0.0
13	15	CH4	0.0
13	16	CH4	0.0
13	17	CH4	0.0
13	18	CH4	0.0
13	19	CH4	0.0
13	20	CH4	0.0
13	21	CH4	0.0
13	22	CH4	0.0
13	23	CH4	0.0
13	24	CH4	0.0
13	1	Biogas	0.0
13	2	Biogas	0.0
13	3	Biogas	0.0
13	4	Biogas	0.0
13	5	Biogas	0.0
13	6	Biogas	0.0
13	7	Biogas	0.0
13	8	Biogas	0.0
13	9	Biogas	0.0
13	10	Biogas	0.0
13	11	Biogas	0.0
13	12	Biogas	0.0
13	13	Biogas	0.0
13	14	Biogas	0.0
13	15	Biogas	0.0
13	16	Biogas	0.0
13	17	Biogas	0.0
13	18	Biogas	0.0
13	19	Biogas	0.0
13	20	Biogas	0.0
13	21	Biogas	0.0
13	22	Biogas	0.0
13	23	Biogas	0.0
13	24	Biogas	0.0
13	1	CH4_H2_Mix	0.0
13	2	CH4_H2_Mix	0.0
13	3	CH4_H2_Mix	0.0
13	4	CH4_H2_Mix	0.0
13	5	CH4_H2_Mix	0.0
13	6	CH4_H2_Mix	0.0
13	7	CH4_H2_Mix	0.0
13	8	CH4_H2_Mix	0.0
13	9	CH4_H2_Mix	0.0
13	10	CH4_H2_Mix	0.0
13	11	CH4_H2_Mix	0.0
13	12	CH4_H2_Mix	0.0
13	13	CH4_H2_Mix	0.0
13	14	CH4_H2_Mix	0.0
13	15	CH4_H2_Mix	0.0
13	16	CH4_H2_Mix	0.0
13	17	CH4_H2_Mix	0.0
13	18	CH4_H2_Mix	0.0
13	19	CH4_H2_Mix	0.0
13	20	CH4_H2_Mix	0.0
13	21	CH4_H2_Mix	0.0
13	22	CH4_H2_Mix	0.0
13	23	CH4_H2_Mix	0.0
13	24	CH4_H2_Mix	0.0
13	1	DummyFuel	0.0
13	2	DummyFuel	0.0
13	3	DummyFuel	0.0
13	4	DummyFuel	0.0
13	5	DummyFuel	0.0
13	6	DummyFuel	0.0
13	7	DummyFuel	0.0
13	8	DummyFuel	0.0
13	9	DummyFuel	0.0
13	10	DummyFuel	0.0
13	11	DummyFuel	0.0
13	12	DummyFuel	0.0
13	13	DummyFuel	0.0
13	14	DummyFuel	0.0
13	15	DummyFuel	0.0
13	16	DummyFuel	0.0
13	17	DummyFuel	0.0
13	18	DummyFuel	0.0
13	19	DummyFuel	0.0
13	20	DummyFuel	0.0
13	21	DummyFuel	0.0
13	22	DummyFuel	0.0
13	23	DummyFuel	0.0
13	24	DummyFuel	0.0
14	1	Electricity	48.09405105578401
14	2	Electricity	48.48427510503406
14	3	Electricity	48.79649023156225
14	4	Electricity	48.85517878524874
14	5	Electricity	50.513626300908186
14	6	Electricity	55.622596358346186
14	7	Electricity	66.6609002352389
14	8	Electricity	79.98191812872288
14	9	Electricity	97.1304722279293
14	10	Electricity	108.5282775900636
14	11	Electricity	112.46729078463909
14	12	Electricity	111.10372593115174
14	13	Electricity	99.50001616962825
14	14	Electricity	98.29868642157803
14	15	Electricity	105.51513836656
14	16	Electricity	104.44806200007898
14	17	Electricity	102.33712781337265
14	18	Electricity	98.83785684938871
14	19	Electricity	91.07783787267076
14	20	Electricity	75.60428441701076
14	21	Electricity	59.3762236773287
14	22	Electricity	51.21285359898624
14	23	Electricity	49.66872558913858
14	24	Electricity	49.14506917392272
14	1	LT	29.054741734820972
14	2	LT	29.054741734820972
14	3	LT	29.054741734820972
14	4	LT	29.054741734820972
14	5	LT	29.054741734820972
14	6	LT	29.054741734820972
14	7	LT	29.054741734820972
14	8	LT	80.04581347943177
14	9	LT	89.31427609283966
14	10	LT	98.58273870624755
14	11	LT	98.58273870624755
14	12	LT	117.96225144337313
14	13	LT	117.96225144337313
14	14	LT	78.36063845881215
14	15	LT	117.96225144337313
14	16	LT	117.96225144337313
14	17	LT	98.56821133538016
14	18	LT	78.37516582967956
14	19	LT	29.054741734820972
14	20	LT	29.054741734820972
14	21	LT	29.054741734820972
14	22	LT	29.054741734820972
14	23	LT	29.054741734820972
14	24	LT	29.054741734820972
14	1	MT	95.89014089643194
14	2	MT	95.89014089643194
14	3	MT	95.89014089643194
14	4	MT	95.89014089643194
14	5	MT	95.89014089643194
14	6	MT	95.89014089643194
14	7	MT	95.89014089643194
14	8	MT	350.03361991278956
14	9	MT	390.56382853427056
14	10	MT	431.0940371557515
14	11	MT	431.0940371557515
14	12	MT	515.8390188188479
14	13	MT	515.8390188188479
14	14	MT	342.6644910725204
14	15	MT	515.8390188188479
14	16	MT	515.8390188188479
14	17	MT	335.45253487382956
14	18	MT	182.5036579574699
14	19	MT	95.89014089643194
14	20	MT	95.89014089643194
14	21	MT	95.89014089643194
14	22	MT	95.89014089643194
14	23	MT	95.89014089643194
14	24	MT	95.89014089643194
14	1	H2	0.0
14	2	H2	0.0
14	3	H2	0.0
14	4	H2	0.0
14	5	H2	0.0
14	6	H2	0.0
14	7	H2	0.0
14	8	H2	0.0
14	9	H2	0.0
14	10	H2	0.0
14	11	H2	0.0
14	12	H2	0.0
14	13	H2	0.0
14	14	H2	0.0
14	15	H2	0.0
14	16	H2	0.0
14	17	H2	0.0
14	18	H2	0.0
14	19	H2	0.0
14	20	H2	0.0
14	21	H2	0.0
14	22	H2	0.0
14	23	H2	0.0
14	24	H2	0.0
14	1	CH4	0.0
14	2	CH4	0.0
14	3	CH4	0.0
14	4	CH4	0.0
14	5	CH4	0.0
14	6	CH4	0.0
14	7	CH4	0.0
14	8	CH4	0.0
14	9	CH4	0.0
14	10	CH4	0.0
14	11	CH4	0.0
14	12	CH4	0.0
14	13	CH4	0.0
14	14	CH4	0.0
14	15	CH4	0.0
14	16	CH4	0.0
14	17	CH4	0.0
14	18	CH4	0.0
14	19	CH4	0.0
14	20	CH4	0.0
14	21	CH4	0.0
14	22	CH4	0.0
14	23	CH4	0.0
14	24	CH4	0.0
14	1	Biogas	0.0
14	2	Biogas	0.0
14	3	Biogas	0.0
14	4	Biogas	0.0
14	5	Biogas	0.0
14	6	Biogas	0.0
14	7	Biogas	0.0
14	8	Biogas	0.0
14	9	Biogas	0.0
14	10	Biogas	0.0
14	11	Biogas	0.0
14	12	Biogas	0.0
14	13	Biogas	0.0
14	14	Biogas	0.0
14	15	Biogas	0.0
14	16	Biogas	0.0
14	17	Biogas	0.0
14	18	Biogas	0.0
14	19	Biogas	0.0
14	20	Biogas	0.0
14	21	Biogas	0.0
14	22	Biogas	0.0
14	23	Biogas	0.0
14	24	Biogas	0.0
14	1	CH4_H2_Mix	0.0
14	2	CH4_H2_Mix	0.0
14	3	CH4_H2_Mix	0.0
14	4	CH4_H2_Mix	0.0
14	5	CH4_H2_Mix	0.0
14	6	CH4_H2_Mix	0.0
14	7	CH4_H2_Mix	0.0
14	8	CH4_H2_Mix	0.0
14	9	CH4_H2_Mix	0.0
14	10	CH4_H2_Mix	0.0
14	11	CH4_H2_Mix	0.0
14	12	CH4_H2_Mix	0.0
14	13	CH4_H2_Mix	0.0
14	14	CH4_H2_Mix	0.0
14	15	CH4_H2_Mix	0.0
14	16	CH4_H2_Mix	0.0
14	17	CH4_H2_Mix	0.0
14	18	CH4_H2_Mix	0.0
14	19	CH4_H2_Mix	0.0
14	20	CH4_H2_Mix	0.0
14	21	CH4_H2_Mix	0.0
14	22	CH4_H2_Mix	0.0
14	23	CH4_H2_Mix	0.0
14	24	CH4_H2_Mix	0.0
14	1	DummyFuel	0.0
14	2	DummyFuel	0.0
14	3	DummyFuel	0.0
14	4	DummyFuel	0.0
14	5	DummyFuel	0.0
14	6	DummyFuel	0.0
14	7	DummyFuel	0.0
14	8	DummyFuel	0.0
14	9	DummyFuel	0.0
14	10	DummyFuel	0.0
14	11	DummyFuel	0.0
14	12	DummyFuel	0.0
14	13	DummyFuel	0.0
14	14	DummyFuel	0.0
14	15	DummyFuel	0.0
14	16	DummyFuel	0.0
14	17	DummyFuel	0.0
14	18	DummyFuel	0.0
14	19	DummyFuel	0.0
14	20	DummyFuel	0.0
14	21	DummyFuel	0.0
14	22	DummyFuel	0.0
14	23	DummyFuel	0.0
14	24	DummyFuel	0.0
